7.169081094207463423e-02 -1.341371130871172462e-03 1.000000000000000000e+00 1.000000000000000021e-08 8.444626464231139162e-02 1.275545370023674907e-01
8.444626464231139162e-02 1.275545370023674907e-01 1.000000000000000000e+00 1.000000000000000021e-08 1.024053833995025586e-01 1.795911875719116702e-01
1.024053833995025586e-01 1.795911875719116702e-01 1.000000000000000000e+00 1.000000000000000021e-08 1.270040118725239975e-01 2.459862847302142774e-01
1.270040118725239975e-01 2.459862847302142774e-01 2.000000000000000000e+00 1.000000000000000021e-08 1.001651407749653694e-01 -2.683887109755863087e-01
1.001651407749653694e-01 -2.683887109755863087e-01 2.000000000000000000e+00 1.000000000000000021e-08 1.980139856647374075e-02 -8.036374220849162864e-01
1.980139856647374075e-02 -8.036374220849162864e-01 2.000000000000000000e+00 1.000000000000000021e-08 -1.444351940878040308e-01 -1.642365926542777688e+00
-1.444351940878040308e-01 -1.642365926542777688e+00 2.000000000000000000e+00 1.000000000000000021e-08 -4.085594895545071048e-01 -2.641242954667030851e+00
-4.085594895545071048e-01 -2.641242954667030851e+00 2.000000000000000000e+00 1.000000000000000021e-08 -8.028019637069752079e-01 -3.942424741524681586e+00
-8.028019637069752079e-01 -3.942424741524681586e+00 0.000000000000000000e+00 1.000000000000000021e-08 -1.241863861740483355e+00 -4.390618980335080579e+00
-1.241863861740483355e+00 -4.390618980335080579e+00 1.000000000000000000e+00 9.999000000000000110e-01 -1.570796326794896558e+00 -5.000000000000000000e+00
7.140472282953934380e-02 -4.603336627517554819e-02 0.000000000000000000e+00 1.000000000000000021e-08 1.846199406199487414e-01 1.132152177904093726e+00
1.846199406199487414e-01 1.132152177904093726e+00 0.000000000000000000e+00 1.000000000000000021e-08 4.197673146069157424e-01 2.351473739869669899e+00
4.197673146069157424e-01 2.351473739869669899e+00 2.000000000000000000e+00 1.000000000000000021e-08 6.405234005724979029e-01 2.207560859655821606e+00
6.405234005724979029e-01 2.207560859655821606e+00 1.000000000000000000e+00 1.000000000000000021e-08 9.493283977753190772e-01 3.088049972028211076e+00
9.493283977753190772e-01 3.088049972028211076e+00 0.000000000000000000e+00 1.000000000000000021e-08 1.424427110718988532e+00 4.750987129436694545e+00
1.424427110718988532e+00 4.750987129436694545e+00 2.000000000000000000e+00 9.999000000000000110e-01 1.570796326794896558e+00 5.000000000000000000e+00
-2.721159690253285163e-02 3.558927799441103518e-02 1.000000000000000000e+00 1.000000000000000021e-08 -4.048652062335016816e-02 -1.327492372081731375e-01
-4.048652062335016816e-02 -1.327492372081731375e-01 2.000000000000000000e+00 1.000000000000000021e-08 -1.554887028245185432e-01 -1.150021822011683570e+00
-1.554887028245185432e-01 -1.150021822011683570e+00 2.000000000000000000e+00 1.000000000000000021e-08 -3.809752468181927254e-01 -2.254865439936741822e+00
-3.809752468181927254e-01 -2.254865439936741822e+00 1.000000000000000000e+00 1.000000000000000021e-08 -6.546350010523871443e-01 -2.736597542341944411e+00
-6.546350010523871443e-01 -2.736597542341944411e+00 2.000000000000000000e+00 1.000000000000000021e-08 -1.089722224943372231e+00 -4.350872238909850864e+00
-1.089722224943372231e+00 -4.350872238909850864e+00 0.000000000000000000e+00 9.999000000000000110e-01 -1.570796326794896558e+00 -5.000000000000000000e+00
-3.213522490135550108e-03 -6.783489462177633156e-02 2.000000000000000000e+00 1.000000000000000021e-08 -1.046810882746190829e-01 -1.014675657844835266e+00
-1.046810882746190829e-01 -1.014675657844835266e+00 2.000000000000000000e+00 1.000000000000000021e-08 -3.060193039339866861e-01 -2.013382156593675809e+00
-3.060193039339866861e-01 -2.013382156593675809e+00 1.000000000000000000e+00 1.000000000000000021e-08 -5.711077969588275183e-01 -2.650884930248408100e+00
-5.711077969588275183e-01 -2.650884930248408100e+00 2.000000000000000000e+00 1.000000000000000021e-08 -9.864271332143036419e-01 -4.153193362554761237e+00
-9.864271332143036419e-01 -4.153193362554761237e+00 0.000000000000000000e+00 1.000000000000000021e-08 -1.468322743294400823e+00 -4.818956100800972031e+00
-1.468322743294400823e+00 -4.818956100800972031e+00 0.000000000000000000e+00 9.999000000000000110e-01 -1.570796326794896558e+00 -5.000000000000000000e+00
2.239463728794223452e-02 4.856831443543119242e-02 2.000000000000000000e+00 1.000000000000000021e-08 -5.475774013735734691e-02 -7.715237742529957865e-01
-5.475774013735734691e-02 -7.715237742529957865e-01 0.000000000000000000e+00 1.000000000000000021e-08 -5.412863482416509914e-02 6.291053131922463848e-03
-5.412863482416509914e-02 6.291053131922463848e-03 2.000000000000000000e+00 1.000000000000000021e-08 -1.517172509441881700e-01 -9.758861612002305286e-01
-1.517172509441881700e-01 -9.758861612002305286e-01 2.000000000000000000e+00 1.000000000000000021e-08 -3.725302082645602364e-01 -2.208129573203720497e+00
-3.725302082645602364e-01 -2.208129573203720497e+00 1.000000000000000000e+00 1.000000000000000021e-08 -6.570909586629064547e-01 -2.845607503983462294e+00
-6.570909586629064547e-01 -2.845607503983462294e+00 0.000000000000000000e+00 1.000000000000000021e-08 -9.583382338289816449e-01 -3.012472751660751680e+00
-9.583382338289816449e-01 -3.012472751660751680e+00 0.000000000000000000e+00 1.000000000000000021e-08 -1.327552429842412840e+00 -3.692141960134311063e+00
-1.327552429842412840e+00 -3.692141960134311063e+00 1.000000000000000000e+00 9.999000000000000110e-01 -1.570796326794896558e+00 -5.000000000000000000e+00
6.197990950053543224e-02 7.011818823823490199e-02 0.000000000000000000e+00 1.000000000000000021e-08 1.755924094642072331e-01 1.136124999636717980e+00
1.755924094642072331e-01 1.136124999636717980e+00 2.000000000000000000e+00 1.000000000000000021e-08 2.454577960269981873e-01 6.986538656279094317e-01
2.454577960269981873e-01 6.986538656279094317e-01 0.000000000000000000e+00 1.000000000000000021e-08 4.385594182322758439e-01 1.931016222052776676e+00
4.385594182322758439e-01 1.931016222052776676e+00 0.000000000000000000e+00 1.000000000000000021e-08 7.892682883411694661e-01 3.507088701088935778e+00
7.892682883411694661e-01 3.507088701088935778e+00 0.000000000000000000e+00 1.000000000000000021e-08 1.293765813836661671e+00 5.000000000000000000e+00
1.293765813836661671e+00 5.000000000000000000e+00 2.000000000000000000e+00 9.999000000000000110e-01 1.570796326794896558e+00 5.000000000000000000e+00
6.998291857256222492e-02 2.072726849269162369e-02 1.000000000000000000e+00 1.000000000000000021e-08 8.149096144639318695e-02 1.150804287383096203e-01
8.149096144639318695e-02 1.150804287383096203e-01 0.000000000000000000e+00 1.000000000000000021e-08 2.110432747579476520e-01 1.295523133115544345e+00
2.110432747579476520e-01 1.295523133115544345e+00 0.000000000000000000e+00 1.000000000000000021e-08 4.635852856264179866e-01 2.525420108684703457e+00
4.635852856264179866e-01 2.525420108684703457e+00 1.000000000000000000e+00 1.000000000000000021e-08 7.922744464216766591e-01 3.286891607952587169e+00
7.922744464216766591e-01 3.286891607952587169e+00 2.000000000000000000e+00 1.000000000000000021e-08 1.167419072277043890e+00 3.751446258553671864e+00
1.167419072277043890e+00 3.751446258553671864e+00 0.000000000000000000e+00 9.999000000000000110e-01 1.570796326794896558e+00 5.000000000000000000e+00
1.239499493841353037e-02 5.993570614508801631e-02 2.000000000000000000e+00 1.000000000000000021e-08 -8.165202650157624142e-02 -9.404702143998977526e-01
-8.165202650157624142e-02 -9.404702143998977526e-01 1.000000000000000000e+00 1.000000000000000021e-08 -2.066251435855842589e-01 -1.249731170840080008e+00
-2.066251435855842589e-01 -1.249731170840080008e+00 0.000000000000000000e+00 1.000000000000000021e-08 -2.673974305510349314e-01 -6.077228696545065034e-01
-2.673974305510349314e-01 -6.077228696545065034e-01 0.000000000000000000e+00 1.000000000000000021e-08 -2.822175735769814064e-01 -1.482014302594648059e-01
-2.822175735769814064e-01 -1.482014302594648059e-01 0.000000000000000000e+00 1.000000000000000021e-08 -2.654270052504635879e-01 1.679056832651783515e-01
-2.654270052504635879e-01 1.679056832651783515e-01 2.000000000000000000e+00 1.000000000000000021e-08 -3.848400890308598665e-01 -1.194130837803963008e+00
-3.848400890308598665e-01 -1.194130837803963008e+00 1.000000000000000000e+00 1.000000000000000021e-08 -5.523281933207466743e-01 -1.674881042898867856e+00
-5.523281933207466743e-01 -1.674881042898867856e+00 2.000000000000000000e+00 1.000000000000000021e-08 -8.851112326951882103e-01 -3.327830393744415360e+00
-8.851112326951882103e-01 -3.327830393744415360e+00 0.000000000000000000e+00 1.000000000000000021e-08 -1.277993910110080122e+00 -3.928826774148918677e+00
-1.277993910110080122e+00 -3.928826774148918677e+00 0.000000000000000000e+00 9.999000000000000110e-01 -1.570796326794896558e+00 -5.000000000000000000e+00
7.214797368518618970e-02 -4.966497320863863529e-02 2.000000000000000000e+00 1.000000000000000021e-08 -9.277279448052164201e-03 -8.142525313323835112e-01
-9.277279448052164201e-03 -8.142525313323835112e-01 2.000000000000000000e+00 1.000000000000000021e-08 -1.886500852692824526e-01 -1.793728058212302745e+00
-1.886500852692824526e-01 -1.793728058212302745e+00 1.000000000000000000e+00 1.000000000000000021e-08 -3.999338653906251984e-01 -2.112837801213427458e+00
-3.999338653906251984e-01 -2.112837801213427458e+00 0.000000000000000000e+00 1.000000000000000021e-08 -5.845699163781318264e-01 -1.846360509875066391e+00
-5.845699163781318264e-01 -1.846360509875066391e+00 2.000000000000000000e+00 1.000000000000000021e-08 -9.268595762792554149e-01 -3.422896599011235885e+00
-9.268595762792554149e-01 -3.422896599011235885e+00 1.000000000000000000e+00 1.000000000000000021e-08 -1.389212485185412849e+00 -4.623529089061575448e+00
-1.389212485185412849e+00 -4.623529089061575448e+00 0.000000000000000000e+00 9.999000000000000110e-01 -1.570796326794896558e+00 -5.000000000000000000e+00
8.869957699161202386e-03 1.034176820503128480e-02 1.000000000000000000e+00 1.000000000000000021e-08 2.124833085707066027e-04 -8.657474390590495783e-02
2.124833085707066027e-04 -8.657474390590495783e-02 2.000000000000000000e+00 1.000000000000000021e-08 -9.120627756339197423e-02 -9.141876087196267875e-01
-9.120627756339197423e-02 -9.141876087196267875e-01 2.000000000000000000e+00 1.000000000000000021e-08 -2.756159388979012581e-01 -1.844096613345092672e+00
-2.756159388979012581e-01 -1.844096613345092672e+00 2.000000000000000000e+00 1.000000000000000021e-08 -6.025312665778004284e-01 -3.269153276798991925e+00
-6.025312665778004284e-01 -3.269153276798991925e+00 2.000000000000000000e+00 1.000000000000000021e-08 -1.069102858431418834e+00 -4.665715918536184503e+00
-1.069102858431418834e+00 -4.665715918536184503e+00 2.000000000000000000e+00 9.999000000000000110e-01 -1.570796326794896558e+00 -5.000000000000000000e+00
1.492733432480880529e-04 -7.209196807056757195e-02 0.000000000000000000e+00 1.000000000000000021e-08 8.534963335524697881e-02 8.520036001199888798e-01
8.534963335524697881e-02 8.520036001199888798e-01 2.000000000000000000e+00 1.000000000000000021e-08 8.329938106961129463e-02 -2.050252285635678628e-02
8.329938106961129463e-02 -2.050252285635678628e-02 2.000000000000000000e+00 1.000000000000000021e-08 2.290258541514422069e-02 -6.039679565446707254e-01
2.290258541514422069e-02 -6.039679565446707254e-01 2.000000000000000000e+00 1.000000000000000021e-08 -1.221350750692459797e-01 -1.450376604843901962e+00
-1.221350750692459797e-01 -1.450376604843901962e+00 1.000000000000000000e+00 1.000000000000000021e-08 -2.880733767472821727e-01 -1.659383016780362041e+00
-2.880733767472821727e-01 -1.659383016780362041e+00 1.000000000000000000e+00 1.000000000000000021e-08 -4.996407265930310482e-01 -2.115673498457488755e+00
-4.996407265930310482e-01 -2.115673498457488755e+00 0.000000000000000000e+00 1.000000000000000021e-08 -7.033364373317503304e-01 -2.036957107387192600e+00
-7.033364373317503304e-01 -2.036957107387192600e+00 0.000000000000000000e+00 1.000000000000000021e-08 -9.576642884785394605e-01 -2.543278511467891079e+00
-9.576642884785394605e-01 -2.543278511467891079e+00 1.000000000000000000e+00 1.000000000000000021e-08 -1.338834976427331958e+00 -3.811706879487924304e+00
-1.338834976427331958e+00 -3.811706879487924304e+00 0.000000000000000000e+00 9.999000000000000110e-01 -1.570796326794896558e+00 -5.000000000000000000e+00
-3.958431206001714053e-02 -9.755332697549351853e-03 2.000000000000000000e+00 1.000000000000000021e-08 -1.494677648482423959e-01 -1.098834527882252443e+00
-1.494677648482423959e-01 -1.098834527882252443e+00 1.000000000000000000e+00 1.000000000000000021e-08 -2.830880747367989780e-01 -1.336203098885565765e+00
-2.830880747367989780e-01 -1.336203098885565765e+00 1.000000000000000000e+00 1.000000000000000021e-08 -4.801318439121785575e-01 -1.970437691753795573e+00
-4.801318439121785575e-01 -1.970437691753795573e+00 1.000000000000000000e+00 1.000000000000000021e-08 -7.414891084441620484e-01 -2.613572645319834908e+00
-7.414891084441620484e-01 -2.613572645319834908e+00 0.000000000000000000e+00 1.000000000000000021e-08 -1.043140391663017308e+00 -3.016512832188551041e+00
-1.043140391663017308e+00 -3.016512832188551041e+00 0.000000000000000000e+00 1.000000000000000021e-08 -1.433189228537075310e+00 -3.900488368740580025e+00
-1.433189228537075310e+00 -3.900488368740580025e+00 2.000000000000000000e+00 9.999000000000000110e-01 -1.570796326794896558e+00 -5.000000000000000000e+00
2.299009774005574339e-02 3.122702334297851323e-02 1.000000000000000000e+00 1.000000000000000021e-08 3.788920538881111744e-02 1.489910764875537197e-01
3.788920538881111744e-02 1.489910764875537197e-01 1.000000000000000000e+00 1.000000000000000021e-08 6.352636746985984573e-02 2.563716208104872551e-01
6.352636746985984573e-02 2.563716208104872551e-01 1.000000000000000000e+00 1.000000000000000021e-08 9.302774953996954810e-02 2.950138207010970515e-01
9.302774953996954810e-02 2.950138207010970515e-01 0.000000000000000000e+00 1.000000000000000021e-08 2.426113736248960984e-01 1.495836240849265364e+00
2.426113736248960984e-01 1.495836240849265364e+00 0.000000000000000000e+00 1.000000000000000021e-08 5.302890033308682582e-01 2.876776297059722154e+00
5.302890033308682582e-01 2.876776297059722154e+00 0.000000000000000000e+00 1.000000000000000021e-08 9.551258426372200017e-01 4.248368393063517878e+00
9.551258426372200017e-01 4.248368393063517878e+00 1.000000000000000000e+00 1.000000000000000021e-08 1.492759545754873240e+00 5.000000000000000000e+00
1.492759545754873240e+00 5.000000000000000000e+00 2.000000000000000000e+00 9.999000000000000110e-01 1.570796326794896558e+00 5.000000000000000000e+00
-2.408480307045614971e-02 6.218651364654560754e-02 0.000000000000000000e+00 1.000000000000000021e-08 5.398644749629859935e-02 7.807125056675474628e-01
5.398644749629859935e-02 7.807125056675474628e-01 1.000000000000000000e+00 1.000000000000000021e-08 1.513727175297165384e-01 9.738627003341792099e-01
1.513727175297165384e-01 9.738627003341792099e-01 0.000000000000000000e+00 1.000000000000000021e-08 3.552537592412914891e-01 2.038810417115749285e+00
3.552537592412914891e-01 2.038810417115749285e+00 2.000000000000000000e+00 1.000000000000000021e-08 5.319709455187658920e-01 1.767171862774743918e+00
5.319709455187658920e-01 1.767171862774743918e+00 2.000000000000000000e+00 1.000000000000000021e-08 7.319687561770380491e-01 1.999978106582721349e+00
7.319687561770380491e-01 1.999978106582721349e+00 2.000000000000000000e+00 1.000000000000000021e-08 9.637163490408782174e-01 2.317475928638401683e+00
9.637163490408782174e-01 2.317475928638401683e+00 1.000000000000000000e+00 1.000000000000000021e-08 1.310027353702570174e+00 3.463110046616920457e+00
1.310027353702570174e+00 3.463110046616920457e+00 1.000000000000000000e+00 9.999000000000000110e-01 1.570796326794896558e+00 4.845297655898889388e+00
6.943681164091253244e-02 4.581446110055968635e-02 0.000000000000000000e+00 1.000000000000000021e-08 1.669184358453689176e-01 9.748162420445639631e-01
1.669184358453689176e-01 9.748162420445639631e-01 2.000000000000000000e+00 1.000000000000000021e-08 1.927347903884746028e-01 2.581635454310567956e-01
1.927347903884746028e-01 2.581635454310567956e-01 0.000000000000000000e+00 1.000000000000000021e-08 3.299607811589391759e-01 1.372259907704645787e+00
3.299607811589391759e-01 1.372259907704645787e+00 2.000000000000000000e+00 1.000000000000000021e-08 4.267973520854095315e-01 9.683657092647033338e-01
4.267973520854095315e-01 9.683657092647033338e-01 2.000000000000000000e+00 1.000000000000000021e-08 5.214080758180154040e-01 9.461072373260583923e-01
5.214080758180154040e-01 9.461072373260583923e-01 0.000000000000000000e+00 1.000000000000000021e-08 7.740341854267851485e-01 2.526261096087696778e+00
7.740341854267851485e-01 2.526261096087696778e+00 0.000000000000000000e+00 1.000000000000000021e-08 1.181473188050415457e+00 4.074390026236302198e+00
1.181473188050415457e+00 4.074390026236302198e+00 0.000000000000000000e+00 9.999000000000000110e-01 1.570796326794896558e+00 5.000000000000000000e+00
-2.782740242007880616e-02 3.518459059844138148e-02 1.000000000000000000e+00 1.000000000000000021e-08 -3.058443525193646137e-02 -2.757032831857655908e-02
-3.058443525193646137e-02 -2.757032831857655908e-02 1.000000000000000000e+00 1.000000000000000021e-08 -3.537281578012364813e-02 -4.788380528187187457e-02
-3.537281578012364813e-02 -4.788380528187187457e-02 2.000000000000000000e+00 1.000000000000000021e-08 -1.304604748013746818e-01 -9.508765902125101421e-01
-1.304604748013746818e-01 -9.508765902125101421e-01 0.000000000000000000e+00 1.000000000000000021e-08 -1.529722462977261832e-01 -2.251177149635149588e-01
-1.529722462977261832e-01 -2.251177149635149588e-01 1.000000000000000000e+00 1.000000000000000021e-08 -2.113730373264886553e-01 -5.840079102876247763e-01
-2.113730373264886553e-01 -5.840079102876247763e-01 2.000000000000000000e+00 1.000000000000000021e-08 -4.002354852277765218e-01 -1.888624479012878554e+00
-4.002354852277765218e-01 -1.888624479012878554e+00 0.000000000000000000e+00 1.000000000000000021e-08 -5.778312125387240483e-01 -1.775957273109475487e+00
-5.778312125387240483e-01 -1.775957273109475487e+00 2.000000000000000000e+00 1.000000000000000021e-08 -9.046973985820413455e-01 -3.268661860433172528e+00
-9.046973985820413455e-01 -3.268661860433172528e+00 0.000000000000000000e+00 1.000000000000000021e-08 -1.301494334689621724e+00 -3.967969361075803114e+00
-1.301494334689621724e+00 -3.967969361075803114e+00 2.000000000000000000e+00 9.999000000000000110e-01 -1.570796326794896558e+00 -5.000000000000000000e+00
2.728087946515574819e-02 -3.681824448859322141e-02 0.000000000000000000e+00 1.000000000000000021e-08 1.181587824228942929e-01 9.087790295773854332e-01
1.181587824228942929e-01 9.087790295773854332e-01 1.000000000000000000e+00 1.000000000000000021e-08 2.192376629418670841e-01 1.010788805189728023e+00
2.192376629418670841e-01 1.010788805189728023e+00 0.000000000000000000e+00 1.000000000000000021e-08 4.482279055631189224e-01 2.289902426212518272e+00
4.482279055631189224e-01 2.289902426212518272e+00 0.000000000000000000e+00 1.000000000000000021e-08 8.093847458742858825e-01 3.611568403111669490e+00
8.093847458742858825e-01 3.611568403111669490e+00 1.000000000000000000e+00 1.000000000000000021e-08 1.276739102076103194e+00 4.673543562018172004e+00
1.276739102076103194e+00 4.673543562018172004e+00 0.000000000000000000e+00 9.999000000000000110e-01 1.570796326794896558e+00 5.000000000000000000e+00
7.330912016644522411e-02 -3.915290833694817785e-02 1.000000000000000000e+00 1.000000000000000021e-08 7.948927296988417268e-02 6.180152803438943021e-02
7.948927296988417268e-02 6.180152803438943021e-02 0.000000000000000000e+00 1.000000000000000021e-08 1.796973272618632989e-01 1.002080542919791206e+00
1.796973272618632989e-01 1.002080542919791206e+00 0.000000000000000000e+00 1.000000000000000021e-08 3.867912463147916702e-01 2.070939190529283991e+00
3.867912463147916702e-01 2.070939190529283991e+00 0.000000000000000000e+00 1.000000000000000021e-08 7.214607381410191866e-01 3.346694918262275387e+00
7.214607381410191866e-01 3.346694918262275387e+00 1.000000000000000000e+00 1.000000000000000021e-08 1.157640619048688313e+00 4.361798809076691263e+00
1.157640619048688313e+00 4.361798809076691263e+00 1.000000000000000000e+00 9.999000000000000110e-01 1.570796326794896558e+00 5.000000000000000000e+00
3.916242424742793354e-02 -5.380539519176513741e-02 0.000000000000000000e+00 1.000000000000000021e-08 1.363678945563227274e-01 9.720547030889479245e-01
1.363678945563227274e-01 9.720547030889479245e-01 0.000000000000000000e+00 1.000000000000000021e-08 3.397680476460580024e-01 2.034001530897352694e+00
3.397680476460580024e-01 2.034001530897352694e+00 2.000000000000000000e+00 1.000000000000000021e-08 5.067874629810045217e-01 1.670194153349464417e+00
5.067874629810045217e-01 1.670194153349464417e+00 0.000000000000000000e+00 1.000000000000000021e-08 8.285202132882265591e-01 3.217327503072220374e+00
8.285202132882265591e-01 3.217327503072220374e+00 0.000000000000000000e+00 1.000000000000000021e-08 1.312312114660248108e+00 4.837919013720215489e+00
1.312312114660248108e+00 4.837919013720215489e+00 0.000000000000000000e+00 9.999000000000000110e-01 1.570796326794896558e+00 5.000000000000000000e+00
5.300276149922325541e-02 7.711411798175983601e-02 1.000000000000000000e+00 1.000000000000000021e-08 5.582402030928126230e-02 2.821258810058004107e-02
5.582402030928126230e-02 2.821258810058004107e-02 0.000000000000000000e+00 1.000000000000000021e-08 1.411660264241612617e-01 8.534200611487998689e-01
1.411660264241612617e-01 8.534200611487998689e-01 1.000000000000000000e+00 1.000000000000000021e-08 2.411366711432054444e-01 9.997064471904417715e-01
2.411366711432054444e-01 9.997064471904417715e-01 0.000000000000000000e+00 1.000000000000000021e-08 4.544686969439940549e-01 2.133320258007885606e+00
4.544686969439940549e-01 2.133320258007885606e+00 0.000000000000000000e+00 1.000000000000000021e-08 8.192162560722807685e-01 3.647475591282867136e+00
8.192162560722807685e-01 3.647475591282867136e+00 2.000000000000000000e+00 1.000000000000000021e-08 1.236734993042751807e+00 4.175187369704711493e+00
1.236734993042751807e+00 4.175187369704711493e+00 0.000000000000000000e+00 9.999000000000000110e-01 1.570796326794896558e+00 5.000000000000000000e+00
-7.738648008439784343e-02 7.065656124492973589e-02 2.000000000000000000e+00 1.000000000000000021e-08 -1.674122026402971031e-01 -9.002572255589924577e-01
-1.674122026402971031e-01 -9.002572255589924577e-01 0.000000000000000000e+00 1.000000000000000021e-08 -1.898029607858397749e-01 -2.239075814554267740e-01
-1.898029607858397749e-01 -2.239075814554267740e-01 1.000000000000000000e+00 1.000000000000000021e-08 -2.455071605006784452e-01 -5.570419971483866473e-01
-2.455071605006784452e-01 -5.570419971483866473e-01 2.000000000000000000e+00 1.000000000000000021e-08 -4.303924037583976014e-01 -1.848852432577191562e+00
-4.303924037583976014e-01 -1.848852432577191562e+00 2.000000000000000000e+00 1.000000000000000021e-08 -7.509525391056455224e-01 -3.205601353472478543e+00
-7.509525391056455224e-01 -3.205601353472478543e+00 1.000000000000000000e+00 1.000000000000000021e-08 -1.175584080346137705e+00 -4.246315412404921830e+00
-1.175584080346137705e+00 -4.246315412404921830e+00 1.000000000000000000e+00 9.999000000000000110e-01 -1.570796326794896558e+00 -5.000000000000000000e+00
3.843698828079920166e-02 -2.861181008016940377e-02 2.000000000000000000e+00 1.000000000000000021e-08 -4.460028980641902313e-02 -8.303727808721822479e-01
-4.460028980641902313e-02 -8.303727808721822479e-01 0.000000000000000000e+00 1.000000000000000021e-08 -5.829842575953514405e-02 -1.369813595311611953e-01
-5.829842575953514405e-02 -1.369813595311611953e-01 0.000000000000000000e+00 1.000000000000000021e-08 -1.151885891330378664e-02 4.677956684623135741e-01
-1.151885891330378664e-02 4.677956684623135741e-01 1.000000000000000000e+00 1.000000000000000021e-08 2.536244936023716173e-02 3.688130827354094698e-01
2.536244936023716173e-02 3.688130827354094698e-01 1.000000000000000000e+00 1.000000000000000021e-08 5.461220474090888038e-02 2.924975538067171588e-01
5.461220474090888038e-02 2.924975538067171588e-01 2.000000000000000000e+00 1.000000000000000021e-08 7.762113714193420722e-03 -4.685009102671545689e-01
7.762113714193420722e-03 -4.685009102671545689e-01 2.000000000000000000e+00 1.000000000000000021e-08 -1.352908184701597794e-01 -1.430529321843531987e+00
-1.352908184701597794e-01 -1.430529321843531987e+00 1.000000000000000000e+00 1.000000000000000021e-08 -2.994546735554023398e-01 -1.641638550852425826e+00
-2.994546735554023398e-01 -1.641638550852425826e+00 1.000000000000000000e+00 1.000000000000000021e-08 -5.131946766509080105e-01 -2.137400030955056263e+00
-5.131946766509080105e-01 -2.137400030955056263e+00 0.000000000000000000e+00 1.000000000000000021e-08 -7.272871127236024691e-01 -2.140924360726944808e+00
-7.272871127236024691e-01 -2.140924360726944808e+00 1.000000000000000000e+00 1.000000000000000021e-08 -1.055801137020522695e+00 -3.285140242969203150e+00
-1.055801137020522695e+00 -3.285140242969203150e+00 2.000000000000000000e+00 1.000000000000000021e-08 -1.548226590509318878e+00 -4.924254534887962720e+00
-1.548226590509318878e+00 -4.924254534887962720e+00 0.000000000000000000e+00 9.999000000000000110e-01 -1.570796326794896558e+00 -5.000000000000000000e+00
-5.175380439758092699e-02 -5.280930097378883081e-02 1.000000000000000000e+00 1.000000000000000021e-08 -5.868565542707217947e-02 -6.931851029491249705e-02
-5.868565542707217947e-02 -6.931851029491249705e-02 0.000000000000000000e+00 1.000000000000000021e-08 -3.651242777335070300e-03 5.503441264973710778e-01
-3.651242777335070300e-03 5.503441264973710778e-01 1.000000000000000000e+00 1.000000000000000021e-08 6.798491904116379936e-02 7.163616181849886688e-01
6.798491904116379936e-02 7.163616181849886688e-01 2.000000000000000000e+00 1.000000000000000021e-08 4.768982822588672954e-02 -2.029509081527707259e-01
4.768982822588672954e-02 -2.029509081527707259e-01 0.000000000000000000e+00 1.000000000000000021e-08 1.120897484279738815e-01 6.439992020208714640e-01
1.120897484279738815e-01 6.439992020208714640e-01 1.000000000000000000e+00 1.000000000000000021e-08 1.805175539798314355e-01 6.842780555185755675e-01
1.805175539798314355e-01 6.842780555185755675e-01 2.000000000000000000e+00 1.000000000000000021e-08 2.061133465746938787e-01 2.559579259486243208e-01
2.061133465746938787e-01 2.559579259486243208e-01 2.000000000000000000e+00 1.000000000000000021e-08 1.644738132209873083e-01 -4.163953335370657038e-01
1.644738132209873083e-01 -4.163953335370657038e-01 2.000000000000000000e+00 1.000000000000000021e-08 5.408206697679478203e-02 -1.103917462441925235e+00
5.408206697679478203e-02 -1.103917462441925235e+00 2.000000000000000000e+00 1.000000000000000021e-08 -1.443222328237306895e-01 -1.984042998005254521e+00
-1.443222328237306895e-01 -1.984042998005254521e+00 0.000000000000000000e+00 1.000000000000000021e-08 -2.711309154793692944e-01 -1.268086826556385605e+00
-2.711309154793692944e-01 -1.268086826556385605e+00 1.000000000000000000e+00 1.000000000000000021e-08 -4.295062036548616957e-01 -1.583752881754924235e+00
-4.295062036548616957e-01 -1.583752881754924235e+00 1.000000000000000000e+00 1.000000000000000021e-08 -6.697815518087880671e-01 -2.402753481539263714e+00
-6.697815518087880671e-01 -2.402753481539263714e+00 0.000000000000000000e+00 1.000000000000000021e-08 -9.437071275488182476e-01 -2.739255757400302471e+00
-9.437071275488182476e-01 -2.739255757400302471e+00 2.000000000000000000e+00 1.000000000000000021e-08 -1.380819818969218904e+00 -4.371126914204007008e+00
-1.380819818969218904e+00 -4.371126914204007008e+00 1.000000000000000000e+00 9.999000000000000110e-01 -1.570796326794896558e+00 -5.000000000000000000e+00
3.825707853118526236e-02 3.668746047554991702e-02 2.000000000000000000e+00 1.000000000000000021e-08 -3.442351107850687153e-02 -7.268058960969213667e-01
-3.442351107850687153e-02 -7.268058960969213667e-01 2.000000000000000000e+00 1.000000000000000021e-08 -1.853365873115841445e-01 -1.509130762330772590e+00
-1.853365873115841445e-01 -1.509130762330772590e+00 1.000000000000000000e+00 1.000000000000000021e-08 -3.617087819985208563e-01 -1.763721946869367008e+00
-3.617087819985208563e-01 -1.763721946869367008e+00 0.000000000000000000e+00 1.000000000000000021e-08 -5.165201095351590332e-01 -1.548113275366381991e+00
-5.165201095351590332e-01 -1.548113275366381991e+00 0.000000000000000000e+00 1.000000000000000021e-08 -6.881855176980031796e-01 -1.716654081628441464e+00
-6.881855176980031796e-01 -1.716654081628441464e+00 1.000000000000000000e+00 1.000000000000000021e-08 -9.487885366046000524e-01 -2.606030189065968727e+00
-9.487885366046000524e-01 -2.606030189065968727e+00 1.000000000000000000e+00 1.000000000000000021e-08 -1.335473933125709500e+00 -3.866853965211094923e+00
-1.335473933125709500e+00 -3.866853965211094923e+00 2.000000000000000000e+00 9.999000000000000110e-01 -1.570796326794896558e+00 -5.000000000000000000e+00
6.392381209299997924e-02 -6.488022317009045636e-02 2.000000000000000000e+00 1.000000000000000021e-08 -3.131209036559655379e-02 -9.523590245859652192e-01
-3.131209036559655379e-02 -9.523590245859652192e-01 2.000000000000000000e+00 1.000000000000000021e-08 -2.349184059703131044e-01 -2.036063156047165368e+00
-2.349184059703131044e-01 -2.036063156047165368e+00 0.000000000000000000e+00 1.000000000000000021e-08 -3.997458175167095118e-01 -1.648274115463963962e+00
-3.997458175167095118e-01 -1.648274115463963962e+00 2.000000000000000000e+00 1.000000000000000021e-08 -7.199077876827082445e-01 -3.201619701659987882e+00
-7.199077876827082445e-01 -3.201619701659987882e+00 2.000000000000000000e+00 1.000000000000000021e-08 -1.203886332310583729e+00 -4.839785446278753511e+00
-1.203886332310583729e+00 -4.839785446278753511e+00 2.000000000000000000e+00 9.999000000000000110e-01 -1.570796326794896558e+00 -5.000000000000000000e+00
-1.740145867358638271e-02 -7.873200222110837698e-02 2.000000000000000000e+00 1.000000000000000021e-08 -1.026950992292902654e-01 -8.529364055570387571e-01
-1.026950992292902654e-01 -8.529364055570387571e-01 0.000000000000000000e+00 1.000000000000000021e-08 -1.280690227216957910e-01 -2.537392349240551459e-01
-1.280690227216957910e-01 -2.537392349240551459e-01 0.000000000000000000e+00 1.000000000000000021e-08 -9.664549855012094515e-02 3.142352417157484590e-01
-9.664549855012094515e-02 3.142352417157484590e-01 0.000000000000000000e+00 1.000000000000000021e-08 2.116267398805476985e-02 1.178081725381757039e+00
2.116267398805476985e-02 1.178081725381757039e+00 1.000000000000000000e+00 1.000000000000000021e-08 1.347572813306487927e-01 1.135946073425940339e+00
1.347572813306487927e-01 1.135946073425940339e+00 1.000000000000000000e+00 1.000000000000000021e-08 2.555588754469433344e-01 1.208015941162945195e+00
2.555588754469433344e-01 1.208015941162945195e+00 2.000000000000000000e+00 1.000000000000000021e-08 3.507292618362751191e-01 9.517038638933176253e-01
3.507292618362751191e-01 9.517038638933176253e-01 1.000000000000000000e+00 1.000000000000000021e-08 4.984431036893239853e-01 1.477138418530488551e+00
4.984431036893239853e-01 1.477138418530488551e+00 1.000000000000000000e+00 1.000000000000000021e-08 7.267217174456943596e-01 2.282786137563703299e+00
7.267217174456943596e-01 2.282786137563703299e+00 2.000000000000000000e+00 1.000000000000000021e-08 1.006546646348622787e+00 2.798249289029283826e+00
1.006546646348622787e+00 2.798249289029283826e+00 2.000000000000000000e+00 1.000000000000000021e-08 1.361883648701349703e+00 3.553370023527268717e+00
1.361883648701349703e+00 3.553370023527268717e+00 0.000000000000000000e+00 9.999000000000000110e-01 1.570796326794896558e+00 5.000000000000000000e+00
3.698989275710343194e-03 3.520080879450208922e-02 2.000000000000000000e+00 1.000000000000000021e-08 -9.041297469267346731e-02 -9.411196396838380496e-01
-9.041297469267346731e-02 -9.411196396838380496e-01 0.000000000000000000e+00 1.000000000000000021e-08 -1.152081567677146895e-01 -2.479518207504122218e-01
-1.152081567677146895e-01 -2.479518207504122218e-01 2.000000000000000000e+00 1.000000000000000021e-08 -2.489164304550447460e-01 -1.337082736873300703e+00
-2.489164304550447460e-01 -1.337082736873300703e+00 2.000000000000000000e+00 1.000000000000000021e-08 -5.242907175841369227e-01 -2.753742871290921101e+00
-5.242907175841369227e-01 -2.753742871290921101e+00 1.000000000000000000e+00 1.000000000000000021e-08 -8.708466251649292778e-01 -3.465559075807923328e+00
-8.708466251649292778e-01 -3.465559075807923328e+00 1.000000000000000000e+00 1.000000000000000021e-08 -1.327950951665509916e+00 -4.571043265005806155e+00
-1.327950951665509916e+00 -4.571043265005806155e+00 0.000000000000000000e+00 9.999000000000000110e-01 -1.570796326794896558e+00 -5.000000000000000000e+00
7.212839686800669170e-02 5.178025555681113612e-02 1.000000000000000000e+00 1.000000000000000021e-08 1.019064898194572966e-01 2.977809295145060209e-01
1.019064898194572966e-01 2.977809295145060209e-01 2.000000000000000000e+00 1.000000000000000021e-08 6.742794925859738053e-02 -3.447854056085992158e-01
6.742794925859738053e-02 -3.447854056085992158e-01 0.000000000000000000e+00 1.000000000000000021e-08 1.360243553758462010e-01 6.859640611724882042e-01
1.360243553758462010e-01 6.859640611724882042e-01 1.000000000000000000e+00 1.000000000000000021e-08 2.139849381267006634e-01 7.796058275085445688e-01
2.139849381267006634e-01 7.796058275085445688e-01 2.000000000000000000e+00 1.000000000000000021e-08 2.272700779777827029e-01 1.328513985108205064e-01
2.272700779777827029e-01 1.328513985108205064e-01 1.000000000000000000e+00 1.000000000000000021e-08 2.683066200337033136e-01 4.103654205592058291e-01
2.683066200337033136e-01 4.103654205592058291e-01 0.000000000000000000e+00 1.000000000000000021e-08 4.330234236448557983e-01 1.647168036111525069e+00
4.330234236448557983e-01 1.647168036111525069e+00 0.000000000000000000e+00 1.000000000000000021e-08 7.556395700403601978e-01 3.226161463955044439e+00
7.556395700403601978e-01 3.226161463955044439e+00 0.000000000000000000e+00 1.000000000000000021e-08 1.243581561427131277e+00 4.879419913867711678e+00
1.243581561427131277e+00 4.879419913867711678e+00 0.000000000000000000e+00 9.999000000000000110e-01 1.570796326794896558e+00 5.000000000000000000e+00
-3.293414593348520381e-02 -7.825706932390347204e-02 2.000000000000000000e+00 1.000000000000000021e-08 -1.308183480231956963e-01 -9.788420208971049252e-01
-1.308183480231956963e-01 -9.788420208971049252e-01 1.000000000000000000e+00 1.000000000000000021e-08 -2.341974967162037125e-01 -1.033791486930080161e+00
-2.341974967162037125e-01 -1.033791486930080161e+00 1.000000000000000000e+00 1.000000000000000021e-08 -3.850609882932504169e-01 -1.508634915770466600e+00
-3.850609882932504169e-01 -1.508634915770466600e+00 0.000000000000000000e+00 1.000000000000000021e-08 -5.041681589403559371e-01 -1.191071706471054759e+00
-5.041681589403559371e-01 -1.191071706471054759e+00 1.000000000000000000e+00 1.000000000000000021e-08 -7.170126852548956986e-01 -2.128445263145397170e+00
-7.170126852548956986e-01 -2.128445263145397170e+00 0.000000000000000000e+00 1.000000000000000021e-08 -9.631708037595037020e-01 -2.461581185046080478e+00
-9.631708037595037020e-01 -2.461581185046080478e+00 2.000000000000000000e+00 1.000000000000000021e-08 -1.371631226565988459e+00 -4.084604228064846687e+00
-1.371631226565988459e+00 -4.084604228064846687e+00 1.000000000000000000e+00 9.999000000000000110e-01 -1.570796326794896558e+00 -5.000000000000000000e+00
2.679481710801208741e-02 -1.868750836788572040e-02 0.000000000000000000e+00 1.000000000000000021e-08 1.063670359890406397e-01 7.957221888102855578e-01
1.063670359890406397e-01 7.957221888102855578e-01 0.000000000000000000e+00 1.000000000000000021e-08 2.803234240690765100e-01 1.739563880800358397e+00
2.803234240690765100e-01 1.739563880800358397e+00 2.000000000000000000e+00 1.000000000000000021e-08 4.171801874798497511e-01 1.368567634107731967e+00
4.171801874798497511e-01 1.368567634107731967e+00 0.000000000000000000e+00 1.000000000000000021e-08 7.006958637245490618e-01 2.835156762446993106e+00
7.006958637245490618e-01 2.835156762446993106e+00 2.000000000000000000e+00 1.000000000000000021e-08 1.022279950469502152e+00 3.215840867449530460e+00
1.022279950469502152e+00 3.215840867449530460e+00 1.000000000000000000e+00 1.000000000000000021e-08 1.466111121713420840e+00 4.438311712439187318e+00
1.466111121713420840e+00 4.438311712439187318e+00 0.000000000000000000e+00 9.999000000000000110e-01 1.570796326794896558e+00 5.000000000000000000e+00
-8.120735892925383392e-03 -5.363062289341598288e-02 0.000000000000000000e+00 1.000000000000000021e-08 7.896313013282041382e-02 8.708386602574578195e-01
7.896313013282041382e-02 8.708386602574578195e-01 0.000000000000000000e+00 1.000000000000000021e-08 2.847609830033447365e-01 2.057978528705243448e+00
2.847609830033447365e-01 2.057978528705243448e+00 0.000000000000000000e+00 1.000000000000000021e-08 6.102945324555930640e-01 3.255335494522483497e+00
6.102945324555930640e-01 3.255335494522483497e+00 2.000000000000000000e+00 1.000000000000000021e-08 9.418744522997068991e-01 3.315799198441138795e+00
9.418744522997068991e-01 3.315799198441138795e+00 2.000000000000000000e+00 1.000000000000000021e-08 1.337470046019386682e+00 3.955955937196798722e+00
1.337470046019386682e+00 3.955955937196798722e+00 2.000000000000000000e+00 9.999000000000000110e-01 1.570796326794896558e+00 5.000000000000000000e+00
-6.707444856528232968e-02 3.097605459474810433e-02 1.000000000000000000e+00 1.000000000000000021e-08 -9.124281993814800651e-02 -2.416837137286567128e-01
-9.124281993814800651e-02 -2.416837137286567128e-01 2.000000000000000000e+00 1.000000000000000021e-08 -2.241387591485314024e-01 -1.328959392103833848e+00
-2.241387591485314024e-01 -1.328959392103833848e+00 1.000000000000000000e+00 1.000000000000000021e-08 -3.872977273813447141e-01 -1.631589682328132618e+00
-3.872977273813447141e-01 -1.631589682328132618e+00 1.000000000000000000e+00 1.000000000000000021e-08 -5.970954770014074153e-01 -2.097977496200626568e+00
-5.970954770014074153e-01 -2.097977496200626568e+00 2.000000000000000000e+00 1.000000000000000021e-08 -9.695210312054930446e-01 -3.724255542040856071e+00
-9.695210312054930446e-01 -3.724255542040856071e+00 1.000000000000000000e+00 1.000000000000000021e-08 -1.455314840910498786e+00 -4.857938097050057635e+00
-1.455314840910498786e+00 -4.857938097050057635e+00 0.000000000000000000e+00 9.999000000000000110e-01 -1.570796326794896558e+00 -5.000000000000000000e+00
-5.376009711183842715e-02 5.197756931318391754e-02 2.000000000000000000e+00 1.000000000000000021e-08 -1.400114869985462640e-01 -8.625138988670781881e-01
-1.400114869985462640e-01 -8.625138988670781881e-01 0.000000000000000000e+00 1.000000000000000021e-08 -1.493271021816595101e-01 -9.315615183113234998e-02
-1.493271021816595101e-01 -9.315615183113234998e-02 1.000000000000000000e+00 1.000000000000000021e-08 -1.873534204499379685e-01 -3.802631826827844730e-01
-1.873534204499379685e-01 -3.802631826827844730e-01 1.000000000000000000e+00 1.000000000000000021e-08 -2.510647416837288870e-01 -6.371132123379091849e-01
-2.510647416837288870e-01 -6.371132123379091849e-01 1.000000000000000000e+00 1.000000000000000021e-08 -3.448549181556234133e-01 -9.379017647189450413e-01
-3.448549181556234133e-01 -9.379017647189450413e-01 0.000000000000000000e+00 1.000000000000000021e-08 -4.023043200598154234e-01 -5.744940190419201009e-01
-4.023043200598154234e-01 -5.744940190419201009e-01 2.000000000000000000e+00 1.000000000000000021e-08 -6.003773997063311940e-01 -1.980730796465157484e+00
-6.003773997063311940e-01 -1.980730796465157484e+00 2.000000000000000000e+00 1.000000000000000021e-08 -9.689025192008152709e-01 -3.685251194944840325e+00
-9.689025192008152709e-01 -3.685251194944840325e+00 1.000000000000000000e+00 1.000000000000000021e-08 -1.449887771598711517e+00 -4.809852523978963568e+00
-1.449887771598711517e+00 -4.809852523978963568e+00 2.000000000000000000e+00 9.999000000000000110e-01 -1.570796326794896558e+00 -5.000000000000000000e+00
-2.373924328926622224e-02 -3.655558848817722084e-02 0.000000000000000000e+00 1.000000000000000021e-08 7.381782723273930258e-02 9.755707052200552898e-01
7.381782723273930258e-02 9.755707052200552898e-01 1.000000000000000000e+00 1.000000000000000021e-08 1.672620671717505447e-01 9.344423993901124215e-01
1.672620671717505447e-01 9.344423993901124215e-01 1.000000000000000000e+00 1.000000000000000021e-08 2.986375916737722958e-01 1.313755245020217455e+00
2.986375916737722958e-01 1.313755245020217455e+00 2.000000000000000000e+00 1.000000000000000021e-08 3.844278546352188353e-01 8.579026296144653951e-01
3.844278546352188353e-01 8.579026296144653951e-01 1.000000000000000000e+00 1.000000000000000021e-08 5.317862404588054037e-01 1.473583858235865351e+00
5.317862404588054037e-01 1.473583858235865351e+00 0.000000000000000000e+00 1.000000000000000021e-08 8.305052209529324436e-01 2.987189804941269955e+00
8.305052209529324436e-01 2.987189804941269955e+00 2.000000000000000000e+00 1.000000000000000021e-08 1.192147504401390057e+00 3.616422834484576576e+00
1.192147504401390057e+00 3.616422834484576576e+00 2.000000000000000000e+00 9.999000000000000110e-01 1.570796326794896558e+00 4.629816094303032870e+00
5.443285795050406550e-02 5.362247900923298310e-02 1.000000000000000000e+00 1.000000000000000021e-08 7.807621475502923847e-02 2.364335680452517019e-01
7.807621475502923847e-02 2.364335680452517019e-01 0.000000000000000000e+00 1.000000000000000021e-08 1.889414982705811541e-01 1.108652835155519156e+00
1.889414982705811541e-01 1.108652835155519156e+00 0.000000000000000000e+00 1.000000000000000021e-08 4.154761717424082512e-01 2.265346734718271193e+00
4.154761717424082512e-01 2.265346734718271193e+00 0.000000000000000000e+00 1.000000000000000021e-08 7.960837750553126924e-01 3.806076033129044411e+00
7.960837750553126924e-01 3.806076033129044411e+00 1.000000000000000000e+00 1.000000000000000021e-08 1.267683595477281155e+00 4.715998204219684631e+00
1.267683595477281155e+00 4.715998204219684631e+00 2.000000000000000000e+00 9.999000000000000110e-01 1.570796326794896558e+00 5.000000000000000000e+00
7.400724363791062743e-02 4.208578041221654187e-02 2.000000000000000000e+00 1.000000000000000021e-08 -9.315731589193687601e-04 -7.493881679682998787e-01
-9.315731589193687601e-04 -7.493881679682998787e-01 0.000000000000000000e+00 1.000000000000000021e-08 -4.419477810525323722e-03 -3.487904651605955308e-02
-4.419477810525323722e-03 -3.487904651605955308e-02 0.000000000000000000e+00 1.000000000000000021e-08 8.112003713567361718e-02 8.553951494619893570e-01
8.112003713567361718e-02 8.553951494619893570e-01 0.000000000000000000e+00 1.000000000000000021e-08 2.774857556838157269e-01 1.963657185481420653e+00
2.774857556838157269e-01 1.963657185481420653e+00 1.000000000000000000e+00 1.000000000000000021e-08 5.229778633635174812e-01 2.454921076797017321e+00
5.229778633635174812e-01 2.454921076797017321e+00 0.000000000000000000e+00 1.000000000000000021e-08 9.294527354398069985e-01 4.064748720762894507e+00
9.294527354398069985e-01 4.064748720762894507e+00 2.000000000000000000e+00 1.000000000000000021e-08 1.408140333552698742e+00 4.786875981128917878e+00
1.408140333552698742e+00 4.786875981128917878e+00 1.000000000000000000e+00 9.999000000000000110e-01 1.570796326794896558e+00 5.000000000000000000e+00
8.113048558871709115e-02 -8.107012676612332380e-02 1.000000000000000000e+00 1.000000000000000021e-08 8.997439112079899659e-02 8.843905532081902665e-02
8.997439112079899659e-02 8.843905532081902665e-02 2.000000000000000000e+00 1.000000000000000021e-08 3.876055641583101008e-02 -5.121383470496798651e-01
3.876055641583101008e-02 -5.121383470496798651e-01 2.000000000000000000e+00 1.000000000000000021e-08 -9.362320492925096937e-02 -1.323837613450819628e+00
-9.362320492925096937e-02 -1.323837613450819628e+00 0.000000000000000000e+00 1.000000000000000021e-08 -1.703434006279242463e-01 -7.672019569867326583e-01
-1.703434006279242463e-01 -7.672019569867326583e-01 0.000000000000000000e+00 1.000000000000000021e-08 -2.031269255635487769e-01 -3.278352493562451397e-01
-2.031269255635487769e-01 -3.278352493562451397e-01 2.000000000000000000e+00 1.000000000000000021e-08 -3.606679861938756337e-01 -1.575410606303268679e+00
-3.606679861938756337e-01 -1.575410606303268679e+00 1.000000000000000000e+00 1.000000000000000021e-08 -5.814130150702533362e-01 -2.207450288763777024e+00
-5.814130150702533362e-01 -2.207450288763777024e+00 2.000000000000000000e+00 1.000000000000000021e-08 -9.722392826055465953e-01 -3.908262675352932369e+00
-9.722392826055465953e-01 -3.908262675352932369e+00 2.000000000000000000e+00 1.000000000000000021e-08 -1.515596014218065779e+00 -5.000000000000000000e+00
-1.515596014218065779e+00 -5.000000000000000000e+00 2.000000000000000000e+00 9.999000000000000110e-01 -1.570796326794896558e+00 -5.000000000000000000e+00
-8.069510197705202781e-02 5.712700724317677781e-02 1.000000000000000000e+00 1.000000000000000021e-08 -8.194925503796855748e-02 -1.254153060916525508e-02
-8.194925503796855748e-02 -1.254153060916525508e-02 1.000000000000000000e+00 1.000000000000000021e-08 -9.168247137659447932e-02 -9.733216338625917674e-02
-9.168247137659447932e-02 -9.733216338625917674e-02 1.000000000000000000e+00 1.000000000000000021e-08 -1.068628959345356566e-01 -1.518042455794118006e-01
-1.068628959345356566e-01 -1.518042455794118006e-01 0.000000000000000000e+00 1.000000000000000021e-08 -6.763370263081190659e-02 3.922919330372374724e-01
-6.763370263081190659e-02 3.922919330372374724e-01 0.000000000000000000e+00 1.000000000000000021e-08 3.307137835759821343e-02 1.007050809884101117e+00
3.307137835759821343e-02 1.007050809884101117e+00 0.000000000000000000e+00 1.000000000000000021e-08 2.393357134056708357e-01 2.062643350480726223e+00
2.393357134056708357e-01 2.062643350480726223e+00 0.000000000000000000e+00 1.000000000000000021e-08 5.734366160336731300e-01 3.341009026280022720e+00
5.734366160336731300e-01 3.341009026280022720e+00 0.000000000000000000e+00 1.000000000000000021e-08 1.069489504656712775e+00 4.960528886230395784e+00
1.069489504656712775e+00 4.960528886230395784e+00 0.000000000000000000e+00 9.999000000000000110e-01 1.570796326794896558e+00 5.000000000000000000e+00
6.883032867361539575e-02 -6.735390890924571050e-02 2.000000000000000000e+00 1.000000000000000021e-08 -4.282423812973251698e-03 -7.311275248658863912e-01
-4.282423812973251698e-03 -7.311275248658863912e-01 0.000000000000000000e+00 1.000000000000000021e-08 2.359459452119308520e-02 2.787701833416633690e-01
2.359459452119308520e-02 2.787701833416633690e-01 2.000000000000000000e+00 1.000000000000000021e-08 -3.412406439124031354e-02 -5.771865891243339597e-01
-3.412406439124031354e-02 -5.771865891243339597e-01 1.000000000000000000e+00 1.000000000000000021e-08 -8.795263720055282453e-02 -5.382857280931251376e-01
-8.795263720055282453e-02 -5.382857280931251376e-01 2.000000000000000000e+00 1.000000000000000021e-08 -2.583697646628003719e-01 -1.704171274622475529e+00
-2.583697646628003719e-01 -1.704171274622475529e+00 2.000000000000000000e+00 1.000000000000000021e-08 -5.495204505287354380e-01 -2.911506858659349994e+00
-5.495204505287354380e-01 -2.911506858659349994e+00 0.000000000000000000e+00 1.000000000000000021e-08 -8.396639906910183804e-01 -2.901435401622828536e+00
-8.396639906910183804e-01 -2.901435401622828536e+00 0.000000000000000000e+00 1.000000000000000021e-08 -1.176423665703466792e+00 -3.367596750124484117e+00
-1.176423665703466792e+00 -3.367596750124484117e+00 1.000000000000000000e+00 9.999000000000000110e-01 -1.570796326794896558e+00 -4.705835312762109091e+00
-8.205666345730989325e-03 1.339280799439821618e-02 1.000000000000000000e+00 1.000000000000000021e-08 1.919086428679758760e-03 1.012475277441074739e-01
1.919086428679758760e-03 1.012475277441074739e-01 0.000000000000000000e+00 1.000000000000000021e-08 9.957762726479113535e-02 9.765854083611137382e-01
9.957762726479113535e-02 9.765854083611137382e-01 2.000000000000000000e+00 1.000000000000000021e-08 1.306358676299433919e-01 3.105824036515226760e-01
1.306358676299433919e-01 3.105824036515226760e-01 2.000000000000000000e+00 1.000000000000000021e-08 1.088169890386805477e-01 -2.181887859126284690e-01
1.088169890386805477e-01 -2.181887859126284690e-01 0.000000000000000000e+00 1.000000000000000021e-08 2.045858024194068814e-01 9.576881338072632532e-01
2.045858024194068814e-01 9.576881338072632532e-01 2.000000000000000000e+00 1.000000000000000021e-08 2.508642339190868542e-01 4.627843149968000058e-01
2.508642339190868542e-01 4.627843149968000058e-01 2.000000000000000000e+00 1.000000000000000021e-08 2.611218506572537401e-01 1.025761673816689146e-01
2.611218506572537401e-01 1.025761673816689146e-01 1.000000000000000000e+00 1.000000000000000021e-08 3.177611372211227581e-01 5.663928656386902905e-01
3.177611372211227581e-01 5.663928656386902905e-01 1.000000000000000000e+00 1.000000000000000021e-08 4.391766378682981919e-01 1.214155006471754339e+00
4.391766378682981919e-01 1.214155006471754339e+00 2.000000000000000000e+00 1.000000000000000021e-08 5.417255867683891113e-01 1.025489489000908749e+00
5.417255867683891113e-01 1.025489489000908749e+00 0.000000000000000000e+00 1.000000000000000021e-08 7.937331209998114145e-01 2.520075342314223033e+00
7.937331209998114145e-01 2.520075342314223033e+00 1.000000000000000000e+00 1.000000000000000021e-08 1.153166241281552651e+00 3.594331202817413029e+00
1.153166241281552651e+00 3.594331202817413029e+00 1.000000000000000000e+00 9.999000000000000110e-01 1.570796326794896558e+00 4.883968742782252903e+00
-2.260769652405714841e-02 -4.266814032376476523e-02 2.000000000000000000e+00 1.000000000000000021e-08 -1.143871641978073117e-01 -9.177946767375017023e-01
-1.143871641978073117e-01 -9.177946767375017023e-01 1.000000000000000000e+00 1.000000000000000021e-08 -2.417051374141706843e-01 -1.273179732163633560e+00
-2.417051374141706843e-01 -1.273179732163633560e+00 1.000000000000000000e+00 1.000000000000000021e-08 -3.931194404245682006e-01 -1.514143030103975107e+00
-3.931194404245682006e-01 -1.514143030103975107e+00 2.000000000000000000e+00 1.000000000000000021e-08 -6.809731324237705552e-01 -2.878536919992023435e+00
-6.809731324237705552e-01 -2.878536919992023435e+00 1.000000000000000000e+00 1.000000000000000021e-08 -1.066135482168840687e+00 -3.851623497450701539e+00
-1.066135482168840687e+00 -3.851623497450701539e+00 1.000000000000000000e+00 9.999000000000000110e-01 -1.570796326794896558e+00 -5.000000000000000000e+00
-2.081950327883222429e-02 7.971897942883835603e-03 0.000000000000000000e+00 1.000000000000000021e-08 7.120335355441104186e-02 9.202285683324326060e-01
7.120335355441104186e-02 9.202285683324326060e-01 0.000000000000000000e+00 1.000000000000000021e-08 2.734211271054546311e-01 2.022177735510435781e+00
2.734211271054546311e-01 2.022177735510435781e+00 0.000000000000000000e+00 1.000000000000000021e-08 6.203748655045642213e-01 3.469537383991095680e+00
6.203748655045642213e-01 3.469537383991095680e+00 1.000000000000000000e+00 1.000000000000000021e-08 1.049961327226400343e+00 4.295864617218359882e+00
1.049961327226400343e+00 4.295864617218359882e+00 2.000000000000000000e+00 1.000000000000000021e-08 1.562353119899960507e+00 5.000000000000000000e+00
1.562353119899960507e+00 5.000000000000000000e+00 2.000000000000000000e+00 9.999000000000000110e-01 1.570796326794896558e+00 5.000000000000000000e+00
-6.468880483892502919e-02 -2.168376033965837418e-02 1.000000000000000000e+00 1.000000000000000021e-08 -6.727590151843342026e-02 -2.587096679508388633e-02
-6.727590151843342026e-02 -2.587096679508388633e-02 1.000000000000000000e+00 1.000000000000000021e-08 -6.809158724357693149e-02 -8.156857251435056799e-03
-6.809158724357693149e-02 -8.156857251435056799e-03 0.000000000000000000e+00 1.000000000000000021e-08 1.432649096333958594e-02 8.241807820691651187e-01
1.432649096333958594e-02 8.241807820691651187e-01 1.000000000000000000e+00 1.000000000000000021e-08 9.490754294320939699e-02 8.058105197986981105e-01
9.490754294320939699e-02 8.058105197986981105e-01 1.000000000000000000e+00 1.000000000000000021e-08 1.835560720968975323e-01 8.864852915368812702e-01
1.835560720968975323e-01 8.864852915368812702e-01 1.000000000000000000e+00 1.000000000000000021e-08 3.075547850507983072e-01 1.239987129539007693e+00
3.075547850507983072e-01 1.239987129539007693e+00 2.000000000000000000e+00 1.000000000000000021e-08 3.950565786420704439e-01 8.750179359127212564e-01
3.950565786420704439e-01 8.750179359127212564e-01 1.000000000000000000e+00 1.000000000000000021e-08 5.319744740784632109e-01 1.369178954363927447e+00
5.319744740784632109e-01 1.369178954363927447e+00 1.000000000000000000e+00 1.000000000000000021e-08 7.535923962825844535e-01 2.216179222041212427e+00
7.535923962825844535e-01 2.216179222041212427e+00 1.000000000000000000e+00 1.000000000000000021e-08 1.082433876894588920e+00 3.288414806120043110e+00
1.082433876894588920e+00 3.288414806120043110e+00 0.000000000000000000e+00 9.999000000000000110e-01 1.570796326794896558e+00 4.937997507756433535e+00
4.673893723507984571e-02 1.513332123929268802e-02 2.000000000000000000e+00 1.000000000000000021e-08 -3.005231925139206089e-02 -7.679125648647190383e-01
-3.005231925139206089e-02 -7.679125648647190383e-01 1.000000000000000000e+00 1.000000000000000021e-08 -1.029349649266715905e-01 -7.288264567527952265e-01
-1.029349649266715905e-01 -7.288264567527952265e-01 2.000000000000000000e+00 1.000000000000000021e-08 -2.909093886903071358e-01 -1.879744237636355564e+00
-2.909093886903071358e-01 -1.879744237636355564e+00 1.000000000000000000e+00 1.000000000000000021e-08 -5.192504465513151368e-01 -2.283410578610080233e+00
-5.192504465513151368e-01 -2.283410578610080233e+00 2.000000000000000000e+00 1.000000000000000021e-08 -8.888545479338753053e-01 -3.696041013825601240e+00
-8.888545479338753053e-01 -3.696041013825601240e+00 2.000000000000000000e+00 1.000000000000000021e-08 -1.421740191360396866e+00 -5.000000000000000000e+00
-1.421740191360396866e+00 -5.000000000000000000e+00 1.000000000000000000e+00 9.999000000000000110e-01 -1.570796326794896558e+00 -5.000000000000000000e+00
-4.043670480664812716e-02 -1.222251665094178236e-02 2.000000000000000000e+00 1.000000000000000021e-08 -1.288393634668184573e-01 -8.840265866017030794e-01
-1.288393634668184573e-01 -8.840265866017030794e-01 0.000000000000000000e+00 1.000000000000000021e-08 -1.388568141562540603e-01 -1.001745068943559192e-01
-1.388568141562540603e-01 -1.001745068943559192e-01 2.000000000000000000e+00 1.000000000000000021e-08 -2.612711004805350901e-01 -1.224142863242810186e+00
-2.612711004805350901e-01 -1.224142863242810186e+00 1.000000000000000000e+00 1.000000000000000021e-08 -4.380837432998840875e-01 -1.768126428193490085e+00
-4.380837432998840875e-01 -1.768126428193490085e+00 0.000000000000000000e+00 1.000000000000000021e-08 -6.086526702381540588e-01 -1.705689269382699713e+00
-6.086526702381540588e-01 -1.705689269382699713e+00 1.000000000000000000e+00 1.000000000000000021e-08 -8.814564264092950019e-01 -2.728037561711408987e+00
-8.814564264092950019e-01 -2.728037561711408987e+00 0.000000000000000000e+00 1.000000000000000021e-08 -1.225161252292341185e+00 -3.437048258830462721e+00
-1.225161252292341185e+00 -3.437048258830462721e+00 1.000000000000000000e+00 9.999000000000000110e-01 -1.570796326794896558e+00 -4.781800984787905939e+00
-2.593021461883070894e-02 4.472476426869577415e-02 1.000000000000000000e+00 1.000000000000000021e-08 -3.545364446414230042e-02 -9.523429845311588704e-02
-3.545364446414230042e-02 -9.523429845311588704e-02 1.000000000000000000e+00 1.000000000000000021e-08 -4.402569831440759918e-02 -8.572053850265298758e-02
-4.402569831440759918e-02 -8.572053850265298758e-02 1.000000000000000000e+00 1.000000000000000021e-08 -5.436695648747456866e-02 -1.034125817306696810e-01
-5.436695648747456866e-02 -1.034125817306696810e-01 2.000000000000000000e+00 1.000000000000000021e-08 -1.737674242094072730e-01 -1.194004677219326904e+00
-1.737674242094072730e-01 -1.194004677219326904e+00 0.000000000000000000e+00 1.000000000000000021e-08 -2.387716842724545430e-01 -6.500426006304727000e-01
-2.387716842724545430e-01 -6.500426006304727000e-01 2.000000000000000000e+00 1.000000000000000021e-08 -4.198418398047313316e-01 -1.810701555322768108e+00
-4.198418398047313316e-01 -1.810701555322768108e+00 0.000000000000000000e+00 1.000000000000000021e-08 -5.994247768284556299e-01 -1.795829370237243205e+00
-5.994247768284556299e-01 -1.795829370237243205e+00 2.000000000000000000e+00 1.000000000000000021e-08 -9.370257086616742281e-01 -3.376009318332186204e+00
-9.370257086616742281e-01 -3.376009318332186204e+00 2.000000000000000000e+00 1.000000000000000021e-08 -1.429538385307397519e+00 -4.925126766457232463e+00
-1.429538385307397519e+00 -4.925126766457232463e+00 1.000000000000000000e+00 9.999000000000000110e-01 -1.570796326794896558e+00 -5.000000000000000000e+00
7.815198983408110783e-03 -8.179379473691034130e-02 2.000000000000000000e+00 1.000000000000000021e-08 -7.089373408817409294e-02 -7.870893307158219887e-01
-7.089373408817409294e-02 -7.870893307158219887e-01 1.000000000000000000e+00 1.000000000000000021e-08 -1.584101442797518633e-01 -8.751641019157777590e-01
-1.584101442797518633e-01 -8.751641019157777590e-01 1.000000000000000000e+00 1.000000000000000021e-08 -2.888327590638154474e-01 -1.304226147840635619e+00
-2.888327590638154474e-01 -1.304226147840635619e+00 0.000000000000000000e+00 1.000000000000000021e-08 -3.960483555239467934e-01 -1.072155964601313682e+00
-3.960483555239467934e-01 -1.072155964601313682e+00 0.000000000000000000e+00 1.000000000000000021e-08 -4.729466763654802119e-01 -7.689832084153342961e-01
-4.729466763654802119e-01 -7.689832084153342961e-01 2.000000000000000000e+00 1.000000000000000021e-08 -6.951196118677046565e-01 -2.221729355022244334e+00
-6.951196118677046565e-01 -2.221729355022244334e+00 2.000000000000000000e+00 1.000000000000000021e-08 -1.082296628343191403e+00 -3.871770164754867238e+00
-1.082296628343191403e+00 -3.871770164754867238e+00 0.000000000000000000e+00 1.000000000000000021e-08 -1.550446370303748100e+00 -4.681497419605567423e+00
-1.550446370303748100e+00 -4.681497419605567423e+00 0.000000000000000000e+00 9.999000000000000110e-01 -1.570796326794896558e+00 -5.000000000000000000e+00
1.992892521433331857e-02 4.655332780114825042e-02 0.000000000000000000e+00 1.000000000000000021e-08 1.269008275566926025e-01 1.069719023423592708e+00
1.269008275566926025e-01 1.069719023423592708e+00 1.000000000000000000e+00 1.000000000000000021e-08 2.452316088355688817e-01 1.183307812788762847e+00
2.452316088355688817e-01 1.183307812788762847e+00 2.000000000000000000e+00 1.000000000000000021e-08 3.102353793476980148e-01 6.500377051212911095e-01
3.102353793476980148e-01 6.500377051212911095e-01 2.000000000000000000e+00 1.000000000000000021e-08 3.356225201655959611e-01 2.538714081789796295e-01
3.356225201655959611e-01 2.538714081789796295e-01 2.000000000000000000e+00 1.000000000000000021e-08 3.491074230297029346e-01 1.348490286410699568e-01
3.491074230297029346e-01 1.348490286410699568e-01 0.000000000000000000e+00 1.000000000000000021e-08 4.921890586799969602e-01 1.430816356502940145e+00
4.921890586799969602e-01 1.430816356502940145e+00 0.000000000000000000e+00 1.000000000000000021e-08 7.807280738680945076e-01 2.885390151880975473e+00
7.807280738680945076e-01 2.885390151880975473e+00 0.000000000000000000e+00 1.000000000000000021e-08 1.236223311426434268e+00 4.554952375583398272e+00
1.236223311426434268e+00 4.554952375583398272e+00 1.000000000000000000e+00 9.999000000000000110e-01 1.570796326794896558e+00 5.000000000000000000e+00
-3.816550088461233975e-02 -4.108643728755385222e-02 0.000000000000000000e+00 1.000000000000000021e-08 5.090705099196869005e-02 8.907255187658102979e-01
5.090705099196869005e-02 8.907255187658102979e-01 2.000000000000000000e+00 1.000000000000000021e-08 4.823776771461148888e-02 -2.669283277357203943e-02
4.823776771461148888e-02 -2.669283277357203943e-02 1.000000000000000000e+00 1.000000000000000021e-08 6.390009034138212363e-02 1.566232262677063614e-01
6.390009034138212363e-02 1.566232262677063614e-01 2.000000000000000000e+00 1.000000000000000021e-08 -5.802812590777584045e-03 -6.970290293215970490e-01
-5.802812590777584045e-03 -6.970290293215970490e-01 1.000000000000000000e+00 1.000000000000000021e-08 -6.773168952499986073e-02 -6.192887693422226558e-01
-6.773168952499986073e-02 -6.192887693422226558e-01 1.000000000000000000e+00 1.000000000000000021e-08 -1.408764044432084805e-01 -7.314471491820861981e-01
-1.408764044432084805e-01 -7.314471491820861981e-01 1.000000000000000000e+00 1.000000000000000021e-08 -2.417049419086568229e-01 -1.008285374654483313e+00
-2.417049419086568229e-01 -1.008285374654483313e+00 2.000000000000000000e+00 1.000000000000000021e-08 -4.629986444980198068e-01 -2.212937025893629617e+00
-4.629986444980198068e-01 -2.212937025893629617e+00 0.000000000000000000e+00 1.000000000000000021e-08 -6.921192404740426074e-01 -2.291205959760227451e+00
-6.921192404740426074e-01 -2.291205959760227451e+00 2.000000000000000000e+00 1.000000000000000021e-08 -1.091642451589308838e+00 -3.995232111152660970e+00
-1.091642451589308838e+00 -3.995232111152660970e+00 1.000000000000000000e+00 9.999000000000000110e-01 -1.570796326794896558e+00 -5.000000000000000000e+00
-4.241246536625151164e-02 1.390580423492921922e-02 0.000000000000000000e+00 1.000000000000000021e-08 3.127363166703038544e-02 7.368609703328189431e-01
3.127363166703038544e-02 7.368609703328189431e-01 2.000000000000000000e+00 1.000000000000000021e-08 7.693007123182288992e-03 -2.358062454384809437e-01
7.693007123182288992e-03 -2.358062454384809437e-01 0.000000000000000000e+00 1.000000000000000021e-08 6.425606616068890720e-02 5.656305903750661335e-01
6.425606616068890720e-02 5.656305903750661335e-01 0.000000000000000000e+00 1.000000000000000021e-08 2.299775270888947121e-01 1.657214609282057882e+00
2.299775270888947121e-01 1.657214609282057882e+00 0.000000000000000000e+00 1.000000000000000021e-08 5.036274264160656156e-01 2.736498993271709423e+00
5.036274264160656156e-01 2.736498993271709423e+00 1.000000000000000000e+00 1.000000000000000021e-08 8.410397860401455095e-01 3.374123596240798939e+00
8.410397860401455095e-01 3.374123596240798939e+00 1.000000000000000000e+00 1.000000000000000021e-08 1.284053048252730589e+00 4.430132622125850794e+00
1.284053048252730589e+00 4.430132622125850794e+00 2.000000000000000000e+00 9.999000000000000110e-01 1.570796326794896558e+00 5.000000000000000000e+00
-6.168384725320167489e-03 5.060994787407784024e-02 1.000000000000000000e+00 1.000000000000000021e-08 1.203322775228251457e-02 1.820161247760267997e-01
1.203322775228251457e-02 1.820161247760267997e-01 2.000000000000000000e+00 1.000000000000000021e-08 -5.550263601825591170e-02 -6.753586377053841794e-01
-5.550263601825591170e-02 -6.753586377053841794e-01 2.000000000000000000e+00 1.000000000000000021e-08 -2.374284418757248161e-01 -1.819258058574688919e+00
-2.374284418757248161e-01 -1.819258058574688919e+00 1.000000000000000000e+00 1.000000000000000021e-08 -4.698726284994915736e-01 -2.324441866237667575e+00
-4.698726284994915736e-01 -2.324441866237667575e+00 0.000000000000000000e+00 1.000000000000000021e-08 -7.011737987373647396e-01 -2.313011702378731549e+00
-7.011737987373647396e-01 -2.313011702378731549e+00 0.000000000000000000e+00 1.000000000000000021e-08 -9.663922564175413399e-01 -2.652184576801765559e+00
-9.663922564175413399e-01 -2.652184576801765559e+00 0.000000000000000000e+00 1.000000000000000021e-08 -1.303702003846993085e+00 -3.373097474294517450e+00
-1.303702003846993085e+00 -3.373097474294517450e+00 2.000000000000000000e+00 9.999000000000000110e-01 -1.570796326794896558e+00 -4.954413949835899444e+00
-7.405186239830274797e-03 1.884636301104511413e-02 1.000000000000000000e+00 1.000000000000000021e-08 9.296180981906765339e-03 1.670136722173704014e-01
9.296180981906765339e-03 1.670136722173704014e-01 2.000000000000000000e+00 1.000000000000000021e-08 -5.285669194541629118e-02 -6.215287292732305513e-01
-5.285669194541629118e-02 -6.215287292732305513e-01 0.000000000000000000e+00 1.000000000000000021e-08 -4.219028913719063967e-02 1.066640280822565012e-01
-4.219028913719063967e-02 1.066640280822565012e-01 0.000000000000000000e+00 1.000000000000000021e-08 5.684391222035536928e-02 9.903420135754600340e-01
5.684391222035536928e-02 9.903420135754600340e-01 1.000000000000000000e+00 1.000000000000000021e-08 1.802732766244413698e-01 1.234293644040859839e+00
1.802732766244413698e-01 1.234293644040859839e+00 0.000000000000000000e+00 1.000000000000000021e-08 4.194021932153786381e-01 2.391289165909372461e+00
4.194021932153786381e-01 2.391289165909372461e+00 1.000000000000000000e+00 1.000000000000000021e-08 7.338690228260638104e-01 3.144668296106850836e+00
7.338690228260638104e-01 3.144668296106850836e+00 2.000000000000000000e+00 1.000000000000000021e-08 1.089432518234683123e+00 3.555634954086192234e+00
1.089432518234683123e+00 3.555634954086192234e+00 0.000000000000000000e+00 9.999000000000000110e-01 1.570796326794896558e+00 5.000000000000000000e+00
-5.343648968834761870e-03 2.440658931554427410e-02 1.000000000000000000e+00 1.000000000000000021e-08 5.090216999182760674e-03 1.043386596801752220e-01
5.090216999182760674e-03 1.043386596801752220e-01 1.000000000000000000e+00 1.000000000000000021e-08 1.603095770827680372e-02 1.094074070909404339e-01
1.603095770827680372e-02 1.094074070909404339e-01 2.000000000000000000e+00 1.000000000000000021e-08 -4.183110817766019784e-02 -5.786206588593699740e-01
-4.183110817766019784e-02 -5.786206588593699740e-01 1.000000000000000000e+00 1.000000000000000021e-08 -9.987504982408906828e-02 -5.804394164642887599e-01
-9.987504982408906828e-02 -5.804394164642887599e-01 2.000000000000000000e+00 1.000000000000000021e-08 -2.763786914388722815e-01 -1.765036416147831799e+00
-2.763786914388722815e-01 -1.765036416147831799e+00 0.000000000000000000e+00 1.000000000000000021e-08 -4.127139129991607702e-01 -1.363352215602884776e+00
-4.127139129991607702e-01 -1.363352215602884776e+00 0.000000000000000000e+00 1.000000000000000021e-08 -5.390046845998421876e-01 -1.262907716006813619e+00
-5.390046845998421876e-01 -1.262907716006813619e+00 0.000000000000000000e+00 1.000000000000000021e-08 -6.906687465557896921e-01 -1.516640619559475045e+00
-6.906687465557896921e-01 -1.516640619559475045e+00 0.000000000000000000e+00 1.000000000000000021e-08 -8.907826848720880042e-01 -2.001139383162983343e+00
-8.907826848720880042e-01 -2.001139383162983343e+00 1.000000000000000000e+00 1.000000000000000021e-08 -1.211317028978666333e+00 -3.205343441065782173e+00
-1.211317028978666333e+00 -3.205343441065782173e+00 2.000000000000000000e+00 9.999000000000000110e-01 -1.570796326794896558e+00 -4.782424345417686240e+00
-2.222497045782281799e-02 -4.037525552352531910e-02 0.000000000000000000e+00 1.000000000000000021e-08 4.826689688020011082e-02 7.049186733802292881e-01
4.826689688020011082e-02 7.049186733802292881e-01 0.000000000000000000e+00 1.000000000000000021e-08 2.126476339804320714e-01 1.643807371002319551e+00
2.126476339804320714e-01 1.643807371002319551e+00 2.000000000000000000e+00 1.000000000000000021e-08 3.391713017746211256e-01 1.265236677941890431e+00
3.391713017746211256e-01 1.265236677941890431e+00 1.000000000000000000e+00 1.000000000000000021e-08 5.083928171092124693e-01 1.692215153345913992e+00
5.083928171092124693e-01 1.692215153345913992e+00 0.000000000000000000e+00 1.000000000000000021e-08 8.420467040620502885e-01 3.336538869528378193e+00
8.420467040620502885e-01 3.336538869528378193e+00 0.000000000000000000e+00 1.000000000000000021e-08 1.330014645435908083e+00 4.879679413738577942e+00
1.330014645435908083e+00 4.879679413738577942e+00 0.000000000000000000e+00 9.999000000000000110e-01 1.570796326794896558e+00 5.000000000000000000e+00
8.002981272175206662e-02 6.709810209381758539e-03 0.000000000000000000e+00 1.000000000000000021e-08 1.855860854314521080e-01 1.055562727097000497e+00
1.855860854314521080e-01 1.055562727097000497e+00 0.000000000000000000e+00 1.000000000000000021e-08 4.189917045177035115e-01 2.334056190862514146e+00
4.189917045177035115e-01 2.334056190862514146e+00 1.000000000000000000e+00 1.000000000000000021e-08 7.317217763009160603e-01 3.127300717832125265e+00
7.317217763009160603e-01 3.127300717832125265e+00 2.000000000000000000e+00 1.000000000000000021e-08 1.093863109909773979e+00 3.621413336088577850e+00
1.093863109909773979e+00 3.621413336088577850e+00 2.000000000000000000e+00 1.000000000000000021e-08 1.540824152792262591e+00 4.469610428824885240e+00
1.540824152792262591e+00 4.469610428824885240e+00 2.000000000000000000e+00 9.999000000000000110e-01 1.570796326794896558e+00 5.000000000000000000e+00
-4.268153368042999773e-02 3.488502266309423394e-02 2.000000000000000000e+00 1.000000000000000021e-08 -1.255142473129679526e-01 -8.283271363253794650e-01
-1.255142473129679526e-01 -8.283271363253794650e-01 2.000000000000000000e+00 1.000000000000000021e-08 -3.030707349124002747e-01 -1.775564875994323000e+00
-3.030707349124002747e-01 -1.775564875994323000e+00 2.000000000000000000e+00 1.000000000000000021e-08 -6.138897154550093660e-01 -3.108189805426090135e+00
-6.138897154550093660e-01 -3.108189805426090135e+00 2.000000000000000000e+00 1.000000000000000021e-08 -1.084795427700745885e+00 -4.709057122457364741e+00
-1.084795427700745885e+00 -4.709057122457364741e+00 0.000000000000000000e+00 9.999000000000000110e-01 -1.570796326794896558e+00 -5.000000000000000000e+00
1.422202980362611419e-02 5.076919334454411264e-02 0.000000000000000000e+00 1.000000000000000021e-08 9.348228734582050836e-02 7.926025754219439001e-01
9.348228734582050836e-02 7.926025754219439001e-01 1.000000000000000000e+00 1.000000000000000021e-08 2.018798994233958199e-01 1.083976120775753005e+00
2.018798994233958199e-01 1.083976120775753005e+00 2.000000000000000000e+00 1.000000000000000021e-08 2.507487470544734753e-01 4.886884763107767204e-01
2.507487470544734753e-01 4.886884763107767204e-01 2.000000000000000000e+00 1.000000000000000021e-08 2.439801605738817214e-01 -6.768586480591765042e-02
2.439801605738817214e-01 -6.768586480591765042e-02 1.000000000000000000e+00 1.000000000000000021e-08 2.667002127331761785e-01 2.272005215929447375e-01
2.667002127331761785e-01 2.272005215929447375e-01 2.000000000000000000e+00 1.000000000000000021e-08 2.362963956776078789e-01 -3.040381705556828851e-01
2.362963956776078789e-01 -3.040381705556828851e-01 2.000000000000000000e+00 1.000000000000000021e-08 1.633136512004144669e-01 -7.298274447719341751e-01
1.633136512004144669e-01 -7.298274447719341751e-01 1.000000000000000000e+00 1.000000000000000021e-08 1.211263258202805726e-01 -4.218732538013389433e-01
1.211263258202805726e-01 -4.218732538013389433e-01 2.000000000000000000e+00 1.000000000000000021e-08 -2.710958878593530685e-03 -1.238372846988740950e+00
-2.710958878593530685e-03 -1.238372846988740950e+00 2.000000000000000000e+00 1.000000000000000021e-08 -2.188793697393634496e-01 -2.161684108607698995e+00
-2.188793697393634496e-01 -2.161684108607698995e+00 0.000000000000000000e+00 1.000000000000000021e-08 -3.849652188175616274e-01 -1.660858490781981445e+00
-3.849652188175616274e-01 -1.660858490781981445e+00 0.000000000000000000e+00 1.000000000000000021e-08 -5.219261297484968365e-01 -1.369609109309352091e+00
-5.219261297484968365e-01 -1.369609109309352091e+00 2.000000000000000000e+00 1.000000000000000021e-08 -8.039809004650597668e-01 -2.820547707165629081e+00
-8.039809004650597668e-01 -2.820547707165629081e+00 2.000000000000000000e+00 1.000000000000000021e-08 -1.247717649475909241e+00 -4.437367490108494295e+00
-1.247717649475909241e+00 -4.437367490108494295e+00 0.000000000000000000e+00 9.999000000000000110e-01 -1.570796326794896558e+00 -5.000000000000000000e+00
5.640599404071010292e-02 3.009114261223811912e-02 2.000000000000000000e+00 1.000000000000000021e-08 -1.125018377725729712e-02 -6.765617781796740005e-01
-1.125018377725729712e-02 -6.765617781796740005e-01 1.000000000000000000e+00 1.000000000000000021e-08 -6.319983842037157906e-02 -5.194965464311427361e-01
-6.319983842037157906e-02 -5.194965464311427361e-01 2.000000000000000000e+00 1.000000000000000021e-08 -2.225840628739457483e-01 -1.593842244535741637e+00
-2.225840628739457483e-01 -1.593842244535741637e+00 0.000000000000000000e+00 1.000000000000000021e-08 -3.296198720542963256e-01 -1.070358091803506051e+00
-3.296198720542963256e-01 -1.070358091803506051e+00 2.000000000000000000e+00 1.000000000000000021e-08 -5.725225037980714582e-01 -2.429026317437751104e+00
-5.725225037980714582e-01 -2.429026317437751104e+00 0.000000000000000000e+00 1.000000000000000021e-08 -8.226325118370563239e-01 -2.501100080389848213e+00
-8.226325118370563239e-01 -2.501100080389848213e+00 1.000000000000000000e+00 1.000000000000000021e-08 -1.193908083062188652e+00 -3.712755712251322837e+00
-1.193908083062188652e+00 -3.712755712251322837e+00 0.000000000000000000e+00 9.999000000000000110e-01 -1.570796326794896558e+00 -4.719550467913899539e+00
-3.506523448233260509e-03 -8.597371803393213940e-02 0.000000000000000000e+00 1.000000000000000021e-08 8.687145885188490846e-02 9.037798230011816480e-01
8.687145885188490846e-02 9.037798230011816480e-01 2.000000000000000000e+00 1.000000000000000021e-08 9.016330227818354637e-02 3.291843426298635134e-02
9.016330227818354637e-02 3.291843426298635134e-02 1.000000000000000000e+00 1.000000000000000021e-08 1.224348465799710572e-01 3.227154430178751920e-01
1.224348465799710572e-01 3.227154430178751920e-01 2.000000000000000000e+00 1.000000000000000021e-08 7.640211571360590315e-02 -4.603273086636515132e-01
7.640211571360590315e-02 -4.603273086636515132e-01 0.000000000000000000e+00 1.000000000000000021e-08 1.443065878213224962e-01 6.790447210771659581e-01
1.443065878213224962e-01 6.790447210771659581e-01 1.000000000000000000e+00 1.000000000000000021e-08 2.394310487562378853e-01 9.512446093491540022e-01
2.394310487562378853e-01 9.512446093491540022e-01 2.000000000000000000e+00 1.000000000000000021e-08 2.789856999958718053e-01 3.955465123963393115e-01
2.789856999958718053e-01 3.955465123963393115e-01 2.000000000000000000e+00 1.000000000000000021e-08 2.724852711948252959e-01 -6.500428801046487237e-02
2.724852711948252959e-01 -6.500428801046487237e-02 0.000000000000000000e+00 1.000000000000000021e-08 3.979237458318651832e-01 1.254384746370398762e+00
3.979237458318651832e-01 1.254384746370398762e+00 0.000000000000000000e+00 1.000000000000000021e-08 6.559479701802726215e-01 2.580242243484073938e+00
6.559479701802726215e-01 2.580242243484073938e+00 0.000000000000000000e+00 1.000000000000000021e-08 1.063025432221095690e+00 4.070774620408229794e+00
1.063025432221095690e+00 4.070774620408229794e+00 1.000000000000000000e+00 9.999000000000000110e-01 1.570796326794896558e+00 5.000000000000000000e+00
-7.980297486445356997e-03 -2.710340377821394281e-02 2.000000000000000000e+00 1.000000000000000021e-08 -9.604959806079366169e-02 -8.806930057434829706e-01
-9.604959806079366169e-02 -8.806930057434829706e-01 2.000000000000000000e+00 1.000000000000000021e-08 -2.712837548458483239e-01 -1.752341567850546511e+00
-2.712837548458483239e-01 -1.752341567850546511e+00 1.000000000000000000e+00 1.000000000000000021e-08 -4.879956165788693623e-01 -2.167118617330209940e+00
-4.879956165788693623e-01 -2.167118617330209940e+00 2.000000000000000000e+00 1.000000000000000021e-08 -8.484961270144897316e-01 -3.605005104356203027e+00
-8.484961270144897316e-01 -3.605005104356203027e+00 0.000000000000000000e+00 1.000000000000000021e-08 -1.257253108575509204e+00 -4.087569815610193835e+00
-1.257253108575509204e+00 -4.087569815610193835e+00 2.000000000000000000e+00 9.999000000000000110e-01 -1.570796326794896558e+00 -5.000000000000000000e+00
1.499313563800374824e-02 -5.630730634392303036e-02 1.000000000000000000e+00 1.000000000000000021e-08 2.913602295426565708e-02 1.414288731626190676e-01
