1.638110056358684993e-02 7.113354689950163179e-02 1.000000000000000000e+00 1.000000000000000021e-08 4.376792076838681433e-02 2.738682020479996648e-01
4.376792076838681433e-02 2.738682020479996648e-01 2.000000000000000000e+00 1.000000000000000021e-08 2.793053531348482776e-04 -4.348861541525196328e-01
2.793053531348482776e-04 -4.348861541525196328e-01 0.000000000000000000e+00 1.000000000000000021e-08 3.906384293877294273e-02 3.878453758563809028e-01
3.906384293877294273e-02 3.878453758563809028e-01 1.000000000000000000e+00 1.000000000000000021e-08 7.774569090527373716e-02 3.868184796650079305e-01
7.774569090527373716e-02 3.868184796650079305e-01 0.000000000000000000e+00 1.000000000000000021e-08 2.227889426250264648e-01 1.450432517197527194e+00
2.227889426250264648e-01 1.450432517197527194e+00 2.000000000000000000e+00 1.000000000000000021e-08 3.361915785523019173e-01 1.134026359272754414e+00
3.361915785523019173e-01 1.134026359272754414e+00 1.000000000000000000e+00 1.000000000000000021e-08 5.138385005444583431e-01 1.776469219921563925e+00
5.138385005444583431e-01 1.776469219921563925e+00 2.000000000000000000e+00 1.000000000000000021e-08 6.952450011214544867e-01 1.814065005769961214e+00
6.952450011214544867e-01 1.814065005769961214e+00 1.000000000000000000e+00 1.000000000000000021e-08 9.663055560107856046e-01 2.710605548893310512e+00
9.663055560107856046e-01 2.710605548893310512e+00 1.000000000000000000e+00 1.000000000000000021e-08 1.352212385646210269e+00 3.859068296354247529e+00
1.352212385646210269e+00 3.859068296354247529e+00 0.000000000000000000e+00 9.999000000000000110e-01 1.570796326794896558e+00 5.000000000000000000e+00
-2.568825326424236874e-02 4.265930194876661058e-02 0.000000000000000000e+00 1.000000000000000021e-08 4.876204956373321464e-02 7.445030282797557852e-01
4.876204956373321464e-02 7.445030282797557852e-01 0.000000000000000000e+00 1.000000000000000021e-08 2.228886641366911725e-01 1.741266145729579717e+00
2.228886641366911725e-01 1.741266145729579717e+00 1.000000000000000000e+00 1.000000000000000021e-08 4.367880847114504750e-01 2.138994205747593025e+00
4.367880847114504750e-01 2.138994205747593025e+00 0.000000000000000000e+00 1.000000000000000021e-08 7.854570218813392568e-01 3.486689371698887374e+00
7.854570218813392568e-01 3.486689371698887374e+00 2.000000000000000000e+00 1.000000000000000021e-08 1.178433994279028729e+00 3.929769723976894724e+00
1.178433994279028729e+00 3.929769723976894724e+00 1.000000000000000000e+00 9.999000000000000110e-01 1.570796326794896558e+00 5.000000000000000000e+00
7.458812246390349177e-02 3.519537666089082861e-02 2.000000000000000000e+00 1.000000000000000021e-08 7.340036993237986085e-03 -6.724808547066549735e-01
7.340036993237986085e-03 -6.724808547066549735e-01 2.000000000000000000e+00 1.000000000000000021e-08 -1.350698225241827310e-01 -1.424098595174207116e+00
-1.350698225241827310e-01 -1.424098595174207116e+00 1.000000000000000000e+00 1.000000000000000021e-08 -2.935314467149353623e-01 -1.584616241907525813e+00
-2.935314467149353623e-01 -1.584616241907525813e+00 1.000000000000000000e+00 1.000000000000000021e-08 -4.908891573245535156e-01 -1.973577106096181533e+00
-4.908891573245535156e-01 -1.973577106096181533e+00 1.000000000000000000e+00 1.000000000000000021e-08 -7.614952672028888481e-01 -2.706061098783353103e+00
-7.614952672028888481e-01 -2.706061098783353103e+00 2.000000000000000000e+00 1.000000000000000021e-08 -1.205831949215717902e+00 -4.443366820128290762e+00
-1.205831949215717902e+00 -4.443366820128290762e+00 2.000000000000000000e+00 9.999000000000000110e-01 -1.570796326794896558e+00 -5.000000000000000000e+00
2.526338295359828109e-02 5.370408719810565445e-02 0.000000000000000000e+00 1.000000000000000021e-08 1.293051363608641868e-01 1.040417534072658912e+00
1.293051363608641868e-01 1.040417534072658912e+00 0.000000000000000000e+00 1.000000000000000021e-08 3.434501251650140530e-01 2.141449888041498273e+00
3.434501251650140530e-01 2.141449888041498273e+00 2.000000000000000000e+00 1.000000000000000021e-08 5.394566081353859843e-01 1.960064829703719536e+00
5.394566081353859843e-01 1.960064829703719536e+00 2.000000000000000000e+00 1.000000000000000021e-08 7.403117976759368002e-01 2.008551895405507715e+00
7.403117976759368002e-01 2.008551895405507715e+00 0.000000000000000000e+00 1.000000000000000021e-08 1.115913239579827465e+00 3.756014419038906205e+00
1.115913239579827465e+00 3.756014419038906205e+00 0.000000000000000000e+00 9.999000000000000110e-01 1.570796326794896558e+00 5.000000000000000000e+00
1.051484557466654535e-03 -5.795803675176951913e-02 0.000000000000000000e+00 1.000000000000000021e-08 8.703632503016309196e-02 8.598484047269643327e-01
8.703632503016309196e-02 8.598484047269643327e-01 1.000000000000000000e+00 1.000000000000000021e-08 2.006188966773970739e-01 1.135825716472339764e+00
2.006188966773970739e-01 1.135825716472339764e+00 0.000000000000000000e+00 1.000000000000000021e-08 4.330631592527242613e-01 2.324442625753271763e+00
4.330631592527242613e-01 2.324442625753271763e+00 0.000000000000000000e+00 1.000000000000000021e-08 8.065326930962084528e-01 3.734695338434842249e+00
8.065326930962084528e-01 3.734695338434842249e+00 1.000000000000000000e+00 1.000000000000000021e-08 1.278487332914983288e+00 4.719546398187747904e+00
1.278487332914983288e+00 4.719546398187747904e+00 2.000000000000000000e+00 9.999000000000000110e-01 1.570796326794896558e+00 5.000000000000000000e+00
3.660429908085278961e-02 -6.341000041432219569e-02 1.000000000000000000e+00 1.000000000000000021e-08 5.313447008818844575e-02 1.653017100733565337e-01
5.313447008818844575e-02 1.653017100733565337e-01 2.000000000000000000e+00 1.000000000000000021e-08 6.269977473371241006e-03 -4.686449261481720474e-01
6.269977473371241006e-03 -4.686449261481720474e-01 2.000000000000000000e+00 1.000000000000000021e-08 -1.219972143924144548e-01 -1.282671918657856791e+00
-1.219972143924144548e-01 -1.282671918657856791e+00 1.000000000000000000e+00 1.000000000000000021e-08 -2.785148409450617923e-01 -1.565176265526473154e+00
-2.785148409450617923e-01 -1.565176265526473154e+00 1.000000000000000000e+00 1.000000000000000021e-08 -4.923958588648137402e-01 -2.138810179197519368e+00
-4.923958588648137402e-01 -2.138810179197519368e+00 1.000000000000000000e+00 1.000000000000000021e-08 -7.726052844537945052e-01 -2.802094255889807428e+00
-7.726052844537945052e-01 -2.802094255889807428e+00 1.000000000000000000e+00 1.000000000000000021e-08 -1.156112907077721186e+00 -3.835076226239265473e+00
-1.156112907077721186e+00 -3.835076226239265473e+00 0.000000000000000000e+00 9.999000000000000110e-01 -1.570796326794896558e+00 -4.773007462171422688e+00
-8.068550963816997768e-02 5.844454679191257718e-02 1.000000000000000000e+00 1.000000000000000021e-08 -8.954488183468263529e-02 -8.859372196512657616e-02
-8.954488183468263529e-02 -8.859372196512657616e-02 1.000000000000000000e+00 1.000000000000000021e-08 -1.132283968933994467e-01 -2.368351505871680862e-01
-1.132283968933994467e-01 -2.368351505871680862e-01 0.000000000000000000e+00 1.000000000000000021e-08 -6.150473693194949409e-02 5.172365996144995259e-01
-6.150473693194949409e-02 5.172365996144995259e-01 2.000000000000000000e+00 1.000000000000000021e-08 -1.163201310744968464e-01 -5.481539414254735787e-01
-1.163201310744968464e-01 -5.481539414254735787e-01 2.000000000000000000e+00 1.000000000000000021e-08 -2.827441296534149440e-01 -1.664239985789180754e+00
-2.827441296534149440e-01 -1.664239985789180754e+00 2.000000000000000000e+00 1.000000000000000021e-08 -5.879584702774208749e-01 -3.052143406240058976e+00
-5.879584702774208749e-01 -3.052143406240058976e+00 1.000000000000000000e+00 1.000000000000000021e-08 -9.697737387655589458e-01 -3.818152684881380043e+00
-9.697737387655589458e-01 -3.818152684881380043e+00 2.000000000000000000e+00 1.000000000000000021e-08 -1.514407789137006244e+00 -5.000000000000000000e+00
-1.514407789137006244e+00 -5.000000000000000000e+00 0.000000000000000000e+00 9.999000000000000110e-01 -1.570796326794896558e+00 -5.000000000000000000e+00
-2.918374959739068047e-02 -7.446082809229458144e-02 0.000000000000000000e+00 1.000000000000000021e-08 4.226559935199113854e-02 7.144934894938181902e-01
4.226559935199113854e-02 7.144934894938181902e-01 2.000000000000000000e+00 1.000000000000000021e-08 2.385608146447917507e-02 -1.840951788751196139e-01
2.385608146447917507e-02 -1.840951788751196139e-01 0.000000000000000000e+00 1.000000000000000021e-08 9.284179452393488685e-02 6.898571305945569998e-01
9.284179452393488685e-02 6.898571305945569998e-01 2.000000000000000000e+00 1.000000000000000021e-08 8.042855751506175488e-02 -1.241323700887312365e-01
8.042855751506175488e-02 -1.241323700887312365e-01 0.000000000000000000e+00 1.000000000000000021e-08 1.683860193420967932e-01 8.795746182703504390e-01
1.683860193420967932e-01 8.795746182703504390e-01 2.000000000000000000e+00 1.000000000000000021e-08 2.092878166901421255e-01 4.090179734804533784e-01
2.092878166901421255e-01 4.090179734804533784e-01 1.000000000000000000e+00 1.000000000000000021e-08 2.973106761996501257e-01 8.802285950950797799e-01
2.973106761996501257e-01 8.802285950950797799e-01 2.000000000000000000e+00 1.000000000000000021e-08 3.383121924513733392e-01 4.100151625172318570e-01
3.383121924513733392e-01 4.100151625172318570e-01 0.000000000000000000e+00 1.000000000000000021e-08 5.051326061783869559e-01 1.668204137270135723e+00
5.051326061783869559e-01 1.668204137270135723e+00 0.000000000000000000e+00 1.000000000000000021e-08 8.325368566745958709e-01 3.274042504962088707e+00
8.325368566745958709e-01 3.274042504962088707e+00 0.000000000000000000e+00 1.000000000000000021e-08 1.323038981104135203e+00 4.905021244295393323e+00
1.323038981104135203e+00 4.905021244295393323e+00 2.000000000000000000e+00 9.999000000000000110e-01 1.570796326794896558e+00 5.000000000000000000e+00
-3.420579022039652028e-02 8.488535474094859035e-03 1.000000000000000000e+00 1.000000000000000021e-08 -2.660360381899954871e-02 7.602186401396970883e-02
-2.660360381899954871e-02 7.602186401396970883e-02 2.000000000000000000e+00 1.000000000000000021e-08 -1.282580611822588534e-01 -1.016544573632593096e+00
-1.282580611822588534e-01 -1.016544573632593096e+00 1.000000000000000000e+00 1.000000000000000021e-08 -2.612911501325129171e-01 -1.330330889502540526e+00
-2.612911501325129171e-01 -1.330330889502540526e+00 0.000000000000000000e+00 1.000000000000000021e-08 -3.690359417547828258e-01 -1.077447916222699309e+00
-3.690359417547828258e-01 -1.077447916222699309e+00 2.000000000000000000e+00 1.000000000000000021e-08 -6.323904994439992766e-01 -2.633545576892164952e+00
-6.323904994439992766e-01 -2.633545576892164952e+00 2.000000000000000000e+00 1.000000000000000021e-08 -1.061831854693881416e+00 -4.294413552498821396e+00
-1.061831854693881416e+00 -4.294413552498821396e+00 2.000000000000000000e+00 9.999000000000000110e-01 -1.570796326794896558e+00 -5.000000000000000000e+00
-7.158377420676370617e-02 -3.078663326757105634e-02 0.000000000000000000e+00 1.000000000000000021e-08 -1.214942160717068231e-02 5.943435259959302108e-01
-1.214942160717068231e-02 5.943435259959302108e-01 2.000000000000000000e+00 1.000000000000000021e-08 -4.161010002495378612e-02 -2.946067841778310381e-01
-4.161010002495378612e-02 -2.946067841778310381e-01 2.000000000000000000e+00 1.000000000000000021e-08 -1.620166142683802657e-01 -1.204065142434264768e+00
-1.620166142683802657e-01 -1.204065142434264768e+00 1.000000000000000000e+00 1.000000000000000021e-08 -2.967834978548692382e-01 -1.347668835864889392e+00
-2.967834978548692382e-01 -1.347668835864889392e+00 2.000000000000000000e+00 1.000000000000000021e-08 -5.701815820561340065e-01 -2.733980842012647905e+00
-5.701815820561340065e-01 -2.733980842012647905e+00 2.000000000000000000e+00 1.000000000000000021e-08 -9.907687138767053980e-01 -4.205871318205713472e+00
-9.907687138767053980e-01 -4.205871318205713472e+00 1.000000000000000000e+00 1.000000000000000021e-08 -1.532494306525489236e+00 -5.000000000000000000e+00
-1.532494306525489236e+00 -5.000000000000000000e+00 0.000000000000000000e+00 9.999000000000000110e-01 -1.570796326794896558e+00 -5.000000000000000000e+00
3.415413526653614251e-02 1.049722133037209182e-02 0.000000000000000000e+00 1.000000000000000021e-08 1.394373544890118444e-01 1.052832192224756769e+00
1.394373544890118444e-01 1.052832192224756769e+00 1.000000000000000000e+00 1.000000000000000021e-08 2.691986135155226001e-01 1.297612590265107446e+00
2.691986135155226001e-01 1.297612590265107446e+00 1.000000000000000000e+00 1.000000000000000021e-08 4.496284851658453041e-01 1.804298716503227151e+00
4.496284851658453041e-01 1.804298716503227151e+00 1.000000000000000000e+00 1.000000000000000021e-08 7.053595248842909893e-01 2.557310397184456185e+00
7.053595248842909893e-01 2.557310397184456185e+00 1.000000000000000000e+00 1.000000000000000021e-08 1.059946337263758087e+00 3.545868123794670979e+00
1.059946337263758087e+00 3.545868123794670979e+00 1.000000000000000000e+00 1.000000000000000021e-08 1.536165108045498329e+00 4.762187707817402860e+00
1.536165108045498329e+00 4.762187707817402860e+00 2.000000000000000000e+00 9.999000000000000110e-01 1.570796326794896558e+00 5.000000000000000000e+00
7.783549705453399192e-02 1.374581926759651379e-02 1.000000000000000000e+00 1.000000000000000021e-08 1.002038952322410192e-01 2.236839817770703287e-01
1.002038952322410192e-01 2.236839817770703287e-01 0.000000000000000000e+00 1.000000000000000021e-08 2.140632072144076636e-01 1.138593119821666333e+00
2.140632072144076636e-01 1.138593119821666333e+00 0.000000000000000000e+00 1.000000000000000021e-08 4.554102539556042495e-01 2.413470467411965803e+00
4.554102539556042495e-01 2.413470467411965803e+00 0.000000000000000000e+00 1.000000000000000021e-08 8.433778859442846443e-01 3.879676319886804059e+00
8.433778859442846443e-01 3.879676319886804059e+00 2.000000000000000000e+00 1.000000000000000021e-08 1.288777095736399536e+00 4.453992097921148030e+00
1.288777095736399536e+00 4.453992097921148030e+00 2.000000000000000000e+00 9.999000000000000110e-01 1.570796326794896558e+00 5.000000000000000000e+00
2.654822937424160256e-02 1.534421603057027281e-02 0.000000000000000000e+00 1.000000000000000021e-08 1.319214545015344187e-01 1.053732251272927911e+00
1.319214545015344187e-01 1.053732251272927911e+00 1.000000000000000000e+00 1.000000000000000021e-08 2.427748925516471368e-01 1.108534380501127181e+00
2.427748925516471368e-01 1.108534380501127181e+00 2.000000000000000000e+00 1.000000000000000021e-08 3.139385364102912357e-01 7.116364385864409892e-01
3.139385364102912357e-01 7.116364385864409892e-01 2.000000000000000000e+00 1.000000000000000021e-08 3.429669364167751144e-01 2.902840000648388985e-01
3.429669364167751144e-01 2.902840000648388985e-01 1.000000000000000000e+00 1.000000000000000021e-08 4.309249304364605737e-01 8.795799401968544817e-01
4.309249304364605737e-01 8.795799401968544817e-01 2.000000000000000000e+00 1.000000000000000021e-08 5.063330448067520084e-01 7.540811437029140141e-01
5.063330448067520084e-01 7.540811437029140141e-01 1.000000000000000000e+00 1.000000000000000021e-08 6.479727935850945197e-01 1.416397487783425335e+00
6.479727935850945197e-01 1.416397487783425335e+00 2.000000000000000000e+00 1.000000000000000021e-08 8.223174207750826303e-01 1.743446271899880662e+00
8.223174207750826303e-01 1.743446271899880662e+00 2.000000000000000000e+00 1.000000000000000021e-08 1.062979707579256861e+00 2.406622868041742525e+00
1.062979707579256861e+00 2.406622868041742525e+00 0.000000000000000000e+00 1.000000000000000021e-08 1.466289109972280569e+00 4.033094023930237526e+00
1.466289109972280569e+00 4.033094023930237526e+00 0.000000000000000000e+00 9.999000000000000110e-01 1.570796326794896558e+00 5.000000000000000000e+00
4.829282743892028551e-03 7.963639690427674889e-03 1.000000000000000000e+00 1.000000000000000021e-08 9.302703748242165116e-03 4.473421004350136565e-02
9.302703748242165116e-03 4.473421004350136565e-02 1.000000000000000000e+00 1.000000000000000021e-08 3.087769717752578830e-02 2.157499342928362318e-01
3.087769717752578830e-02 2.157499342928362318e-01 0.000000000000000000e+00 1.000000000000000021e-08 1.422813097720381781e-01 1.114036125945123912e+00
1.422813097720381781e-01 1.114036125945123912e+00 1.000000000000000000e+00 1.000000000000000021e-08 2.763553775223404063e-01 1.340740677503022615e+00
2.763553775223404063e-01 1.340740677503022615e+00 1.000000000000000000e+00 1.000000000000000021e-08 4.728284176396342353e-01 1.964730401172937846e+00
4.728284176396342353e-01 1.964730401172937846e+00 1.000000000000000000e+00 1.000000000000000021e-08 7.350920395160956966e-01 2.622636218764614391e+00
7.350920395160956966e-01 2.622636218764614391e+00 2.000000000000000000e+00 1.000000000000000021e-08 1.050080228538685656e+00 3.149881890225899372e+00
1.050080228538685656e+00 3.149881890225899372e+00 1.000000000000000000e+00 1.000000000000000021e-08 1.485678134963156038e+00 4.355979064244703380e+00
1.485678134963156038e+00 4.355979064244703380e+00 0.000000000000000000e+00 9.999000000000000110e-01 1.570796326794896558e+00 5.000000000000000000e+00
-3.357289157939272878e-02 -3.141894224623928422e-02 0.000000000000000000e+00 1.000000000000000021e-08 5.643957941223356339e-02 9.001247099162628107e-01
5.643957941223356339e-02 9.001247099162628107e-01 1.000000000000000000e+00 1.000000000000000021e-08 1.647021984808155481e-01 1.082626190685819889e+00
1.647021984808155481e-01 1.082626190685819889e+00 2.000000000000000000e+00 1.000000000000000021e-08 2.227742367113823285e-01 5.807203823056678038e-01
2.227742367113823285e-01 5.807203823056678038e-01 0.000000000000000000e+00 1.000000000000000021e-08 4.173743497876977182e-01 1.946001130763153508e+00
4.173743497876977182e-01 1.946001130763153508e+00 0.000000000000000000e+00 1.000000000000000021e-08 7.529556520921225626e-01 3.355813023044248222e+00
7.529556520921225626e-01 3.355813023044248222e+00 0.000000000000000000e+00 1.000000000000000021e-08 1.246458137787418430e+00 4.935024856952958672e+00
1.246458137787418430e+00 4.935024856952958672e+00 2.000000000000000000e+00 9.999000000000000110e-01 1.570796326794896558e+00 5.000000000000000000e+00
1.502033476956567831e-02 8.348609069396725757e-02 1.000000000000000000e+00 1.000000000000000021e-08 1.367523422709812295e-02 -1.345100542467556060e-02
1.367523422709812295e-02 -1.345100542467556060e-02 2.000000000000000000e+00 1.000000000000000021e-08 -8.372548594987877513e-02 -9.740072017697689599e-01
-8.372548594987877513e-02 -9.740072017697689599e-01 0.000000000000000000e+00 1.000000000000000021e-08 -1.088639608609222736e-01 -2.513847491104349574e-01
-1.088639608609222736e-01 -2.513847491104349574e-01 1.000000000000000000e+00 1.000000000000000021e-08 -1.693415759586925362e-01 -6.047761509777027644e-01
-1.693415759586925362e-01 -6.047761509777027644e-01 0.000000000000000000e+00 1.000000000000000021e-08 -1.714452857303126465e-01 -2.103709771620110303e-02
-1.714452857303126465e-01 -2.103709771620110303e-02 2.000000000000000000e+00 1.000000000000000021e-08 -3.020682725732879992e-01 -1.306229868429753527e+00
-3.020682725732879992e-01 -1.306229868429753527e+00 1.000000000000000000e+00 1.000000000000000021e-08 -4.981071978415601564e-01 -1.960389252682721350e+00
-4.981071978415601564e-01 -1.960389252682721350e+00 1.000000000000000000e+00 1.000000000000000021e-08 -7.730382782138341957e-01 -2.749310803722740282e+00
-7.730382782138341957e-01 -2.749310803722740282e+00 2.000000000000000000e+00 1.000000000000000021e-08 -1.213073899560976887e+00 -4.400356213471427580e+00
-1.213073899560976887e+00 -4.400356213471427580e+00 1.000000000000000000e+00 9.999000000000000110e-01 -1.570796326794896558e+00 -5.000000000000000000e+00
3.297490730400084308e-02 3.950162527678575952e-02 1.000000000000000000e+00 1.000000000000000021e-08 4.140934417593829936e-02 8.434436871937454894e-02
4.140934417593829936e-02 8.434436871937454894e-02 0.000000000000000000e+00 1.000000000000000021e-08 1.465879456951220960e-01 1.051786015191837897e+00
1.465879456951220960e-01 1.051786015191837897e+00 1.000000000000000000e+00 1.000000000000000021e-08 2.820471511076088067e-01 1.354592054124867051e+00
2.820471511076088067e-01 1.354592054124867051e+00 0.000000000000000000e+00 1.000000000000000021e-08 5.343038300997779988e-01 2.522566789921691033e+00
5.343038300997779988e-01 2.522566789921691033e+00 0.000000000000000000e+00 1.000000000000000021e-08 9.262490059989697544e-01 3.919451758991917334e+00
9.262490059989697544e-01 3.919451758991917334e+00 1.000000000000000000e+00 1.000000000000000021e-08 1.430208927786459583e+00 5.000000000000000000e+00
1.430208927786459583e+00 5.000000000000000000e+00 0.000000000000000000e+00 9.999000000000000110e-01 1.570796326794896558e+00 5.000000000000000000e+00
-6.279124777721202533e-02 -2.632416878693500176e-02 0.000000000000000000e+00 1.000000000000000021e-08 3.849736234142170366e-03 6.664098401135419847e-01
3.849736234142170366e-03 6.664098401135419847e-01 2.000000000000000000e+00 1.000000000000000021e-08 -1.293070478315538549e-02 -1.678044101729755377e-01
-1.293070478315538549e-02 -1.678044101729755377e-01 1.000000000000000000e+00 1.000000000000000021e-08 -3.997765666455609102e-02 -2.704695188140070483e-01
-3.997765666455609102e-02 -2.704695188140070483e-01 1.000000000000000000e+00 1.000000000000000021e-08 -8.045501860109069425e-02 -4.047736193653459491e-01
-8.045501860109069425e-02 -4.047736193653459491e-01 2.000000000000000000e+00 1.000000000000000021e-08 -2.085931364102582286e-01 -1.281381178091675288e+00
-2.085931364102582286e-01 -1.281381178091675288e+00 2.000000000000000000e+00 1.000000000000000021e-08 -4.467887156082543942e-01 -2.381955791979961212e+00
-4.467887156082543942e-01 -2.381955791979961212e+00 2.000000000000000000e+00 1.000000000000000021e-08 -8.236462675874469674e-01 -3.768575519791925288e+00
-8.236462675874469674e-01 -3.768575519791925288e+00 0.000000000000000000e+00 1.000000000000000021e-08 -1.247798798208487936e+00 -4.241525306210410129e+00
-1.247798798208487936e+00 -4.241525306210410129e+00 1.000000000000000000e+00 9.999000000000000110e-01 -1.570796326794896558e+00 -5.000000000000000000e+00
9.462366760715160835e-03 -8.355964338927260315e-02 1.000000000000000000e+00 1.000000000000000021e-08 1.471854461285296116e-02 5.256177852137799977e-02
1.471854461285296116e-02 5.256177852137799977e-02 2.000000000000000000e+00 1.000000000000000021e-08 -6.277041618193074379e-02 -7.748896079478370114e-01
-6.277041618193074379e-02 -7.748896079478370114e-01 0.000000000000000000e+00 1.000000000000000021e-08 -8.062468070344440407e-02 -1.785426452151366306e-01
-8.062468070344440407e-02 -1.785426452151366306e-01 1.000000000000000000e+00 1.000000000000000021e-08 -1.170120247252422196e-01 -3.638734402179780725e-01
-1.170120247252422196e-01 -3.638734402179780725e-01 0.000000000000000000e+00 1.000000000000000021e-08 -7.809429368401649141e-02 3.891773104122573379e-01
-7.809429368401649141e-02 3.891773104122573379e-01 0.000000000000000000e+00 1.000000000000000021e-08 2.053377573149453572e-02 9.862806941551102158e-01
2.053377573149453572e-02 9.862806941551102158e-01 1.000000000000000000e+00 1.000000000000000021e-08 1.210293127927873774e-01 1.004955370612928389e+00
1.210293127927873774e-01 1.004955370612928389e+00 2.000000000000000000e+00 1.000000000000000021e-08 1.431281641266880233e-01 2.209885133390063761e-01
1.431281641266880233e-01 2.209885133390063761e-01 0.000000000000000000e+00 1.000000000000000021e-08 2.806573564534151077e-01 1.375291923267270677e+00
2.806573564534151077e-01 1.375291923267270677e+00 2.000000000000000000e+00 1.000000000000000021e-08 3.729802511095945960e-01 9.232289465617946611e-01
3.729802511095945960e-01 9.232289465617946611e-01 1.000000000000000000e+00 1.000000000000000021e-08 5.272210932842178455e-01 1.542408421746231939e+00
5.272210932842178455e-01 1.542408421746231939e+00 1.000000000000000000e+00 1.000000000000000021e-08 7.567664371070529361e-01 2.295453438228350684e+00
7.567664371070529361e-01 2.295453438228350684e+00 2.000000000000000000e+00 1.000000000000000021e-08 1.027197420018155283e+00 2.704309829111024133e+00
1.027197420018155283e+00 2.704309829111024133e+00 1.000000000000000000e+00 1.000000000000000021e-08 1.417126097665554418e+00 3.899286776473990912e+00
1.417126097665554418e+00 3.899286776473990912e+00 1.000000000000000000e+00 9.999000000000000110e-01 1.570796326794896558e+00 5.000000000000000000e+00
-2.438124459574649017e-02 1.616891468164462567e-02 1.000000000000000000e+00 1.000000000000000021e-08 -1.256558806169125533e-02 1.181565653405523414e-01
-1.256558806169125533e-02 1.181565653405523414e-01 2.000000000000000000e+00 1.000000000000000021e-08 -8.053549034051782352e-02 -6.796990227882656610e-01
-8.053549034051782352e-02 -6.796990227882656610e-01 1.000000000000000000e+00 1.000000000000000021e-08 -1.501098455420408762e-01 -6.957435520152306374e-01
-1.501098455420408762e-01 -6.957435520152306374e-01 0.000000000000000000e+00 1.000000000000000021e-08 -1.682396488084600961e-01 -1.812980326641923101e-01
-1.682396488084600961e-01 -1.812980326641923101e-01 1.000000000000000000e+00 1.000000000000000021e-08 -2.232097907343209009e-01 -5.497014192586080483e-01
-2.232097907343209009e-01 -5.497014192586080483e-01 1.000000000000000000e+00 1.000000000000000021e-08 -3.099744489981421380e-01 -8.676465826382124824e-01
-3.099744489981421380e-01 -8.676465826382124824e-01 1.000000000000000000e+00 1.000000000000000021e-08 -4.537649858514557488e-01 -1.437905368533136219e+00
-4.537649858514557488e-01 -1.437905368533136219e+00 2.000000000000000000e+00 1.000000000000000021e-08 -7.611369830263485792e-01 -3.073719971748928526e+00
-7.611369830263485792e-01 -3.073719971748928526e+00 2.000000000000000000e+00 1.000000000000000021e-08 -1.233434324391868175e+00 -4.722973413655195074e+00
-1.233434324391868175e+00 -4.722973413655195074e+00 0.000000000000000000e+00 9.999000000000000110e-01 -1.570796326794896558e+00 -5.000000000000000000e+00
3.776048912885106301e-02 -5.425881511212118230e-02 2.000000000000000000e+00 1.000000000000000021e-08 -3.702105239074141019e-02 -7.478154151959247598e-01
-3.702105239074141019e-02 -7.478154151959247598e-01 0.000000000000000000e+00 1.000000000000000021e-08 -3.906383619548719349e-02 -2.042783804745784693e-02
-3.906383619548719349e-02 -2.042783804745784693e-02 2.000000000000000000e+00 1.000000000000000021e-08 -1.472911564410739615e-01 -1.082273202455867667e+00
-1.472911564410739615e-01 -1.082273202455867667e+00 0.000000000000000000e+00 1.000000000000000021e-08 -2.028777242454526952e-01 -5.558656780437872813e-01
-2.028777242454526952e-01 -5.558656780437872813e-01 0.000000000000000000e+00 1.000000000000000021e-08 -2.071717495870566694e-01 -4.294025341603968648e-02
-2.071717495870566694e-01 -4.294025341603968648e-02 0.000000000000000000e+00 1.000000000000000021e-08 -1.699076083098893242e-01 3.726414127716735081e-01
-1.699076083098893242e-01 3.726414127716735081e-01 1.000000000000000000e+00 1.000000000000000021e-08 -1.505265993412798764e-01 1.938100896860945332e-01
-1.505265993412798764e-01 1.938100896860945332e-01 1.000000000000000000e+00 1.000000000000000021e-08 -1.734803201505956405e-01 -2.295372080931575298e-01
-1.734803201505956405e-01 -2.295372080931575298e-01 2.000000000000000000e+00 1.000000000000000021e-08 -3.289857604522903323e-01 -1.555054403016946862e+00
-3.289857604522903323e-01 -1.555054403016946862e+00 0.000000000000000000e+00 1.000000000000000021e-08 -4.678937997460151377e-01 -1.389080392937247943e+00
-4.678937997460151377e-01 -1.389080392937247943e+00 2.000000000000000000e+00 1.000000000000000021e-08 -7.479834141022974059e-01 -2.800896143562822793e+00
-7.479834141022974059e-01 -2.800896143562822793e+00 2.000000000000000000e+00 1.000000000000000021e-08 -1.191604685152470644e+00 -4.436212710501733270e+00
-1.191604685152470644e+00 -4.436212710501733270e+00 2.000000000000000000e+00 9.999000000000000110e-01 -1.570796326794896558e+00 -5.000000000000000000e+00
-5.488501669025605545e-02 -6.127614448417133264e-02 2.000000000000000000e+00 1.000000000000000021e-08 -1.467644581022208017e-01 -9.187944141196473513e-01
-1.467644581022208017e-01 -9.187944141196473513e-01 0.000000000000000000e+00 1.000000000000000021e-08 -1.718168802923494276e-01 -2.505242219012860927e-01
-1.718168802923494276e-01 -2.505242219012860927e-01 1.000000000000000000e+00 1.000000000000000021e-08 -2.326202087298884225e-01 -6.080332843753899486e-01
-2.326202087298884225e-01 -6.080332843753899486e-01 0.000000000000000000e+00 1.000000000000000021e-08 -2.384032000454527067e-01 -5.782991315564289803e-02
-2.384032000454527067e-01 -5.782991315564289803e-02 0.000000000000000000e+00 1.000000000000000021e-08 -1.866945461525106043e-01 5.170865389294210246e-01
-1.866945461525106043e-01 5.170865389294210246e-01 0.000000000000000000e+00 1.000000000000000021e-08 -9.262427981476548111e-02 9.407026633774511204e-01
-9.262427981476548111e-02 9.407026633774511204e-01 1.000000000000000000e+00 1.000000000000000021e-08 -1.638760142355950855e-02 7.623667839120596978e-01
-1.638760142355950855e-02 7.623667839120596978e-01 2.000000000000000000e+00 1.000000000000000021e-08 -2.218015909633131236e-02 -5.792557672771803112e-02
-2.218015909633131236e-02 -5.792557672771803112e-02 1.000000000000000000e+00 1.000000000000000021e-08 -4.308537565067220576e-02 -2.090521655434088855e-01
-4.308537565067220576e-02 -2.090521655434088855e-01 2.000000000000000000e+00 1.000000000000000021e-08 -1.642853244322776407e-01 -1.211999487816054266e+00
-1.642853244322776407e-01 -1.211999487816054266e+00 2.000000000000000000e+00 1.000000000000000021e-08 -4.030181457348096519e-01 -2.387328213025319723e+00
-4.030181457348096519e-01 -2.387328213025319723e+00 0.000000000000000000e+00 1.000000000000000021e-08 -6.222548560820975183e-01 -2.192367103472878220e+00
-6.222548560820975183e-01 -2.192367103472878220e+00 2.000000000000000000e+00 1.000000000000000021e-08 -9.904794682025230834e-01 -3.682246121204255207e+00
-9.904794682025230834e-01 -3.682246121204255207e+00 0.000000000000000000e+00 1.000000000000000021e-08 -1.429337740904499610e+00 -4.388582727019764818e+00
-1.429337740904499610e+00 -4.388582727019764818e+00 0.000000000000000000e+00 9.999000000000000110e-01 -1.570796326794896558e+00 -5.000000000000000000e+00
3.953778892570841696e-02 2.118314249892580201e-02 0.000000000000000000e+00 1.000000000000000021e-08 1.197005845017066195e-01 8.016279557599820249e-01
1.197005845017066195e-01 8.016279557599820249e-01 0.000000000000000000e+00 1.000000000000000021e-08 3.043513209753098137e-01 1.846507364736031498e+00
3.043513209753098137e-01 1.846507364736031498e+00 0.000000000000000000e+00 1.000000000000000021e-08 6.058783324139191961e-01 3.015270114386093603e+00
6.058783324139191961e-01 3.015270114386093603e+00 0.000000000000000000e+00 1.000000000000000021e-08 1.059347906221763891e+00 4.534695738078447391e+00
1.059347906221763891e+00 4.534695738078447391e+00 2.000000000000000000e+00 9.999000000000000110e-01 1.570796326794896558e+00 5.000000000000000000e+00
7.291628759711606123e-02 3.723025277600564009e-02 0.000000000000000000e+00 1.000000000000000021e-08 1.628131781343380990e-01 8.989689053722201839e-01
1.628131781343380990e-01 8.989689053722201839e-01 0.000000000000000000e+00 1.000000000000000021e-08 3.782964063140554778e-01 2.154832281797173898e+00
3.782964063140554778e-01 2.154832281797173898e+00 2.000000000000000000e+00 1.000000000000000021e-08 5.653687948065426738e-01 1.870723884924872404e+00
5.653687948065426738e-01 1.870723884924872404e+00 1.000000000000000000e+00 1.000000000000000021e-08 8.241998929020062370e-01 2.588310980954635188e+00
8.241998929020062370e-01 2.588310980954635188e+00 1.000000000000000000e+00 1.000000000000000021e-08 1.185949141674883967e+00 3.617492487728777739e+00
1.185949141674883967e+00 3.617492487728777739e+00 1.000000000000000000e+00 9.999000000000000110e-01 1.570796326794896558e+00 4.983911336909963907e+00
-8.599537510149275754e-02 4.330381339291046461e-02 0.000000000000000000e+00 1.000000000000000021e-08 -1.801150183924429826e-02 6.798387326224846205e-01
-1.801150183924429826e-02 6.798387326224846205e-01 0.000000000000000000e+00 1.000000000000000021e-08 1.354630855467579276e-01 1.534745873860022147e+00
1.354630855467579276e-01 1.534745873860022147e+00 0.000000000000000000e+00 1.000000000000000021e-08 4.137785442921029233e-01 2.783154587453450013e+00
4.137785442921029233e-01 2.783154587453450013e+00 0.000000000000000000e+00 1.000000000000000021e-08 8.328921986566699687e-01 4.191136543645670898e+00
8.328921986566699687e-01 4.191136543645670898e+00 1.000000000000000000e+00 1.000000000000000021e-08 1.356180172678837170e+00 5.000000000000000000e+00
1.356180172678837170e+00 5.000000000000000000e+00 0.000000000000000000e+00 9.999000000000000110e-01 1.570796326794896558e+00 5.000000000000000000e+00
-1.256450289404319187e-02 -5.012397983668259727e-02 1.000000000000000000e+00 1.000000000000000021e-08 -2.357817671491621581e-02 -1.101367382087302116e-01
-2.357817671491621581e-02 -1.101367382087302116e-01 2.000000000000000000e+00 1.000000000000000021e-08 -1.272782619729366238e-01 -1.037000852580203913e+00
-1.272782619729366238e-01 -1.037000852580203913e+00 2.000000000000000000e+00 1.000000000000000021e-08 -3.562723650643675466e-01 -2.289941030914309117e+00
-3.562723650643675466e-01 -2.289941030914309117e+00 0.000000000000000000e+00 1.000000000000000021e-08 -5.480705617853854905e-01 -1.917981967210178995e+00
-5.480705617853854905e-01 -1.917981967210178995e+00 0.000000000000000000e+00 1.000000000000000021e-08 -7.403758830132106672e-01 -1.923053212278251767e+00
-7.403758830132106672e-01 -1.923053212278251767e+00 1.000000000000000000e+00 1.000000000000000021e-08 -1.040713411330139948e+00 -3.003375283169292143e+00
-1.040713411330139948e+00 -3.003375283169292143e+00 2.000000000000000000e+00 1.000000000000000021e-08 -1.501798105546390261e+00 -4.610846942162502238e+00
-1.501798105546390261e+00 -4.610846942162502238e+00 1.000000000000000000e+00 9.999000000000000110e-01 -1.570796326794896558e+00 -5.000000000000000000e+00
-5.810562306092399709e-03 5.841188673449217161e-02 0.000000000000000000e+00 1.000000000000000021e-08 8.789752822531698984e-02 9.370809053140939371e-01
8.789752822531698984e-02 9.370809053140939371e-01 0.000000000000000000e+00 1.000000000000000021e-08 2.899695578521528372e-01 2.020720296268358585e+00
2.899695578521528372e-01 2.020720296268358585e+00 1.000000000000000000e+00 1.000000000000000021e-08 5.469493062327839272e-01 2.569797483806310456e+00
5.469493062327839272e-01 2.569797483806310456e+00 1.000000000000000000e+00 1.000000000000000021e-08 8.735366182626008724e-01 3.265873120298169230e+00
8.735366182626008724e-01 3.265873120298169230e+00 0.000000000000000000e+00 1.000000000000000021e-08 1.364190202443025912e+00 4.906535841804250175e+00
1.364190202443025912e+00 4.906535841804250175e+00 0.000000000000000000e+00 9.999000000000000110e-01 1.570796326794896558e+00 5.000000000000000000e+00
-4.634703740185764503e-02 1.091126123431537115e-02 1.000000000000000000e+00 1.000000000000000021e-08 -6.159219724921140976e-02 -1.524515984735376195e-01
-6.159219724921140976e-02 -1.524515984735376195e-01 1.000000000000000000e+00 1.000000000000000021e-08 -1.040911094985067231e-01 -4.249891224929531197e-01
-1.040911094985067231e-01 -4.249891224929531197e-01 2.000000000000000000e+00 1.000000000000000021e-08 -2.427192510535484127e-01 -1.386281415550416840e+00
-2.427192510535484127e-01 -1.386281415550416840e+00 2.000000000000000000e+00 1.000000000000000021e-08 -5.048236665850271976e-01 -2.621044155314787183e+00
-5.048236665850271976e-01 -2.621044155314787183e+00 2.000000000000000000e+00 1.000000000000000021e-08 -9.134380486434565682e-01 -4.086143820584292818e+00
-9.134380486434565682e-01 -4.086143820584292818e+00 0.000000000000000000e+00 1.000000000000000021e-08 -1.380117495871986844e+00 -4.666794472285301865e+00
-1.380117495871986844e+00 -4.666794472285301865e+00 1.000000000000000000e+00 9.999000000000000110e-01 -1.570796326794896558e+00 -5.000000000000000000e+00
2.488096242796201951e-03 -3.597996553912691936e-02 2.000000000000000000e+00 1.000000000000000021e-08 -8.191970031082035364e-02 -8.440779655361655420e-01
-8.191970031082035364e-02 -8.440779655361655420e-01 0.000000000000000000e+00 1.000000000000000021e-08 -9.442455685760156592e-02 -1.250485654678120673e-01
-9.442455685760156592e-02 -1.250485654678120673e-01 1.000000000000000000e+00 1.000000000000000021e-08 -1.149839322721046553e-01 -2.055937541450308936e-01
-1.149839322721046553e-01 -2.055937541450308936e-01 2.000000000000000000e+00 1.000000000000000021e-08 -2.341647263239681753e-01 -1.191807940518635256e+00
-2.341647263239681753e-01 -1.191807940518635256e+00 2.000000000000000000e+00 1.000000000000000021e-08 -4.825706123848225726e-01 -2.484058860608543640e+00
-4.825706123848225726e-01 -2.484058860608543640e+00 0.000000000000000000e+00 1.000000000000000021e-08 -7.336394475394005799e-01 -2.510688351545779629e+00
-7.336394475394005799e-01 -2.510688351545779629e+00 2.000000000000000000e+00 1.000000000000000021e-08 -1.140463871284776332e+00 -4.068244237453757961e+00
-1.140463871284776332e+00 -4.068244237453757961e+00 1.000000000000000000e+00 9.999000000000000110e-01 -1.570796326794896558e+00 -5.000000000000000000e+00
-2.500199619165720949e-02 1.371896069712646299e-02 1.000000000000000000e+00 1.000000000000000021e-08 -1.438274298080636539e-02 1.061925321085084306e-01
-1.438274298080636539e-02 1.061925321085084306e-01 2.000000000000000000e+00 1.000000000000000021e-08 -8.332401724606816606e-02 -6.894127426526179825e-01
-8.332401724606816606e-02 -6.894127426526179825e-01 1.000000000000000000e+00 1.000000000000000021e-08 -1.750719175718639664e-01 -9.174790032579578369e-01
-1.750719175718639664e-01 -9.174790032579578369e-01 1.000000000000000000e+00 1.000000000000000021e-08 -3.085613414857659720e-01 -1.334894239139020167e+00
-3.085613414857659720e-01 -1.334894239139020167e+00 2.000000000000000000e+00 1.000000000000000021e-08 -5.676000317236831183e-01 -2.590386902379171019e+00
-5.676000317236831183e-01 -2.590386902379171019e+00 0.000000000000000000e+00 1.000000000000000021e-08 -8.429033314115224051e-01 -2.753032996878392868e+00
-8.429033314115224051e-01 -2.753032996878392868e+00 1.000000000000000000e+00 1.000000000000000021e-08 -1.237582548304059671e+00 -3.946792168925373545e+00
-1.237582548304059671e+00 -3.946792168925373545e+00 0.000000000000000000e+00 9.999000000000000110e-01 -1.570796326794896558e+00 -5.000000000000000000e+00
-7.641162514824639818e-02 8.427970888404813510e-02 1.000000000000000000e+00 1.000000000000000021e-08 -6.824782244626495520e-02 8.163802701981440202e-02
-6.824782244626495520e-02 8.163802701981440202e-02 1.000000000000000000e+00 1.000000000000000021e-08 -5.752461766018428235e-02 1.072320478608067007e-01
-5.752461766018428235e-02 1.072320478608067007e-01 2.000000000000000000e+00 1.000000000000000021e-08 -1.314638958979869321e-01 -7.393927823780264141e-01
-1.314638958979869321e-01 -7.393927823780264141e-01 0.000000000000000000e+00 1.000000000000000021e-08 -1.350681953533224844e-01 -3.604299455335557845e-02
-1.350681953533224844e-01 -3.604299455335557845e-02 1.000000000000000000e+00 1.000000000000000021e-08 -1.750823162702555003e-01 -4.001412091693302697e-01
-1.750823162702555003e-01 -4.001412091693302697e-01 0.000000000000000000e+00 1.000000000000000021e-08 -1.636054174074518808e-01 1.147689886280360838e-01
-1.636054174074518808e-01 1.147689886280360838e-01 2.000000000000000000e+00 1.000000000000000021e-08 -2.635242647243967173e-01 -9.991884731694480326e-01
-2.635242647243967173e-01 -9.991884731694480326e-01 2.000000000000000000e+00 1.000000000000000021e-08 -4.993960156682779594e-01 -2.358717509438812421e+00
-4.993960156682779594e-01 -2.358717509438812421e+00 2.000000000000000000e+00 1.000000000000000021e-08 -8.761347146252762563e-01 -3.767386989569983413e+00
-8.761347146252762563e-01 -3.767386989569983413e+00 2.000000000000000000e+00 1.000000000000000021e-08 -1.408438875535191759e+00 -5.000000000000000000e+00
-1.408438875535191759e+00 -5.000000000000000000e+00 1.000000000000000000e+00 9.999000000000000110e-01 -1.570796326794896558e+00 -5.000000000000000000e+00
2.308323782999718160e-02 5.814070582233578366e-02 1.000000000000000000e+00 1.000000000000000021e-08 3.550425371764671933e-02 1.242101588764953912e-01
3.550425371764671933e-02 1.242101588764953912e-01 0.000000000000000000e+00 1.000000000000000021e-08 1.539757063214284849e-01 1.184714526037817794e+00
1.539757063214284849e-01 1.184714526037817794e+00 1.000000000000000000e+00 1.000000000000000021e-08 3.122443731154185276e-01 1.582686667939900538e+00
3.122443731154185276e-01 1.582686667939900538e+00 0.000000000000000000e+00 1.000000000000000021e-08 6.096505292247152985e-01 2.974061561092967487e+00
6.096505292247152985e-01 2.974061561092967487e+00 2.000000000000000000e+00 1.000000000000000021e-08 9.147958128858099114e-01 3.051452836610945685e+00
9.147958128858099114e-01 3.051452836610945685e+00 2.000000000000000000e+00 1.000000000000000021e-08 1.282775587309057830e+00 3.679797744232479850e+00
1.282775587309057830e+00 3.679797744232479850e+00 0.000000000000000000e+00 9.999000000000000110e-01 1.570796326794896558e+00 5.000000000000000000e+00
-9.143839453636722764e-03 -6.226314601497347223e-02 1.000000000000000000e+00 1.000000000000000021e-08 -2.016214017604160691e-02 -1.101830072240488206e-01
-2.016214017604160691e-02 -1.101830072240488206e-01 0.000000000000000000e+00 1.000000000000000021e-08 6.267116512657762428e-02 8.283330530261922009e-01
6.267116512657762428e-02 8.283330530261922009e-01 2.000000000000000000e+00 1.000000000000000021e-08 7.100751544115545266e-02 8.336350314577833931e-02
7.100751544115545266e-02 8.336350314577833931e-02 0.000000000000000000e+00 1.000000000000000021e-08 1.925058840872173049e-01 1.214983686460618273e+00
1.925058840872173049e-01 1.214983686460618273e+00 0.000000000000000000e+00 1.000000000000000021e-08 4.252392568934136308e-01 2.327333728061963036e+00
4.252392568934136308e-01 2.327333728061963036e+00 2.000000000000000000e+00 1.000000000000000021e-08 6.382829923119297533e-01 2.130437354185160448e+00
6.382829923119297533e-01 2.130437354185160448e+00 1.000000000000000000e+00 1.000000000000000021e-08 9.446650891095019764e-01 3.063820967975722009e+00
9.446650891095019764e-01 3.063820967975722009e+00 2.000000000000000000e+00 1.000000000000000021e-08 1.323904861292420465e+00 3.792397721829184665e+00
1.323904861292420465e+00 3.792397721829184665e+00 2.000000000000000000e+00 9.999000000000000110e-01 1.570796326794896558e+00 5.000000000000000000e+00
-4.620196317234588623e-02 -6.852614267143739002e-02 2.000000000000000000e+00 1.000000000000000021e-08 -1.454267502345328866e-01 -9.922478706218699207e-01
-1.454267502345328866e-01 -9.922478706218699207e-01 2.000000000000000000e+00 1.000000000000000021e-08 -3.495894440682986160e-01 -2.041626938337657293e+00
-3.495894440682986160e-01 -2.041626938337657293e+00 1.000000000000000000e+00 1.000000000000000021e-08 -5.998796550917226966e-01 -2.502902110234241029e+00
-5.998796550917226966e-01 -2.502902110234241029e+00 0.000000000000000000e+00 1.000000000000000021e-08 -8.788585537277785464e-01 -2.789788986360558276e+00
-8.788585537277785464e-01 -2.789788986360558276e+00 2.000000000000000000e+00 1.000000000000000021e-08 -1.324801521484302080e+00 -4.459429677565235117e+00
-1.324801521484302080e+00 -4.459429677565235117e+00 2.000000000000000000e+00 9.999000000000000110e-01 -1.570796326794896558e+00 -5.000000000000000000e+00
4.162026076958424969e-03 -7.148392782441394255e-02 1.000000000000000000e+00 1.000000000000000021e-08 1.360246890726083888e-02 9.440442830302413213e-02
1.360246890726083888e-02 9.440442830302413213e-02 2.000000000000000000e+00 1.000000000000000021e-08 -7.662814920288169018e-02 -9.023061811014252420e-01
-7.662814920288169018e-02 -9.023061811014252420e-01 0.000000000000000000e+00 1.000000000000000021e-08 -9.657933228883769372e-02 -1.995118308595600354e-01
-9.657933228883769372e-02 -1.995118308595600354e-01 1.000000000000000000e+00 1.000000000000000021e-08 -1.482742170190212705e-01 -5.169488473018357677e-01
-1.482742170190212705e-01 -5.169488473018357677e-01 2.000000000000000000e+00 1.000000000000000021e-08 -3.235203536066564300e-01 -1.752461365876351485e+00
-3.235203536066564300e-01 -1.752461365876351485e+00 2.000000000000000000e+00 1.000000000000000021e-08 -6.322935828184583773e-01 -3.087732292118018584e+00
-6.322935828184583773e-01 -3.087732292118018584e+00 0.000000000000000000e+00 1.000000000000000021e-08 -9.671052813466233244e-01 -3.348116985281649249e+00
-9.671052813466233244e-01 -3.348116985281649249e+00 1.000000000000000000e+00 1.000000000000000021e-08 -1.427843678061284205e+00 -4.607383967146607695e+00
-1.427843678061284205e+00 -4.607383967146607695e+00 2.000000000000000000e+00 9.999000000000000110e-01 -1.570796326794896558e+00 -5.000000000000000000e+00
3.835115528066732754e-03 -1.255886600711841709e-02 0.000000000000000000e+00 1.000000000000000021e-08 1.026830986634764270e-01 9.884798313540968939e-01
1.026830986634764270e-01 9.884798313540968939e-01 2.000000000000000000e+00 1.000000000000000021e-08 1.212532288100166555e-01 1.857013014654022021e-01
1.212532288100166555e-01 1.857013014654022021e-01 0.000000000000000000e+00 1.000000000000000021e-08 2.534618253737007665e-01 1.322085965636840665e+00
2.534618253737007665e-01 1.322085965636840665e+00 2.000000000000000000e+00 1.000000000000000021e-08 3.571618396959480579e-01 1.037000143222473136e+00
3.571618396959480579e-01 1.037000143222473136e+00 1.000000000000000000e+00 1.000000000000000021e-08 5.271397625043287016e-01 1.699779228083806437e+00
5.271397625043287016e-01 1.699779228083806437e+00 0.000000000000000000e+00 1.000000000000000021e-08 8.526270171754841698e-01 3.254872546711554016e+00
8.526270171754841698e-01 3.254872546711554016e+00 1.000000000000000000e+00 1.000000000000000021e-08 1.278758375018820281e+00 4.261313578433362004e+00
1.278758375018820281e+00 4.261313578433362004e+00 2.000000000000000000e+00 9.999000000000000110e-01 1.570796326794896558e+00 5.000000000000000000e+00
-2.611003533003020821e-02 -5.526827143733213654e-02 2.000000000000000000e+00 1.000000000000000021e-08 -1.192244703485408619e-01 -9.311443501851065507e-01
-1.192244703485408619e-01 -9.311443501851065507e-01 1.000000000000000000e+00 1.000000000000000021e-08 -2.282660281872456176e-01 -1.090415578387047502e+00
-2.282660281872456176e-01 -1.090415578387047502e+00 2.000000000000000000e+00 1.000000000000000021e-08 -4.668892658780064986e-01 -2.386232376907608810e+00
-4.668892658780064986e-01 -2.386232376907608810e+00 2.000000000000000000e+00 1.000000000000000021e-08 -8.463766605901096307e-01 -3.794873947121031321e+00
-8.463766605901096307e-01 -3.794873947121031321e+00 0.000000000000000000e+00 1.000000000000000021e-08 -1.280050756110372667e+00 -4.336740955202629699e+00
-1.280050756110372667e+00 -4.336740955202629699e+00 2.000000000000000000e+00 9.999000000000000110e-01 -1.570796326794896558e+00 -5.000000000000000000e+00
-2.216726253628705304e-02 -3.097105676679681036e-02 1.000000000000000000e+00 1.000000000000000021e-08 -3.753450480491261204e-02 -1.536724226862555831e-01
-3.753450480491261204e-02 -1.536724226862555831e-01 2.000000000000000000e+00 1.000000000000000021e-08 -1.561857493267937991e-01 -1.186512445218811829e+00
-1.561857493267937991e-01 -1.186512445218811829e+00 1.000000000000000000e+00 1.000000000000000021e-08 -3.179340633317808140e-01 -1.617483140049869927e+00
-3.179340633317808140e-01 -1.617483140049869927e+00 1.000000000000000000e+00 1.000000000000000021e-08 -5.250519332058734001e-01 -2.071178698740926194e+00
-5.250519332058734001e-01 -2.071178698740926194e+00 1.000000000000000000e+00 1.000000000000000021e-08 -8.117475517097696436e-01 -2.866956185038962879e+00
-8.117475517097696436e-01 -2.866956185038962879e+00 0.000000000000000000e+00 1.000000000000000021e-08 -1.159705955376908459e+00 -3.479584036671387270e+00
-1.159705955376908459e+00 -3.479584036671387270e+00 2.000000000000000000e+00 9.999000000000000110e-01 -1.570796326794896558e+00 -5.000000000000000000e+00
5.748175110403902499e-02 2.264914195795400542e-02 1.000000000000000000e+00 1.000000000000000021e-08 5.366367326317949410e-02 -3.818077840859528116e-02
5.366367326317949410e-02 -3.818077840859528116e-02 1.000000000000000000e+00 1.000000000000000021e-08 6.318555126211354567e-02 9.521877998934048792e-02
6.318555126211354567e-02 9.521877998934048792e-02 2.000000000000000000e+00 1.000000000000000021e-08 8.709860007177841479e-03 -5.447569125493569864e-01
8.709860007177841479e-03 -5.447569125493569864e-01 2.000000000000000000e+00 1.000000000000000021e-08 -1.230168314056494377e-01 -1.317266914128272681e+00
-1.230168314056494377e-01 -1.317266914128272681e+00 2.000000000000000000e+00 1.000000000000000021e-08 -3.484117819846112574e-01 -2.253949505789618168e+00
-3.484117819846112574e-01 -2.253949505789618168e+00 1.000000000000000000e+00 1.000000000000000021e-08 -6.183188669197918763e-01 -2.699070849351805634e+00
-6.183188669197918763e-01 -2.699070849351805634e+00 1.000000000000000000e+00 1.000000000000000021e-08 -9.795328746099127848e-01 -3.612140076901208197e+00
-9.795328746099127848e-01 -3.612140076901208197e+00 2.000000000000000000e+00 1.000000000000000021e-08 -1.496772821585757196e+00 -5.000000000000000000e+00
-1.496772821585757196e+00 -5.000000000000000000e+00 0.000000000000000000e+00 9.999000000000000110e-01 -1.570796326794896558e+00 -5.000000000000000000e+00
6.995790504861123388e-03 -8.248559763907251097e-02 0.000000000000000000e+00 1.000000000000000021e-08 9.554074618629186666e-02 8.854495568143073703e-01
9.554074618629186666e-02 8.854495568143073703e-01 2.000000000000000000e+00 1.000000000000000021e-08 1.189675419852507382e-01 2.342679579895886599e-01
1.189675419852507382e-01 2.342679579895886599e-01 2.000000000000000000e+00 1.000000000000000021e-08 8.803216789207563009e-02 -3.093537409317510534e-01
8.803216789207563009e-02 -3.093537409317510534e-01 0.000000000000000000e+00 1.000000000000000021e-08 1.679771209883228478e-01 7.994495309624722879e-01
1.679771209883228478e-01 7.994495309624722879e-01 2.000000000000000000e+00 1.000000000000000021e-08 1.963010960923243231e-01 2.832397510400148644e-01
1.963010960923243231e-01 2.832397510400148644e-01 2.000000000000000000e+00 1.000000000000000021e-08 1.645150318102644449e-01 -3.178606428205987822e-01
1.645150318102644449e-01 -3.178606428205987822e-01 0.000000000000000000e+00 1.000000000000000021e-08 2.502444389684952419e-01 8.572940715823078595e-01
2.502444389684952419e-01 8.572940715823078595e-01 1.000000000000000000e+00 1.000000000000000021e-08 3.869026920591915886e-01 1.366582530906963022e+00
3.869026920591915886e-01 1.366582530906963022e+00 2.000000000000000000e+00 1.000000000000000021e-08 4.915359248932678060e-01 1.046332328340762174e+00
4.915359248932678060e-01 1.046332328340762174e+00 0.000000000000000000e+00 1.000000000000000021e-08 7.452367083410362802e-01 2.537007834477684298e+00
7.452367083410362802e-01 2.537007834477684298e+00 0.000000000000000000e+00 1.000000000000000021e-08 1.173313404488209422e+00 4.280766961471732301e+00
1.173313404488209422e+00 4.280766961471732301e+00 0.000000000000000000e+00 9.999000000000000110e-01 1.570796326794896558e+00 5.000000000000000000e+00
4.335861870200428958e-02 7.603295948093875822e-02 2.000000000000000000e+00 1.000000000000000021e-08 -2.532539624924345922e-02 -6.868401495124775158e-01
-2.532539624924345922e-02 -6.868401495124775158e-01 2.000000000000000000e+00 1.000000000000000021e-08 -1.901310507733185995e-01 -1.648056545240751181e+00
-1.901310507733185995e-01 -1.648056545240751181e+00 1.000000000000000000e+00 1.000000000000000021e-08 -3.810172378614267163e-01 -1.908861870881080725e+00
-3.810172378614267163e-01 -1.908861870881080725e+00 1.000000000000000000e+00 1.000000000000000021e-08 -6.428837667682478774e-01 -2.618665289068211166e+00
-6.428837667682478774e-01 -2.618665289068211166e+00 0.000000000000000000e+00 1.000000000000000021e-08 -9.258346379086416222e-01 -2.829508711403937227e+00
-9.258346379086416222e-01 -2.829508711403937227e+00 2.000000000000000000e+00 1.000000000000000021e-08 -1.366621375143692418e+00 -4.407867372350507296e+00
-1.366621375143692418e+00 -4.407867372350507296e+00 1.000000000000000000e+00 9.999000000000000110e-01 -1.570796326794896558e+00 -5.000000000000000000e+00
-6.486885332799606496e-02 7.297113609634835185e-02 2.000000000000000000e+00 1.000000000000000021e-08 -1.636971387442366921e-01 -9.882828541624062435e-01
-1.636971387442366921e-01 -9.882828541624062435e-01 1.000000000000000000e+00 1.000000000000000021e-08 -2.827397412382076647e-01 -1.190426024939709837e+00
-2.827397412382076647e-01 -1.190426024939709837e+00 1.000000000000000000e+00 1.000000000000000021e-08 -4.571825138777857456e-01 -1.744427726395780809e+00
-4.571825138777857456e-01 -1.744427726395780809e+00 0.000000000000000000e+00 1.000000000000000021e-08 -6.235328107032604983e-01 -1.663502968254747971e+00
-6.235328107032604983e-01 -1.663502968254747971e+00 1.000000000000000000e+00 1.000000000000000021e-08 -8.777764476161249441e-01 -2.542436369128643570e+00
-8.777764476161249441e-01 -2.542436369128643570e+00 1.000000000000000000e+00 1.000000000000000021e-08 -1.238699313890323728e+00 -3.609228662741988281e+00
-1.238699313890323728e+00 -3.609228662741988281e+00 0.000000000000000000e+00 9.999000000000000110e-01 -1.570796326794896558e+00 -4.734168550563944144e+00
1.302963466746583088e-02 7.320063262990803010e-02 2.000000000000000000e+00 1.000000000000000021e-08 -7.365805243531602098e-02 -8.668768710278185186e-01
-7.365805243531602098e-02 -8.668768710278185186e-01 2.000000000000000000e+00 1.000000000000000021e-08 -2.621163564278531921e-01 -1.884583039925371573e+00
-2.621163564278531921e-01 -1.884583039925371573e+00 1.000000000000000000e+00 1.000000000000000021e-08 -4.914268861658873666e-01 -2.293105297380341412e+00
-4.914268861658873666e-01 -2.293105297380341412e+00 2.000000000000000000e+00 1.000000000000000021e-08 -8.607702556799788907e-01 -3.693433695140915241e+00
-8.607702556799788907e-01 -3.693433695140915241e+00 0.000000000000000000e+00 1.000000000000000021e-08 -1.290224622329336324e+00 -4.294543666493573220e+00
-1.290224622329336324e+00 -4.294543666493573220e+00 2.000000000000000000e+00 9.999000000000000110e-01 -1.570796326794896558e+00 -5.000000000000000000e+00
7.647794901860542616e-02 8.161576937318380798e-02 2.000000000000000000e+00 1.000000000000000021e-08 1.036014554660458220e-03 -7.544193446394495961e-01
1.036014554660458220e-03 -7.544193446394495961e-01 2.000000000000000000e+00 1.000000000000000021e-08 -1.487135902549963362e-01 -1.497496048096568000e+00
-1.487135902549963362e-01 -1.497496048096568000e+00 0.000000000000000000e+00 1.000000000000000021e-08 -2.277171380007228241e-01 -7.900354774572648786e-01
-2.277171380007228241e-01 -7.900354774572648786e-01 0.000000000000000000e+00 1.000000000000000021e-08 -2.750268769371160271e-01 -4.730973893639323080e-01
-2.750268769371160271e-01 -4.730973893639323080e-01 2.000000000000000000e+00 1.000000000000000021e-08 -4.541994810631025947e-01 -1.791726041259865454e+00
-4.541994810631025947e-01 -1.791726041259865454e+00 0.000000000000000000e+00 1.000000000000000021e-08 -6.223806767050059641e-01 -1.681811956419033027e+00
-6.223806767050059641e-01 -1.681811956419033027e+00 0.000000000000000000e+00 1.000000000000000021e-08 -8.268047137496354893e-01 -2.044240370446295252e+00
-8.268047137496354893e-01 -2.044240370446295252e+00 1.000000000000000000e+00 1.000000000000000021e-08 -1.137726491857745437e+00 -3.109217781081098142e+00
-1.137726491857745437e+00 -3.109217781081098142e+00 2.000000000000000000e+00 9.999000000000000110e-01 -1.570796326794896558e+00 -4.700478782182049287e+00
-3.514362661735945248e-02 -1.816664685058680742e-02 2.000000000000000000e+00 1.000000000000000021e-08 -1.482223794742534295e-01 -1.130787528568939715e+00
-1.482223794742534295e-01 -1.130787528568939715e+00 0.000000000000000000e+00 1.000000000000000021e-08 -1.962614206085690205e-01 -4.803904113431558542e-01
-1.962614206085690205e-01 -4.803904113431558542e-01 2.000000000000000000e+00 1.000000000000000021e-08 -3.564017227663289766e-01 -1.601403021577599395e+00
-3.564017227663289766e-01 -1.601403021577599395e+00 0.000000000000000000e+00 1.000000000000000021e-08 -4.788224419285397881e-01 -1.224207191622108226e+00
-4.788224419285397881e-01 -1.224207191622108226e+00 1.000000000000000000e+00 1.000000000000000021e-08 -6.702839742573493131e-01 -1.914615323288095361e+00
-6.702839742573493131e-01 -1.914615323288095361e+00 0.000000000000000000e+00 1.000000000000000021e-08 -8.934259758151383846e-01 -2.231420015577890048e+00
-8.934259758151383846e-01 -2.231420015577890048e+00 2.000000000000000000e+00 1.000000000000000021e-08 -1.292821565732591882e+00 -3.993955899174533641e+00
-1.292821565732591882e+00 -3.993955899174533641e+00 2.000000000000000000e+00 9.999000000000000110e-01 -1.570796326794896558e+00 -5.000000000000000000e+00
6.934895442935762322e-02 -7.705105892146599939e-03 2.000000000000000000e+00 1.000000000000000021e-08 -1.409380017798654572e-02 -8.344275460734416061e-01
-1.409380017798654572e-02 -8.344275460734416061e-01 1.000000000000000000e+00 1.000000000000000021e-08 -8.282947208107069303e-02 -6.873567190308415009e-01
-8.282947208107069303e-02 -6.873567190308415009e-01 2.000000000000000000e+00 1.000000000000000021e-08 -2.434047581968678542e-01 -1.605752861157971445e+00
-2.434047581968678542e-01 -1.605752861157971445e+00 0.000000000000000000e+00 1.000000000000000021e-08 -3.663732002105650754e-01 -1.229684420136972101e+00
-3.663732002105650754e-01 -1.229684420136972101e+00 1.000000000000000000e+00 1.000000000000000021e-08 -5.376325781169344342e-01 -1.712593779063693811e+00
-5.376325781169344342e-01 -1.712593779063693811e+00 2.000000000000000000e+00 1.000000000000000021e-08 -8.647625323581833445e-01 -3.271299542412488215e+00
-8.647625323581833445e-01 -3.271299542412488215e+00 1.000000000000000000e+00 1.000000000000000021e-08 -1.303691042934125299e+00 -4.389285105759419992e+00
-1.303691042934125299e+00 -4.389285105759419992e+00 0.000000000000000000e+00 9.999000000000000110e-01 -1.570796326794896558e+00 -5.000000000000000000e+00
-5.865307691209958874e-02 -6.239466897910343757e-02 2.000000000000000000e+00 1.000000000000000021e-08 -1.777435622145523419e-01 -1.190904853024527643e+00
-1.777435622145523419e-01 -1.190904853024527643e+00 1.000000000000000000e+00 1.000000000000000021e-08 -3.395767972665143519e-01 -1.618332350519619656e+00
-3.395767972665143519e-01 -1.618332350519619656e+00 1.000000000000000000e+00 1.000000000000000021e-08 -5.514614116392186904e-01 -2.118846143727043607e+00
-5.514614116392186904e-01 -2.118846143727043607e+00 2.000000000000000000e+00 1.000000000000000021e-08 -9.227090830167548052e-01 -3.712476713775361592e+00
-9.227090830167548052e-01 -3.712476713775361592e+00 1.000000000000000000e+00 1.000000000000000021e-08 -1.401629677273029451e+00 -4.789205942562746898e+00
-1.401629677273029451e+00 -4.789205942562746898e+00 2.000000000000000000e+00 9.999000000000000110e-01 -1.570796326794896558e+00 -5.000000000000000000e+00
-6.365728096516351520e-02 2.106401132483202293e-03 0.000000000000000000e+00 1.000000000000000021e-08 1.034920923689147676e-02 7.400649020205498640e-01
1.034920923689147676e-02 7.400649020205498640e-01 1.000000000000000000e+00 1.000000000000000021e-08 9.192648217475622718e-02 8.157727293786474210e-01
9.192648217475622718e-02 8.157727293786474210e-01 1.000000000000000000e+00 1.000000000000000021e-08 1.926148490825135839e-01 1.006883669077573540e+00
1.926148490825135839e-01 1.006883669077573540e+00 0.000000000000000000e+00 1.000000000000000021e-08 3.964026990330850042e-01 2.037878499505714203e+00
3.964026990330850042e-01 2.037878499505714203e+00 0.000000000000000000e+00 1.000000000000000021e-08 7.450913169861750340e-01 3.486886179530900520e+00
7.450913169861750340e-01 3.486886179530900520e+00 0.000000000000000000e+00 1.000000000000000021e-08 1.250271596750597958e+00 5.000000000000000000e+00
1.250271596750597958e+00 5.000000000000000000e+00 2.000000000000000000e+00 9.999000000000000110e-01 1.570796326794896558e+00 5.000000000000000000e+00
3.369132670232397736e-02 -1.738285030675693760e-03 0.000000000000000000e+00 1.000000000000000021e-08 1.100212332020584216e-01 7.632990649973444564e-01
1.100212332020584216e-01 7.632990649973444564e-01 2.000000000000000000e+00 1.000000000000000021e-08 1.190448389918196265e-01 9.023605789761202089e-02
1.190448389918196265e-01 9.023605789761202089e-02 1.000000000000000000e+00 1.000000000000000021e-08 1.381292621311024926e-01 1.908442313928288003e-01
1.381292621311024926e-01 1.908442313928288003e-01 1.000000000000000000e+00 1.000000000000000021e-08 1.647807486432007473e-01 2.665148651209823805e-01
1.647807486432007473e-01 2.665148651209823805e-01 0.000000000000000000e+00 1.000000000000000021e-08 3.055677886372402119e-01 1.407870399940394535e+00
3.055677886372402119e-01 1.407870399940394535e+00 0.000000000000000000e+00 1.000000000000000021e-08 5.725364691528898042e-01 2.669686805156495701e+00
5.725364691528898042e-01 2.669686805156495701e+00 2.000000000000000000e+00 1.000000000000000021e-08 8.588178773397194821e-01 2.862814081868295890e+00
8.588178773397194821e-01 2.862814081868295890e+00 2.000000000000000000e+00 1.000000000000000021e-08 1.202642242546072104e+00 3.438243652063526667e+00
1.202642242546072104e+00 3.438243652063526667e+00 0.000000000000000000e+00 9.999000000000000110e-01 1.570796326794896558e+00 5.000000000000000000e+00
-5.173509245466222095e-02 7.509166676807205176e-03 1.000000000000000000e+00 1.000000000000000021e-08 -4.998439363189973589e-02 1.750698822762485757e-02
-4.998439363189973589e-02 1.750698822762485757e-02 0.000000000000000000e+00 1.000000000000000021e-08 4.192111749708802432e-02 9.190551112898776021e-01
4.192111749708802432e-02 9.190551112898776021e-01 1.000000000000000000e+00 1.000000000000000021e-08 1.302172897183580258e-01 8.829617222126999732e-01
1.302172897183580258e-01 8.829617222126999732e-01 1.000000000000000000e+00 1.000000000000000021e-08 2.579025468474992477e-01 1.276852571291411831e+00
2.579025468474992477e-01 1.276852571291411831e+00 2.000000000000000000e+00 1.000000000000000021e-08 3.447361114625958067e-01 8.683356461509654789e-01
3.447361114625958067e-01 8.683356461509654789e-01 2.000000000000000000e+00 1.000000000000000021e-08 4.078153888256402237e-01 6.307927736304442812e-01
4.078153888256402237e-01 6.307927736304442812e-01 2.000000000000000000e+00 1.000000000000000021e-08 4.566158675642321696e-01 4.880047873859193475e-01
4.566158675642321696e-01 4.880047873859193475e-01 0.000000000000000000e+00 1.000000000000000021e-08 6.551180414334566438e-01 1.985021738692244853e+00
6.551180414334566438e-01 1.985021738692244853e+00 1.000000000000000000e+00 1.000000000000000021e-08 9.438822828936668241e-01 2.887642414602102026e+00
9.438822828936668241e-01 2.887642414602102026e+00 1.000000000000000000e+00 1.000000000000000021e-08 1.355378537702025099e+00 4.114962548083581417e+00
1.355378537702025099e+00 4.114962548083581417e+00 1.000000000000000000e+00 9.999000000000000110e-01 1.570796326794896558e+00 5.000000000000000000e+00
7.308859323457891910e-02 7.244740299750940249e-02 0.000000000000000000e+00 1.000000000000000021e-08 1.669137444483436983e-01 9.382515121376477918e-01
1.669137444483436983e-01 9.382515121376477918e-01 1.000000000000000000e+00 1.000000000000000021e-08 2.875812638113358632e-01 1.206675193629921372e+00
2.875812638113358632e-01 1.206675193629921372e+00 1.000000000000000000e+00 1.000000000000000021e-08 4.686237376586707137e-01 1.810424738473348727e+00
4.686237376586707137e-01 1.810424738473348727e+00 0.000000000000000000e+00 1.000000000000000021e-08 7.874535786820697769e-01 3.188298410233990410e+00
7.874535786820697769e-01 3.188298410233990410e+00 1.000000000000000000e+00 1.000000000000000021e-08 1.206880690075786466e+00 4.194271113937166895e+00
1.206880690075786466e+00 4.194271113937166895e+00 2.000000000000000000e+00 9.999000000000000110e-01 1.570796326794896558e+00 5.000000000000000000e+00
2.179460725532253451e-02 -4.602596499267739422e-02 1.000000000000000000e+00 1.000000000000000021e-08 2.961531387322765066e-02 7.820706617905115454e-02
2.961531387322765066e-02 7.820706617905115454e-02 1.000000000000000000e+00 1.000000000000000021e-08 5.355501079501748252e-02 2.393969692178983533e-01
5.355501079501748252e-02 2.393969692178983533e-01 0.000000000000000000e+00 1.000000000000000021e-08 1.731251222070085416e-01 1.195701114119910535e+00
1.731251222070085416e-01 1.195701114119910535e+00 0.000000000000000000e+00 1.000000000000000021e-08 4.211154009886484695e-01 2.479902787816399279e+00
4.211154009886484695e-01 2.479902787816399279e+00 2.000000000000000000e+00 1.000000000000000021e-08 6.628748162394048071e-01 2.417594152507563265e+00
6.628748162394048071e-01 2.417594152507563265e+00 1.000000000000000000e+00 1.000000000000000021e-08 9.895243466408443211e-01 3.266495304014394474e+00
9.895243466408443211e-01 3.266495304014394474e+00 1.000000000000000000e+00 1.000000000000000021e-08 1.430511716677662637e+00 4.409873700368182270e+00
1.430511716677662637e+00 4.409873700368182270e+00 2.000000000000000000e+00 9.999000000000000110e-01 1.570796326794896558e+00 5.000000000000000000e+00
5.351744329647131065e-02 1.604983082058336619e-02 0.000000000000000000e+00 1.000000000000000021e-08 1.393447883350603378e-01 8.582734503858902020e-01
1.393447883350603378e-01 8.582734503858902020e-01 1.000000000000000000e+00 1.000000000000000021e-08 2.642366803716283408e-01 1.248918920365679863e+00
2.642366803716283408e-01 1.248918920365679863e+00 0.000000000000000000e+00 1.000000000000000021e-08 5.114685517255408431e-01 2.472318713539124690e+00
5.114685517255408431e-01 2.472318713539124690e+00 2.000000000000000000e+00 1.000000000000000021e-08 7.706568878973683034e-01 2.591883361718274159e+00
7.706568878973683034e-01 2.591883361718274159e+00 2.000000000000000000e+00 1.000000000000000021e-08 1.087905752128766945e+00 3.172488642313985530e+00
1.087905752128766945e+00 3.172488642313985530e+00 2.000000000000000000e+00 1.000000000000000021e-08 1.498747044791271854e+00 4.108412926625048200e+00
1.498747044791271854e+00 4.108412926625048200e+00 1.000000000000000000e+00 9.999000000000000110e-01 1.570796326794896558e+00 5.000000000000000000e+00
3.391210549173982736e-03 -4.071634639170040870e-02 2.000000000000000000e+00 1.000000000000000021e-08 -8.095741316119875464e-02 -8.434862371037272766e-01
-8.095741316119875464e-02 -8.434862371037272766e-01 2.000000000000000000e+00 1.000000000000000021e-08 -2.600292356473112854e-01 -1.790718224861125307e+00
-2.600292356473112854e-01 -1.790718224861125307e+00 1.000000000000000000e+00 1.000000000000000021e-08 -4.666145139288773724e-01 -2.065852782815660760e+00
-4.666145139288773724e-01 -2.065852782815660760e+00 1.000000000000000000e+00 1.000000000000000021e-08 -7.363361051870362939e-01 -2.697215912581588881e+00
-7.363361051870362939e-01 -2.697215912581588881e+00 2.000000000000000000e+00 1.000000000000000021e-08 -1.164521228362893179e+00 -4.281851231758567522e+00
-1.164521228362893179e+00 -4.281851231758567522e+00 0.000000000000000000e+00 9.999000000000000110e-01 -1.570796326794896558e+00 -5.000000000000000000e+00
-5.989102483330663307e-02 8.509305285351242976e-02 1.000000000000000000e+00 1.000000000000000021e-08 -6.862012189441626941e-02 -8.729097061109636346e-02
-6.862012189441626941e-02 -8.729097061109636346e-02 0.000000000000000000e+00 1.000000000000000021e-08 -9.530497185469277710e-04 6.766707217586933609e-01
-9.530497185469277710e-04 6.766707217586933609e-01 2.000000000000000000e+00 1.000000000000000021e-08 -2.633705040565745975e-02 -2.538400068711053059e-01
-2.633705040565745975e-02 -2.538400068711053059e-01 1.000000000000000000e+00 1.000000000000000021e-08 -6.422420484108881666e-02 -3.788715443543135830e-01
-6.422420484108881666e-02 -3.788715443543135830e-01 2.000000000000000000e+00 1.000000000000000021e-08 -1.965263605740359132e-01 -1.323021557329471021e+00
-1.965263605740359132e-01 -1.323021557329471021e+00 2.000000000000000000e+00 1.000000000000000021e-08 -4.530523628642273426e-01 -2.565260022901914461e+00
-4.530523628642273426e-01 -2.565260022901914461e+00 2.000000000000000000e+00 1.000000000000000021e-08 -8.525119567619591221e-01 -3.994595938977317573e+00
-8.525119567619591221e-01 -3.994595938977317573e+00 0.000000000000000000e+00 1.000000000000000021e-08 -1.312539412976714726e+00 -4.600274562147556701e+00
-1.312539412976714726e+00 -4.600274562147556701e+00 0.000000000000000000e+00 9.999000000000000110e-01 -1.570796326794896558e+00 -5.000000000000000000e+00
1.713415943472480080e-02 -5.591082573591808769e-02 2.000000000000000000e+00 1.000000000000000021e-08 -5.855696650932489672e-02 -7.569112594404968641e-01
-5.855696650932489672e-02 -7.569112594404968641e-01 1.000000000000000000e+00 1.000000000000000021e-08 -1.547104508339020579e-01 -9.615348432457715422e-01
-1.547104508339020579e-01 -9.615348432457715422e-01 2.000000000000000000e+00 1.000000000000000021e-08 -3.730156913585108702e-01 -2.183052405246088234e+00
-3.730156913585108702e-01 -2.183052405246088234e+00 1.000000000000000000e+00 1.000000000000000021e-08 -6.385616840380983206e-01 -2.655459926795874726e+00
-6.385616840380983206e-01 -2.655459926795874726e+00 2.000000000000000000e+00 1.000000000000000021e-08 -1.058170787079946384e+00 -4.196091030418481083e+00
-1.058170787079946384e+00 -4.196091030418481083e+00 0.000000000000000000e+00 1.000000000000000021e-08 -1.564174963865729406e+00 -5.000000000000000000e+00
-1.564174963865729406e+00 -5.000000000000000000e+00 2.000000000000000000e+00 9.999000000000000110e-01 -1.570796326794896558e+00 -5.000000000000000000e+00
6.636452084943227081e-02 -8.589455119812533512e-02 0.000000000000000000e+00 1.000000000000000021e-08 1.518951239970134925e-01 8.553060314758123006e-01
1.518951239970134925e-01 8.553060314758123006e-01 2.000000000000000000e+00 1.000000000000000021e-08 1.913140230529069841e-01 3.941889905589348597e-01
1.913140230529069841e-01 3.941889905589348597e-01 2.000000000000000000e+00 1.000000000000000021e-08 1.607164037967236392e-01 -3.059761925618333933e-01
1.607164037967236392e-01 -3.059761925618333933e-01 2.000000000000000000e+00 1.000000000000000021e-08 5.834981386372713186e-02 -1.023665899329964990e+00
5.834981386372713186e-02 -1.023665899329964990e+00 1.000000000000000000e+00 1.000000000000000021e-08 -2.626856117294198989e-02 -8.461837503666911342e-01
-2.626856117294198989e-02 -8.461837503666911342e-01 2.000000000000000000e+00 1.000000000000000021e-08 -1.922886396233752238e-01 -1.660200784504332283e+00
-1.922886396233752238e-01 -1.660200784504332283e+00 0.000000000000000000e+00 1.000000000000000021e-08 -3.133970369112026311e-01 -1.211083972878273851e+00
-3.133970369112026311e-01 -1.211083972878273851e+00 1.000000000000000000e+00 1.000000000000000021e-08 -4.917094116873869658e-01 -1.783123747761843347e+00
-4.917094116873869658e-01 -1.783123747761843347e+00 0.000000000000000000e+00 1.000000000000000021e-08 -6.721691883842659809e-01 -1.804597766968790484e+00
-6.721691883842659809e-01 -1.804597766968790484e+00 1.000000000000000000e+00 1.000000000000000021e-08 -9.562248072163694879e-01 -2.840556188321035513e+00
-9.562248072163694879e-01 -2.840556188321035513e+00 2.000000000000000000e+00 1.000000000000000021e-08 -1.409383562639477727e+00 -4.531587554231082393e+00
-1.409383562639477727e+00 -4.531587554231082393e+00 2.000000000000000000e+00 9.999000000000000110e-01 -1.570796326794896558e+00 -5.000000000000000000e+00
6.631965305551021372e-02 8.209291874956796409e-02 1.000000000000000000e+00 1.000000000000000021e-08 9.486957070456741858e-02 2.854991764905720486e-01
9.486957070456741858e-02 2.854991764905720486e-01 1.000000000000000000e+00 1.000000000000000021e-08 1.305350787410584634e-01 3.566550803649105039e-01
1.305350787410584634e-01 3.566550803649105039e-01 1.000000000000000000e+00 1.000000000000000021e-08 2.043777282660642625e-01 7.384264952500578794e-01
2.043777282660642625e-01 7.384264952500578794e-01 2.000000000000000000e+00 1.000000000000000021e-08 2.171436065959115314e-01 1.276587832984727999e-01
2.171436065959115314e-01 1.276587832984727999e-01 2.000000000000000000e+00 1.000000000000000021e-08 1.871889829169347541e-01 -2.995462367897677169e-01
1.871889829169347541e-01 -2.995462367897677169e-01 0.000000000000000000e+00 1.000000000000000021e-08 2.726018998892202894e-01 8.541291697228552415e-01
2.726018998892202894e-01 8.541291697228552415e-01 2.000000000000000000e+00 1.000000000000000021e-08 3.198041008487634285e-01 4.720220095954312800e-01
3.198041008487634285e-01 4.720220095954312800e-01 0.000000000000000000e+00 1.000000000000000021e-08 5.051116907293616842e-01 1.853075898805982114e+00
5.051116907293616842e-01 1.853075898805982114e+00 2.000000000000000000e+00 1.000000000000000021e-08 6.889077221642464499e-01 1.837960314348847435e+00
6.889077221642464499e-01 1.837960314348847435e+00 2.000000000000000000e+00 1.000000000000000021e-08 9.173522014275964365e-01 2.284444792633499866e+00
9.173522014275964365e-01 2.284444792633499866e+00 2.000000000000000000e+00 1.000000000000000021e-08 1.219575496457997454e+00 3.022232950304010402e+00
1.219575496457997454e+00 3.022232950304010402e+00 0.000000000000000000e+00 9.999000000000000110e-01 1.570796326794896558e+00 4.622148140231019831e+00
5.666356056958418014e-03 1.516146844067606941e-02 2.000000000000000000e+00 1.000000000000000021e-08 -7.044831471664504685e-02 -7.611467077360346556e-01
-7.044831471664504685e-02 -7.611467077360346556e-01 1.000000000000000000e+00 1.000000000000000021e-08 -1.501962906088068483e-01 -7.974797589216180427e-01
-1.501962906088068483e-01 -7.974797589216180427e-01 1.000000000000000000e+00 1.000000000000000021e-08 -2.699568854895713632e-01 -1.197605948807645149e+00
-2.699568854895713632e-01 -1.197605948807645149e+00 0.000000000000000000e+00 1.000000000000000021e-08 -3.489444382875417916e-01 -7.898755279797041728e-01
-3.489444382875417916e-01 -7.898755279797041728e-01 1.000000000000000000e+00 1.000000000000000021e-08 -4.749447050925122982e-01 -1.260002668049704955e+00
-4.749447050925122982e-01 -1.260002668049704955e+00 2.000000000000000000e+00 1.000000000000000021e-08 -7.634650106637823619e-01 -2.885203055712699971e+00
-7.634650106637823619e-01 -2.885203055712699971e+00 2.000000000000000000e+00 1.000000000000000021e-08 -1.206873662188322927e+00 -4.434086515245405202e+00
-1.206873662188322927e+00 -4.434086515245405202e+00 2.000000000000000000e+00 9.999000000000000110e-01 -1.570796326794896558e+00 -5.000000000000000000e+00
7.623990737107519400e-02 -8.000984221371473804e-02 0.000000000000000000e+00 1.000000000000000021e-08 1.710136638918222374e-01 9.477375652074704337e-01
1.710136638918222374e-01 9.477375652074704337e-01 2.000000000000000000e+00 1.000000000000000021e-08 2.180711639659430046e-01 4.705750007412076719e-01
2.180711639659430046e-01 4.705750007412076719e-01 1.000000000000000000e+00 1.000000000000000021e-08 2.994702808756662948e-01 8.139911690972331249e-01
2.994702808756662948e-01 8.139911690972331249e-01 0.000000000000000000e+00 1.000000000000000021e-08 5.234722025291613789e-01 2.240019216534950175e+00
5.234722025291613789e-01 2.240019216534950175e+00 2.000000000000000000e+00 1.000000000000000021e-08 7.531048059361743485e-01 2.296326034070129918e+00
7.531048059361743485e-01 2.296326034070129918e+00 0.000000000000000000e+00 1.000000000000000021e-08 1.140755861883736122e+00 3.876510559475617068e+00
1.140755861883736122e+00 3.876510559475617068e+00 2.000000000000000000e+00 9.999000000000000110e-01 1.570796326794896558e+00 4.812379685404499341e+00
7.192255671158545582e-02 -1.706047958723477809e-02 2.000000000000000000e+00 1.000000000000000021e-08 -1.863851652614924304e-02 -9.056107323773469053e-01
-1.863851652614924304e-02 -9.056107323773469053e-01 1.000000000000000000e+00 1.000000000000000021e-08 -1.194515007527763434e-01 -1.008129842266271003e+00
-1.194515007527763434e-01 -1.008129842266271003e+00 2.000000000000000000e+00 1.000000000000000021e-08 -3.257763022194106184e-01 -2.063248014666342556e+00
