3.905842094387535629e-02 -4.175824027831572666e-02 0.000000000000000000e+00 1.000000000000000021e-08 1.404569950663883959e-01 1.013985741225130299e+00
1.404569950663883959e-01 1.013985741225130299e+00 0.000000000000000000e+00 1.000000000000000021e-08 3.664384191256454537e-01 2.259814240592570300e+00
3.664384191256454537e-01 2.259814240592570300e+00 1.000000000000000000e+00 1.000000000000000021e-08 6.365282398354554783e-01 2.700898207098099579e+00
6.365282398354554783e-01 2.700898207098099579e+00 2.000000000000000000e+00 1.000000000000000021e-08 9.309795602084905974e-01 2.944513203730350970e+00
9.309795602084905974e-01 2.944513203730350970e+00 0.000000000000000000e+00 1.000000000000000021e-08 1.389029642877535942e+00 4.580500826690451888e+00
1.389029642877535942e+00 4.580500826690451888e+00 1.000000000000000000e+00 9.999000000000000110e-01 1.570796326794896558e+00 5.000000000000000000e+00
5.293104702130006778e-02 5.923540169568837499e-02 1.000000000000000000e+00 1.000000000000000021e-08 6.199945482017340387e-02 9.068407798873337478e-02
6.199945482017340387e-02 9.068407798873337478e-02 1.000000000000000000e+00 1.000000000000000021e-08 9.748616223714008655e-02 3.548670741696667852e-01
9.748616223714008655e-02 3.548670741696667852e-01 2.000000000000000000e+00 1.000000000000000021e-08 4.606006176718861062e-02 -5.142610046995147455e-01
4.606006176718861062e-02 -5.142610046995147455e-01 0.000000000000000000e+00 1.000000000000000021e-08 1.076419675743158361e-01 6.158190580712722406e-01
1.076419675743158361e-01 6.158190580712722406e-01 2.000000000000000000e+00 1.000000000000000021e-08 1.104417073913368103e-01 2.799739817020974186e-02
1.104417073913368103e-01 2.799739817020974186e-02 1.000000000000000000e+00 1.000000000000000021e-08 1.167159768277153536e-01 6.274269436378537845e-02
1.167159768277153536e-01 6.274269436378537845e-02 2.000000000000000000e+00 1.000000000000000021e-08 5.822673606496373694e-02 -5.848924076275161532e-01
5.822673606496373694e-02 -5.848924076275161532e-01 1.000000000000000000e+00 1.000000000000000021e-08 -7.361441324001773145e-03 -6.558817738896550731e-01
-7.361441324001773145e-03 -6.558817738896550731e-01 2.000000000000000000e+00 1.000000000000000021e-08 -1.787698306404681692e-01 -1.714083893164664030e+00
-1.787698306404681692e-01 -1.714083893164664030e+00 0.000000000000000000e+00 1.000000000000000021e-08 -2.986673628753848120e-01 -1.198975322349166373e+00
-2.986673628753848120e-01 -1.198975322349166373e+00 2.000000000000000000e+00 1.000000000000000021e-08 -5.574497590276610293e-01 -2.587823961522761618e+00
-5.574497590276610293e-01 -2.587823961522761618e+00 1.000000000000000000e+00 1.000000000000000021e-08 -8.902951364166014070e-01 -3.328453773889402889e+00
-8.902951364166014070e-01 -3.328453773889402889e+00 0.000000000000000000e+00 1.000000000000000021e-08 -1.278976484687442516e+00 -3.886813482708411538e+00
-1.278976484687442516e+00 -3.886813482708411538e+00 1.000000000000000000e+00 9.999000000000000110e-01 -1.570796326794896558e+00 -5.000000000000000000e+00
-7.893809385141500878e-02 8.201863946554034668e-02 1.000000000000000000e+00 1.000000000000000021e-08 -8.135418828724855222e-02 -2.416094435833539278e-02
-8.135418828724855222e-02 -2.416094435833539278e-02 0.000000000000000000e+00 1.000000000000000021e-08 -2.148791077999496341e-02 5.986627750725358466e-01
-2.148791077999496341e-02 5.986627750725358466e-01 1.000000000000000000e+00 1.000000000000000021e-08 2.818359458751498042e-02 4.967150536750993828e-01
2.818359458751498042e-02 4.967150536750993828e-01 2.000000000000000000e+00 1.000000000000000021e-08 -1.653526212867093004e-02 -4.471885671618590630e-01
-1.653526212867093004e-02 -4.471885671618590630e-01 0.000000000000000000e+00 1.000000000000000021e-08 4.162868026883772415e-02 5.816394239750865003e-01
4.162868026883772415e-02 5.816394239750865003e-01 1.000000000000000000e+00 1.000000000000000021e-08 1.147494225499823273e-01 7.312074228114460173e-01
1.147494225499823273e-01 7.312074228114460173e-01 1.000000000000000000e+00 1.000000000000000021e-08 2.145714968985453219e-01 9.982207434856299466e-01
2.145714968985453219e-01 9.982207434856299466e-01 0.000000000000000000e+00 1.000000000000000021e-08 4.525573472979431133e-01 2.379858503993977692e+00
4.525573472979431133e-01 2.379858503993977692e+00 1.000000000000000000e+00 1.000000000000000021e-08 7.644026668163076410e-01 3.118453195183644944e+00
7.644026668163076410e-01 3.118453195183644944e+00 1.000000000000000000e+00 1.000000000000000021e-08 1.169984729703990478e+00 4.055820628876828593e+00
1.169984729703990478e+00 4.055820628876828593e+00 2.000000000000000000e+00 9.999000000000000110e-01 1.570796326794896558e+00 5.000000000000000000e+00
7.340642051819482039e-02 -3.635569797827121336e-02 0.000000000000000000e+00 1.000000000000000021e-08 1.696588832897315546e-01 9.625246277153672869e-01
1.696588832897315546e-01 9.625246277153672869e-01 2.000000000000000000e+00 1.000000000000000021e-08 1.930780295400832680e-01 2.341914625035170783e-01
1.930780295400832680e-01 2.341914625035170783e-01 1.000000000000000000e+00 1.000000000000000021e-08 2.662730903131228510e-01 7.319506077303961078e-01
2.662730903131228510e-01 7.319506077303961078e-01 1.000000000000000000e+00 1.000000000000000021e-08 3.913074002858409339e-01 1.250343099727180718e+00
3.913074002858409339e-01 1.250343099727180718e+00 0.000000000000000000e+00 1.000000000000000021e-08 6.630167581944810262e-01 2.717093579086400368e+00
6.630167581944810262e-01 2.717093579086400368e+00 0.000000000000000000e+00 1.000000000000000021e-08 1.088817674721894502e+00 4.258009165274134311e+00
1.088817674721894502e+00 4.258009165274134311e+00 0.000000000000000000e+00 9.999000000000000110e-01 1.570796326794896558e+00 5.000000000000000000e+00
-6.240363857942270859e-02 -2.703496697912225952e-02 0.000000000000000000e+00 1.000000000000000021e-08 2.077323214311067867e-03 6.448096179373377090e-01
2.077323214311067867e-03 6.448096179373377090e-01 1.000000000000000000e+00 1.000000000000000021e-08 7.516608507051855681e-02 7.308876185620747368e-01
7.516608507051855681e-02 7.308876185620747368e-01 2.000000000000000000e+00 1.000000000000000021e-08 6.648841411955616620e-02 -8.677670950962390606e-02
6.648841411955616620e-02 -8.677670950962390606e-02 2.000000000000000000e+00 1.000000000000000021e-08 -1.926335290337047312e-02 -8.575176702292663933e-01
-1.926335290337047312e-02 -8.575176702292663933e-01 1.000000000000000000e+00 1.000000000000000021e-08 -1.112800042760923591e-01 -9.201665137272188044e-01
-1.112800042760923591e-01 -9.201665137272188044e-01 1.000000000000000000e+00 1.000000000000000021e-08 -2.051862063208769738e-01 -9.390620204478460353e-01
-2.051862063208769738e-01 -9.390620204478460353e-01 1.000000000000000000e+00 1.000000000000000021e-08 -3.393647876810646502e-01 -1.341785813601876765e+00
-3.393647876810646502e-01 -1.341785813601876765e+00 0.000000000000000000e+00 1.000000000000000021e-08 -4.362793438596970219e-01 -9.691455617863233840e-01
-4.362793438596970219e-01 -9.691455617863233840e-01 2.000000000000000000e+00 1.000000000000000021e-08 -6.773251966098347010e-01 -2.410458527501377013e+00
-6.773251966098347010e-01 -2.410458527501377013e+00 0.000000000000000000e+00 1.000000000000000021e-08 -9.455541388385050317e-01 -2.682289422286703306e+00
-9.455541388385050317e-01 -2.682289422286703306e+00 2.000000000000000000e+00 1.000000000000000021e-08 -1.379496045482837330e+00 -4.339419066443322315e+00
-1.379496045482837330e+00 -4.339419066443322315e+00 2.000000000000000000e+00 9.999000000000000110e-01 -1.570796326794896558e+00 -5.000000000000000000e+00
5.812662126439092913e-02 1.103602023926791506e-02 1.000000000000000000e+00 1.000000000000000021e-08 8.686684194149535410e-02 2.874022067710441664e-01
8.686684194149535410e-02 2.874022067710441664e-01 2.000000000000000000e+00 1.000000000000000021e-08 3.138746325889872624e-02 -5.547937868259662508e-01
3.138746325889872624e-02 -5.547937868259662508e-01 0.000000000000000000e+00 1.000000000000000021e-08 5.854837989057082304e-02 2.716091663167209402e-01
5.854837989057082304e-02 2.716091663167209402e-01 2.000000000000000000e+00 1.000000000000000021e-08 1.432941575043673171e-02 -4.421896414013408716e-01
1.432941575043673171e-02 -4.421896414013408716e-01 1.000000000000000000e+00 1.000000000000000021e-08 -3.607498205818334552e-02 -5.040439780862007169e-01
-3.607498205818334552e-02 -5.040439780862007169e-01 0.000000000000000000e+00 1.000000000000000021e-08 -2.087889799619832912e-02 1.519608406198501571e-01
-2.087889799619832912e-02 1.519608406198501571e-01 2.000000000000000000e+00 1.000000000000000021e-08 -8.059569343590103352e-02 -5.971679543970269677e-01
-8.059569343590103352e-02 -5.971679543970269677e-01 2.000000000000000000e+00 1.000000000000000021e-08 -2.443704755327078815e-01 -1.637747820968068480e+00
-2.443704755327078815e-01 -1.637747820968068480e+00 1.000000000000000000e+00 1.000000000000000021e-08 -4.442658894911791778e-01 -1.998954139584712575e+00
-4.442658894911791778e-01 -1.998954139584712575e+00 1.000000000000000000e+00 1.000000000000000021e-08 -7.247191695367924957e-01 -2.804532800456132957e+00
-7.247191695367924957e-01 -2.804532800456132957e+00 0.000000000000000000e+00 1.000000000000000021e-08 -1.051004230912172988e+00 -3.262850613753805362e+00
-1.051004230912172988e+00 -3.262850613753805362e+00 2.000000000000000000e+00 1.000000000000000021e-08 -1.538108975485079188e+00 -4.871047445729060676e+00
-1.538108975485079188e+00 -4.871047445729060676e+00 2.000000000000000000e+00 9.999000000000000110e-01 -1.570796326794896558e+00 -5.000000000000000000e+00
-5.520728603155816011e-03 5.405944593429268252e-02 2.000000000000000000e+00 1.000000000000000021e-08 -7.343992560514187029e-02 -6.791919700198605359e-01
-7.343992560514187029e-02 -6.791919700198605359e-01 2.000000000000000000e+00 1.000000000000000021e-08 -2.483034308662619427e-01 -1.748635052611200669e+00
-2.483034308662619427e-01 -1.748635052611200669e+00 1.000000000000000000e+00 1.000000000000000021e-08 -4.669663973196676587e-01 -2.186629664534057049e+00
-4.669663973196676587e-01 -2.186629664534057049e+00 1.000000000000000000e+00 1.000000000000000021e-08 -7.695424026593509215e-01 -3.025760053396833182e+00
-7.695424026593509215e-01 -3.025760053396833182e+00 1.000000000000000000e+00 1.000000000000000021e-08 -1.178678413751296228e+00 -4.091360110919453064e+00
-1.178678413751296228e+00 -4.091360110919453064e+00 0.000000000000000000e+00 9.999000000000000110e-01 -1.570796326794896558e+00 -5.000000000000000000e+00
-2.576592034581154725e-02 8.088218478411909884e-02 0.000000000000000000e+00 1.000000000000000021e-08 5.782630342356070985e-02 8.359222376937225363e-01
5.782630342356070985e-02 8.359222376937225363e-01 1.000000000000000000e+00 1.000000000000000021e-08 1.371095771155526055e-01 7.928327369199188457e-01
1.371095771155526055e-01 7.928327369199188457e-01 1.000000000000000000e+00 1.000000000000000021e-08 2.421340215753007563e-01 1.050244444597481452e+00
2.421340215753007563e-01 1.050244444597481452e+00 0.000000000000000000e+00 1.000000000000000021e-08 4.631266689572611783e-01 2.209926473819604276e+00
4.631266689572611783e-01 2.209926473819604276e+00 0.000000000000000000e+00 1.000000000000000021e-08 8.373244214486008641e-01 3.741977524913396635e+00
8.373244214486008641e-01 3.741977524913396635e+00 0.000000000000000000e+00 1.000000000000000021e-08 1.378110115208341924e+00 5.000000000000000000e+00
1.378110115208341924e+00 5.000000000000000000e+00 0.000000000000000000e+00 9.999000000000000110e-01 1.570796326794896558e+00 5.000000000000000000e+00
-9.792666169031565004e-03 7.826745880082899842e-02 2.000000000000000000e+00 1.000000000000000021e-08 -9.716177382809354501e-02 -8.736910765906197307e-01
-9.716177382809354501e-02 -8.736910765906197307e-01 0.000000000000000000e+00 1.000000000000000021e-08 -1.115332178263014062e-01 -1.437144399820785567e-01
-1.115332178263014062e-01 -1.437144399820785567e-01 2.000000000000000000e+00 1.000000000000000021e-08 -2.363960796993448132e-01 -1.248628618730434070e+00
-2.363960796993448132e-01 -1.248628618730434070e+00 1.000000000000000000e+00 1.000000000000000021e-08 -3.957753942005735048e-01 -1.593793145012286416e+00
-3.957753942005735048e-01 -1.593793145012286416e+00 0.000000000000000000e+00 1.000000000000000021e-08 -5.439348033702569030e-01 -1.481594091696833759e+00
-5.439348033702569030e-01 -1.481594091696833759e+00 0.000000000000000000e+00 1.000000000000000021e-08 -6.934308408183844641e-01 -1.494960374481275833e+00
-6.934308408183844641e-01 -1.494960374481275833e+00 0.000000000000000000e+00 1.000000000000000021e-08 -8.807511577423220439e-01 -1.873203169239375798e+00
-8.807511577423220439e-01 -1.873203169239375798e+00 2.000000000000000000e+00 1.000000000000000021e-08 -1.241327244414831554e+00 -3.605760866725093550e+00
-1.241327244414831554e+00 -3.605760866725093550e+00 0.000000000000000000e+00 9.999000000000000110e-01 -1.570796326794896558e+00 -4.694731392283005178e+00
2.578888385011446002e-02 3.242348240090302258e-02 2.000000000000000000e+00 1.000000000000000021e-08 -4.987141031813940861e-02 -7.566029416825386100e-01
-4.987141031813940861e-02 -7.566029416825386100e-01 0.000000000000000000e+00 1.000000000000000021e-08 -3.658958200882430484e-02 1.328182830931510239e-01
-3.658958200882430484e-02 1.328182830931510239e-01 2.000000000000000000e+00 1.000000000000000021e-08 -1.106575701189757566e-01 -7.406798811015145034e-01
-1.106575701189757566e-01 -7.406798811015145034e-01 1.000000000000000000e+00 1.000000000000000021e-08 -1.908092739278333672e-01 -8.015170380885761059e-01
-1.908092739278333672e-01 -8.015170380885761059e-01 0.000000000000000000e+00 1.000000000000000021e-08 -2.083063791532451525e-01 -1.749710522541179092e-01
-2.083063791532451525e-01 -1.749710522541179092e-01 0.000000000000000000e+00 1.000000000000000021e-08 -1.834853536705801091e-01 2.482102548266502673e-01
-1.834853536705801091e-01 2.482102548266502673e-01 0.000000000000000000e+00 1.000000000000000021e-08 -9.533784536798169118e-02 8.814750830259840964e-01
-9.533784536798169118e-02 8.814750830259840964e-01 1.000000000000000000e+00 1.000000000000000021e-08 -3.047210920636864162e-02 6.486573616161304123e-01
-3.047210920636864162e-02 6.486573616161304123e-01 0.000000000000000000e+00 1.000000000000000021e-08 1.191490123292019421e-01 1.496211215355705892e+00
1.191490123292019421e-01 1.496211215355705892e+00 0.000000000000000000e+00 1.000000000000000021e-08 3.614457591241994616e-01 2.422967467949975084e+00
3.614457591241994616e-01 2.422967467949975084e+00 0.000000000000000000e+00 1.000000000000000021e-08 7.408355711417153877e-01 3.793898120175158262e+00
7.408355711417153877e-01 3.793898120175158262e+00 2.000000000000000000e+00 1.000000000000000021e-08 1.154812936736635542e+00 4.139773655949200659e+00
1.154812936736635542e+00 4.139773655949200659e+00 2.000000000000000000e+00 9.999000000000000110e-01 1.570796326794896558e+00 5.000000000000000000e+00
-8.265625274751584733e-03 7.460574071586340006e-02 1.000000000000000000e+00 1.000000000000000021e-08 -8.062062541313143663e-03 2.035627334384407239e-03
-8.062062541313143663e-03 2.035627334384407239e-03 2.000000000000000000e+00 1.000000000000000021e-08 -9.494092466200537705e-02 -8.687886212069222402e-01
-9.494092466200537705e-02 -8.687886212069222402e-01 1.000000000000000000e+00 1.000000000000000021e-08 -2.021696149466939985e-01 -1.072286902846885992e+00
-2.021696149466939985e-01 -1.072286902846885992e+00 0.000000000000000000e+00 1.000000000000000021e-08 -2.545044193632531315e-01 -5.233480441655913307e-01
-2.545044193632531315e-01 -5.233480441655913307e-01 1.000000000000000000e+00 1.000000000000000021e-08 -3.368255245612804538e-01 -8.232110519802733339e-01
-3.368255245612804538e-01 -8.232110519802733339e-01 2.000000000000000000e+00 1.000000000000000021e-08 -5.492619968452026047e-01 -2.124364722839221287e+00
-5.492619968452026047e-01 -2.124364722839221287e+00 1.000000000000000000e+00 1.000000000000000021e-08 -8.317687683747392313e-01 -2.825067715295366710e+00
-8.317687683747392313e-01 -2.825067715295366710e+00 1.000000000000000000e+00 1.000000000000000021e-08 -1.214179260900164925e+00 -3.824104925254256049e+00
-1.214179260900164925e+00 -3.824104925254256049e+00 1.000000000000000000e+00 9.999000000000000110e-01 -1.570796326794896558e+00 -5.000000000000000000e+00
7.308447882592156164e-02 -8.648363862854968609e-02 2.000000000000000000e+00 1.000000000000000021e-08 4.432271622493322294e-03 -6.865220720342823935e-01
4.432271622493322294e-03 -6.865220720342823935e-01 0.000000000000000000e+00 1.000000000000000021e-08 2.646914073452848529e-02 2.203686911203516230e-01
2.646914073452848529e-02 2.203686911203516230e-01 0.000000000000000000e+00 1.000000000000000021e-08 1.455218961988172244e-01 1.190527554642887287e+00
1.455218961988172244e-01 1.190527554642887287e+00 2.000000000000000000e+00 1.000000000000000021e-08 1.865215523757066118e-01 4.099965617688938746e-01
1.865215523757066118e-01 4.099965617688938746e-01 0.000000000000000000e+00 1.000000000000000021e-08 3.596311536011924659e-01 1.731096012254858429e+00
3.596311536011924659e-01 1.731096012254858429e+00 2.000000000000000000e+00 1.000000000000000021e-08 4.964876948590288275e-01 1.368565412578363505e+00
4.964876948590288275e-01 1.368565412578363505e+00 2.000000000000000000e+00 1.000000000000000021e-08 6.220945518628646642e-01 1.256068570038358923e+00
6.220945518628646642e-01 1.256068570038358923e+00 0.000000000000000000e+00 1.000000000000000021e-08 9.080879939657261479e-01 2.859934421028614615e+00
9.080879939657261479e-01 2.859934421028614615e+00 2.000000000000000000e+00 1.000000000000000021e-08 1.264041138857437740e+00 3.559531448917114815e+00
1.264041138857437740e+00 3.559531448917114815e+00 1.000000000000000000e+00 9.999000000000000110e-01 1.570796326794896558e+00 4.956674729247387390e+00
2.491804578019708727e-02 -2.423729416481338467e-03 2.000000000000000000e+00 1.000000000000000021e-08 -5.013360747887483926e-02 -7.505165325907191542e-01
-5.013360747887483926e-02 -7.505165325907191542e-01 2.000000000000000000e+00 1.000000000000000021e-08 -2.141828444890359617e-01 -1.640492370101611197e+00
-2.141828444890359617e-01 -1.640492370101611197e+00 2.000000000000000000e+00 1.000000000000000021e-08 -5.115606039738702648e-01 -2.973777594848343142e+00
-5.115606039738702648e-01 -2.973777594848343142e+00 2.000000000000000000e+00 1.000000000000000021e-08 -9.473474917586135469e-01 -4.357868877847432820e+00
-9.473474917586135469e-01 -4.357868877847432820e+00 0.000000000000000000e+00 1.000000000000000021e-08 -1.447624140242456114e+00 -5.000000000000000000e+00
-1.447624140242456114e+00 -5.000000000000000000e+00 0.000000000000000000e+00 9.999000000000000110e-01 -1.570796326794896558e+00 -5.000000000000000000e+00
-1.894492891203770901e-02 5.400656264321034017e-02 2.000000000000000000e+00 1.000000000000000021e-08 -1.172592678080658923e-01 -9.831433889602817500e-01
-1.172592678080658923e-01 -9.831433889602817500e-01 1.000000000000000000e+00 1.000000000000000021e-08 -2.409983815449459055e-01 -1.237391137368800242e+00
-2.409983815449459055e-01 -1.237391137368800242e+00 0.000000000000000000e+00 1.000000000000000021e-08 -3.362616967456707462e-01 -9.526331520072486292e-01
-3.362616967456707462e-01 -9.526331520072486292e-01 1.000000000000000000e+00 1.000000000000000021e-08 -4.879805421975423885e-01 -1.517188454518716423e+00
-4.879805421975423885e-01 -1.517188454518716423e+00 0.000000000000000000e+00 1.000000000000000021e-08 -6.526679551662178946e-01 -1.646874129686754618e+00
-6.526679551662178946e-01 -1.646874129686754618e+00 2.000000000000000000e+00 1.000000000000000021e-08 -9.811410043060948549e-01 -3.284730491398769825e+00
-9.811410043060948549e-01 -3.284730491398769825e+00 0.000000000000000000e+00 1.000000000000000021e-08 -1.382075273788216707e+00 -4.009342694821218522e+00
-1.382075273788216707e+00 -4.009342694821218522e+00 0.000000000000000000e+00 9.999000000000000110e-01 -1.570796326794896558e+00 -5.000000000000000000e+00
-6.981175686168836214e-02 5.328234059381650040e-03 0.000000000000000000e+00 1.000000000000000021e-08 -3.137635052852805195e-03 6.667412180883555139e-01
-3.137635052852805195e-03 6.667412180883555139e-01 0.000000000000000000e+00 1.000000000000000021e-08 1.406196094995754708e-01 1.437572445524282649e+00
1.406196094995754708e-01 1.437572445524282649e+00 1.000000000000000000e+00 1.000000000000000021e-08 2.997062410373266816e-01 1.590866315377512219e+00
2.997062410373266816e-01 1.590866315377512219e+00 1.000000000000000000e+00 1.000000000000000021e-08 4.967217039677745971e-01 1.970154629304479155e+00
4.967217039677745971e-01 1.970154629304479155e+00 0.000000000000000000e+00 1.000000000000000021e-08 8.452196219991479076e-01 3.484979180313732883e+00
8.452196219991479076e-01 3.484979180313732883e+00 0.000000000000000000e+00 1.000000000000000021e-08 1.355848813084711502e+00 5.000000000000000000e+00
1.355848813084711502e+00 5.000000000000000000e+00 1.000000000000000000e+00 9.999000000000000110e-01 1.570796326794896558e+00 5.000000000000000000e+00
5.958135170728331986e-02 -6.597166007336394133e-02 1.000000000000000000e+00 1.000000000000000021e-08 5.478074526079737550e-02 -4.800606446485940204e-02
5.478074526079737550e-02 -4.800606446485940204e-02 2.000000000000000000e+00 1.000000000000000021e-08 -2.982545924175399044e-02 -8.460620450255136316e-01
-2.982545924175399044e-02 -8.460620450255136316e-01 2.000000000000000000e+00 1.000000000000000021e-08 -2.020197717162213746e-01 -1.721943124744673925e+00
-2.020197717162213746e-01 -1.721943124744673925e+00 1.000000000000000000e+00 1.000000000000000021e-08 -4.058823680739753748e-01 -2.038625963577539668e+00
-4.058823680739753748e-01 -2.038625963577539668e+00 2.000000000000000000e+00 1.000000000000000021e-08 -7.576256091029192064e-01 -3.517432410289438316e+00
-7.576256091029192064e-01 -3.517432410289438316e+00 2.000000000000000000e+00 1.000000000000000021e-08 -1.268988675694887824e+00 -5.000000000000000000e+00
-1.268988675694887824e+00 -5.000000000000000000e+00 2.000000000000000000e+00 9.999000000000000110e-01 -1.570796326794896558e+00 -5.000000000000000000e+00
7.171277442772418242e-02 -1.922870346606249045e-02 0.000000000000000000e+00 1.000000000000000021e-08 1.763940890359615432e-01 1.046813146082373525e+00
1.763940890359615432e-01 1.046813146082373525e+00 2.000000000000000000e+00 1.000000000000000021e-08 2.128156114748644967e-01 3.642152243890294239e-01
2.128156114748644967e-01 3.642152243890294239e-01 0.000000000000000000e+00 1.000000000000000021e-08 3.859240124476431277e-01 1.731084009727786199e+00
3.859240124476431277e-01 1.731084009727786199e+00 1.000000000000000000e+00 1.000000000000000021e-08 6.318584367130801738e-01 2.459344242654370127e+00
6.318584367130801738e-01 2.459344242654370127e+00 0.000000000000000000e+00 1.000000000000000021e-08 1.033217702122502413e+00 4.013592654094223278e+00
1.033217702122502413e+00 4.013592654094223278e+00 2.000000000000000000e+00 1.000000000000000021e-08 1.519393765316854772e+00 4.861760631943522704e+00
1.519393765316854772e+00 4.861760631943522704e+00 1.000000000000000000e+00 9.999000000000000110e-01 1.570796326794896558e+00 5.000000000000000000e+00
6.128067388293802209e-02 2.683766276246673729e-02 1.000000000000000000e+00 1.000000000000000021e-08 6.041055251619355249e-02 -8.701213667444664818e-03
6.041055251619355249e-02 -8.701213667444664818e-03 0.000000000000000000e+00 1.000000000000000021e-08 1.665839581692931670e-01 1.061734056530996284e+00
1.665839581692931670e-01 1.061734056530996284e+00 0.000000000000000000e+00 1.000000000000000021e-08 3.747700508040035516e-01 2.081860926347103735e+00
3.747700508040035516e-01 2.081860926347103735e+00 1.000000000000000000e+00 1.000000000000000021e-08 6.530176585476212825e-01 2.782476077436176531e+00
6.530176585476212825e-01 2.782476077436176531e+00 0.000000000000000000e+00 1.000000000000000021e-08 1.083730112184304151e+00 4.307124536366827350e+00
1.083730112184304151e+00 4.307124536366827350e+00 0.000000000000000000e+00 9.999000000000000110e-01 1.570796326794896558e+00 5.000000000000000000e+00
1.912491075300960450e-02 8.505662093676555346e-02 1.000000000000000000e+00 1.000000000000000021e-08 4.532197569488591316e-02 2.619706494187630241e-01
4.532197569488591316e-02 2.619706494187630241e-01 1.000000000000000000e+00 1.000000000000000021e-08 7.100928983259860439e-02 2.568731413771269678e-01
7.100928983259860439e-02 2.568731413771269678e-01 2.000000000000000000e+00 1.000000000000000021e-08 2.747300585657834471e-02 -4.353628397602025690e-01
2.747300585657834471e-02 -4.353628397602025690e-01 1.000000000000000000e+00 1.000000000000000021e-08 -2.102881780645615012e-02 -4.850182366303449344e-01
-2.102881780645615012e-02 -4.850182366303449344e-01 1.000000000000000000e+00 1.000000000000000021e-08 -6.856369754286939511e-02 -4.753487973641323805e-01
-6.856369754286939511e-02 -4.753487973641323805e-01 0.000000000000000000e+00 1.000000000000000021e-08 -3.269913810543225580e-02 3.586455943743713792e-01
-3.269913810543225580e-02 3.586455943743713792e-01 0.000000000000000000e+00 1.000000000000000021e-08 9.834437109313159953e-02 1.310435091985638678e+00
9.834437109313159953e-02 1.310435091985638678e+00 2.000000000000000000e+00 1.000000000000000021e-08 1.742510926555514150e-01 7.590672156241980995e-01
1.742510926555514150e-01 7.590672156241980995e-01 2.000000000000000000e+00 1.000000000000000021e-08 1.875394261425044340e-01 1.328833348695301897e-01
1.875394261425044340e-01 1.328833348695301897e-01 2.000000000000000000e+00 1.000000000000000021e-08 1.504424228043489964e-01 -3.709700333815543205e-01
1.504424228043489964e-01 -3.709700333815543205e-01 1.000000000000000000e+00 1.000000000000000021e-08 1.462378317628293123e-01 -4.204591041519689654e-02
1.462378317628293123e-01 -4.204591041519689654e-02 0.000000000000000000e+00 1.000000000000000021e-08 2.461151867369405777e-01 9.987735497411125429e-01
2.461151867369405777e-01 9.987735497411125429e-01 0.000000000000000000e+00 1.000000000000000021e-08 4.838626274561795837e-01 2.377474407192390338e+00
4.838626274561795837e-01 2.377474407192390338e+00 0.000000000000000000e+00 1.000000000000000021e-08 8.704482734155652990e-01 3.865856459593856709e+00
8.704482734155652990e-01 3.865856459593856709e+00 1.000000000000000000e+00 1.000000000000000021e-08 1.362340044675371065e+00 4.918917712598057435e+00
1.362340044675371065e+00 4.918917712598057435e+00 1.000000000000000000e+00 9.999000000000000110e-01 1.570796326794896558e+00 5.000000000000000000e+00
3.837860415029670236e-02 6.797358869240432977e-02 2.000000000000000000e+00 1.000000000000000021e-08 -2.063161052372695231e-02 -5.901021467402365328e-01
-2.063161052372695231e-02 -5.901021467402365328e-01 1.000000000000000000e+00 1.000000000000000021e-08 -9.468272020058565719e-02 -7.405110967685869516e-01
-9.468272020058565719e-02 -7.405110967685869516e-01 0.000000000000000000e+00 1.000000000000000021e-08 -8.547348462402408475e-02 9.209235576561569658e-02
-8.547348462402408475e-02 9.209235576561569658e-02 1.000000000000000000e+00 1.000000000000000021e-08 -9.516223879097512883e-02 -9.688754166951035751e-02
-9.516223879097512883e-02 -9.688754166951035751e-02 2.000000000000000000e+00 1.000000000000000021e-08 -2.006754065710373292e-01 -1.055131677800622114e+00
-2.006754065710373292e-01 -1.055131677800622114e+00 2.000000000000000000e+00 1.000000000000000021e-08 -4.362887271753903562e-01 -2.356133206043530492e+00
-4.362887271753903562e-01 -2.356133206043530492e+00 0.000000000000000000e+00 1.000000000000000021e-08 -6.705451951321330650e-01 -2.342564679567427532e+00
-6.705451951321330650e-01 -2.342564679567427532e+00 1.000000000000000000e+00 1.000000000000000021e-08 -9.979933970252699016e-01 -3.274482018931367477e+00
-9.979933970252699016e-01 -3.274482018931367477e+00 2.000000000000000000e+00 1.000000000000000021e-08 -1.485340255264843146e+00 -4.873468582395732440e+00
-1.485340255264843146e+00 -4.873468582395732440e+00 1.000000000000000000e+00 9.999000000000000110e-01 -1.570796326794896558e+00 -5.000000000000000000e+00
3.140789281433641750e-02 2.909748699581252498e-02 0.000000000000000000e+00 1.000000000000000021e-08 1.214260667619735390e-01 9.001817394763712565e-01
1.214260667619735390e-01 9.001817394763712565e-01 2.000000000000000000e+00 1.000000000000000021e-08 1.341167173593230399e-01 1.269065059734949541e-01
1.341167173593230399e-01 1.269065059734949541e-01 2.000000000000000000e+00 1.000000000000000021e-08 9.198653843849965983e-02 -4.213017892082338012e-01
9.198653843849965983e-02 -4.213017892082338012e-01 0.000000000000000000e+00 1.000000000000000021e-08 1.518999404100357942e-01 5.991340197153613989e-01
1.518999404100357942e-01 5.991340197153613989e-01 1.000000000000000000e+00 1.000000000000000021e-08 2.513622965627779760e-01 9.946235615274219288e-01
2.513622965627779760e-01 9.946235615274219288e-01 2.000000000000000000e+00 1.000000000000000021e-08 3.228756701851761557e-01 7.151337362239815754e-01
3.228756701851761557e-01 7.151337362239815754e-01 0.000000000000000000e+00 1.000000000000000021e-08 5.266935896731523847e-01 2.038179194879762068e+00
5.266935896731523847e-01 2.038179194879762068e+00 1.000000000000000000e+00 1.000000000000000021e-08 8.120090787725046111e-01 2.853154890993522041e+00
8.120090787725046111e-01 2.853154890993522041e+00 1.000000000000000000e+00 1.000000000000000021e-08 1.206650680843805112e+00 3.946416020713003459e+00
1.206650680843805112e+00 3.946416020713003459e+00 0.000000000000000000e+00 9.999000000000000110e-01 1.570796326794896558e+00 5.000000000000000000e+00
9.969606887355562941e-03 8.853986567045925293e-04 1.000000000000000000e+00 1.000000000000000021e-08 -3.358211773326486016e-04 -1.030542806468821154e-01
-3.358211773326486016e-04 -1.030542806468821154e-01 1.000000000000000000e+00 1.000000000000000021e-08 5.218440361442465772e-03 5.554261538775114027e-02
5.218440361442465772e-03 5.554261538775114027e-02 1.000000000000000000e+00 1.000000000000000021e-08 1.384140873544638384e-02 8.622968374003918413e-02
1.384140873544638384e-02 8.622968374003918413e-02 0.000000000000000000e+00 1.000000000000000021e-08 1.090097107245866781e-01 9.516830198914029149e-01
1.090097107245866781e-01 9.516830198914029149e-01 1.000000000000000000e+00 1.000000000000000021e-08 2.159370823413107598e-01 1.069273716167240762e+00
2.159370823413107598e-01 1.069273716167240762e+00 0.000000000000000000e+00 1.000000000000000021e-08 4.388036314887454048e-01 2.228665491474346450e+00
4.388036314887454048e-01 2.228665491474346450e+00 1.000000000000000000e+00 1.000000000000000021e-08 7.331239710223012018e-01 2.943203395335558081e+00
7.331239710223012018e-01 2.943203395335558081e+00 0.000000000000000000e+00 1.000000000000000021e-08 1.187029884421979542e+00 4.539059133996784290e+00
1.187029884421979542e+00 4.539059133996784290e+00 0.000000000000000000e+00 9.999000000000000110e-01 1.570796326794896558e+00 5.000000000000000000e+00
-4.513010507127782761e-02 4.939499082246680273e-02 0.000000000000000000e+00 1.000000000000000021e-08 5.036887470456321431e-02 9.549897977584104192e-01
5.036887470456321431e-02 9.549897977584104192e-01 0.000000000000000000e+00 1.000000000000000021e-08 2.317574748413437080e-01 1.813886001367804646e+00
2.317574748413437080e-01 1.813886001367804646e+00 0.000000000000000000e+00 1.000000000000000021e-08 5.409272749929205926e-01 3.091698001515768901e+00
5.409272749929205926e-01 3.091698001515768901e+00 0.000000000000000000e+00 1.000000000000000021e-08 9.870075342883790626e-01 4.460802592954585144e+00
9.870075342883790626e-01 4.460802592954585144e+00 1.000000000000000000e+00 1.000000000000000021e-08 1.555146068853258345e+00 5.000000000000000000e+00
1.555146068853258345e+00 5.000000000000000000e+00 0.000000000000000000e+00 9.999000000000000110e-01 1.570796326794896558e+00 5.000000000000000000e+00
1.386997032544150590e-02 6.820627456416054890e-02 0.000000000000000000e+00 1.000000000000000021e-08 1.106623107229558339e-01 9.679234039751432039e-01
1.106623107229558339e-01 9.679234039751432039e-01 1.000000000000000000e+00 1.000000000000000021e-08 2.226902503686138401e-01 1.120279396456579812e+00
2.226902503686138401e-01 1.120279396456579812e+00 2.000000000000000000e+00 1.000000000000000021e-08 2.978021999257630670e-01 7.511194955714923793e-01
2.978021999257630670e-01 7.511194955714923793e-01 1.000000000000000000e+00 1.000000000000000021e-08 4.190166251714261270e-01 1.212144252456630822e+00
4.190166251714261270e-01 1.212144252456630822e+00 0.000000000000000000e+00 1.000000000000000021e-08 6.957558369889780270e-01 2.767392118175519222e+00
6.957558369889780270e-01 2.767392118175519222e+00 0.000000000000000000e+00 1.000000000000000021e-08 1.131122954736022423e+00 4.353671177470443965e+00
1.131122954736022423e+00 4.353671177470443965e+00 1.000000000000000000e+00 9.999000000000000110e-01 1.570796326794896558e+00 5.000000000000000000e+00
-8.360925627826705508e-02 4.132968823333643682e-02 1.000000000000000000e+00 1.000000000000000021e-08 -9.353684403817738580e-02 -9.927587759910322385e-02
-9.353684403817738580e-02 -9.927587759910322385e-02 0.000000000000000000e+00 1.000000000000000021e-08 -4.837084213800030286e-02 4.516600190017708294e-01
-4.837084213800030286e-02 4.516600190017708294e-01 2.000000000000000000e+00 1.000000000000000021e-08 -8.512708368569771311e-02 -3.675624154769740470e-01
-8.512708368569771311e-02 -3.675624154769740470e-01 1.000000000000000000e+00 1.000000000000000021e-08 -1.372177838460467147e-01 -5.209070016034900164e-01
-1.372177838460467147e-01 -5.209070016034900164e-01 2.000000000000000000e+00 1.000000000000000021e-08 -2.834696378325322064e-01 -1.462518539864854583e+00
-2.834696378325322064e-01 -1.462518539864854583e+00 2.000000000000000000e+00 1.000000000000000021e-08 -5.473735752386068576e-01 -2.639039374060746290e+00
-5.473735752386068576e-01 -2.639039374060746290e+00 0.000000000000000000e+00 1.000000000000000021e-08 -8.330713049413676075e-01 -2.856977297027607943e+00
-8.330713049413676075e-01 -2.856977297027607943e+00 2.000000000000000000e+00 1.000000000000000021e-08 -1.283259226420853771e+00 -4.501879214794860751e+00
-1.283259226420853771e+00 -4.501879214794860751e+00 2.000000000000000000e+00 9.999000000000000110e-01 -1.570796326794896558e+00 -5.000000000000000000e+00
-3.280807001028399061e-02 -3.206154798690263180e-02 0.000000000000000000e+00 1.000000000000000021e-08 4.511176511238448872e-02 7.791983512266846823e-01
4.511176511238448872e-02 7.791983512266846823e-01 1.000000000000000000e+00 1.000000000000000021e-08 1.136743529888936677e-01 6.856258787650917341e-01
1.136743529888936677e-01 6.856258787650917341e-01 0.000000000000000000e+00 1.000000000000000021e-08 2.924984307165140462e-01 1.788240777276203897e+00
2.924984307165140462e-01 1.788240777276203897e+00 1.000000000000000000e+00 1.000000000000000021e-08 5.126456033306733273e-01 2.201471726141592367e+00
5.126456033306733273e-01 2.201471726141592367e+00 1.000000000000000000e+00 1.000000000000000021e-08 8.018704125496705082e-01 2.892248092189972475e+00
8.018704125496705082e-01 2.892248092189972475e+00 2.000000000000000000e+00 1.000000000000000021e-08 1.136067789149794338e+00 3.341973766001238300e+00
1.136067789149794338e+00 3.341973766001238300e+00 0.000000000000000000e+00 9.999000000000000110e-01 1.570796326794896558e+00 5.000000000000000000e+00
6.219283118566205915e-02 -4.672992066163438041e-02 1.000000000000000000e+00 1.000000000000000021e-08 7.434585155139493418e-02 1.215302036573287087e-01
7.434585155139493418e-02 1.215302036573287087e-01 1.000000000000000000e+00 1.000000000000000021e-08 1.024423788041981531e-01 2.809652725280322172e-01
1.024423788041981531e-01 2.809652725280322172e-01 2.000000000000000000e+00 1.000000000000000021e-08 5.023919790392099294e-02 -5.220318090027715741e-01
5.023919790392099294e-02 -5.220318090027715741e-01 2.000000000000000000e+00 1.000000000000000021e-08 -8.553239504902752921e-02 -1.357715929529485166e+00
-8.553239504902752921e-02 -1.357715929529485166e+00 1.000000000000000000e+00 1.000000000000000021e-08 -2.216179214552027044e-01 -1.360855264061751724e+00
-2.216179214552027044e-01 -1.360855264061751724e+00 0.000000000000000000e+00 1.000000000000000021e-08 -3.064823543060183342e-01 -8.486443285081565202e-01
-3.064823543060183342e-01 -8.486443285081565202e-01 1.000000000000000000e+00 1.000000000000000021e-08 -4.388272082469955038e-01 -1.323448539409771918e+00
-4.388272082469955038e-01 -1.323448539409771918e+00 1.000000000000000000e+00 1.000000000000000021e-08 -6.348014221085966913e-01 -1.959742138616012319e+00
-6.348014221085966913e-01 -1.959742138616012319e+00 0.000000000000000000e+00 1.000000000000000021e-08 -8.541899114162937456e-01 -2.193884893076970322e+00
-8.541899114162937456e-01 -2.193884893076970322e+00 0.000000000000000000e+00 1.000000000000000021e-08 -1.137124254282469993e+00 -2.829343428661761806e+00
-1.137124254282469993e+00 -2.829343428661761806e+00 0.000000000000000000e+00 1.000000000000000021e-08 -1.518060934811484630e+00 -3.809366805290146818e+00
-1.518060934811484630e+00 -3.809366805290146818e+00 1.000000000000000000e+00 9.999000000000000110e-01 -1.570796326794896558e+00 -5.000000000000000000e+00
-3.554256227430410003e-02 7.938467669666779414e-02 0.000000000000000000e+00 1.000000000000000021e-08 4.302071053869469669e-02 7.856327281299878562e-01
4.302071053869469669e-02 7.856327281299878562e-01 0.000000000000000000e+00 1.000000000000000021e-08 2.182505772974774327e-01 1.752298667587827374e+00
2.182505772974774327e-01 1.752298667587827374e+00 0.000000000000000000e+00 1.000000000000000021e-08 5.099742158089415334e-01 2.917236385114640562e+00
5.099742158089415334e-01 2.917236385114640562e+00 0.000000000000000000e+00 1.000000000000000021e-08 9.388306573826188384e-01 4.288564415736773050e+00
9.388306573826188384e-01 4.288564415736773050e+00 2.000000000000000000e+00 1.000000000000000021e-08 1.431529482403238518e+00 4.926988250206195907e+00
1.431529482403238518e+00 4.926988250206195907e+00 2.000000000000000000e+00 9.999000000000000110e-01 1.570796326794896558e+00 5.000000000000000000e+00
2.181302920122472552e-02 -3.831962173127116678e-02 0.000000000000000000e+00 1.000000000000000021e-08 9.564754861510270378e-02 7.383451941387797479e-01
9.564754861510270378e-02 7.383451941387797479e-01 0.000000000000000000e+00 1.000000000000000021e-08 2.744001187207324444e-01 1.787525701056297045e+00
2.744001187207324444e-01 1.787525701056297045e+00 2.000000000000000000e+00 1.000000000000000021e-08 4.163784158951404080e-01 1.419782971744079525e+00
4.163784158951404080e-01 1.419782971744079525e+00 2.000000000000000000e+00 1.000000000000000021e-08 5.617793055646413958e-01 1.454008896695010433e+00
5.617793055646413958e-01 1.454008896695010433e+00 0.000000000000000000e+00 1.000000000000000021e-08 8.619936546517303899e-01 3.002143490870889053e+00
8.619936546517303899e-01 3.002143490870889053e+00 0.000000000000000000e+00 1.000000000000000021e-08 1.333501830924962661e+00 4.715081762732321380e+00
1.333501830924962661e+00 4.715081762732321380e+00 2.000000000000000000e+00 9.999000000000000110e-01 1.570796326794896558e+00 5.000000000000000000e+00
7.886779946000102570e-02 9.365538888822001751e-03 0.000000000000000000e+00 1.000000000000000021e-08 1.702008757950329021e-01 9.133307633503188194e-01
1.702008757950329021e-01 9.133307633503188194e-01 2.000000000000000000e+00 1.000000000000000021e-08 1.979959459801260702e-01 2.779507018509317362e-01
1.979959459801260702e-01 2.779507018509317362e-01 0.000000000000000000e+00 1.000000000000000021e-08 3.373976888636344151e-01 1.394017428835083505e+00
3.373976888636344151e-01 1.394017428835083505e+00 2.000000000000000000e+00 1.000000000000000021e-08 4.580747074065115165e-01 1.206770185428770903e+00
4.580747074065115165e-01 1.206770185428770903e+00 1.000000000000000000e+00 1.000000000000000021e-08 6.511586062587457757e-01 1.930838988522343147e+00
6.511586062587457757e-01 1.930838988522343147e+00 0.000000000000000000e+00 1.000000000000000021e-08 1.004003380379264510e+00 3.528447741205186450e+00
1.004003380379264510e+00 3.528447741205186450e+00 2.000000000000000000e+00 1.000000000000000021e-08 1.442565717371697254e+00 4.385623369924326553e+00
1.442565717371697254e+00 4.385623369924326553e+00 1.000000000000000000e+00 9.999000000000000110e-01 1.570796326794896558e+00 5.000000000000000000e+00
7.427697429077299851e-02 3.309449570358231896e-02 0.000000000000000000e+00 1.000000000000000021e-08 1.946607804801430697e-01 1.203838061893700795e+00
1.946607804801430697e-01 1.203838061893700795e+00 1.000000000000000000e+00 1.000000000000000021e-08 3.591008306260070615e-01 1.644400501458639585e+00
3.591008306260070615e-01 1.644400501458639585e+00 0.000000000000000000e+00 1.000000000000000021e-08 6.671780308162449380e-01 3.080772001902379209e+00
6.671780308162449380e-01 3.080772001902379209e+00 2.000000000000000000e+00 1.000000000000000021e-08 1.009614433208663398e+00 3.424364023924184597e+00
1.009614433208663398e+00 3.424364023924184597e+00 1.000000000000000000e+00 1.000000000000000021e-08 1.476663438097256531e+00 4.670490048885931778e+00
1.476663438097256531e+00 4.670490048885931778e+00 2.000000000000000000e+00 9.999000000000000110e-01 1.570796326794896558e+00 5.000000000000000000e+00
-7.355170584084542995e-02 -3.460801989647343396e-02 2.000000000000000000e+00 1.000000000000000021e-08 -1.916946159243859693e-01 -1.181429100835405199e+00
-1.916946159243859693e-01 -1.181429100835405199e+00 2.000000000000000000e+00 1.000000000000000021e-08 -4.225570031986285446e-01 -2.308623872742425753e+00
-4.225570031986285446e-01 -2.308623872742425753e+00 1.000000000000000000e+00 1.000000000000000021e-08 -7.084583988787613862e-01 -2.859013956801328860e+00
-7.084583988787613862e-01 -2.859013956801328860e+00 0.000000000000000000e+00 1.000000000000000021e-08 -1.031146428394772219e+00 -3.226880295160107437e+00
-1.031146428394772219e+00 -3.226880295160107437e+00 0.000000000000000000e+00 1.000000000000000021e-08 -1.445350060846873230e+00 -4.142036324521010116e+00
-1.445350060846873230e+00 -4.142036324521010116e+00 2.000000000000000000e+00 9.999000000000000110e-01 -1.570796326794896558e+00 -5.000000000000000000e+00
4.419152032492457138e-02 6.661702998866242398e-02 1.000000000000000000e+00 1.000000000000000021e-08 6.598820873787372698e-02 2.179668841294915560e-01
6.598820873787372698e-02 2.179668841294915560e-01 2.000000000000000000e+00 1.000000000000000021e-08 3.160258054084028045e-03 -6.282795068378970171e-01
3.160258054084028045e-03 -6.282795068378970171e-01 0.000000000000000000e+00 1.000000000000000021e-08 4.580923786023284594e-02 4.264897980614881234e-01
4.580923786023284594e-02 4.264897980614881234e-01 2.000000000000000000e+00 1.000000000000000021e-08 2.483129893449236361e-02 -2.097793892574048025e-01
2.483129893449236361e-02 -2.097793892574048025e-01 2.000000000000000000e+00 1.000000000000000021e-08 -7.455348615470604179e-02 -9.938478508919839083e-01
-7.455348615470604179e-02 -9.938478508919839083e-01 2.000000000000000000e+00 1.000000000000000021e-08 -2.803758342284260463e-01 -2.058223480737199740e+00
-2.803758342284260463e-01 -2.058223480737199740e+00 0.000000000000000000e+00 1.000000000000000021e-08 -4.632411945966552480e-01 -1.828653603682292017e+00
-4.632411945966552480e-01 -1.828653603682292017e+00 2.000000000000000000e+00 1.000000000000000021e-08 -7.932898794782513585e-01 -3.300486848815960883e+00
-7.932898794782513585e-01 -3.300486848815960883e+00 1.000000000000000000e+00 1.000000000000000021e-08 -1.233179818679601247e+00 -4.398899392013498222e+00
-1.233179818679601247e+00 -4.398899392013498222e+00 0.000000000000000000e+00 9.999000000000000110e-01 -1.570796326794896558e+00 -5.000000000000000000e+00
2.879074935377042010e-02 -8.398517432449423281e-02 0.000000000000000000e+00 1.000000000000000021e-08 1.043697836180742661e-01 7.557903426430384597e-01
1.043697836180742661e-01 7.557903426430384597e-01 1.000000000000000000e+00 1.000000000000000021e-08 2.094288642930139666e-01 1.050590806749396977e+00
2.094288642930139666e-01 1.050590806749396977e+00 1.000000000000000000e+00 1.000000000000000021e-08 3.662960884218812163e-01 1.568672241288671998e+00
3.662960884218812163e-01 1.568672241288671998e+00 1.000000000000000000e+00 1.000000000000000021e-08 5.862511005533302955e-01 2.199550121314490347e+00
5.862511005533302955e-01 2.199550121314490347e+00 0.000000000000000000e+00 1.000000000000000021e-08 9.600819373267468482e-01 3.738308367734164861e+00
9.600819373267468482e-01 3.738308367734164861e+00 1.000000000000000000e+00 1.000000000000000021e-08 1.451624259100288139e+00 4.915423217735412464e+00
1.451624259100288139e+00 4.915423217735412464e+00 2.000000000000000000e+00 9.999000000000000110e-01 1.570796326794896558e+00 5.000000000000000000e+00
7.090610718880231700e-02 7.177446452918337383e-02 1.000000000000000000e+00 1.000000000000000021e-08 1.050229339552881808e-01 3.411682676648586376e-01
1.050229339552881808e-01 3.411682676648586376e-01 1.000000000000000000e+00 1.000000000000000021e-08 1.494380410425950045e-01 4.441510708730682100e-01
1.494380410425950045e-01 4.441510708730682100e-01 1.000000000000000000e+00 1.000000000000000021e-08 2.312054736242913078e-01 8.176743258169629769e-01
2.312054736242913078e-01 8.176743258169629769e-01 1.000000000000000000e+00 1.000000000000000021e-08 3.663139995496461077e-01 1.351085259253547832e+00
3.663139995496461077e-01 1.351085259253547832e+00 1.000000000000000000e+00 1.000000000000000021e-08 5.576886001004145443e-01 1.913746005507684256e+00
5.576886001004145443e-01 1.913746005507684256e+00 0.000000000000000000e+00 1.000000000000000021e-08 9.035563256516270236e-01 3.458677255512124571e+00
9.035563256516270236e-01 3.458677255512124571e+00 2.000000000000000000e+00 1.000000000000000021e-08 1.308644504517764595e+00 4.050881788661376603e+00
1.308644504517764595e+00 4.050881788661376603e+00 0.000000000000000000e+00 9.999000000000000110e-01 1.570796326794896558e+00 5.000000000000000000e+00
-4.082614806142260966e-02 -8.471041596896079773e-02 1.000000000000000000e+00 1.000000000000000021e-08 -5.161432891431579073e-02 -1.078818085289318246e-01
-5.161432891431579073e-02 -1.078818085289318246e-01 1.000000000000000000e+00 1.000000000000000021e-08 -6.469641906377111840e-02 -1.308209014945532489e-01
-6.469641906377111840e-02 -1.308209014945532489e-01 0.000000000000000000e+00 1.000000000000000021e-08 5.424476908465564184e-03 7.012089597223667425e-01
5.424476908465564184e-03 7.012089597223667425e-01 2.000000000000000000e+00 1.000000000000000021e-08 -2.425683686701952252e-02 -2.968131377548508532e-01
-2.425683686701952252e-02 -2.968131377548508532e-01 2.000000000000000000e+00 1.000000000000000021e-08 -1.533695067743272300e-01 -1.291126699073076978e+00
-1.533695067743272300e-01 -1.291126699073076978e+00 1.000000000000000000e+00 1.000000000000000021e-08 -3.077716142158689605e-01 -1.544021074415417027e+00
-3.077716142158689605e-01 -1.544021074415417027e+00 1.000000000000000000e+00 1.000000000000000021e-08 -5.238343067476505244e-01 -2.160626925317815861e+00
-5.238343067476505244e-01 -2.160626925317815861e+00 2.000000000000000000e+00 1.000000000000000021e-08 -9.024545535266648155e-01 -3.786202467790142467e+00
-9.024545535266648155e-01 -3.786202467790142467e+00 2.000000000000000000e+00 1.000000000000000021e-08 -1.448016934440901959e+00 -5.000000000000000000e+00
-1.448016934440901959e+00 -5.000000000000000000e+00 0.000000000000000000e+00 9.999000000000000110e-01 -1.570796326794896558e+00 -5.000000000000000000e+00
-2.994307543027287938e-02 -5.849141052691613635e-02 0.000000000000000000e+00 1.000000000000000021e-08 3.128181761182005638e-02 6.122489304209293159e-01
3.128181761182005638e-02 6.122489304209293159e-01 2.000000000000000000e+00 1.000000000000000021e-08 1.486171376588827850e-02 -1.642010384593177719e-01
1.486171376588827850e-02 -1.642010384593177719e-01 2.000000000000000000e+00 1.000000000000000021e-08 -1.002560159373192678e-01 -1.151177297032075497e+00
-1.002560159373192678e-01 -1.151177297032075497e+00 1.000000000000000000e+00 1.000000000000000021e-08 -2.217062326619118617e-01 -1.214502167245925746e+00
-2.217062326619118617e-01 -1.214502167245925746e+00 0.000000000000000000e+00 1.000000000000000021e-08 -2.823103141411670292e-01 -6.060408147925517852e-01
-2.823103141411670292e-01 -6.060408147925517852e-01 0.000000000000000000e+00 1.000000000000000021e-08 -2.977685103884638584e-01 -1.545819624729684594e-01
-2.977685103884638584e-01 -1.545819624729684594e-01 1.000000000000000000e+00 1.000000000000000021e-08 -3.610269001543447431e-01 -6.325838976588087359e-01
-3.610269001543447431e-01 -6.325838976588087359e-01 0.000000000000000000e+00 1.000000000000000021e-08 -4.016460407855874659e-01 -4.061914063124272278e-01
-4.016460407855874659e-01 -4.061914063124272278e-01 0.000000000000000000e+00 1.000000000000000021e-08 -4.330468030372163213e-01 -3.140076225162886092e-01
-4.330468030372163213e-01 -3.140076225162886092e-01 0.000000000000000000e+00 1.000000000000000021e-08 -4.483467158493209537e-01 -1.529991281210464349e-01
-4.483467158493209537e-01 -1.529991281210464349e-01 2.000000000000000000e+00 1.000000000000000021e-08 -6.158675342173175471e-01 -1.675208183679965934e+00
-6.158675342173175471e-01 -1.675208183679965934e+00 2.000000000000000000e+00 1.000000000000000021e-08 -9.514758184353437898e-01 -3.356082842180262205e+00
-9.514758184353437898e-01 -3.356082842180262205e+00 1.000000000000000000e+00 1.000000000000000021e-08 -1.402791386701334631e+00 -4.513155682659909296e+00
-1.402791386701334631e+00 -4.513155682659909296e+00 1.000000000000000000e+00 9.999000000000000110e-01 -1.570796326794896558e+00 -5.000000000000000000e+00
8.212844231091311065e-02 -1.199216175739870049e-03 1.000000000000000000e+00 1.000000000000000021e-08 1.030293222026328614e-01 2.090087989171974803e-01
1.030293222026328614e-01 2.090087989171974803e-01 2.000000000000000000e+00 1.000000000000000021e-08 4.327127244181713794e-02 -5.975804976081572351e-01
4.327127244181713794e-02 -5.975804976081572351e-01 1.000000000000000000e+00 1.000000000000000021e-08 -1.992282009239704221e-02 -6.319409253421417461e-01
-1.992282009239704221e-02 -6.319409253421417461e-01 2.000000000000000000e+00 1.000000000000000021e-08 -1.731129742654261838e-01 -1.531901541730291250e+00
-1.731129742654261838e-01 -1.531901541730291250e+00 2.000000000000000000e+00 1.000000000000000021e-08 -4.407710777100800614e-01 -2.676581034446538609e+00
-4.407710777100800614e-01 -2.676581034446538609e+00 0.000000000000000000e+00 1.000000000000000021e-08 -7.051568136650289143e-01 -2.643857359549488528e+00
-7.051568136650289143e-01 -2.643857359549488528e+00 2.000000000000000000e+00 1.000000000000000021e-08 -1.132324166071727589e+00 -4.271673524066985195e+00
-1.132324166071727589e+00 -4.271673524066985195e+00 1.000000000000000000e+00 9.999000000000000110e-01 -1.570796326794896558e+00 -5.000000000000000000e+00
8.034024717860771547e-03 3.470663424313593509e-03 1.000000000000000000e+00 1.000000000000000021e-08 1.849758081975587734e-02 1.046355610189510510e-01
1.849758081975587734e-02 1.046355610189510510e-01 1.000000000000000000e+00 1.000000000000000021e-08 4.616638291761788332e-02 2.766880209786200528e-01
4.616638291761788332e-02 2.766880209786200528e-01 0.000000000000000000e+00 1.000000000000000021e-08 1.709577655736700119e-01 1.247913826560521189e+00
1.709577655736700119e-01 1.247913826560521189e+00 0.000000000000000000e+00 1.000000000000000021e-08 4.042351368123821009e-01 2.332773712387120391e+00
4.042351368123821009e-01 2.332773712387120391e+00 2.000000000000000000e+00 1.000000000000000021e-08 6.298525242354817699e-01 2.256173874230996912e+00
6.298525242354817699e-01 2.256173874230996912e+00 0.000000000000000000e+00 1.000000000000000021e-08 1.012583908307223668e+00 3.827313840717419424e+00
1.012583908307223668e+00 3.827313840717419424e+00 0.000000000000000000e+00 1.000000000000000021e-08 1.560573002754965799e+00 5.000000000000000000e+00
1.560573002754965799e+00 5.000000000000000000e+00 2.000000000000000000e+00 9.999000000000000110e-01 1.570796326794896558e+00 5.000000000000000000e+00
4.584265672348836890e-02 4.542297617583555824e-02 2.000000000000000000e+00 1.000000000000000021e-08 -2.200340600182767309e-02 -6.784606272531603643e-01
-2.200340600182767309e-02 -6.784606272531603643e-01 2.000000000000000000e+00 1.000000000000000021e-08 -1.821374171607728909e-01 -1.601340111589451887e+00
-1.821374171607728909e-01 -1.601340111589451887e+00 0.000000000000000000e+00 1.000000000000000021e-08 -2.885409021051171807e-01 -1.064034849443442621e+00
-2.885409021051171807e-01 -1.064034849443442621e+00 0.000000000000000000e+00 1.000000000000000021e-08 -3.543192942489828412e-01 -6.577839214386567157e-01
-3.543192942489828412e-01 -6.577839214386567157e-01 1.000000000000000000e+00 1.000000000000000021e-08 -4.856758300783712290e-01 -1.313565358293883989e+00
-4.856758300783712290e-01 -1.313565358293883989e+00 2.000000000000000000e+00 1.000000000000000021e-08 -7.701890749766322486e-01 -2.845132448982610640e+00
-7.701890749766322486e-01 -2.845132448982610640e+00 2.000000000000000000e+00 1.000000000000000021e-08 -1.224542240082481692e+00 -4.543531651058493992e+00
-1.224542240082481692e+00 -4.543531651058493992e+00 1.000000000000000000e+00 9.999000000000000110e-01 -1.570796326794896558e+00 -5.000000000000000000e+00
1.126647883655684801e-02 5.589805818293373807e-02 2.000000000000000000e+00 1.000000000000000021e-08 -5.228586417398982389e-02 -6.355234301054667467e-01
-5.228586417398982389e-02 -6.355234301054667467e-01 2.000000000000000000e+00 1.000000000000000021e-08 -2.258286948960387952e-01 -1.735428307220489685e+00
-2.258286948960387952e-01 -1.735428307220489685e+00 2.000000000000000000e+00 1.000000000000000021e-08 -5.287740630320547641e-01 -3.029453681360158690e+00
-5.287740630320547641e-01 -3.029453681360158690e+00 2.000000000000000000e+00 1.000000000000000021e-08 -9.716751135651526816e-01 -4.429010505330979619e+00
-9.716751135651526816e-01 -4.429010505330979619e+00 1.000000000000000000e+00 1.000000000000000021e-08 -1.529452465911995240e+00 -5.000000000000000000e+00
-1.529452465911995240e+00 -5.000000000000000000e+00 2.000000000000000000e+00 9.999000000000000110e-01 -1.570796326794896558e+00 -5.000000000000000000e+00
5.511723617452748275e-02 7.884228767985786146e-03 2.000000000000000000e+00 1.000000000000000021e-08 -3.629174718619893741e-02 -9.140898336072641461e-01
-3.629174718619893741e-02 -9.140898336072641461e-01 2.000000000000000000e+00 1.000000000000000021e-08 -2.140862125235544478e-01 -1.777944653373555006e+00
-2.140862125235544478e-01 -1.777944653373555006e+00 0.000000000000000000e+00 1.000000000000000021e-08 -3.403493449274996863e-01 -1.262631324039451997e+00
-3.403493449274996863e-01 -1.262631324039451997e+00 2.000000000000000000e+00 1.000000000000000021e-08 -5.938657025927444044e-01 -2.535163576652446960e+00
-5.938657025927444044e-01 -2.535163576652446960e+00 0.000000000000000000e+00 1.000000000000000021e-08 -8.687237918084067534e-01 -2.748580892156623268e+00
-8.687237918084067534e-01 -2.748580892156623268e+00 1.000000000000000000e+00 1.000000000000000021e-08 -1.252177027966437262e+00 -3.834532361580304194e+00
-1.252177027966437262e+00 -3.834532361580304194e+00 2.000000000000000000e+00 9.999000000000000110e-01 -1.570796326794896558e+00 -5.000000000000000000e+00
2.082684794931810926e-02 -3.522976548996191448e-02 2.000000000000000000e+00 1.000000000000000021e-08 -6.047263893592463857e-02 -8.129948688524273326e-01
-6.047263893592463857e-02 -8.129948688524273326e-01 2.000000000000000000e+00 1.000000000000000021e-08 -2.327434451163575002e-01 -1.722708061804328450e+00
-2.327434451163575002e-01 -1.722708061804328450e+00 1.000000000000000000e+00 1.000000000000000021e-08 -4.520670112598798585e-01 -2.193235661435223527e+00
-4.520670112598798585e-01 -2.193235661435223527e+00 1.000000000000000000e+00 1.000000000000000021e-08 -7.503695421316067815e-01 -2.983025308717269120e+00
-7.503695421316067815e-01 -2.983025308717269120e+00 2.000000000000000000e+00 1.000000000000000021e-08 -1.208424817365862713e+00 -4.580552752342558875e+00
-1.208424817365862713e+00 -4.580552752342558875e+00 2.000000000000000000e+00 9.999000000000000110e-01 -1.570796326794896558e+00 -5.000000000000000000e+00
1.861536884456569188e-02 3.705560343154702674e-02 2.000000000000000000e+00 1.000000000000000021e-08 -6.881998081184553806e-02 -8.743534965641122092e-01
-6.881998081184553806e-02 -8.743534965641122092e-01 2.000000000000000000e+00 1.000000000000000021e-08 -2.608739419375468716e-01 -1.920539611257013002e+00
-2.608739419375468716e-01 -1.920539611257013002e+00 1.000000000000000000e+00 1.000000000000000021e-08 -4.791200861014559553e-01 -2.182461441639090616e+00
-4.791200861014559553e-01 -2.182461441639090616e+00 0.000000000000000000e+00 1.000000000000000021e-08 -6.909754053211936142e-01 -2.118553192197376589e+00
-6.909754053211936142e-01 -2.118553192197376589e+00 1.000000000000000000e+00 1.000000000000000021e-08 -1.011809599970895590e+00 -3.208341946497019315e+00
-1.011809599970895590e+00 -3.208341946497019315e+00 1.000000000000000000e+00 1.000000000000000021e-08 -1.449853691054877824e+00 -4.380440910839823232e+00
-1.449853691054877824e+00 -4.380440910839823232e+00 0.000000000000000000e+00 9.999000000000000110e-01 -1.570796326794896558e+00 -5.000000000000000000e+00
6.229246076961682255e-02 6.679707783287823497e-02 0.000000000000000000e+00 1.000000000000000021e-08 1.776032859363960159e-01 1.153108251667791739e+00
1.776032859363960159e-01 1.153108251667791739e+00 1.000000000000000000e+00 1.000000000000000021e-08 3.126353891585366140e-01 1.350321032221405870e+00
3.126353891585366140e-01 1.350321032221405870e+00 1.000000000000000000e+00 1.000000000000000021e-08 5.093992753128583351e-01 1.967638861543216766e+00
5.093992753128583351e-01 1.967638861543216766e+00 0.000000000000000000e+00 1.000000000000000021e-08 8.522039948884766458e-01 3.428047195756183108e+00
8.522039948884766458e-01 3.428047195756183108e+00 0.000000000000000000e+00 1.000000000000000021e-08 1.348655030520260922e+00 4.964510356317843431e+00
1.348655030520260922e+00 4.964510356317843431e+00 1.000000000000000000e+00 9.999000000000000110e-01 1.570796326794896558e+00 5.000000000000000000e+00
2.827654525605696745e-03 -6.768441271494048117e-02 0.000000000000000000e+00 1.000000000000000021e-08 9.231159299135384411e-02 8.948393846574814736e-01
9.231159299135384411e-02 8.948393846574814736e-01 0.000000000000000000e+00 1.000000000000000021e-08 2.855527026259361834e-01 1.932411096345823420e+00
2.855527026259361834e-01 1.932411096345823420e+00 2.000000000000000000e+00 1.000000000000000021e-08 4.358876833606646350e-01 1.503349807347284406e+00
4.358876833606646350e-01 1.503349807347284406e+00 1.000000000000000000e+00 1.000000000000000021e-08 6.509325392743177119e-01 2.150448559136530324e+00
6.509325392743177119e-01 2.150448559136530324e+00 0.000000000000000000e+00 1.000000000000000021e-08 1.038530010462674014e+00 3.875974711883563018e+00
1.038530010462674014e+00 3.875974711883563018e+00 1.000000000000000000e+00 1.000000000000000021e-08 1.541936598467518404e+00 5.000000000000000000e+00
1.541936598467518404e+00 5.000000000000000000e+00 0.000000000000000000e+00 9.999000000000000110e-01 1.570796326794896558e+00 5.000000000000000000e+00
-7.024875367499540391e-02 5.032291845896517263e-03 1.000000000000000000e+00 1.000000000000000021e-08 -7.117960698337560954e-02 -9.308533083802125740e-03
-7.117960698337560954e-02 -9.308533083802125740e-03 2.000000000000000000e+00 1.000000000000000021e-08 -1.821250103794565811e-01 -1.109454033960809660e+00
-1.821250103794565811e-01 -1.109454033960809660e+00 0.000000000000000000e+00 1.000000000000000021e-08 -2.475335076019174463e-01 -6.540849722246087072e-01
-2.475335076019174463e-01 -6.540849722246087072e-01 1.000000000000000000e+00 1.000000000000000021e-08 -3.494831699896655541e-01 -1.019496623877480745e+00
-3.494831699896655541e-01 -1.019496623877480745e+00 1.000000000000000000e+00 1.000000000000000021e-08 -4.968266627799015622e-01 -1.473434927902359970e+00
-4.968266627799015622e-01 -1.473434927902359970e+00 1.000000000000000000e+00 1.000000000000000021e-08 -7.177250565665682647e-01 -2.208983937866667357e+00
-7.177250565665682647e-01 -2.208983937866667357e+00 0.000000000000000000e+00 1.000000000000000021e-08 -9.866297482467066837e-01 -2.689046916801383968e+00
-9.866297482467066837e-01 -2.689046916801383968e+00 0.000000000000000000e+00 1.000000000000000021e-08 -1.339757885567300910e+00 -3.531281373205943375e+00
-1.339757885567300910e+00 -3.531281373205943375e+00 2.000000000000000000e+00 9.999000000000000110e-01 -1.570796326794896558e+00 -5.000000000000000000e+00
-1.008159863779608395e-03 -3.992404460128399363e-02 1.000000000000000000e+00 1.000000000000000021e-08 -1.019801268443307381e-02 -9.189852820653465759e-02
-1.019801268443307381e-02 -9.189852820653465759e-02 0.000000000000000000e+00 1.000000000000000021e-08 7.218307193269296596e-02 8.238108461712603248e-01
7.218307193269296596e-02 8.238108461712603248e-01 2.000000000000000000e+00 1.000000000000000021e-08 9.093135153709928920e-02 1.874827960440632602e-01
9.093135153709928920e-02 1.874827960440632602e-01 2.000000000000000000e+00 1.000000000000000021e-08 2.875913362403345608e-02 -6.217221791306583034e-01
2.875913362403345608e-02 -6.217221791306583034e-01 2.000000000000000000e+00 1.000000000000000021e-08 -1.212402645033111570e-01 -1.499993981273445964e+00
-1.212402645033111570e-01 -1.499993981273445964e+00 1.000000000000000000e+00 1.000000000000000021e-08 -2.825423610016870035e-01 -1.613020964983758354e+00
-2.825423610016870035e-01 -1.613020964983758354e+00 0.000000000000000000e+00 1.000000000000000021e-08 -4.200961410701482546e-01 -1.375537800684612399e+00
-4.200961410701482546e-01 -1.375537800684612399e+00 0.000000000000000000e+00 1.000000000000000021e-08 -5.576800834089393755e-01 -1.375839423387911209e+00
-5.576800834089393755e-01 -1.375839423387911209e+00 0.000000000000000000e+00 1.000000000000000021e-08 -7.019802855933195973e-01 -1.443002021843802218e+00
-7.019802855933195973e-01 -1.443002021843802218e+00 0.000000000000000000e+00 1.000000000000000021e-08 -8.929407846794823467e-01 -1.909604990861627716e+00
-8.929407846794823467e-01 -1.909604990861627716e+00 0.000000000000000000e+00 1.000000000000000021e-08 -1.157353890294502419e+00 -2.644131056150200720e+00
-1.157353890294502419e+00 -2.644131056150200720e+00 1.000000000000000000e+00 1.000000000000000021e-08 -1.554201348751736322e+00 -3.968474584572337704e+00
-1.554201348751736322e+00 -3.968474584572337704e+00 0.000000000000000000e+00 9.999000000000000110e-01 -1.570796326794896558e+00 -5.000000000000000000e+00
6.704373782360188716e-02 -2.542958233229720977e-02 0.000000000000000000e+00 1.000000000000000021e-08 1.814660067022525747e-01 1.144222688786506792e+00
1.814660067022525747e-01 1.144222688786506792e+00 2.000000000000000000e+00 1.000000000000000021e-08 2.431894511358221878e-01 6.172344443356959642e-01
2.431894511358221878e-01 6.172344443356959642e-01 2.000000000000000000e+00 1.000000000000000021e-08 2.761329729894174689e-01 3.294352185359530338e-01
2.761329729894174689e-01 3.294352185359530338e-01 0.000000000000000000e+00 1.000000000000000021e-08 4.470413435315482853e-01 1.709083705421307942e+00
4.470413435315482853e-01 1.709083705421307942e+00 1.000000000000000000e+00 1.000000000000000021e-08 6.782177823101820380e-01 2.311764387786337860e+00
6.782177823101820380e-01 2.311764387786337860e+00 1.000000000000000000e+00 1.000000000000000021e-08 1.008448477788248310e+00 3.302306954780662274e+00
1.008448477788248310e+00 3.302306954780662274e+00 0.000000000000000000e+00 1.000000000000000021e-08 1.495548058771228206e+00 4.870995809829797629e+00
1.495548058771228206e+00 4.870995809829797629e+00 2.000000000000000000e+00 9.999000000000000110e-01 1.570796326794896558e+00 5.000000000000000000e+00
3.557082591669046695e-03 -1.764807762748132197e-02 2.000000000000000000e+00 1.000000000000000021e-08 -8.124157390598038542e-02 -8.479865649764942725e-01
-8.124157390598038542e-02 -8.479865649764942725e-01 2.000000000000000000e+00 1.000000000000000021e-08 -2.696628988859682829e-01 -1.884213249799878920e+00
-2.696628988859682829e-01 -1.884213249799878920e+00 1.000000000000000000e+00 1.000000000000000021e-08 -4.906640134350110372e-01 -2.210011145490427431e+00
-4.906640134350110372e-01 -2.210011145490427431e+00 1.000000000000000000e+00 1.000000000000000021e-08 -7.754878956961098746e-01 -2.848238822610988485e+00
-7.754878956961098746e-01 -2.848238822610988485e+00 1.000000000000000000e+00 1.000000000000000021e-08 -1.171083348349266195e+00 -3.955954526531562543e+00
-1.171083348349266195e+00 -3.955954526531562543e+00 0.000000000000000000e+00 9.999000000000000110e-01 -1.570796326794896558e+00 -4.904692641549511123e+00
-1.178432951033572297e-02 2.234621574832940799e-02 2.000000000000000000e+00 1.000000000000000021e-08 -1.117893274763640254e-01 -1.000049979660282862e+00
-1.117893274763640254e-01 -1.000049979660282862e+00 2.000000000000000000e+00 1.000000000000000021e-08 -3.237815981710180369e-01 -2.119922706946540281e+00
-3.237815981710180369e-01 -2.119922706946540281e+00 2.000000000000000000e+00 1.000000000000000021e-08 -6.659259114266191659e-01 -3.421443132556010625e+00
-6.659259114266191659e-01 -3.421443132556010625e+00 2.000000000000000000e+00 1.000000000000000021e-08 -1.160561555862912098e+00 -4.946356444362930205e+00
-1.160561555862912098e+00 -4.946356444362930205e+00 0.000000000000000000e+00 9.999000000000000110e-01 -1.570796326794896558e+00 -5.000000000000000000e+00
-1.079785294633487519e-02 8.085569943185431929e-02 0.000000000000000000e+00 1.000000000000000021e-08 6.713473686148616060e-02 7.793258980782101775e-01
6.713473686148616060e-02 7.793258980782101775e-01 1.000000000000000000e+00 1.000000000000000021e-08 1.476752869955199887e-01 8.054055013403381702e-01
1.476752869955199887e-01 8.054055013403381702e-01 0.000000000000000000e+00 1.000000000000000021e-08 3.274134039829924014e-01 1.797381169874723961e+00
3.274134039829924014e-01 1.797381169874723961e+00 0.000000000000000000e+00 1.000000000000000021e-08 6.434293181728955036e-01 3.160159141899030910e+00
6.434293181728955036e-01 3.160159141899030910e+00 1.000000000000000000e+00 1.000000000000000021e-08 1.039064145812590212e+00 3.956348276396945529e+00
1.039064145812590212e+00 3.956348276396945529e+00 0.000000000000000000e+00 9.999000000000000110e-01 1.570796326794896558e+00 5.000000000000000000e+00
7.694585770161881111e-02 4.626012696457044993e-02 2.000000000000000000e+00 1.000000000000000021e-08 -3.903141067974028044e-03 -8.084899876959283915e-01
-3.903141067974028044e-03 -8.084899876959283915e-01 1.000000000000000000e+00 1.000000000000000021e-08 -8.552804388612568476e-02 -8.162490281815165671e-01
-8.552804388612568476e-02 -8.162490281815165671e-01 2.000000000000000000e+00 1.000000000000000021e-08 -2.550536755448371551e-01 -1.695256316587114398e+00
-2.550536755448371551e-01 -1.695256316587114398e+00 2.000000000000000000e+00 1.000000000000000021e-08 -5.421613326916471243e-01 -2.871076571468099470e+00
-5.421613326916471243e-01 -2.871076571468099470e+00 1.000000000000000000e+00 1.000000000000000021e-08 -9.225971876396423799e-01 -3.804358549479952334e+00
-9.225971876396423799e-01 -3.804358549479952334e+00 0.000000000000000000e+00 1.000000000000000021e-08 -1.361001280478655318e+00 -4.384040928390129821e+00
-1.361001280478655318e+00 -4.384040928390129821e+00 0.000000000000000000e+00 9.999000000000000110e-01 -1.570796326794896558e+00 -5.000000000000000000e+00
-7.905499605832512489e-02 8.312411921595867781e-04 2.000000000000000000e+00 1.000000000000000021e-08 -1.695206848803584021e-01 -9.046568882203327444e-01
-1.695206848803584021e-01 -9.046568882203327444e-01 2.000000000000000000e+00 1.000000000000000021e-08 -3.878355258887364876e-01 -2.183148410083780355e+00
-3.878355258887364876e-01 -2.183148410083780355e+00 0.000000000000000000e+00 1.000000000000000021e-08 -6.005858197100331086e-01 -2.127502938212965766e+00
-6.005858197100331086e-01 -2.127502938212965766e+00 1.000000000000000000e+00 1.000000000000000021e-08 -9.135278178867769494e-01 -3.129419981767437964e+00
-9.135278178867769494e-01 -3.129419981767437964e+00 0.000000000000000000e+00 1.000000000000000021e-08 -1.302624192176977003e+00 -3.890963742902000977e+00
-1.302624192176977003e+00 -3.890963742902000977e+00 1.000000000000000000e+00 9.999000000000000110e-01 -1.570796326794896558e+00 -5.000000000000000000e+00
5.220769310175354255e-02 -7.499318452163244997e-02 1.000000000000000000e+00 1.000000000000000021e-08 4.329888650621694507e-02 -8.908806595536596096e-02
4.329888650621694507e-02 -8.908806595536596096e-02 0.000000000000000000e+00 1.000000000000000021e-08 1.355308784354190277e-01 9.223199192920207290e-01
1.355308784354190277e-01 9.223199192920207290e-01 2.000000000000000000e+00 1.000000000000000021e-08 1.768491262698887734e-01 4.131824783446974569e-01
1.768491262698887734e-01 4.131824783446974569e-01 1.000000000000000000e+00 1.000000000000000021e-08 2.367570760392292417e-01 5.990794976934046279e-01
2.367570760392292417e-01 5.990794976934046279e-01 2.000000000000000000e+00 1.000000000000000021e-08 2.407662050840673196e-01 4.009129044838066758e-02
2.407662050840673196e-01 4.009129044838066758e-02 1.000000000000000000e+00 1.000000000000000021e-08 2.742396272017089687e-01 3.347342211764166020e-01
2.742396272017089687e-01 3.347342211764166020e-01 2.000000000000000000e+00 1.000000000000000021e-08 2.818612382048109599e-01 7.621611003101985693e-02
2.818612382048109599e-01 7.621611003101985693e-02 2.000000000000000000e+00 1.000000000000000021e-08 2.610330541759564582e-01 -2.082818402885451281e-01
2.610330541759564582e-01 -2.082818402885451281e-01 2.000000000000000000e+00 1.000000000000000021e-08 1.982275908562575739e-01 -6.280546331969886209e-01
1.982275908562575739e-01 -6.280546331969886209e-01 2.000000000000000000e+00 1.000000000000000021e-08 8.879787157137467024e-02 -1.094297192848828981e+00
8.879787157137467024e-02 -1.094297192848828981e+00 1.000000000000000000e+00 1.000000000000000021e-08 -4.558609332933685754e-03 -9.335648090430834767e-01
-4.558609332933685754e-03 -9.335648090430834767e-01 0.000000000000000000e+00 1.000000000000000021e-08 2.983139667174759119e-03 7.541749000108444179e-02
2.983139667174759119e-03 7.541749000108444179e-02 0.000000000000000000e+00 1.000000000000000021e-08 9.186309526433560080e-02 8.887995559716084237e-01
9.186309526433560080e-02 8.887995559716084237e-01 2.000000000000000000e+00 1.000000000000000021e-08 1.145328243923367240e-01 2.266972912800111484e-01
1.145328243923367240e-01 2.266972912800111484e-01 0.000000000000000000e+00 1.000000000000000021e-08 2.415984431106574237e-01 1.270656187183206942e+00
2.415984431106574237e-01 1.270656187183206942e+00 1.000000000000000000e+00 1.000000000000000021e-08 4.156889459571640466e-01 1.740905028465066007e+00
4.156889459571640466e-01 1.740905028465066007e+00 1.000000000000000000e+00 1.000000000000000021e-08 6.475914186367324188e-01 2.319024726795683389e+00
6.475914186367324188e-01 2.319024726795683389e+00 0.000000000000000000e+00 1.000000000000000021e-08 1.029327914364633223e+00 3.817364957279007154e+00
1.029327914364633223e+00 3.817364957279007154e+00 2.000000000000000000e+00 1.000000000000000021e-08 1.492117098687479215e+00 4.627891843228459479e+00
1.492117098687479215e+00 4.627891843228459479e+00 1.000000000000000000e+00 9.999000000000000110e-01 1.570796326794896558e+00 5.000000000000000000e+00
-1.252384842639011134e-02 -4.197134977864607625e-02 0.000000000000000000e+00 1.000000000000000021e-08 8.011846893584272100e-02 9.264231736223282887e-01
8.011846893584272100e-02 9.264231736223282887e-01 2.000000000000000000e+00 1.000000000000000021e-08 9.301343992892995016e-02 1.289497099308722916e-01
9.301343992892995016e-02 1.289497099308722916e-01 2.000000000000000000e+00 1.000000000000000021e-08 1.684171218054551777e-02 -7.617172774838442129e-01
1.684171218054551777e-02 -7.617172774838442129e-01 2.000000000000000000e+00 1.000000000000000021e-08 -1.458540071181814168e-01 -1.626957192987269263e+00
-1.458540071181814168e-01 -1.626957192987269263e+00 0.000000000000000000e+00 1.000000000000000021e-08 -2.313578898726446620e-01 -8.550388275446323405e-01
-2.313578898726446620e-01 -8.550388275446323405e-01 0.000000000000000000e+00 1.000000000000000021e-08 -2.692417531543601639e-01 -3.788386328171550188e-01
-2.692417531543601639e-01 -3.788386328171550188e-01 2.000000000000000000e+00 1.000000000000000021e-08 -4.456319444293314058e-01 -1.763901912749711975e+00
-4.456319444293314058e-01 -1.763901912749711975e+00 0.000000000000000000e+00 1.000000000000000021e-08 -6.021940579647608871e-01 -1.565621135354294369e+00
-6.021940579647608871e-01 -1.565621135354294369e+00 2.000000000000000000e+00 1.000000000000000021e-08 -9.099344021343467315e-01 -3.077403441695858000e+00
-9.099344021343467315e-01 -3.077403441695858000e+00 2.000000000000000000e+00 1.000000000000000021e-08 -1.376980189810793398e+00 -4.670457876764466221e+00
-1.376980189810793398e+00 -4.670457876764466221e+00 2.000000000000000000e+00 9.999000000000000110e-01 -1.570796326794896558e+00 -5.000000000000000000e+00
3.018689900474642515e-02 1.303280005591204993e-02 2.000000000000000000e+00 1.000000000000000021e-08 -6.742921122906808673e-02 -9.761611023381451258e-01
-6.742921122906808673e-02 -9.761611023381451258e-01 1.000000000000000000e+00 1.000000000000000021e-08 -1.749970145694538792e-01 -1.075678033403858036e+00
-1.749970145694538792e-01 -1.075678033403858036e+00 1.000000000000000000e+00 1.000000000000000021e-08 -2.978023134743195133e-01 -1.228052989048656229e+00
-2.978023134743195133e-01 -1.228052989048656229e+00 1.000000000000000000e+00 1.000000000000000021e-08 -4.824865763770099791e-01 -1.846842629026904881e+00
-4.824865763770099791e-01 -1.846842629026904881e+00 2.000000000000000000e+00 1.000000000000000021e-08 -8.267869221035155647e-01 -3.443003457265055633e+00
-8.267869221035155647e-01 -3.443003457265055633e+00 1.000000000000000000e+00 1.000000000000000021e-08 -1.271654534310702855e+00 -4.448676122071872463e+00
-1.271654534310702855e+00 -4.448676122071872463e+00 0.000000000000000000e+00 9.999000000000000110e-01 -1.570796326794896558e+00 -5.000000000000000000e+00
3.602604394396329013e-02 -5.013940661818282185e-02 0.000000000000000000e+00 1.000000000000000021e-08 1.412457724811976290e-01 1.052197285372343138e+00
1.412457724811976290e-01 1.052197285372343138e+00 0.000000000000000000e+00 1.000000000000000021e-08 3.422714170716617543e-01 2.010256445904641254e+00
3.422714170716617543e-01 2.010256445904641254e+00 0.000000000000000000e+00 1.000000000000000021e-08 6.879809081375214408e-01 3.457094910658596199e+00
6.879809081375214408e-01 3.457094910658596199e+00 1.000000000000000000e+00 1.000000000000000021e-08 1.131446660786419312e+00 4.434657526488978263e+00
1.131446660786419312e+00 4.434657526488978263e+00 1.000000000000000000e+00 9.999000000000000110e-01 1.570796326794896558e+00 5.000000000000000000e+00
-3.672594047989466426e-02 -1.721776336198846055e-02 2.000000000000000000e+00 1.000000000000000021e-08 -1.453536022248408111e-01 -1.086276617449461357e+00
-1.453536022248408111e-01 -1.086276617449461357e+00 1.000000000000000000e+00 1.000000000000000021e-08 -2.763743548510694259e-01 -1.310207526262286093e+00
-2.763743548510694259e-01 -1.310207526262286093e+00 2.000000000000000000e+00 1.000000000000000021e-08 -5.207048661342991158e-01 -2.443305112832296455e+00
-5.207048661342991158e-01 -2.443305112832296455e+00 2.000000000000000000e+00 1.000000000000000021e-08 -9.132768733859419896e-01 -3.925720072516428072e+00
-9.132768733859419896e-01 -3.925720072516428072e+00 0.000000000000000000e+00 1.000000000000000021e-08 -1.361028457404292125e+00 -4.477515840183500906e+00
-1.361028457404292125e+00 -4.477515840183500906e+00 0.000000000000000000e+00 9.999000000000000110e-01 -1.570796326794896558e+00 -5.000000000000000000e+00
-6.083386777071307649e-02 5.209067637715490695e-02 2.000000000000000000e+00 1.000000000000000021e-08 -1.487820864263824094e-01 -8.794821865566930796e-01
-1.487820864263824094e-01 -8.794821865566930796e-01 0.000000000000000000e+00 1.000000000000000021e-08 -1.592128896094154034e-01 -1.043080318303299947e-01
