-5.605632938766969692e-02 6.853284438552971480e-02 1.000000000000000000e+00 1.000000000000000021e-08 -7.248544794457796592e-02 -1.642911855690827316e-01
-7.248544794457796592e-02 -1.642911855690827316e-01 0.000000000000000000e+00 1.000000000000000021e-08 -5.895062969590456059e-03 6.659038497498750431e-01
-5.895062969590456059e-03 6.659038497498750431e-01 0.000000000000000000e+00 1.000000000000000021e-08 1.426575720615873011e-01 1.485526350311777488e+00
1.426575720615873011e-01 1.485526350311777488e+00 2.000000000000000000e+00 1.000000000000000021e-08 2.443786555794722481e-01 1.017210835178849360e+00
2.443786555794722481e-01 1.017210835178849360e+00 1.000000000000000000e+00 1.000000000000000021e-08 3.841122605003844948e-01 1.397336049209122688e+00
3.841122605003844948e-01 1.397336049209122688e+00 2.000000000000000000e+00 1.000000000000000021e-08 4.987439905895013625e-01 1.146317300891168900e+00
4.987439905895013625e-01 1.146317300891168900e+00 0.000000000000000000e+00 1.000000000000000021e-08 7.737338885773104025e-01 2.749898979878089733e+00
7.737338885773104025e-01 2.749898979878089733e+00 2.000000000000000000e+00 1.000000000000000021e-08 1.098296787202151847e+00 3.245628986248415337e+00
1.098296787202151847e+00 3.245628986248415337e+00 2.000000000000000000e+00 1.000000000000000021e-08 1.515051630066638566e+00 4.167548428644867187e+00
1.515051630066638566e+00 4.167548428644867187e+00 1.000000000000000000e+00 9.999000000000000110e-01 1.570796326794896558e+00 5.000000000000000000e+00
-3.232380555716208442e-02 5.953670987693591293e-02 0.000000000000000000e+00 1.000000000000000021e-08 6.208877895839975264e-02 9.441258451556183706e-01
6.208877895839975264e-02 9.441258451556183706e-01 0.000000000000000000e+00 1.000000000000000021e-08 2.685030952429134365e-01 2.064143162845136992e+00
2.685030952429134365e-01 2.064143162845136992e+00 1.000000000000000000e+00 1.000000000000000021e-08 5.345946552683829012e-01 2.660915600254694091e+00
5.345946552683829012e-01 2.660915600254694091e+00 2.000000000000000000e+00 1.000000000000000021e-08 8.040431496663438260e-01 2.694484943979608360e+00
8.040431496663438260e-01 2.694484943979608360e+00 1.000000000000000000e+00 1.000000000000000021e-08 1.171023110516260957e+00 3.669799608499170418e+00
1.171023110516260957e+00 3.669799608499170418e+00 1.000000000000000000e+00 9.999000000000000110e-01 1.570796326794896558e+00 4.942149242325609038e+00
5.794187552397576935e-02 -7.226368384838412207e-02 1.000000000000000000e+00 1.000000000000000021e-08 5.559312928888401895e-02 -2.348746235091750401e-02
5.559312928888401895e-02 -2.348746235091750401e-02 1.000000000000000000e+00 1.000000000000000021e-08 7.724792077944397928e-02 2.165479149055996033e-01
7.724792077944397928e-02 2.165479149055996033e-01 2.000000000000000000e+00 1.000000000000000021e-08 2.755022171767453065e-02 -4.969769906176944585e-01
2.755022171767453065e-02 -4.969769906176944585e-01 1.000000000000000000e+00 1.000000000000000021e-08 -8.667774349207402196e-03 -3.621799606688193007e-01
-8.667774349207402196e-03 -3.621799606688193007e-01 0.000000000000000000e+00 1.000000000000000021e-08 4.482359181377129631e-02 5.349136616297869296e-01
4.482359181377129631e-02 5.349136616297869296e-01 0.000000000000000000e+00 1.000000000000000021e-08 2.074685346758986804e-01 1.626449428621273841e+00
2.074685346758986804e-01 1.626449428621273841e+00 2.000000000000000000e+00 1.000000000000000021e-08 3.278165824273333584e-01 1.203480477514346836e+00
3.278165824273333584e-01 1.203480477514346836e+00 0.000000000000000000e+00 1.000000000000000021e-08 5.720848018095352483e-01 2.442682193822018455e+00
5.720848018095352483e-01 2.442682193822018455e+00 1.000000000000000000e+00 1.000000000000000021e-08 8.872182885440842437e-01 3.151334867345489066e+00
8.872182885440842437e-01 3.151334867345489066e+00 1.000000000000000000e+00 1.000000000000000021e-08 1.314401992582505230e+00 4.271837040384210304e+00
1.314401992582505230e+00 4.271837040384210304e+00 0.000000000000000000e+00 9.999000000000000110e-01 1.570796326794896558e+00 5.000000000000000000e+00
9.867707291402287584e-03 5.670618410366570772e-02 1.000000000000000000e+00 1.000000000000000021e-08 1.896557954325346629e-02 9.097872251851177317e-02
1.896557954325346629e-02 9.097872251851177317e-02 2.000000000000000000e+00 1.000000000000000021e-08 -5.761746404200097926e-02 -7.658304358525444000e-01
-5.761746404200097926e-02 -7.658304358525444000e-01 1.000000000000000000e+00 1.000000000000000021e-08 -1.296382340568279223e-01 -7.202077001482694030e-01
-1.296382340568279223e-01 -7.202077001482694030e-01 2.000000000000000000e+00 1.000000000000000021e-08 -3.002821776115592867e-01 -1.706439435547313588e+00
-3.002821776115592867e-01 -1.706439435547313588e+00 1.000000000000000000e+00 1.000000000000000021e-08 -5.176225538913310498e-01 -2.173403762797716965e+00
-5.176225538913310498e-01 -2.173403762797716965e+00 2.000000000000000000e+00 1.000000000000000021e-08 -8.943079650684649939e-01 -3.766854111771339220e+00
-8.943079650684649939e-01 -3.766854111771339220e+00 2.000000000000000000e+00 1.000000000000000021e-08 -1.437239608120593592e+00 -5.000000000000000000e+00
-1.437239608120593592e+00 -5.000000000000000000e+00 0.000000000000000000e+00 9.999000000000000110e-01 -1.570796326794896558e+00 -5.000000000000000000e+00
-5.573447537542815244e-02 -1.589990893403606803e-02 2.000000000000000000e+00 1.000000000000000021e-08 -1.621401887503892136e-01 -1.064057133749610751e+00
-1.621401887503892136e-01 -1.064057133749610751e+00 0.000000000000000000e+00 1.000000000000000021e-08 -1.953725456286395379e-01 -3.323235687825032425e-01
-1.953725456286395379e-01 -3.323235687825032425e-01 1.000000000000000000e+00 1.000000000000000021e-08 -2.472002965685826115e-01 -5.182775093994308468e-01
-2.472002965685826115e-01 -5.182775093994308468e-01 0.000000000000000000e+00 1.000000000000000021e-08 -2.563983017202482451e-01 -9.198005151665661350e-02
-2.563983017202482451e-01 -9.198005151665661350e-02 1.000000000000000000e+00 1.000000000000000021e-08 -3.202854346026440258e-01 -6.388713288239575849e-01
-3.202854346026440258e-01 -6.388713288239575849e-01 0.000000000000000000e+00 1.000000000000000021e-08 -3.392231496797514789e-01 -1.893771507710746427e-01
-3.392231496797514789e-01 -1.893771507710746427e-01 0.000000000000000000e+00 1.000000000000000021e-08 -3.224727318135650611e-01 1.675041786618642337e-01
-3.224727318135650611e-01 1.675041786618642337e-01 0.000000000000000000e+00 1.000000000000000021e-08 -2.701223396848217995e-01 5.235039212874323944e-01
-2.701223396848217995e-01 5.235039212874323944e-01 1.000000000000000000e+00 1.000000000000000021e-08 -2.718861459787491053e-01 -1.763806293927328017e-02
-2.718861459787491053e-01 -1.763806293927328017e-02 0.000000000000000000e+00 1.000000000000000021e-08 -2.278344962175379851e-01 4.405164976121110354e-01
-2.278344962175379851e-01 4.405164976121110354e-01 1.000000000000000000e+00 1.000000000000000021e-08 -2.234739339302644623e-01 4.360562287273517246e-02
-2.234739339302644623e-01 4.360562287273517246e-02 0.000000000000000000e+00 1.000000000000000021e-08 -1.818376553644092397e-01 4.163627856585522258e-01
-1.818376553644092397e-01 4.163627856585522258e-01 2.000000000000000000e+00 1.000000000000000021e-08 -2.558586701214646264e-01 -7.402101475705539224e-01
-2.558586701214646264e-01 -7.402101475705539224e-01 1.000000000000000000e+00 1.000000000000000021e-08 -3.729266270433581054e-01 -1.170679569218934457e+00
-3.729266270433581054e-01 -1.170679569218934457e+00 1.000000000000000000e+00 1.000000000000000021e-08 -5.642800525865245831e-01 -1.913534255431665221e+00
-5.642800525865245831e-01 -1.913534255431665221e+00 0.000000000000000000e+00 1.000000000000000021e-08 -7.832986529830080480e-01 -2.190186003964834871e+00
-7.832986529830080480e-01 -2.190186003964834871e+00 1.000000000000000000e+00 1.000000000000000021e-08 -1.117885039124125957e+00 -3.345863861411179752e+00
-1.117885039124125957e+00 -3.345863861411179752e+00 1.000000000000000000e+00 9.999000000000000110e-01 -1.570796326794896558e+00 -4.694435633136594177e+00
5.017097724249471036e-02 1.909685303878101009e-02 0.000000000000000000e+00 1.000000000000000021e-08 1.564322086084302121e-01 1.062612313659355046e+00
1.564322086084302121e-01 1.062612313659355046e+00 0.000000000000000000e+00 1.000000000000000021e-08 3.718079278510990626e-01 2.153757192426688061e+00
3.718079278510990626e-01 2.153757192426688061e+00 2.000000000000000000e+00 1.000000000000000021e-08 5.646456483831374662e-01 1.928377205320383814e+00
5.646456483831374662e-01 1.928377205320383814e+00 2.000000000000000000e+00 1.000000000000000021e-08 7.839183496891505287e-01 2.192727013060130403e+00
7.839183496891505287e-01 2.192727013060130403e+00 0.000000000000000000e+00 1.000000000000000021e-08 1.177963186751303626e+00 3.940448370621530749e+00
1.177963186751303626e+00 3.940448370621530749e+00 0.000000000000000000e+00 9.999000000000000110e-01 1.570796326794896558e+00 5.000000000000000000e+00
-4.836221672993792908e-02 -1.798644768178868023e-02 0.000000000000000000e+00 1.000000000000000021e-08 1.878472068896425151e-02 6.714693741890217504e-01
1.878472068896425151e-02 6.714693741890217504e-01 2.000000000000000000e+00 1.000000000000000021e-08 -4.791880399998761642e-03 -2.357660108896301177e-01
-4.791880399998761642e-03 -2.357660108896301177e-01 2.000000000000000000e+00 1.000000000000000021e-08 -1.161485203804706046e-01 -1.113566399804718277e+00
-1.161485203804706046e-01 -1.113566399804718277e+00 0.000000000000000000e+00 1.000000000000000021e-08 -1.760094543425085312e-01 -5.986093396203793215e-01
-1.760094543425085312e-01 -5.986093396203793215e-01 2.000000000000000000e+00 1.000000000000000021e-08 -3.687245581732176980e-01 -1.927151038307091779e+00
-3.687245581732176980e-01 -1.927151038307091779e+00 1.000000000000000000e+00 1.000000000000000021e-08 -6.176294191902109709e-01 -2.489048610169932729e+00
-6.176294191902109709e-01 -2.489048610169932729e+00 1.000000000000000000e+00 1.000000000000000021e-08 -9.543162471180668405e-01 -3.366868279278558695e+00
-9.543162471180668405e-01 -3.366868279278558695e+00 1.000000000000000000e+00 1.000000000000000021e-08 -1.408608360257469050e+00 -4.542921131394022538e+00
-1.408608360257469050e+00 -4.542921131394022538e+00 0.000000000000000000e+00 9.999000000000000110e-01 -1.570796326794896558e+00 -5.000000000000000000e+00
5.302476259252715540e-02 -4.977219047548608888e-03 0.000000000000000000e+00 1.000000000000000021e-08 1.598291152754449107e-01 1.068043526829177692e+00
1.598291152754449107e-01 1.068043526829177692e+00 1.000000000000000000e+00 1.000000000000000021e-08 3.046854799910297951e-01 1.448563647155848511e+00
3.046854799910297951e-01 1.448563647155848511e+00 1.000000000000000000e+00 1.000000000000000021e-08 4.957164979608203459e-01 1.910310179697905397e+00
4.957164979608203459e-01 1.910310179697905397e+00 0.000000000000000000e+00 1.000000000000000021e-08 8.270181063155359613e-01 3.313016083547155155e+00
8.270181063155359613e-01 3.313016083547155155e+00 2.000000000000000000e+00 1.000000000000000021e-08 1.213891546064601812e+00 3.868734397490657173e+00
1.213891546064601812e+00 3.868734397490657173e+00 0.000000000000000000e+00 9.999000000000000110e-01 1.570796326794896558e+00 5.000000000000000000e+00
-2.052523448702704700e-02 -1.773948587548038885e-02 2.000000000000000000e+00 1.000000000000000021e-08 -9.671559313508562572e-02 -7.619035864805857594e-01
-9.671559313508562572e-02 -7.619035864805857594e-01 1.000000000000000000e+00 1.000000000000000021e-08 -1.928216145345020005e-01 -9.610602139941636368e-01
-1.928216145345020005e-01 -9.610602139941636368e-01 2.000000000000000000e+00 1.000000000000000021e-08 -4.166958790168382443e-01 -2.238742644823362493e+00
-4.166958790168382443e-01 -2.238742644823362493e+00 0.000000000000000000e+00 1.000000000000000021e-08 -6.281273853206594815e-01 -2.114315063038212816e+00
-6.281273853206594815e-01 -2.114315063038212816e+00 0.000000000000000000e+00 1.000000000000000021e-08 -8.564345115541626141e-01 -2.283071262335031104e+00
-8.564345115541626141e-01 -2.283071262335031104e+00 0.000000000000000000e+00 1.000000000000000021e-08 -1.148606563604058550e+00 -2.921720520498958251e+00
-1.148606563604058550e+00 -2.921720520498958251e+00 1.000000000000000000e+00 9.999000000000000110e-01 -1.570796326794896558e+00 -4.245846454066477982e+00
-8.413263967993965531e-02 -2.161897115488109825e-02 1.000000000000000000e+00 1.000000000000000021e-08 -9.069772787606471265e-02 -6.565088196125051789e-02
-9.069772787606471265e-02 -6.565088196125051789e-02 0.000000000000000000e+00 1.000000000000000021e-08 -1.825576530236394657e-02 7.244196257370076886e-01
-1.825576530236394657e-02 7.244196257370076886e-01 0.000000000000000000e+00 1.000000000000000021e-08 1.564099695242304189e-01 1.746657348265943543e+00
1.564099695242304189e-01 1.746657348265943543e+00 2.000000000000000000e+00 1.000000000000000021e-08 2.749789220133675993e-01 1.185689524891371693e+00
2.749789220133675993e-01 1.185689524891371693e+00 0.000000000000000000e+00 1.000000000000000021e-08 5.295366830220995524e-01 2.545577610087319531e+00
5.295366830220995524e-01 2.545577610087319531e+00 2.000000000000000000e+00 1.000000000000000021e-08 7.858909911324772901e-01 2.563543081103777155e+00
7.858909911324772901e-01 2.563543081103777155e+00 0.000000000000000000e+00 1.000000000000000021e-08 1.211188451843324909e+00 4.252974607108477301e+00
1.211188451843324909e+00 4.252974607108477301e+00 1.000000000000000000e+00 9.999000000000000110e-01 1.570796326794896558e+00 5.000000000000000000e+00
-6.580292512717569875e-02 -3.486424292178864903e-02 1.000000000000000000e+00 1.000000000000000021e-08 -8.666600762871105867e-02 -2.086308250153535715e-01
-8.666600762871105867e-02 -2.086308250153535715e-01 2.000000000000000000e+00 1.000000000000000021e-08 -2.224940569025418702e-01 -1.358280492738308087e+00
-2.224940569025418702e-01 -1.358280492738308087e+00 0.000000000000000000e+00 1.000000000000000021e-08 -3.231883197685033737e-01 -1.006942628659614813e+00
-3.231883197685033737e-01 -1.006942628659614813e+00 1.000000000000000000e+00 1.000000000000000021e-08 -4.893518086035433812e-01 -1.661634888350399963e+00
-4.893518086035433812e-01 -1.661634888350399963e+00 1.000000000000000000e+00 1.000000000000000021e-08 -7.260702122604766329e-01 -2.367184036569332406e+00
-7.260702122604766329e-01 -2.367184036569332406e+00 1.000000000000000000e+00 1.000000000000000021e-08 -1.059355798299101314e+00 -3.332855860386247038e+00
-1.059355798299101314e+00 -3.332855860386247038e+00 2.000000000000000000e+00 1.000000000000000021e-08 -1.549466996481305925e+00 -4.901111981822046104e+00
-1.549466996481305925e+00 -4.901111981822046104e+00 0.000000000000000000e+00 9.999000000000000110e-01 -1.570796326794896558e+00 -5.000000000000000000e+00
2.975119584301258446e-02 -4.507461033037424986e-02 1.000000000000000000e+00 1.000000000000000021e-08 1.906950640172360226e-02 -1.068168944128898151e-01
1.906950640172360226e-02 -1.068168944128898151e-01 2.000000000000000000e+00 1.000000000000000021e-08 -7.191996716472694173e-02 -9.098947356645054052e-01
-7.191996716472694173e-02 -9.098947356645054052e-01 2.000000000000000000e+00 1.000000000000000021e-08 -2.578075823942533873e-01 -1.858876152295264372e+00
-2.578075823942533873e-01 -1.858876152295264372e+00 1.000000000000000000e+00 1.000000000000000021e-08 -4.997017455146431364e-01 -2.418941631203897380e+00
-4.997017455146431364e-01 -2.418941631203897380e+00 0.000000000000000000e+00 1.000000000000000021e-08 -7.564945582243030042e-01 -2.567928127096598345e+00
-7.564945582243030042e-01 -2.567928127096598345e+00 0.000000000000000000e+00 1.000000000000000021e-08 -1.056488101515153266e+00 -2.999935432908502175e+00
-1.056488101515153266e+00 -2.999935432908502175e+00 1.000000000000000000e+00 1.000000000000000021e-08 -1.479687093493702976e+00 -4.231989919785497101e+00
-1.479687093493702976e+00 -4.231989919785497101e+00 1.000000000000000000e+00 9.999000000000000110e-01 -1.570796326794896558e+00 -5.000000000000000000e+00
5.024883441917503413e-02 7.502900999702145912e-02 1.000000000000000000e+00 1.000000000000000021e-08 6.468104189090936873e-02 1.443220747173433183e-01
6.468104189090936873e-02 1.443220747173433183e-01 2.000000000000000000e+00 1.000000000000000021e-08 5.083956674107270590e-03 -5.959708521680209259e-01
5.083956674107270590e-03 -5.959708521680209259e-01 1.000000000000000000e+00 1.000000000000000021e-08 -5.134839813799393915e-02 -5.643235481210120419e-01
-5.134839813799393915e-02 -5.643235481210120419e-01 0.000000000000000000e+00 1.000000000000000021e-08 -3.590690942009523712e-02 1.544148871789869926e-01
-3.590690942009523712e-02 1.544148871789869926e-01 1.000000000000000000e+00 1.000000000000000021e-08 -4.012375132288244217e-02 -4.216841902787207830e-02
-4.012375132288244217e-02 -4.216841902787207830e-02 2.000000000000000000e+00 1.000000000000000021e-08 -1.231273405671717697e-01 -8.300358924428932195e-01
-1.231273405671717697e-01 -8.300358924428932195e-01 2.000000000000000000e+00 1.000000000000000021e-08 -3.210158066196000526e-01 -1.978884660524282690e+00
-3.210158066196000526e-01 -1.978884660524282690e+00 2.000000000000000000e+00 1.000000000000000021e-08 -6.677245016530175548e-01 -3.467086950334175466e+00
-6.677245016530175548e-01 -3.467086950334175466e+00 1.000000000000000000e+00 1.000000000000000021e-08 -1.092466576366902142e+00 -4.247420747138846764e+00
-1.092466576366902142e+00 -4.247420747138846764e+00 0.000000000000000000e+00 9.999000000000000110e-01 -1.570796326794896558e+00 -5.000000000000000000e+00
6.871241842027830948e-02 -5.653852841520638772e-02 0.000000000000000000e+00 1.000000000000000021e-08 1.670703624968460921e-01 9.835794407656776039e-01
1.670703624968460921e-01 9.835794407656776039e-01 0.000000000000000000e+00 1.000000000000000021e-08 3.637729410882259429e-01 1.967025785913798508e+00
3.637729410882259429e-01 1.967025785913798508e+00 1.000000000000000000e+00 1.000000000000000021e-08 6.089108831819364243e-01 2.451379420937104481e+00
6.089108831819364243e-01 2.451379420937104481e+00 0.000000000000000000e+00 1.000000000000000021e-08 1.015502274494798796e+00 4.065913913128623491e+00
1.015502274494798796e+00 4.065913913128623491e+00 1.000000000000000000e+00 1.000000000000000021e-08 1.534439952271676066e+00 5.000000000000000000e+00
1.534439952271676066e+00 5.000000000000000000e+00 0.000000000000000000e+00 9.999000000000000110e-01 1.570796326794896558e+00 5.000000000000000000e+00
5.483122854357588144e-02 -5.695895397781323977e-02 1.000000000000000000e+00 1.000000000000000021e-08 6.312726642006012689e-02 8.296037876484245455e-02
6.312726642006012689e-02 8.296037876484245455e-02 2.000000000000000000e+00 1.000000000000000021e-08 -1.524420180655959578e-02 -7.837146822661972267e-01
-1.524420180655959578e-02 -7.837146822661972267e-01 1.000000000000000000e+00 1.000000000000000021e-08 -1.100217214029241275e-01 -9.477751959636452339e-01
-1.100217214029241275e-01 -9.477751959636452339e-01 1.000000000000000000e+00 1.000000000000000021e-08 -2.404509122783267117e-01 -1.304291908754025675e+00
-2.404509122783267117e-01 -1.304291908754025675e+00 0.000000000000000000e+00 1.000000000000000021e-08 -3.120844142912005958e-01 -7.163350201287389529e-01
-3.120844142912005958e-01 -7.163350201287389529e-01 0.000000000000000000e+00 1.000000000000000021e-08 -3.676551299126996075e-01 -5.557071562149902277e-01
-3.676551299126996075e-01 -5.557071562149902277e-01 0.000000000000000000e+00 1.000000000000000021e-08 -4.124533017208964480e-01 -4.479817180819686273e-01
-4.124533017208964480e-01 -4.479817180819686273e-01 1.000000000000000000e+00 1.000000000000000021e-08 -5.131755511067626063e-01 -1.007222493858662027e+00
-5.131755511067626063e-01 -1.007222493858662027e+00 1.000000000000000000e+00 1.000000000000000021e-08 -6.807979521022629044e-01 -1.676224009955003202e+00
-6.807979521022629044e-01 -1.676224009955003202e+00 1.000000000000000000e+00 1.000000000000000021e-08 -9.416841872566705796e-01 -2.608862351544077196e+00
-9.416841872566705796e-01 -2.608862351544077196e+00 2.000000000000000000e+00 1.000000000000000021e-08 -1.364438971737476969e+00 -4.227547844808063005e+00
-1.364438971737476969e+00 -4.227547844808063005e+00 2.000000000000000000e+00 9.999000000000000110e-01 -1.570796326794896558e+00 -5.000000000000000000e+00
-7.369792435738950487e-02 -5.842636655293859116e-02 2.000000000000000000e+00 1.000000000000000021e-08 -1.637267800418953645e-01 -9.002885568450584852e-01
-1.637267800418953645e-01 -9.002885568450584852e-01 1.000000000000000000e+00 1.000000000000000021e-08 -2.832762493136454784e-01 -1.195494692717501417e+00
-2.832762493136454784e-01 -1.195494692717501417e+00 2.000000000000000000e+00 1.000000000000000021e-08 -5.303731677092807795e-01 -2.470969183956352566e+00
-5.303731677092807795e-01 -2.470969183956352566e+00 1.000000000000000000e+00 1.000000000000000021e-08 -8.655505116199116999e-01 -3.351773439106309205e+00
-8.655505116199116999e-01 -3.351773439106309205e+00 1.000000000000000000e+00 1.000000000000000021e-08 -1.320806392313762512e+00 -4.552558806938506564e+00
-1.320806392313762512e+00 -4.552558806938506564e+00 1.000000000000000000e+00 9.999000000000000110e-01 -1.570796326794896558e+00 -5.000000000000000000e+00
-8.130706441472160262e-02 2.816903420455601700e-02 2.000000000000000000e+00 1.000000000000000021e-08 -1.712781541598865087e-01 -8.997108974516491164e-01
-1.712781541598865087e-01 -8.997108974516491164e-01 0.000000000000000000e+00 1.000000000000000021e-08 -2.159318628069963331e-01 -4.465370864710981325e-01
-2.159318628069963331e-01 -4.465370864710981325e-01 0.000000000000000000e+00 1.000000000000000021e-08 -1.995180497843868361e-01 1.641381302260949138e-01
-1.995180497843868361e-01 1.641381302260949138e-01 0.000000000000000000e+00 1.000000000000000021e-08 -1.478695006494525344e-01 5.164854913493428512e-01
-1.478695006494525344e-01 5.164854913493428512e-01 0.000000000000000000e+00 1.000000000000000021e-08 -2.775871240870089740e-02 1.201107882407516314e+00
-2.775871240870089740e-02 1.201107882407516314e+00 1.000000000000000000e+00 1.000000000000000021e-08 9.827547528787092257e-02 1.260341876965718200e+00
9.827547528787092257e-02 1.260341876965718200e+00 1.000000000000000000e+00 1.000000000000000021e-08 2.525572278140984506e-01 1.542817525262275113e+00
2.525572278140984506e-01 1.542817525262275113e+00 2.000000000000000000e+00 1.000000000000000021e-08 3.550570990683920569e-01 1.024998712542935841e+00
3.550570990683920569e-01 1.024998712542935841e+00 2.000000000000000000e+00 1.000000000000000021e-08 4.506481959865484832e-01 9.559109691815640408e-01
4.506481959865484832e-01 9.559109691815640408e-01 1.000000000000000000e+00 1.000000000000000021e-08 6.198797632557003778e-01 1.692315672691518946e+00
6.198797632557003778e-01 1.692315672691518946e+00 2.000000000000000000e+00 1.000000000000000021e-08 8.119974009914100455e-01 1.921176377357096232e+00
8.119974009914100455e-01 1.921176377357096232e+00 0.000000000000000000e+00 1.000000000000000021e-08 1.179766721166229271e+00 3.677693201748191587e+00
1.179766721166229271e+00 3.677693201748191587e+00 2.000000000000000000e+00 9.999000000000000110e-01 1.570796326794896558e+00 4.674472650072281965e+00
-1.329963808641154016e-02 -6.370395844044551836e-02 1.000000000000000000e+00 1.000000000000000021e-08 -2.018813350239255164e-02 -6.888495415981010783e-02
-2.018813350239255164e-02 -6.888495415981010783e-02 2.000000000000000000e+00 1.000000000000000021e-08 -1.159050504398450032e-01 -9.571691693745244534e-01
-1.159050504398450032e-01 -9.571691693745244534e-01 2.000000000000000000e+00 1.000000000000000021e-08 -3.047819245310973146e-01 -1.888768740912522670e+00
-3.047819245310973146e-01 -1.888768740912522670e+00 1.000000000000000000e+00 1.000000000000000021e-08 -5.381891282229915863e-01 -2.334072036918942938e+00
-5.381891282229915863e-01 -2.334072036918942938e+00 0.000000000000000000e+00 1.000000000000000021e-08 -7.766936501560234296e-01 -2.385045219330318655e+00
-7.766936501560234296e-01 -2.385045219330318655e+00 2.000000000000000000e+00 1.000000000000000021e-08 -1.182804197807707514e+00 -4.061105476516840618e+00
-1.182804197807707514e+00 -4.061105476516840618e+00 0.000000000000000000e+00 9.999000000000000110e-01 -1.570796326794896558e+00 -5.000000000000000000e+00
7.844646941543986784e-02 -6.337275008550760647e-02 1.000000000000000000e+00 1.000000000000000021e-08 9.364410121154938260e-02 1.519763179610951753e-01
9.364410121154938260e-02 1.519763179610951753e-01 0.000000000000000000e+00 1.000000000000000021e-08 2.234057899368271927e-01 1.297616887252778017e+00
2.234057899368271927e-01 1.297616887252778017e+00 0.000000000000000000e+00 1.000000000000000021e-08 4.615262852626468293e-01 2.381204953258196255e+00
4.615262852626468293e-01 2.381204953258196255e+00 0.000000000000000000e+00 1.000000000000000021e-08 8.348933823933473164e-01 3.733670971307004649e+00
8.348933823933473164e-01 3.733670971307004649e+00 2.000000000000000000e+00 1.000000000000000021e-08 1.259116420834261119e+00 4.242230384409137578e+00
1.259116420834261119e+00 4.242230384409137578e+00 0.000000000000000000e+00 9.999000000000000110e-01 1.570796326794896558e+00 5.000000000000000000e+00
8.653346830265062906e-02 4.129627378957469869e-02 2.000000000000000000e+00 1.000000000000000021e-08 4.864845870882261725e-03 -8.166862243176835623e-01
4.864845870882261725e-03 -8.166862243176835623e-01 1.000000000000000000e+00 1.000000000000000021e-08 -6.715031045985135616e-02 -7.201515633073362066e-01
-6.715031045985135616e-02 -7.201515633073362066e-01 0.000000000000000000e+00 1.000000000000000021e-08 -6.280063605887416245e-02 4.349674400977188160e-02
-6.280063605887416245e-02 4.349674400977188160e-02 0.000000000000000000e+00 1.000000000000000021e-08 3.353384500815319302e-02 9.633448106702735547e-01
3.353384500815319302e-02 9.633448106702735547e-01 1.000000000000000000e+00 1.000000000000000021e-08 1.437958093990259478e-01 1.102619643908727465e+00
1.437958093990259478e-01 1.102619643908727465e+00 0.000000000000000000e+00 1.000000000000000021e-08 3.793001108050065850e-01 2.355043014059805984e+00
3.793001108050065850e-01 2.355043014059805984e+00 0.000000000000000000e+00 1.000000000000000021e-08 7.530429377328156093e-01 3.737428269278090465e+00
7.530429377328156093e-01 3.737428269278090465e+00 0.000000000000000000e+00 1.000000000000000021e-08 1.278556050147384049e+00 5.000000000000000000e+00
1.278556050147384049e+00 5.000000000000000000e+00 0.000000000000000000e+00 9.999000000000000110e-01 1.570796326794896558e+00 5.000000000000000000e+00
2.331945495192607604e-02 3.566178969071027993e-02 1.000000000000000000e+00 1.000000000000000021e-08 2.148160216190042951e-02 -1.837852790025647221e-02
2.148160216190042951e-02 -1.837852790025647221e-02 1.000000000000000000e+00 1.000000000000000021e-08 2.834739658769476131e-02 6.865794425794331801e-02
2.834739658769476131e-02 6.865794425794331801e-02 2.000000000000000000e+00 1.000000000000000021e-08 -5.316312384097812704e-02 -8.151052042867288350e-01
-5.316312384097812704e-02 -8.151052042867288350e-01 1.000000000000000000e+00 1.000000000000000021e-08 -1.545832341691826262e-01 -1.014201103282044825e+00
-1.545832341691826262e-01 -1.014201103282044825e+00 0.000000000000000000e+00 1.000000000000000021e-08 -1.924294514986222004e-01 -3.784621732943957984e-01
-1.924294514986222004e-01 -3.784621732943957984e-01 1.000000000000000000e+00 1.000000000000000021e-08 -2.507775157566234925e-01 -5.834806425800128649e-01
-2.507775157566234925e-01 -5.834806425800128649e-01 2.000000000000000000e+00 1.000000000000000021e-08 -4.380482930625766991e-01 -1.872707773059532066e+00
-4.380482930625766991e-01 -1.872707773059532066e+00 2.000000000000000000e+00 1.000000000000000021e-08 -7.845406472607090453e-01 -3.464923541981324018e+00
-7.845406472607090453e-01 -3.464923541981324018e+00 2.000000000000000000e+00 1.000000000000000021e-08 -1.300412838322315245e+00 -5.000000000000000000e+00
-1.300412838322315245e+00 -5.000000000000000000e+00 2.000000000000000000e+00 9.999000000000000110e-01 -1.570796326794896558e+00 -5.000000000000000000e+00
-6.108904713901640998e-03 -7.929131437494886525e-02 0.000000000000000000e+00 1.000000000000000021e-08 6.680357059143429699e-02 7.291247530533593313e-01
6.680357059143429699e-02 7.291247530533593313e-01 2.000000000000000000e+00 1.000000000000000021e-08 6.913748302226459252e-02 2.333912430830298312e-02
6.913748302226459252e-02 2.333912430830298312e-02 1.000000000000000000e+00 1.000000000000000021e-08 7.574418883724973184e-02 6.606705814985144865e-02
7.574418883724973184e-02 6.606705814985144865e-02 1.000000000000000000e+00 1.000000000000000021e-08 8.584092886440110315e-02 1.009674002715137547e-01
8.584092886440110315e-02 1.009674002715137547e-01 2.000000000000000000e+00 1.000000000000000021e-08 1.909758844145995060e-02 -6.674334042294114422e-01
1.909758844145995060e-02 -6.674334042294114422e-01 2.000000000000000000e+00 1.000000000000000021e-08 -1.367962602765102620e-01 -1.558938487179702070e+00
-1.367962602765102620e-01 -1.558938487179702070e+00 2.000000000000000000e+00 1.000000000000000021e-08 -4.129349803872861546e-01 -2.761387201107758926e+00
-4.129349803872861546e-01 -2.761387201107758926e+00 1.000000000000000000e+00 1.000000000000000021e-08 -7.392378679090423343e-01 -3.263028875217560909e+00
-7.392378679090423343e-01 -3.263028875217560909e+00 2.000000000000000000e+00 1.000000000000000021e-08 -1.234315285883919255e+00 -4.950774179748767878e+00
-1.234315285883919255e+00 -4.950774179748767878e+00 2.000000000000000000e+00 9.999000000000000110e-01 -1.570796326794896558e+00 -5.000000000000000000e+00
-3.803186611096662922e-03 8.603397709525088810e-02 1.000000000000000000e+00 1.000000000000000021e-08 1.798845484085821386e-02 2.179164145195487401e-01
1.798845484085821386e-02 2.179164145195487401e-01 1.000000000000000000e+00 1.000000000000000021e-08 3.471608487426342676e-02 1.672763003340521359e-01
3.471608487426342676e-02 1.672763003340521359e-01 1.000000000000000000e+00 1.000000000000000021e-08 4.893176989966457890e-02 1.421568502540115353e-01
4.893176989966457890e-02 1.421568502540115353e-01 0.000000000000000000e+00 1.000000000000000021e-08 1.459426755092079753e-01 9.701090560954339637e-01
1.459426755092079753e-01 9.701090560954339637e-01 2.000000000000000000e+00 1.000000000000000021e-08 1.653045646083927678e-01 1.936188909918480361e-01
1.653045646083927678e-01 1.936188909918480361e-01 1.000000000000000000e+00 1.000000000000000021e-08 2.299237936864043652e-01 6.461922907801158633e-01
2.299237936864043652e-01 6.461922907801158633e-01 1.000000000000000000e+00 1.000000000000000021e-08 3.320441674459176373e-01 1.021203737595132610e+00
3.320441674459176373e-01 1.021203737595132610e+00 0.000000000000000000e+00 1.000000000000000021e-08 5.821099858089808787e-01 2.500658183630631637e+00
5.821099858089808787e-01 2.500658183630631637e+00 1.000000000000000000e+00 1.000000000000000021e-08 9.310763470474832104e-01 3.489663612385023761e+00
9.310763470474832104e-01 3.489663612385023761e+00 0.000000000000000000e+00 1.000000000000000021e-08 1.435598842950674525e+00 5.000000000000000000e+00
1.435598842950674525e+00 5.000000000000000000e+00 2.000000000000000000e+00 9.999000000000000110e-01 1.570796326794896558e+00 5.000000000000000000e+00
9.734902634097996471e-03 3.302607908419585153e-02 2.000000000000000000e+00 1.000000000000000021e-08 -5.734222015796945626e-02 -6.707712279206745620e-01
-5.734222015796945626e-02 -6.707712279206745620e-01 0.000000000000000000e+00 1.000000000000000021e-08 -3.943484053653804888e-02 1.790737962143140738e-01
-3.943484053653804888e-02 1.790737962143140738e-01 0.000000000000000000e+00 1.000000000000000021e-08 7.264678621614398257e-02 1.120816267526820287e+00
7.264678621614398257e-02 1.120816267526820287e+00 2.000000000000000000e+00 1.000000000000000021e-08 9.450573165041120660e-02 2.185894543426721848e-01
9.450573165041120660e-02 2.185894543426721848e-01 0.000000000000000000e+00 1.000000000000000021e-08 2.261025790061381435e-01 1.315968473557269203e+00
2.261025790061381435e-01 1.315968473557269203e+00 1.000000000000000000e+00 1.000000000000000021e-08 3.856717179818601737e-01 1.595691389757220024e+00
3.856717179818601737e-01 1.595691389757220024e+00 1.000000000000000000e+00 1.000000000000000021e-08 6.206483875935179251e-01 2.349766696116577513e+00
6.206483875935179251e-01 2.349766696116577513e+00 1.000000000000000000e+00 1.000000000000000021e-08 9.346095057758923019e-01 3.139611181823743991e+00
9.346095057758923019e-01 3.139611181823743991e+00 0.000000000000000000e+00 1.000000000000000021e-08 1.410172164658290761e+00 4.755626588823985479e+00
1.410172164658290761e+00 4.755626588823985479e+00 2.000000000000000000e+00 9.999000000000000110e-01 1.570796326794896558e+00 5.000000000000000000e+00
3.877852910341678117e-02 -5.978725579600486367e-02 1.000000000000000000e+00 1.000000000000000021e-08 5.396293616790033554e-02 1.518440706448355160e-01
5.396293616790033554e-02 1.518440706448355160e-01 1.000000000000000000e+00 1.000000000000000021e-08 9.001331363732192892e-02 3.605037746942158505e-01
9.001331363732192892e-02 3.605037746942158505e-01 1.000000000000000000e+00 1.000000000000000021e-08 1.523024747039746774e-01 6.228916106665274288e-01
1.523024747039746774e-01 6.228916106665274288e-01 0.000000000000000000e+00 1.000000000000000021e-08 3.194203635911189165e-01 1.671178888871442059e+00
3.194203635911189165e-01 1.671178888871442059e+00 0.000000000000000000e+00 1.000000000000000021e-08 6.302278964310701337e-01 3.108075328399512394e+00
6.302278964310701337e-01 3.108075328399512394e+00 2.000000000000000000e+00 1.000000000000000021e-08 9.627425383761589739e-01 3.325146419450888846e+00
9.627425383761589739e-01 3.325146419450888846e+00 2.000000000000000000e+00 1.000000000000000021e-08 1.370981480431344490e+00 4.082389420551853831e+00
1.370981480431344490e+00 4.082389420551853831e+00 0.000000000000000000e+00 9.999000000000000110e-01 1.570796326794896558e+00 5.000000000000000000e+00
-2.496363096044513369e-02 -1.466331896416385103e-02 2.000000000000000000e+00 1.000000000000000021e-08 -1.140822446445271254e-01 -8.911861368408198203e-01
-1.140822446445271254e-01 -8.911861368408198203e-01 1.000000000000000000e+00 1.000000000000000021e-08 -2.241694974212938285e-01 -1.100872527767666975e+00
-2.241694974212938285e-01 -1.100872527767666975e+00 1.000000000000000000e+00 1.000000000000000021e-08 -3.603150039350284661e-01 -1.361455065137346043e+00
-3.603150039350284661e-01 -1.361455065137346043e+00 1.000000000000000000e+00 1.000000000000000021e-08 -5.393408969071644687e-01 -1.790258929721360470e+00
-5.393408969071644687e-01 -1.790258929721360470e+00 1.000000000000000000e+00 1.000000000000000021e-08 -7.904101420427005475e-01 -2.510692451355360344e+00
-7.904101420427005475e-01 -2.510692451355360344e+00 0.000000000000000000e+00 1.000000000000000021e-08 -1.085997473743587349e+00 -2.955873317008866685e+00
-1.085997473743587349e+00 -2.955873317008866685e+00 1.000000000000000000e+00 1.000000000000000021e-08 -1.506014627846874010e+00 -4.200171541032867495e+00
-1.506014627846874010e+00 -4.200171541032867495e+00 0.000000000000000000e+00 9.999000000000000110e-01 -1.570796326794896558e+00 -5.000000000000000000e+00
-4.702218906340790983e-02 -4.995169498577194112e-02 1.000000000000000000e+00 1.000000000000000021e-08 -6.660762148474605460e-02 -1.958543242133813922e-01
-6.660762148474605460e-02 -1.958543242133813922e-01 2.000000000000000000e+00 1.000000000000000021e-08 -1.999310044256194241e-01 -1.333233829408733584e+00
-1.999310044256194241e-01 -1.333233829408733584e+00 0.000000000000000000e+00 1.000000000000000021e-08 -2.680384639271372049e-01 -6.810745950151778638e-01
-2.680384639271372049e-01 -6.810745950151778638e-01 1.000000000000000000e+00 1.000000000000000021e-08 -3.659895002451357682e-01 -9.795103631799858546e-01
-3.659895002451357682e-01 -9.795103631799858546e-01 2.000000000000000000e+00 1.000000000000000021e-08 -6.152982703558466104e-01 -2.493087701107108423e+00
-6.152982703558466104e-01 -2.493087701107108423e+00 0.000000000000000000e+00 1.000000000000000021e-08 -8.758150173058469878e-01 -2.605167469500003996e+00
-8.758150173058469878e-01 -2.605167469500003996e+00 0.000000000000000000e+00 1.000000000000000021e-08 -1.209043791379280641e+00 -3.332287740734336534e+00
-1.209043791379280641e+00 -3.332287740734336534e+00 1.000000000000000000e+00 9.999000000000000110e-01 -1.570796326794896558e+00 -4.708941584741415554e+00
5.056336249828825846e-02 5.702998303015996417e-02 1.000000000000000000e+00 1.000000000000000021e-08 7.523956433718258230e-02 2.467620183889432106e-01
7.523956433718258230e-02 2.467620183889432106e-01 1.000000000000000000e+00 1.000000000000000021e-08 1.214358141143867670e-01 4.619624977720417913e-01
1.214358141143867670e-01 4.619624977720417913e-01 1.000000000000000000e+00 1.000000000000000021e-08 1.913041228949032557e-01 6.986830878051648597e-01
1.913041228949032557e-01 6.986830878051648597e-01 2.000000000000000000e+00 1.000000000000000021e-08 2.103349140131837436e-01 1.903079111828048786e-01
2.103349140131837436e-01 1.903079111828048786e-01 0.000000000000000000e+00 1.000000000000000021e-08 3.522962719581800295e-01 1.419613579449962693e+00
3.522962719581800295e-01 1.419613579449962693e+00 0.000000000000000000e+00 1.000000000000000021e-08 6.271942471981351019e-01 2.748979752399550947e+00
6.271942471981351019e-01 2.748979752399550947e+00 0.000000000000000000e+00 1.000000000000000021e-08 1.056904632089653795e+00 4.297103848915186930e+00
1.056904632089653795e+00 4.297103848915186930e+00 2.000000000000000000e+00 9.999000000000000110e-01 1.570796326794896558e+00 5.000000000000000000e+00
-5.118952750727102929e-02 -5.247441033847084074e-02 0.000000000000000000e+00 1.000000000000000021e-08 2.043183827861506929e-02 7.162136578588609304e-01
2.043183827861506929e-02 7.162136578588609304e-01 2.000000000000000000e+00 1.000000000000000021e-08 5.151940499498432885e-03 -1.527989777911663571e-01
5.151940499498432885e-03 -1.527989777911663571e-01 2.000000000000000000e+00 1.000000000000000021e-08 -1.137899176744769647e-01 -1.189418581739754011e+00
-1.137899176744769647e-01 -1.189418581739754011e+00 1.000000000000000000e+00 1.000000000000000021e-08 -2.481673846145550089e-01 -1.343774669400780386e+00
-2.481673846145550089e-01 -1.343774669400780386e+00 2.000000000000000000e+00 1.000000000000000021e-08 -5.002431708199689409e-01 -2.520757862054139320e+00
-5.002431708199689409e-01 -2.520757862054139320e+00 0.000000000000000000e+00 1.000000000000000021e-08 -7.671914391502703268e-01 -2.669482683303014081e+00
-7.671914391502703268e-01 -2.669482683303014081e+00 2.000000000000000000e+00 1.000000000000000021e-08 -1.198715468311464249e+00 -4.315240291611940116e+00
-1.198715468311464249e+00 -4.315240291611940116e+00 1.000000000000000000e+00 9.999000000000000110e-01 -1.570796326794896558e+00 -5.000000000000000000e+00
-6.701959824350671446e-02 -6.118781850416318835e-02 1.000000000000000000e+00 1.000000000000000021e-08 -6.850765422356654144e-02 -1.488055980059825589e-02
-6.850765422356654144e-02 -1.488055980059825589e-02 0.000000000000000000e+00 1.000000000000000021e-08 1.795918314843063246e-02 8.646683737199717390e-01
1.795918314843063246e-02 8.646683737199717390e-01 0.000000000000000000e+00 1.000000000000000021e-08 1.796700477163529763e-01 1.617108645679223411e+00
1.796700477163529763e-01 1.617108645679223411e+00 0.000000000000000000e+00 1.000000000000000021e-08 4.528986471663512536e-01 2.732285994499982440e+00
4.528986471663512536e-01 2.732285994499982440e+00 0.000000000000000000e+00 1.000000000000000021e-08 8.824335011683845931e-01 4.295348540020333061e+00
8.824335011683845931e-01 4.295348540020333061e+00 0.000000000000000000e+00 1.000000000000000021e-08 1.478089800503338047e+00 5.000000000000000000e+00
1.478089800503338047e+00 5.000000000000000000e+00 0.000000000000000000e+00 9.999000000000000110e-01 1.570796326794896558e+00 5.000000000000000000e+00
-7.774331913969990959e-02 -2.124780526003844372e-02 0.000000000000000000e+00 1.000000000000000021e-08 -2.939737317843277298e-03 7.480358182185662397e-01
-2.939737317843277298e-03 7.480358182185662397e-01 2.000000000000000000e+00 1.000000000000000021e-08 -2.376664056290119301e-02 -2.082690324505791502e-01
-2.376664056290119301e-02 -2.082690324505791502e-01 2.000000000000000000e+00 1.000000000000000021e-08 -1.341151219192991406e-01 -1.103484813563979428e+00
-1.341151219192991406e-01 -1.103484813563979428e+00 2.000000000000000000e+00 1.000000000000000021e-08 -3.445677305240500421e-01 -2.104526086047509015e+00
-3.445677305240500421e-01 -2.104526086047509015e+00 2.000000000000000000e+00 1.000000000000000021e-08 -6.840178398652324576e-01 -3.394501093411824044e+00
-6.840178398652324576e-01 -3.394501093411824044e+00 1.000000000000000000e+00 1.000000000000000021e-08 -1.125497422062995412e+00 -4.414795821977627988e+00
-1.125497422062995412e+00 -4.414795821977627988e+00 2.000000000000000000e+00 9.999000000000000110e-01 -1.570796326794896558e+00 -5.000000000000000000e+00
-5.197039249994223759e-03 7.768212689806695825e-02 0.000000000000000000e+00 1.000000000000000021e-08 7.888704106369230640e-02 8.408408031368651558e-01
7.888704106369230640e-02 8.408408031368651558e-01 1.000000000000000000e+00 1.000000000000000021e-08 1.869811390751180413e-01 1.080940980114257099e+00
1.869811390751180413e-01 1.080940980114257099e+00 2.000000000000000000e+00 1.000000000000000021e-08 2.314958884292707408e-01 4.451474935415269396e-01
2.314958884292707408e-01 4.451474935415269396e-01 1.000000000000000000e+00 1.000000000000000021e-08 3.291312851936138983e-01 9.763539676434317416e-01
3.291312851936138983e-01 9.763539676434317416e-01 2.000000000000000000e+00 1.000000000000000021e-08 3.841499501426788310e-01 5.501866494906492155e-01
3.841499501426788310e-01 5.501866494906492155e-01 0.000000000000000000e+00 1.000000000000000021e-08 5.730991369885849451e-01 1.889491868459060697e+00
5.730991369885849451e-01 1.889491868459060697e+00 1.000000000000000000e+00 1.000000000000000021e-08 8.385008965518516710e-01 2.654017595632666371e+00
8.385008965518516710e-01 2.654017595632666371e+00 1.000000000000000000e+00 1.000000000000000021e-08 1.217954854996817993e+00 3.794539584449663217e+00
1.217954854996817993e+00 3.794539584449663217e+00 1.000000000000000000e+00 9.999000000000000110e-01 1.570796326794896558e+00 5.000000000000000000e+00
-4.219920472330505878e-02 5.273903688672809675e-02 1.000000000000000000e+00 1.000000000000000021e-08 -4.161523131100142159e-02 5.839734123036351143e-03
-4.161523131100142159e-02 5.839734123036351143e-03 1.000000000000000000e+00 1.000000000000000021e-08 -4.075350927528814671e-02 8.617220357132760952e-03
-4.075350927528814671e-02 8.617220357132760952e-03 1.000000000000000000e+00 1.000000000000000021e-08 -3.359687226408369920e-02 7.156637011204447507e-02
-3.359687226408369920e-02 7.156637011204447507e-02 0.000000000000000000e+00 1.000000000000000021e-08 6.028654591322389622e-02 9.388341817730758709e-01
6.028654591322389622e-02 9.388341817730758709e-01 1.000000000000000000e+00 1.000000000000000021e-08 1.625599033431401608e-01 1.022733574299162562e+00
1.625599033431401608e-01 1.022733574299162562e+00 0.000000000000000000e+00 1.000000000000000021e-08 3.925360850840817761e-01 2.299761817409415876e+00
3.925360850840817761e-01 2.299761817409415876e+00 0.000000000000000000e+00 1.000000000000000021e-08 7.691751606431390664e-01 3.766390755590572681e+00
7.691751606431390664e-01 3.766390755590572681e+00 2.000000000000000000e+00 1.000000000000000021e-08 1.177964215277772730e+00 4.087890546346337750e+00
1.177964215277772730e+00 4.087890546346337750e+00 2.000000000000000000e+00 9.999000000000000110e-01 1.570796326794896558e+00 5.000000000000000000e+00
-2.682658389677090860e-02 -2.351209225426261623e-02 1.000000000000000000e+00 1.000000000000000021e-08 -4.157777261153387804e-02 -1.475118871476296945e-01
-4.157777261153387804e-02 -1.475118871476296945e-01 1.000000000000000000e+00 1.000000000000000021e-08 -7.598285451395356271e-02 -3.440508190241967634e-01
-7.598285451395356271e-02 -3.440508190241967634e-01 2.000000000000000000e+00 1.000000000000000021e-08 -2.229407241168978038e-01 -1.469578696029442355e+00
-2.229407241168978038e-01 -1.469578696029442355e+00 1.000000000000000000e+00 1.000000000000000021e-08 -3.989289715824684279e-01 -1.759882474655706019e+00
-3.989289715824684279e-01 -1.759882474655706019e+00 0.000000000000000000e+00 1.000000000000000021e-08 -5.555005262689429735e-01 -1.565715546864745900e+00
-5.555005262689429735e-01 -1.565715546864745900e+00 0.000000000000000000e+00 1.000000000000000021e-08 -7.118365000671236231e-01 -1.563359737981806941e+00
-7.118365000671236231e-01 -1.563359737981806941e+00 2.000000000000000000e+00 1.000000000000000021e-08 -1.024252685890193693e+00 -3.124161858230699806e+00
-1.024252685890193693e+00 -3.124161858230699806e+00 2.000000000000000000e+00 1.000000000000000021e-08 -1.502703368085361646e+00 -4.784506821951680422e+00
-1.502703368085361646e+00 -4.784506821951680422e+00 1.000000000000000000e+00 9.999000000000000110e-01 -1.570796326794896558e+00 -5.000000000000000000e+00
-5.121037872794293594e-02 -4.996172786142671907e-02 0.000000000000000000e+00 1.000000000000000021e-08 5.744768069291104895e-03 5.695514679723403528e-01
5.744768069291104895e-03 5.695514679723403528e-01 0.000000000000000000e+00 1.000000000000000021e-08 1.475251982837306464e-01 1.417804302144395345e+00
1.475251982837306464e-01 1.417804302144395345e+00 0.000000000000000000e+00 1.000000000000000021e-08 4.168936667820529740e-01 2.693684684983223221e+00
4.168936667820529740e-01 2.693684684983223221e+00 1.000000000000000000e+00 1.000000000000000021e-08 7.483411606353963519e-01 3.314474938533433335e+00
7.483411606353963519e-01 3.314474938533433335e+00 1.000000000000000000e+00 1.000000000000000021e-08 1.181251151686068646e+00 4.329099910506723603e+00
1.181251151686068646e+00 4.329099910506723603e+00 1.000000000000000000e+00 9.999000000000000110e-01 1.570796326794896558e+00 5.000000000000000000e+00
-2.982333954234241136e-02 8.458151609225354750e-03 2.000000000000000000e+00 1.000000000000000021e-08 -1.315034129932033113e-01 -1.016800734508608972e+00
-1.315034129932033113e-01 -1.016800734508608972e+00 0.000000000000000000e+00 1.000000000000000021e-08 -1.695955985560755053e-01 -3.809218556287219393e-01
-1.695955985560755053e-01 -3.809218556287219393e-01 2.000000000000000000e+00 1.000000000000000021e-08 -3.352916079640462788e-01 -1.656960094079707568e+00
-3.352916079640462788e-01 -1.656960094079707568e+00 2.000000000000000000e+00 1.000000000000000021e-08 -6.249286168377878870e-01 -2.896370088737416193e+00
-6.249286168377878870e-01 -2.896370088737416193e+00 1.000000000000000000e+00 1.000000000000000021e-08 -9.961225621315457079e-01 -3.711939452937577322e+00
-9.961225621315457079e-01 -3.711939452937577322e+00 0.000000000000000000e+00 1.000000000000000021e-08 -1.441250075755761362e+00 -4.451275136242156982e+00
-1.441250075755761362e+00 -4.451275136242156982e+00 1.000000000000000000e+00 9.999000000000000110e-01 -1.570796326794896558e+00 -5.000000000000000000e+00
-8.427573710684307939e-02 -3.931082772419412785e-02 2.000000000000000000e+00 1.000000000000000021e-08 -2.051506285764984616e-01 -1.208748914696553767e+00
-2.051506285764984616e-01 -1.208748914696553767e+00 1.000000000000000000e+00 1.000000000000000021e-08 -3.623753577392055392e-01 -1.572247291627070664e+00
-3.623753577392055392e-01 -1.572247291627070664e+00 1.000000000000000000e+00 1.000000000000000021e-08 -5.852218034383140921e-01 -2.228464456991085196e+00
-5.852218034383140921e-01 -2.228464456991085196e+00 1.000000000000000000e+00 1.000000000000000021e-08 -8.877160003928166176e-01 -3.024941969545024811e+00
-8.877160003928166176e-01 -3.024941969545024811e+00 1.000000000000000000e+00 1.000000000000000021e-08 -1.299905710895244537e+00 -4.121897105024278751e+00
-1.299905710895244537e+00 -4.121897105024278751e+00 2.000000000000000000e+00 9.999000000000000110e-01 -1.570796326794896558e+00 -5.000000000000000000e+00
7.780214663048733159e-02 -7.796571934128417036e-02 2.000000000000000000e+00 1.000000000000000021e-08 -1.709823669781843081e-02 -9.490038332830575962e-01
-1.709823669781843081e-02 -9.490038332830575962e-01 2.000000000000000000e+00 1.000000000000000021e-08 -1.877020849713838813e-01 -1.706038482735654505e+00
-1.877020849713838813e-01 -1.706038482735654505e+00 0.000000000000000000e+00 1.000000000000000021e-08 -2.999550507096379048e-01 -1.122529657382540513e+00
-2.999550507096379048e-01 -1.122529657382540513e+00 2.000000000000000000e+00 1.000000000000000021e-08 -5.341347992982037329e-01 -2.341797485885657615e+00
-5.341347992982037329e-01 -2.341797485885657615e+00 1.000000000000000000e+00 1.000000000000000021e-08 -8.552803264587534038e-01 -3.211455271605496264e+00
-8.552803264587534038e-01 -3.211455271605496264e+00 2.000000000000000000e+00 1.000000000000000021e-08 -1.333140693723938508e+00 -4.778603672651850154e+00
-1.333140693723938508e+00 -4.778603672651850154e+00 1.000000000000000000e+00 9.999000000000000110e-01 -1.570796326794896558e+00 -5.000000000000000000e+00
-2.444617642281467912e-02 8.014872294419093934e-02 0.000000000000000000e+00 1.000000000000000021e-08 5.651301782108548305e-02 8.095919424390015662e-01
5.651301782108548305e-02 8.095919424390015662e-01 1.000000000000000000e+00 1.000000000000000021e-08 1.480789744804250629e-01 9.156595665933957573e-01
1.480789744804250629e-01 9.156595665933957573e-01 0.000000000000000000e+00 1.000000000000000021e-08 3.595884473482694466e-01 2.115094728678443836e+00
3.595884473482694466e-01 2.115094728678443836e+00 2.000000000000000000e+00 1.000000000000000021e-08 5.408191428183094507e-01 1.812306954700400041e+00
5.408191428183094507e-01 1.812306954700400041e+00 0.000000000000000000e+00 1.000000000000000021e-08 8.671015473381340488e-01 3.262824045198245315e+00
8.671015473381340488e-01 3.262824045198245315e+00 0.000000000000000000e+00 1.000000000000000021e-08 1.353519152766537781e+00 4.864176054284037320e+00
1.353519152766537781e+00 4.864176054284037320e+00 0.000000000000000000e+00 9.999000000000000110e-01 1.570796326794896558e+00 5.000000000000000000e+00
-8.215906888076826564e-02 -1.995371776533667180e-02 1.000000000000000000e+00 1.000000000000000021e-08 -8.249947164547036249e-02 -3.404027647020940739e-03
-8.249947164547036249e-02 -3.404027647020940739e-03 0.000000000000000000e+00 1.000000000000000021e-08 9.326202353731050110e-04 8.343209188084346195e-01
9.326202353731050110e-04 8.343209188084346195e-01 2.000000000000000000e+00 1.000000000000000021e-08 -1.407686776070689143e-02 -1.500948799607999540e-01
-1.407686776070689143e-02 -1.500948799607999540e-01 1.000000000000000000e+00 1.000000000000000021e-08 -4.363792773892186810e-02 -2.956105997821497633e-01
-4.363792773892186810e-02 -2.956105997821497633e-01 2.000000000000000000e+00 1.000000000000000021e-08 -1.725829935528910286e-01 -1.289450658139691619e+00
-1.725829935528910286e-01 -1.289450658139691619e+00 2.000000000000000000e+00 1.000000000000000021e-08 -3.999275290204547528e-01 -2.273445354675637020e+00
-3.999275290204547528e-01 -2.273445354675637020e+00 0.000000000000000000e+00 1.000000000000000021e-08 -6.059828164981222454e-01 -2.060552874776675480e+00
-6.059828164981222454e-01 -2.060552874776675480e+00 1.000000000000000000e+00 1.000000000000000021e-08 -8.990892674650868832e-01 -2.931064509669646156e+00
-8.990892674650868832e-01 -2.931064509669646156e+00 1.000000000000000000e+00 1.000000000000000021e-08 -1.304604535480455185e+00 -4.055152680153682354e+00
-1.304604535480455185e+00 -4.055152680153682354e+00 0.000000000000000000e+00 9.999000000000000110e-01 -1.570796326794896558e+00 -5.000000000000000000e+00
1.842283230839481326e-02 7.843468811462755985e-02 0.000000000000000000e+00 1.000000000000000021e-08 1.275478761735292510e-01 1.091250438651344412e+00
1.275478761735292510e-01 1.091250438651344412e+00 2.000000000000000000e+00 1.000000000000000021e-08 1.537636539403973157e-01 2.621577776686805361e-01
1.537636539403973157e-01 2.621577776686805361e-01 0.000000000000000000e+00 1.000000000000000021e-08 2.878635406970381228e-01 1.340998867566408403e+00
2.878635406970381228e-01 1.340998867566408403e+00 0.000000000000000000e+00 1.000000000000000021e-08 5.505348898880605413e-01 2.626713491910224185e+00
5.505348898880605413e-01 2.626713491910224185e+00 1.000000000000000000e+00 1.000000000000000021e-08 9.000550569395425748e-01 3.495201670514819892e+00
9.000550569395425748e-01 3.495201670514819892e+00 0.000000000000000000e+00 1.000000000000000021e-08 1.419801576241889185e+00 5.000000000000000000e+00
1.419801576241889185e+00 5.000000000000000000e+00 0.000000000000000000e+00 9.999000000000000110e-01 1.570796326794896558e+00 5.000000000000000000e+00
7.904727491580573751e-02 5.085828794991706370e-02 2.000000000000000000e+00 1.000000000000000021e-08 -9.651735455366294847e-04 -8.001244846134236699e-01
-9.651735455366294847e-04 -8.001244846134236699e-01 1.000000000000000000e+00 1.000000000000000021e-08 -8.651286560850804386e-02 -8.554769206297141437e-01
-8.651286560850804386e-02 -8.554769206297141437e-01 0.000000000000000000e+00 1.000000000000000021e-08 -1.154772157430681567e-01 -2.896435013456011287e-01
-1.154772157430681567e-01 -2.896435013456011287e-01 2.000000000000000000e+00 1.000000000000000021e-08 -2.420387347680776624e-01 -1.265615190250094946e+00
-2.420387347680776624e-01 -1.265615190250094946e+00 2.000000000000000000e+00 1.000000000000000021e-08 -4.899543812133330123e-01 -2.479156464452553443e+00
-4.899543812133330123e-01 -2.479156464452553443e+00 2.000000000000000000e+00 1.000000000000000021e-08 -8.875528305149409380e-01 -3.975984493016078591e+00
-8.875528305149409380e-01 -3.975984493016078591e+00 0.000000000000000000e+00 1.000000000000000021e-08 -1.346994346391152453e+00 -4.594415158762114260e+00
-1.346994346391152453e+00 -4.594415158762114260e+00 2.000000000000000000e+00 9.999000000000000110e-01 -1.570796326794896558e+00 -5.000000000000000000e+00
4.873204739868151891e-02 -1.125988462138406178e-02 1.000000000000000000e+00 1.000000000000000021e-08 4.790396648421693659e-02 -8.280809144645840530e-03
4.790396648421693659e-02 -8.280809144645840530e-03 1.000000000000000000e+00 1.000000000000000021e-08 4.702416457623959101e-02 -8.798019079773480161e-03
4.702416457623959101e-02 -8.798019079773480161e-03 2.000000000000000000e+00 1.000000000000000021e-08 -4.408246926486172890e-02 -9.110663384110131435e-01
-4.408246926486172890e-02 -9.110663384110131435e-01 0.000000000000000000e+00 1.000000000000000021e-08 -3.784229592718978824e-02 6.240173337671939269e-02
-3.784229592718978824e-02 6.240173337671939269e-02 2.000000000000000000e+00 1.000000000000000021e-08 -1.352945424337242408e-01 -9.745224650653444565e-01
-1.352945424337242408e-01 -9.745224650653444565e-01 0.000000000000000000e+00 1.000000000000000021e-08 -1.682400628369355722e-01 -3.294552040321132580e-01
-1.682400628369355722e-01 -3.294552040321132580e-01 2.000000000000000000e+00 1.000000000000000021e-08 -3.003909314872059699e-01 -1.321508686502703700e+00
-3.003909314872059699e-01 -1.321508686502703700e+00 1.000000000000000000e+00 1.000000000000000021e-08 -4.709260187988003055e-01 -1.705350873115943244e+00
-4.709260187988003055e-01 -1.705350873115943244e+00 1.000000000000000000e+00 1.000000000000000021e-08 -7.175483801632874803e-01 -2.466223613644871637e+00
-7.175483801632874803e-01 -2.466223613644871637e+00 1.000000000000000000e+00 1.000000000000000021e-08 -1.069932258939672032e+00 -3.523838787763846625e+00
-1.069932258939672032e+00 -3.523838787763846625e+00 2.000000000000000000e+00 9.999000000000000110e-01 -1.570796326794896558e+00 -5.000000000000000000e+00
1.651464057606971333e-02 -7.865955424981434241e-02 0.000000000000000000e+00 1.000000000000000021e-08 8.553850259480946794e-02 6.902386201873974558e-01
8.553850259480946794e-02 6.902386201873974558e-01 0.000000000000000000e+00 1.000000000000000021e-08 2.714474007448701709e-01 1.859088981500606863e+00
2.714474007448701709e-01 1.859088981500606863e+00 0.000000000000000000e+00 1.000000000000000021e-08 5.937211659187753288e-01 3.222737651739050690e+00
5.937211659187753288e-01 3.222737651739050690e+00 0.000000000000000000e+00 1.000000000000000021e-08 1.055425875621882170e+00 4.617047097031068859e+00
1.055425875621882170e+00 4.617047097031068859e+00 0.000000000000000000e+00 9.999000000000000110e-01 1.570796326794896558e+00 5.000000000000000000e+00
-7.369854783504260765e-02 -1.197259579096803493e-02 0.000000000000000000e+00 1.000000000000000021e-08 1.694018339965794318e-02 9.063873123470054249e-01
1.694018339965794318e-02 9.063873123470054249e-01 0.000000000000000000e+00 1.000000000000000021e-08 2.093131004293480035e-01 1.923729170296900604e+00
2.093131004293480035e-01 1.923729170296900604e+00 1.000000000000000000e+00 1.000000000000000021e-08 4.281464620270073462e-01 2.188333615976592927e+00
4.281464620270073462e-01 2.188333615976592927e+00 0.000000000000000000e+00 1.000000000000000021e-08 7.859669412573233593e-01 3.578204792303159465e+00
7.859669412573233593e-01 3.578204792303159465e+00 2.000000000000000000e+00 1.000000000000000021e-08 1.190569848126228569e+00 4.046029068689052544e+00
1.190569848126228569e+00 4.046029068689052544e+00 2.000000000000000000e+00 9.999000000000000110e-01 1.570796326794896558e+00 5.000000000000000000e+00
-7.637430235294100783e-03 -2.763472814301047922e-02 2.000000000000000000e+00 1.000000000000000021e-08 -1.003200868657696948e-01 -9.268265663047557945e-01
-1.003200868657696948e-01 -9.268265663047557945e-01 2.000000000000000000e+00 1.000000000000000021e-08 -2.836721639026048569e-01 -1.833520770368351371e+00
-2.836721639026048569e-01 -1.833520770368351371e+00 2.000000000000000000e+00 1.000000000000000021e-08 -5.848942222656954293e-01 -3.012220583630905058e+00
-5.848942222656954293e-01 -3.012220583630905058e+00 2.000000000000000000e+00 1.000000000000000021e-08 -1.052037941779965902e+00 -4.671437195142703835e+00
-1.052037941779965902e+00 -4.671437195142703835e+00 2.000000000000000000e+00 9.999000000000000110e-01 -1.570796326794896558e+00 -5.000000000000000000e+00
7.491035086100091001e-02 -1.736709378768156939e-02 2.000000000000000000e+00 1.000000000000000021e-08 -1.685212906412190959e-02 -9.176247992512280849e-01
-1.685212906412190959e-02 -9.176247992512280849e-01 1.000000000000000000e+00 1.000000000000000021e-08 -1.251938893079235227e-01 -1.083417602438015992e+00
-1.251938893079235227e-01 -1.083417602438015992e+00 1.000000000000000000e+00 1.000000000000000021e-08 -2.406013294085551923e-01 -1.154074401006316641e+00
-2.406013294085551923e-01 -1.154074401006316641e+00 1.000000000000000000e+00 1.000000000000000021e-08 -4.029304729179195022e-01 -1.623291435093643376e+00
-4.029304729179195022e-01 -1.623291435093643376e+00 2.000000000000000000e+00 1.000000000000000021e-08 -7.007138093389345679e-01 -2.977833364210150435e+00
-7.007138093389345679e-01 -2.977833364210150435e+00 1.000000000000000000e+00 1.000000000000000021e-08 -1.101813466393767982e+00 -4.010996570548335249e+00
-1.101813466393767982e+00 -4.010996570548335249e+00 1.000000000000000000e+00 9.999000000000000110e-01 -1.570796326794896558e+00 -5.000000000000000000e+00
-7.071798184821687094e-02 -1.481503602315595303e-03 2.000000000000000000e+00 1.000000000000000021e-08 -1.868897535034900748e-01 -1.161717716552732149e+00
-1.868897535034900748e-01 -1.161717716552732149e+00 0.000000000000000000e+00 1.000000000000000021e-08 -2.539402213866666647e-01 -6.705046788317656770e-01
-2.539402213866666647e-01 -6.705046788317656770e-01 1.000000000000000000e+00 1.000000000000000021e-08 -3.518547430928009034e-01 -9.791452170613423878e-01
-3.518547430928009034e-01 -9.791452170613423878e-01 1.000000000000000000e+00 1.000000000000000021e-08 -5.208474085647714080e-01 -1.689926654719705379e+00
-5.208474085647714080e-01 -1.689926654719705379e+00 2.000000000000000000e+00 1.000000000000000021e-08 -8.469264425766966919e-01 -3.260790340119252839e+00
-8.469264425766966919e-01 -3.260790340119252839e+00 2.000000000000000000e+00 1.000000000000000021e-08 -1.337519594668848066e+00 -4.905931520921512856e+00
-1.337519594668848066e+00 -4.905931520921512856e+00 2.000000000000000000e+00 9.999000000000000110e-01 -1.570796326794896558e+00 -5.000000000000000000e+00
-7.316523101782232419e-02 -6.039114681859358846e-02 1.000000000000000000e+00 1.000000000000000021e-08 -9.501988880427339468e-02 -2.185465778645107049e-01
-9.501988880427339468e-02 -2.185465778645107049e-01 2.000000000000000000e+00 1.000000000000000021e-08 -2.099466532180401246e-01 -1.149267644137667244e+00
-2.099466532180401246e-01 -1.149267644137667244e+00 2.000000000000000000e+00 1.000000000000000021e-08 -4.458143813460905269e-01 -2.358677281280503912e+00
-4.458143813460905269e-01 -2.358677281280503912e+00 2.000000000000000000e+00 1.000000000000000021e-08 -8.323890664194480982e-01 -3.865746850733575268e+00
-8.323890664194480982e-01 -3.865746850733575268e+00 0.000000000000000000e+00 1.000000000000000021e-08 -1.261598094187214025e+00 -4.292090277677658605e+00
-1.261598094187214025e+00 -4.292090277677658605e+00 1.000000000000000000e+00 9.999000000000000110e-01 -1.570796326794896558e+00 -5.000000000000000000e+00
-2.155671823398827916e-02 -5.621340677981398470e-02 0.000000000000000000e+00 1.000000000000000021e-08 5.455297165047948149e-02 7.610968988446774608e-01
5.455297165047948149e-02 7.610968988446774608e-01 1.000000000000000000e+00 1.000000000000000021e-08 1.568077615571621120e-01 1.022547899066826194e+00
1.568077615571621120e-01 1.022547899066826194e+00 2.000000000000000000e+00 1.000000000000000021e-08 1.872720434153790081e-01 3.046428185821690171e-01
1.872720434153790081e-01 3.046428185821690171e-01 0.000000000000000000e+00 1.000000000000000021e-08 3.459408603693522877e-01 1.586688169539732574e+00
3.459408603693522877e-01 1.586688169539732574e+00 2.000000000000000000e+00 1.000000000000000021e-08 4.856875157981171975e-01 1.397466554287648988e+00
4.856875157981171975e-01 1.397466554287648988e+00 1.000000000000000000e+00 1.000000000000000021e-08 6.975677859071418574e-01 2.118802701090245932e+00
6.975677859071418574e-01 2.118802701090245932e+00 2.000000000000000000e+00 1.000000000000000021e-08 9.499306265398588245e-01 2.523628406327168783e+00
9.499306265398588245e-01 2.523628406327168783e+00 1.000000000000000000e+00 1.000000000000000021e-08 1.330385167097953181e+00 3.804545405580944006e+00
1.330385167097953181e+00 3.804545405580944006e+00 0.000000000000000000e+00 9.999000000000000110e-01 1.570796326794896558e+00 5.000000000000000000e+00
-3.077683209592017854e-02 2.784239286594903176e-02 2.000000000000000000e+00 1.000000000000000021e-08 -1.136810140557685950e-01 -8.290418195984841088e-01
-1.136810140557685950e-01 -8.290418195984841088e-01 1.000000000000000000e+00 1.000000000000000021e-08 -2.260055110624233921e-01 -1.123244970066548110e+00
-2.260055110624233921e-01 -1.123244970066548110e+00 0.000000000000000000e+00 1.000000000000000021e-08 -2.771614277745382826e-01 -5.115591671211486835e-01
-2.771614277745382826e-01 -5.115591671211486835e-01 1.000000000000000000e+00 1.000000000000000021e-08 -3.729461010528207776e-01 -9.578467327828247280e-01
-3.729461010528207776e-01 -9.578467327828247280e-01 1.000000000000000000e+00 1.000000000000000021e-08 -5.247740435424551597e-01 -1.518279424896343821e+00
-5.247740435424551597e-01 -1.518279424896343821e+00 0.000000000000000000e+00 1.000000000000000021e-08 -6.743623887864366173e-01 -1.495883452439814132e+00
-6.743623887864366173e-01 -1.495883452439814132e+00 1.000000000000000000e+00 1.000000000000000021e-08 -9.145309749685535117e-01 -2.401685861821169166e+00
-9.145309749685535117e-01 -2.401685861821169166e+00 0.000000000000000000e+00 1.000000000000000021e-08 -1.222841281361471744e+00 -3.083103063929182319e+00
-1.222841281361471744e+00 -3.083103063929182319e+00 2.000000000000000000e+00 9.999000000000000110e-01 -1.570796326794896558e+00 -4.676127577340353447e+00
-2.462145459884770848e-02 -3.158412260039782093e-02 1.000000000000000000e+00 1.000000000000000021e-08 -4.920142730663827624e-02 -2.457997270779057053e-01
-4.920142730663827624e-02 -2.457997270779057053e-01 2.000000000000000000e+00 1.000000000000000021e-08 -1.730906255136757388e-01 -1.238891982070374542e+00
-1.730906255136757388e-01 -1.238891982070374542e+00 2.000000000000000000e+00 1.000000000000000021e-08 -4.167870911789138821e-01 -2.436964656652381045e+00
-4.167870911789138821e-01 -2.436964656652381045e+00 2.000000000000000000e+00 1.000000000000000021e-08 -7.895540513136729555e-01 -3.727669601347590955e+00
-7.895540513136729555e-01 -3.727669601347590955e+00 2.000000000000000000e+00 1.000000000000000021e-08 -1.319839015315455999e+00 -5.000000000000000000e+00
-1.319839015315455999e+00 -5.000000000000000000e+00 1.000000000000000000e+00 9.999000000000000110e-01 -1.570796326794896558e+00 -5.000000000000000000e+00
-6.597723854764300788e-02 7.449661507089178070e-02 0.000000000000000000e+00 1.000000000000000021e-08 1.313718976828263940e-02 7.911442831592564451e-01
1.313718976828263940e-02 7.911442831592564451e-01 2.000000000000000000e+00 1.000000000000000021e-08 1.792768876928964999e-02 4.790499001007009205e-02
1.792768876928964999e-02 4.790499001007009205e-02 1.000000000000000000e+00 1.000000000000000021e-08 1.912788664317885065e-02 1.200197873889200656e-02
1.912788664317885065e-02 1.200197873889200656e-02 2.000000000000000000e+00 1.000000000000000021e-08 -7.957271686309437542e-02 -9.870060350627322121e-01
-7.957271686309437542e-02 -9.870060350627322121e-01 1.000000000000000000e+00 1.000000000000000021e-08 -1.881952020463751318e-01 -1.086224851832807703e+00
-1.881952020463751318e-01 -1.086224851832807703e+00 0.000000000000000000e+00 1.000000000000000021e-08 -2.513824109165589960e-01 -6.318720887018387522e-01
-2.513824109165589960e-01 -6.318720887018387522e-01 2.000000000000000000e+00 1.000000000000000021e-08 -4.460751448077691084e-01 -1.946927338912100680e+00
-4.460751448077691084e-01 -1.946927338912100680e+00 1.000000000000000000e+00 1.000000000000000021e-08 -7.142978382622755529e-01 -2.682226934545064001e+00
-7.142978382622755529e-01 -2.682226934545064001e+00 0.000000000000000000e+00 1.000000000000000021e-08 -1.027843364358624889e+00 -3.135455260963492030e+00
-1.027843364358624889e+00 -3.135455260963492030e+00 2.000000000000000000e+00 1.000000000000000021e-08 -1.513462285130035001e+00 -4.856189207714101563e+00
-1.513462285130035001e+00 -4.856189207714101563e+00 0.000000000000000000e+00 9.999000000000000110e-01 -1.570796326794896558e+00 -5.000000000000000000e+00
-4.306099407037373983e-02 -8.432462357579557921e-02 1.000000000000000000e+00 1.000000000000000021e-08 -6.069808937926569892e-02 -1.763709530889195354e-01
-6.069808937926569892e-02 -1.763709530889195354e-01 1.000000000000000000e+00 1.000000000000000021e-08 -8.908026599963220216e-02 -2.838217662036650601e-01
-8.908026599963220216e-02 -2.838217662036650601e-01 2.000000000000000000e+00 1.000000000000000021e-08 -2.087629566861993746e-01 -1.196826906865671614e+00
-2.087629566861993746e-01 -1.196826906865671614e+00 1.000000000000000000e+00 1.000000000000000021e-08 -3.536547083910280831e-01 -1.448917517048287307e+00
-3.536547083910280831e-01 -1.448917517048287307e+00 1.000000000000000000e+00 1.000000000000000021e-08 -5.409191639210582103e-01 -1.872644555300300606e+00
-5.409191639210582103e-01 -1.872644555300300606e+00 0.000000000000000000e+00 1.000000000000000021e-08 -7.275896013101961213e-01 -1.866704373891378888e+00
-7.275896013101961213e-01 -1.866704373891378888e+00 2.000000000000000000e+00 1.000000000000000021e-08 -1.068579974651275633e+00 -3.409903733410795112e+00
-1.068579974651275633e+00 -3.409903733410795112e+00 2.000000000000000000e+00 1.000000000000000021e-08 -1.567616395326781653e+00 -4.990364206755059762e+00
-1.567616395326781653e+00 -4.990364206755059762e+00 1.000000000000000000e+00 9.999000000000000110e-01 -1.570796326794896558e+00 -5.000000000000000000e+00
8.677513263627917306e-02 -7.669488491271703179e-02 2.000000000000000000e+00 1.000000000000000021e-08 1.831496366086386718e-02 -6.846016897541530311e-01
1.831496366086386718e-02 -6.846016897541530311e-01 2.000000000000000000e+00 1.000000000000000021e-08 -1.301543810322413619e-01 -1.484693446931052208e+00
-1.301543810322413619e-01 -1.484693446931052208e+00 1.000000000000000000e+00 1.000000000000000021e-08 -3.170254241055383559e-01 -1.868710430732969607e+00
-3.170254241055383559e-01 -1.868710430732969607e+00 1.000000000000000000e+00 1.000000000000000021e-08 -5.494160373615947224e-01 -2.323906132560563442e+00
-5.494160373615947224e-01 -2.323906132560563442e+00 0.000000000000000000e+00 1.000000000000000021e-08 -7.881299499177265577e-01 -2.387139125561317687e+00
-7.881299499177265577e-01 -2.387139125561317687e+00 2.000000000000000000e+00 1.000000000000000021e-08 -1.187914224671785757e+00 -3.997842747540592434e+00
-1.187914224671785757e+00 -3.997842747540592434e+00 2.000000000000000000e+00 9.999000000000000110e-01 -1.570796326794896558e+00 -5.000000000000000000e+00
1.146338868686952450e-02 -8.573481134423210914e-02 0.000000000000000000e+00 1.000000000000000021e-08 9.255410088720965323e-02 8.109071220034012040e-01
9.255410088720965323e-02 8.109071220034012040e-01 1.000000000000000000e+00 1.000000000000000021e-08 1.830260282025127638e-01 9.047192731530310228e-01
1.830260282025127638e-01 9.047192731530310228e-01 1.000000000000000000e+00 1.000000000000000021e-08 2.906914327861284120e-01 1.076654045836156204e+00
2.906914327861284120e-01 1.076654045836156204e+00 1.000000000000000000e+00 1.000000000000000021e-08 4.582831784710616474e-01 1.675917456849332243e+00
4.582831784710616474e-01 1.675917456849332243e+00 1.000000000000000000e+00 1.000000000000000021e-08 6.826729377946134658e-01 2.243897593235518073e+00
6.826729377946134658e-01 2.243897593235518073e+00 0.000000000000000000e+00 1.000000000000000021e-08 1.077008028732250544e+00 3.943350909376370339e+00
1.077008028732250544e+00 3.943350909376370339e+00 2.000000000000000000e+00 1.000000000000000021e-08 1.564690744138061307e+00 4.876827154058107183e+00
1.564690744138061307e+00 4.876827154058107183e+00 2.000000000000000000e+00 9.999000000000000110e-01 1.570796326794896558e+00 5.000000000000000000e+00
7.241481473953004233e-02 6.611307467040279662e-02 0.000000000000000000e+00 1.000000000000000021e-08 1.941909220924640522e-01 1.217761073529340043e+00
1.941909220924640522e-01 1.217761073529340043e+00 0.000000000000000000e+00 1.000000000000000021e-08 4.362764367620594053e-01 2.420855146695953586e+00
4.362764367620594053e-01 2.420855146695953586e+00 2.000000000000000000e+00 1.000000000000000021e-08 6.570183233483068985e-01 2.207418865862474711e+00
6.570183233483068985e-01 2.207418865862474711e+00 0.000000000000000000e+00 1.000000000000000021e-08 1.049853691487896423e+00 3.928353681395895691e+00
1.049853691487896423e+00 3.928353681395895691e+00 2.000000000000000000e+00 1.000000000000000021e-08 1.522907770010144546e+00 4.730540785222482114e+00
1.522907770010144546e+00 4.730540785222482114e+00 1.000000000000000000e+00 9.999000000000000110e-01 1.570796326794896558e+00 5.000000000000000000e+00
-3.889689771107909810e-02 -2.860530866233961314e-02 2.000000000000000000e+00 1.000000000000000021e-08 -1.265519644105508323e-01 -8.765506669947172869e-01
-1.265519644105508323e-01 -8.765506669947172869e-01 1.000000000000000000e+00 1.000000000000000021e-08 -2.400448187578753112e-01 -1.134928543473244789e+00
-2.400448187578753112e-01 -1.134928543473244789e+00 2.000000000000000000e+00 1.000000000000000021e-08 -4.644392033351311122e-01 -2.243943845772557566e+00
-4.644392033351311122e-01 -2.243943845772557566e+00 0.000000000000000000e+00 1.000000000000000021e-08 -6.967886342004206979e-01 -2.323494308652895413e+00
-6.967886342004206979e-01 -2.323494308652895413e+00 2.000000000000000000e+00 1.000000000000000021e-08 -1.095593647469208065e+00 -3.988050132687872562e+00
-1.095593647469208065e+00 -3.988050132687872562e+00 1.000000000000000000e+00 9.999000000000000110e-01 -1.570796326794896558e+00 -5.000000000000000000e+00
8.159906121635954190e-02 -6.523756085314963427e-02 2.000000000000000000e+00 1.000000000000000021e-08 8.349716727902523061e-03 -7.324934448845701329e-01
8.349716727902523061e-03 -7.324934448845701329e-01 0.000000000000000000e+00 1.000000000000000021e-08 3.275634390105881810e-02 2.440662717315629227e-01
3.275634390105881810e-02 2.440662717315629227e-01 2.000000000000000000e+00 1.000000000000000021e-08 -1.083048799067513196e-02 -4.358683189173394590e-01
-1.083048799067513196e-02 -4.358683189173394590e-01 1.000000000000000000e+00 1.000000000000000021e-08 -7.010365422677422576e-02 -5.927316623609908408e-01
-7.010365422677422576e-02 -5.927316623609908408e-01 2.000000000000000000e+00 1.000000000000000021e-08 -2.183283415849440745e-01 -1.482246873581698487e+00
-2.183283415849440745e-01 -1.482246873581698487e+00 1.000000000000000000e+00 1.000000000000000021e-08 -3.991022778013095795e-01 -1.807739362163654828e+00
-3.991022778013095795e-01 -1.807739362163654828e+00 2.000000000000000000e+00 1.000000000000000021e-08 -7.377905426172663983e-01 -3.386882648159567744e+00
-7.377905426172663983e-01 -3.386882648159567744e+00 0.000000000000000000e+00 1.000000000000000021e-08 -1.104885709334864075e+00 -3.670951667175977651e+00
-1.104885709334864075e+00 -3.670951667175977651e+00 2.000000000000000000e+00 9.999000000000000110e-01 -1.570796326794896558e+00 -5.000000000000000000e+00
5.721063257202693708e-02 -3.629621506124072750e-02 2.000000000000000000e+00 1.000000000000000021e-08 -3.421709040501907939e-02 -9.142772297704601092e-01
-3.421709040501907939e-02 -9.142772297704601092e-01 2.000000000000000000e+00 1.000000000000000021e-08 -2.275554729295429235e-01 -1.933383825245238441e+00
-2.275554729295429235e-01 -1.933383825245238441e+00 2.000000000000000000e+00 1.000000000000000021e-08 -5.329202438598324987e-01 -3.053647709302895308e+00
-5.329202438598324987e-01 -3.053647709302895308e+00 2.000000000000000000e+00 1.000000000000000021e-08 -9.764461996350479733e-01 -4.435259557752154080e+00
-9.764461996350479733e-01 -4.435259557752154080e+00 1.000000000000000000e+00 1.000000000000000021e-08 -1.531895083745272057e+00 -5.000000000000000000e+00
-1.531895083745272057e+00 -5.000000000000000000e+00 1.000000000000000000e+00 9.999000000000000110e-01 -1.570796326794896558e+00 -5.000000000000000000e+00
-3.623891118484236229e-02 4.883670379809749301e-02 0.000000000000000000e+00 1.000000000000000021e-08 3.461201965321367147e-02 7.085093083805602543e-01
3.461201965321367147e-02 7.085093083805602543e-01 1.000000000000000000e+00 1.000000000000000021e-08 1.123841750425099012e-01 7.777215538929622696e-01
1.123841750425099012e-01 7.777215538929622696e-01 2.000000000000000000e+00 1.000000000000000021e-08 1.274815883057393018e-01 1.509741326322940891e-01
1.274815883057393018e-01 1.509741326322940891e-01 1.000000000000000000e+00 1.000000000000000021e-08 1.665373785213458413e-01 3.905579021560654507e-01
1.665373785213458413e-01 3.905579021560654507e-01 0.000000000000000000e+00 1.000000000000000021e-08 3.182206897551364544e-01 1.516833112337905964e+00
3.182206897551364544e-01 1.516833112337905964e+00 2.000000000000000000e+00 1.000000000000000021e-08 4.437726634342804566e-01 1.255519736791439911e+00
4.437726634342804566e-01 1.255519736791439911e+00 1.000000000000000000e+00 1.000000000000000021e-08 6.272849263392232810e-01 1.835122629049427800e+00
6.272849263392232810e-01 1.835122629049427800e+00 2.000000000000000000e+00 1.000000000000000021e-08 8.438264131637130960e-01 2.165414868244898372e+00
8.438264131637130960e-01 2.165414868244898372e+00 1.000000000000000000e+00 1.000000000000000021e-08 1.177340532328059908e+00 3.335141191643466563e+00
1.177340532328059908e+00 3.335141191643466563e+00 1.000000000000000000e+00 9.999000000000000110e-01 1.570796326794896558e+00 4.683008880908725580e+00
-5.970730803402284070e-02 2.369167573789675643e-02 0.000000000000000000e+00 1.000000000000000021e-08 6.025340941956724983e-03 6.573264897597955736e-01
6.025340941956724983e-03 6.573264897597955736e-01 1.000000000000000000e+00 1.000000000000000021e-08 8.413896563367662118e-02 7.811362469171988510e-01
8.413896563367662118e-02 7.811362469171988510e-01 2.000000000000000000e+00 1.000000000000000021e-08 9.609391434087038997e-02 1.195494870719376879e-01
