6.572818498794649744e-02 -7.810000381685888726e-02 1.000000000000000000e+00 1.000000000000000021e-08 5.886485623702593373e-02 -6.863328750920563714e-02
5.886485623702593373e-02 -6.863328750920563714e-02 0.000000000000000000e+00 1.000000000000000021e-08 1.641626466249283267e-01 1.052977903879023902e+00
1.641626466249283267e-01 1.052977903879023902e+00 0.000000000000000000e+00 1.000000000000000021e-08 3.738048020726227882e-01 2.096421554476944671e+00
3.738048020726227882e-01 2.096421554476944671e+00 2.000000000000000000e+00 1.000000000000000021e-08 5.547702512094013771e-01 1.809654491367786111e+00
5.547702512094013771e-01 1.809654491367786111e+00 0.000000000000000000e+00 1.000000000000000021e-08 9.036215429065904692e-01 3.488512916971890476e+00
9.036215429065904692e-01 3.488512916971890476e+00 1.000000000000000000e+00 1.000000000000000021e-08 1.361292309013150126e+00 4.576707661065595900e+00
1.361292309013150126e+00 4.576707661065595900e+00 0.000000000000000000e+00 9.999000000000000110e-01 1.570796326794896558e+00 5.000000000000000000e+00
-5.685964061762124877e-02 6.323089131539286201e-02 1.000000000000000000e+00 1.000000000000000021e-08 -6.607250190692637304e-02 -9.212861289305127044e-02
-6.607250190692637304e-02 -9.212861289305127044e-02 2.000000000000000000e+00 1.000000000000000021e-08 -1.915110451538091785e-01 -1.254385432468827943e+00
-1.915110451538091785e-01 -1.254385432468827943e+00 2.000000000000000000e+00 1.000000000000000021e-08 -4.205362591211872503e-01 -2.290252139673780718e+00
-4.205362591211872503e-01 -2.290252139673780718e+00 1.000000000000000000e+00 1.000000000000000021e-08 -7.295969439843223991e-01 -3.090606848631351156e+00
-7.295969439843223991e-01 -3.090606848631351156e+00 0.000000000000000000e+00 1.000000000000000021e-08 -1.087901150558005625e+00 -3.583042065736833148e+00
-1.087901150558005625e+00 -3.583042065736833148e+00 1.000000000000000000e+00 9.999000000000000110e-01 -1.570796326794896558e+00 -4.888216728506032283e+00
7.675973538203628710e-02 -6.956842214777678168e-02 1.000000000000000000e+00 1.000000000000000021e-08 7.348135941134394111e-02 -3.278375970692345986e-02
7.348135941134394111e-02 -3.278375970692345986e-02 1.000000000000000000e+00 1.000000000000000021e-08 9.380271282709251590e-02 2.032135341574857201e-01
9.380271282709251590e-02 2.032135341574857201e-01 1.000000000000000000e+00 1.000000000000000021e-08 1.262862626861127047e-01 3.248354985902019432e-01
1.262862626861127047e-01 3.248354985902019432e-01 2.000000000000000000e+00 1.000000000000000021e-08 1.097537114742527520e-01 -1.653255121185994714e-01
1.097537114742527520e-01 -1.653255121185994714e-01 2.000000000000000000e+00 1.000000000000000021e-08 1.290709338959174224e-02 -9.684661808466100696e-01
1.290709338959174224e-02 -9.684661808466100696e-01 1.000000000000000000e+00 1.000000000000000021e-08 -7.274218015079612909e-02 -8.564927354038786023e-01
-7.274218015079612909e-02 -8.564927354038786023e-01 2.000000000000000000e+00 1.000000000000000021e-08 -2.664041303068527822e-01 -1.936619501560566281e+00
-2.664041303068527822e-01 -1.936619501560566281e+00 0.000000000000000000e+00 1.000000000000000021e-08 -4.276358510733474505e-01 -1.612317207664946794e+00
-4.276358510733474505e-01 -1.612317207664946794e+00 1.000000000000000000e+00 1.000000000000000021e-08 -6.683420488856857133e-01 -2.407061978123382406e+00
-6.683420488856857133e-01 -2.407061978123382406e+00 1.000000000000000000e+00 1.000000000000000021e-08 -9.961339818144041569e-01 -3.277919329287183992e+00
-9.961339818144041569e-01 -3.277919329287183992e+00 0.000000000000000000e+00 1.000000000000000021e-08 -1.402344521218479523e+00 -4.062105394040752770e+00
-1.402344521218479523e+00 -4.062105394040752770e+00 2.000000000000000000e+00 9.999000000000000110e-01 -1.570796326794896558e+00 -5.000000000000000000e+00
-3.428012404742563496e-02 -6.555165384908526877e-03 2.000000000000000000e+00 1.000000000000000021e-08 -1.359977793380119371e-01 -1.017176552905862952e+00
-1.359977793380119371e-01 -1.017176552905862952e+00 2.000000000000000000e+00 1.000000000000000021e-08 -3.631041010296927052e-01 -2.271063216916807903e+00
-3.631041010296927052e-01 -2.271063216916807903e+00 2.000000000000000000e+00 1.000000000000000021e-08 -7.299572604431061595e-01 -3.668531594134133655e+00
-7.299572604431061595e-01 -3.668531594134133655e+00 1.000000000000000000e+00 1.000000000000000021e-08 -1.201271189347043578e+00 -4.713139289039373736e+00
-1.201271189347043578e+00 -4.713139289039373736e+00 1.000000000000000000e+00 9.999000000000000110e-01 -1.570796326794896558e+00 -5.000000000000000000e+00
-4.806290698332019162e-02 -7.169168079481440248e-02 2.000000000000000000e+00 1.000000000000000021e-08 -1.479908021205889046e-01 -9.992789513726871853e-01
-1.479908021205889046e-01 -9.992789513726871853e-01 0.000000000000000000e+00 1.000000000000000021e-08 -1.889679082727838688e-01 -4.097710615219497532e-01
-1.889679082727838688e-01 -4.097710615219497532e-01 0.000000000000000000e+00 1.000000000000000021e-08 -1.904429808982099070e-01 -1.475072625426038231e-02
-1.904429808982099070e-01 -1.475072625426038231e-02 2.000000000000000000e+00 1.000000000000000021e-08 -3.142699690444766825e-01 -1.238269881462667810e+00
-3.142699690444766825e-01 -1.238269881462667810e+00 0.000000000000000000e+00 1.000000000000000021e-08 -3.918493030762648655e-01 -7.757933403178820519e-01
-3.918493030762648655e-01 -7.757933403178820519e-01 1.000000000000000000e+00 1.000000000000000021e-08 -5.216416579387787023e-01 -1.297923548625138590e+00
-5.216416579387787023e-01 -1.297923548625138590e+00 1.000000000000000000e+00 1.000000000000000021e-08 -7.185929304789644423e-01 -1.969512725401857622e+00
-7.185929304789644423e-01 -1.969512725401857622e+00 1.000000000000000000e+00 1.000000000000000021e-08 -1.029315745271824678e+00 -3.107228147928602802e+00
-1.029315745271824678e+00 -3.107228147928602802e+00 1.000000000000000000e+00 1.000000000000000021e-08 -1.470864314432494213e+00 -4.415485691606695795e+00
-1.470864314432494213e+00 -4.415485691606695795e+00 0.000000000000000000e+00 9.999000000000000110e-01 -1.570796326794896558e+00 -5.000000000000000000e+00
-8.195726485509662040e-02 3.220192521616069975e-02 0.000000000000000000e+00 1.000000000000000021e-08 -9.071257439771246434e-04 8.105013911111949021e-01
-9.071257439771246434e-04 8.105013911111949021e-01 2.000000000000000000e+00 1.000000000000000021e-08 -2.049389878102748919e-02 -1.958677303705036454e-01
-2.049389878102748919e-02 -1.958677303705036454e-01 1.000000000000000000e+00 1.000000000000000021e-08 -3.121255324321885877e-02 -1.071865446219136958e-01
-3.121255324321885877e-02 -1.071865446219136958e-01 1.000000000000000000e+00 1.000000000000000021e-08 -5.469698782913656743e-02 -2.348443458591770727e-01
-5.469698782913656743e-02 -2.348443458591770727e-01 1.000000000000000000e+00 1.000000000000000021e-08 -8.407867245566434666e-02 -2.938168462652777646e-01
-8.407867245566434666e-02 -2.938168462652777646e-01 0.000000000000000000e+00 1.000000000000000021e-08 -2.362967974490084999e-02 6.044899271076349390e-01
-2.362967974490084999e-02 6.044899271076349390e-01 0.000000000000000000e+00 1.000000000000000021e-08 1.264500806150538059e-01 1.500797603599546504e+00
1.264500806150538059e-01 1.500797603599546504e+00 1.000000000000000000e+00 1.000000000000000021e-08 2.820412834100645694e-01 1.555912027950107523e+00
2.820412834100645694e-01 1.555912027950107523e+00 2.000000000000000000e+00 1.000000000000000021e-08 3.981237401313523216e-01 1.160824567212877634e+00
3.981237401313523216e-01 1.160824567212877634e+00 0.000000000000000000e+00 1.000000000000000021e-08 6.692273437837885641e-01 2.711036036524363091e+00
6.692273437837885641e-01 2.711036036524363091e+00 0.000000000000000000e+00 1.000000000000000021e-08 1.108576835419635254e+00 4.393494916358466007e+00
1.108576835419635254e+00 4.393494916358466007e+00 0.000000000000000000e+00 9.999000000000000110e-01 1.570796326794896558e+00 5.000000000000000000e+00
-3.282845111948885786e-02 -2.947019267968425602e-02 1.000000000000000000e+00 1.000000000000000021e-08 -4.517532560862898283e-02 -1.234687448914012498e-01
-4.517532560862898283e-02 -1.234687448914012498e-01 1.000000000000000000e+00 1.000000000000000021e-08 -7.519299993857297970e-02 -3.001767432994399964e-01
-7.519299993857297970e-02 -3.001767432994399964e-01 0.000000000000000000e+00 1.000000000000000021e-08 -3.228781082656474039e-02 4.290518911200823515e-01
-3.228781082656474039e-02 4.290518911200823515e-01 2.000000000000000000e+00 1.000000000000000021e-08 -9.825855165657199075e-02 -6.597074083000723510e-01
-9.825855165657199075e-02 -6.597074083000723510e-01 0.000000000000000000e+00 1.000000000000000021e-08 -1.055277471654204741e-01 -7.269195508848480536e-02
-1.055277471654204741e-01 -7.269195508848480536e-02 2.000000000000000000e+00 1.000000000000000021e-08 -2.152201624976168848e-01 -1.096924153321964024e+00
-2.152201624976168848e-01 -1.096924153321964024e+00 1.000000000000000000e+00 1.000000000000000021e-08 -3.589039299538137051e-01 -1.436837674561967759e+00
-3.589039299538137051e-01 -1.436837674561967759e+00 2.000000000000000000e+00 1.000000000000000021e-08 -6.544949444979477615e-01 -2.955910145441340120e+00
-6.544949444979477615e-01 -2.955910145441340120e+00 1.000000000000000000e+00 1.000000000000000021e-08 -1.029739789499140912e+00 -3.752448450011930170e+00
-1.029739789499140912e+00 -3.752448450011930170e+00 1.000000000000000000e+00 1.000000000000000021e-08 -1.529064030208612701e+00 -4.993242407094717450e+00
-1.529064030208612701e+00 -4.993242407094717450e+00 0.000000000000000000e+00 9.999000000000000110e-01 -1.570796326794896558e+00 -5.000000000000000000e+00
-2.649982163630967835e-02 -2.810561530988214124e-02 0.000000000000000000e+00 1.000000000000000021e-08 7.166406442657717590e-02 9.816388606288685148e-01
7.166406442657717590e-02 9.816388606288685148e-01 1.000000000000000000e+00 1.000000000000000021e-08 1.834421278846108949e-01 1.117780634580336940e+00
1.834421278846108949e-01 1.117780634580336940e+00 2.000000000000000000e+00 1.000000000000000021e-08 2.340676180525462224e-01 5.062549016793533863e-01
2.340676180525462224e-01 5.062549016793533863e-01 1.000000000000000000e+00 1.000000000000000021e-08 3.150828512891636901e-01 8.101523323661744547e-01
3.150828512891636901e-01 8.101523323661744547e-01 2.000000000000000000e+00 1.000000000000000021e-08 3.547285234751713645e-01 3.964567218600766885e-01
3.547285234751713645e-01 3.964567218600766885e-01 0.000000000000000000e+00 1.000000000000000021e-08 5.437638791967320806e-01 1.890353557215607605e+00
5.437638791967320806e-01 1.890353557215607605e+00 2.000000000000000000e+00 1.000000000000000021e-08 7.490509103910896194e-01 2.052870311943575388e+00
7.490509103910896194e-01 2.052870311943575388e+00 2.000000000000000000e+00 1.000000000000000021e-08 1.010501689376260392e+00 2.614507789851707287e+00
1.010501689376260392e+00 2.614507789851707287e+00 2.000000000000000000e+00 1.000000000000000021e-08 1.362115637073654018e+00 3.516139476973935807e+00
1.362115637073654018e+00 3.516139476973935807e+00 0.000000000000000000e+00 9.999000000000000110e-01 1.570796326794896558e+00 5.000000000000000000e+00
-7.211004238296802454e-03 -6.339712564368313319e-02 2.000000000000000000e+00 1.000000000000000021e-08 -1.072613712465963071e-01 -1.000503670082995011e+00
-1.072613712465963071e-01 -1.000503670082995011e+00 1.000000000000000000e+00 1.000000000000000021e-08 -2.221852000104361791e-01 -1.149238287638398859e+00
-2.221852000104361791e-01 -1.149238287638398859e+00 2.000000000000000000e+00 1.000000000000000021e-08 -4.763940476839581550e-01 -2.542088476735219871e+00
-4.763940476839581550e-01 -2.542088476735219871e+00 1.000000000000000000e+00 1.000000000000000021e-08 -7.971438542692890206e-01 -3.207498065853308322e+00
-7.971438542692890206e-01 -3.207498065853308322e+00 2.000000000000000000e+00 1.000000000000000021e-08 -1.280085817282504923e+00 -4.829419630132157693e+00
-1.280085817282504923e+00 -4.829419630132157693e+00 0.000000000000000000e+00 9.999000000000000110e-01 -1.570796326794896558e+00 -5.000000000000000000e+00
-4.544298407377381221e-02 8.620578653863791851e-02 2.000000000000000000e+00 1.000000000000000021e-08 -1.188251193765829244e-01 -7.338213530280910391e-01
-1.188251193765829244e-01 -7.338213530280910391e-01 2.000000000000000000e+00 1.000000000000000021e-08 -2.857211517258218536e-01 -1.668960323492389097e+00
-2.857211517258218536e-01 -1.668960323492389097e+00 2.000000000000000000e+00 1.000000000000000021e-08 -5.744664918132134090e-01 -2.887453400873915665e+00
-5.744664918132134090e-01 -2.887453400873915665e+00 0.000000000000000000e+00 1.000000000000000021e-08 -8.878048521429691142e-01 -3.133383603297556608e+00
-8.878048521429691142e-01 -3.133383603297556608e+00 2.000000000000000000e+00 1.000000000000000021e-08 -1.355603028881797734e+00 -4.677981767388287082e+00
-1.355603028881797734e+00 -4.677981767388287082e+00 0.000000000000000000e+00 9.999000000000000110e-01 -1.570796326794896558e+00 -5.000000000000000000e+00
4.906673549099517528e-02 7.465847384695951938e-02 2.000000000000000000e+00 1.000000000000000021e-08 -3.326343076094294415e-02 -8.233016625193811944e-01
-3.326343076094294415e-02 -8.233016625193811944e-01 1.000000000000000000e+00 1.000000000000000021e-08 -1.194804516262739369e-01 -8.621702086533098441e-01
-1.194804516262739369e-01 -8.621702086533098441e-01 1.000000000000000000e+00 1.000000000000000021e-08 -2.363992486538945559e-01 -1.169187970276206023e+00
-2.363992486538945559e-01 -1.169187970276206023e+00 2.000000000000000000e+00 1.000000000000000021e-08 -4.947298149192910222e-01 -2.583305662653964774e+00
-4.947298149192910222e-01 -2.583305662653964774e+00 2.000000000000000000e+00 1.000000000000000021e-08 -8.958105429499235717e-01 -4.010807280306325495e+00
-8.958105429499235717e-01 -4.010807280306325495e+00 0.000000000000000000e+00 1.000000000000000021e-08 -1.359125335124425682e+00 -4.633147921745021769e+00
-1.359125335124425682e+00 -4.633147921745021769e+00 0.000000000000000000e+00 9.999000000000000110e-01 -1.570796326794896558e+00 -5.000000000000000000e+00
5.076623046048573534e-02 -7.293169030213877968e-02 0.000000000000000000e+00 1.000000000000000021e-08 1.292877704770655500e-01 7.852154001657981608e-01
1.292877704770655500e-01 7.852154001657981608e-01 2.000000000000000000e+00 1.000000000000000021e-08 1.342176105402138331e-01 4.929840063148283047e-02
1.342176105402138331e-01 4.929840063148283047e-02 1.000000000000000000e+00 1.000000000000000021e-08 1.572636523637725436e-01 2.304604182355870778e-01
1.572636523637725436e-01 2.304604182355870778e-01 2.000000000000000000e+00 1.000000000000000021e-08 1.242682013929471418e-01 -3.299545097082539069e-01
1.242682013929471418e-01 -3.299545097082539069e-01 1.000000000000000000e+00 1.000000000000000021e-08 9.882028062376974065e-02 -2.544792076917740120e-01
9.882028062376974065e-02 -2.544792076917740120e-01 0.000000000000000000e+00 1.000000000000000021e-08 1.827615888739523853e-01 8.394130825018265574e-01
1.827615888739523853e-01 8.394130825018265574e-01 1.000000000000000000e+00 1.000000000000000021e-08 3.029795171676758492e-01 1.202179282937234417e+00
3.029795171676758492e-01 1.202179282937234417e+00 0.000000000000000000e+00 1.000000000000000021e-08 5.660421287066075280e-01 2.630626115389316233e+00
5.660421287066075280e-01 2.630626115389316233e+00 0.000000000000000000e+00 1.000000000000000021e-08 9.858918040986243136e-01 4.198496753920167635e+00
9.858918040986243136e-01 4.198496753920167635e+00 2.000000000000000000e+00 1.000000000000000021e-08 1.485758349967177594e+00 4.998665458685533913e+00
1.485758349967177594e+00 4.998665458685533913e+00 1.000000000000000000e+00 9.999000000000000110e-01 1.570796326794896558e+00 5.000000000000000000e+00
-6.549113161961192531e-02 5.645314897663039622e-02 2.000000000000000000e+00 1.000000000000000021e-08 -1.677421362929011339e-01 -1.022510046732892031e+00
-1.677421362929011339e-01 -1.022510046732892031e+00 2.000000000000000000e+00 1.000000000000000021e-08 -4.014717537879480824e-01 -2.337296174950469485e+00
-4.014717537879480824e-01 -2.337296174950469485e+00 1.000000000000000000e+00 1.000000000000000021e-08 -6.859278072831929141e-01 -2.844560534952448982e+00
-6.859278072831929141e-01 -2.844560534952448982e+00 0.000000000000000000e+00 1.000000000000000021e-08 -1.000708502245495346e+00 -3.147806949623024764e+00
-1.000708502245495346e+00 -3.147806949623024764e+00 1.000000000000000000e+00 1.000000000000000021e-08 -1.435338282083675754e+00 -4.346297798381803190e+00
-1.435338282083675754e+00 -4.346297798381803190e+00 0.000000000000000000e+00 9.999000000000000110e-01 -1.570796326794896558e+00 -5.000000000000000000e+00
7.352740828846585086e-03 -8.554731477309149290e-02 1.000000000000000000e+00 1.000000000000000021e-08 -1.266606755868179141e-02 -2.001880838752837510e-01
-1.266606755868179141e-02 -2.001880838752837510e-01 2.000000000000000000e+00 1.000000000000000021e-08 -1.176151760160217552e-01 -1.049491084573399569e+00
-1.176151760160217552e-01 -1.049491084573399569e+00 1.000000000000000000e+00 1.000000000000000021e-08 -2.429521972154058962e-01 -1.253370211993841243e+00
-2.429521972154058962e-01 -1.253370211993841243e+00 0.000000000000000000e+00 1.000000000000000021e-08 -3.243602202142202295e-01 -8.140802299881431114e-01
-3.243602202142202295e-01 -8.140802299881431114e-01 2.000000000000000000e+00 1.000000000000000021e-08 -5.492570704584180952e-01 -2.248968502441978767e+00
-5.492570704584180952e-01 -2.248968502441978767e+00 2.000000000000000000e+00 1.000000000000000021e-08 -9.170207403032263338e-01 -3.677636698448082164e+00
-9.170207403032263338e-01 -3.677636698448082164e+00 0.000000000000000000e+00 1.000000000000000021e-08 -1.358360534485087978e+00 -4.413397941818617554e+00
-1.358360534485087978e+00 -4.413397941818617554e+00 1.000000000000000000e+00 9.999000000000000110e-01 -1.570796326794896558e+00 -5.000000000000000000e+00
2.657893450532014187e-02 1.055877458108794159e-02 0.000000000000000000e+00 1.000000000000000021e-08 1.295414346659010396e-01 1.029625001605809054e+00
1.295414346659010396e-01 1.029625001605809054e+00 2.000000000000000000e+00 1.000000000000000021e-08 1.674639115257796074e-01 3.792247685987856221e-01
1.674639115257796074e-01 3.792247685987856221e-01 2.000000000000000000e+00 1.000000000000000021e-08 1.474207022030694647e-01 -2.004320932271015376e-01
1.474207022030694647e-01 -2.004320932271015376e-01 0.000000000000000000e+00 1.000000000000000021e-08 2.329228824657187391e-01 8.550218026264928550e-01
2.329228824657187391e-01 8.550218026264928550e-01 0.000000000000000000e+00 1.000000000000000021e-08 4.582593380896611834e-01 2.253364556239424221e+00
4.582593380896611834e-01 2.253364556239424221e+00 2.000000000000000000e+00 1.000000000000000021e-08 6.873323414931638009e-01 2.290730034035026730e+00
6.873323414931638009e-01 2.290730034035026730e+00 0.000000000000000000e+00 1.000000000000000021e-08 1.090764245410933420e+00 4.034319039177695743e+00
1.090764245410933420e+00 4.034319039177695743e+00 0.000000000000000000e+00 9.999000000000000110e-01 1.570796326794896558e+00 5.000000000000000000e+00
8.617779252812125812e-02 -3.585815479951608153e-02 2.000000000000000000e+00 1.000000000000000021e-08 3.145477111143116233e-03 -8.303231541697813078e-01
3.145477111143116233e-03 -8.303231541697813078e-01 2.000000000000000000e+00 1.000000000000000021e-08 -1.737480499484551633e-01 -1.768935270595982878e+00
-1.737480499484551633e-01 -1.768935270595982878e+00 2.000000000000000000e+00 1.000000000000000021e-08 -4.807619456022294013e-01 -3.070138956537742381e+00
-4.807619456022294013e-01 -3.070138956537742381e+00 2.000000000000000000e+00 1.000000000000000021e-08 -9.448998811231221762e-01 -4.641379355208927748e+00
-9.448998811231221762e-01 -4.641379355208927748e+00 1.000000000000000000e+00 1.000000000000000021e-08 -1.510285298513263541e+00 -5.000000000000000000e+00
-1.510285298513263541e+00 -5.000000000000000000e+00 0.000000000000000000e+00 9.999000000000000110e-01 -1.570796326794896558e+00 -5.000000000000000000e+00
5.884537810752502041e-02 7.775922723808113834e-02 0.000000000000000000e+00 1.000000000000000021e-08 1.518121679139802505e-01 9.296678980645523005e-01
1.518121679139802505e-01 9.296678980645523005e-01 0.000000000000000000e+00 1.000000000000000021e-08 3.701435589331930065e-01 2.183313910192127505e+00
3.701435589331930065e-01 2.183313910192127505e+00 0.000000000000000000e+00 1.000000000000000021e-08 7.279692649987412612e-01 3.578257060655482213e+00
7.279692649987412612e-01 3.578257060655482213e+00 1.000000000000000000e+00 1.000000000000000021e-08 1.187169409617101934e+00 4.592001446183605395e+00
1.187169409617101934e+00 4.592001446183605395e+00 0.000000000000000000e+00 9.999000000000000110e-01 1.570796326794896558e+00 5.000000000000000000e+00
7.473546269076646043e-02 6.197676575993121828e-02 1.000000000000000000e+00 1.000000000000000021e-08 7.874536255500971804e-02 4.009899864243261780e-02
7.874536255500971804e-02 4.009899864243261780e-02 2.000000000000000000e+00 1.000000000000000021e-08 8.894933462191834117e-05 -7.865641322038778860e-01
8.894933462191834117e-05 -7.865641322038778860e-01 1.000000000000000000e+00 1.000000000000000021e-08 -7.531764076586180967e-02 -7.540659010048372801e-01
-7.531764076586180967e-02 -7.540659010048372801e-01 2.000000000000000000e+00 1.000000000000000021e-08 -2.484495046759258308e-01 -1.731318639100640100e+00
-2.484495046759258308e-01 -1.731318639100640100e+00 0.000000000000000000e+00 1.000000000000000021e-08 -3.808077959915756594e-01 -1.323582913156498453e+00
-3.808077959915756594e-01 -1.323582913156498453e+00 2.000000000000000000e+00 1.000000000000000021e-08 -6.579895965418750547e-01 -2.771818005502993731e+00
-6.579895965418750547e-01 -2.771818005502993731e+00 2.000000000000000000e+00 1.000000000000000021e-08 -1.088718905922746671e+00 -4.307293093808716833e+00
-1.088718905922746671e+00 -4.307293093808716833e+00 1.000000000000000000e+00 9.999000000000000110e-01 -1.570796326794896558e+00 -5.000000000000000000e+00
6.694238777599033352e-02 -7.978124696382416642e-03 0.000000000000000000e+00 1.000000000000000021e-08 1.560898090248783454e-01 8.914742124888802577e-01
1.560898090248783454e-01 8.914742124888802577e-01 2.000000000000000000e+00 1.000000000000000021e-08 1.837282373063284235e-01 2.763842828145008923e-01
1.837282373063284235e-01 2.763842828145008923e-01 2.000000000000000000e+00 1.000000000000000021e-08 1.481484025131554749e-01 -3.557983479317293751e-01
1.481484025131554749e-01 -3.557983479317293751e-01 1.000000000000000000e+00 1.000000000000000021e-08 1.517961335541155588e-01 3.647731040960089377e-02
1.517961335541155588e-01 3.647731040960089377e-02 0.000000000000000000e+00 1.000000000000000021e-08 2.609623090808458334e-01 1.091661755267302691e+00
2.609623090808458334e-01 1.091661755267302691e+00 2.000000000000000000e+00 1.000000000000000021e-08 3.162648104756837220e-01 5.530250139483788852e-01
3.162648104756837220e-01 5.530250139483788852e-01 0.000000000000000000e+00 1.000000000000000021e-08 5.200730017182397802e-01 2.038081912425560471e+00
5.200730017182397802e-01 2.038081912425560471e+00 0.000000000000000000e+00 1.000000000000000021e-08 8.860423789254774363e-01 3.659693772072377005e+00
8.860423789254774363e-01 3.659693772072377005e+00 0.000000000000000000e+00 1.000000000000000021e-08 1.420940826092346843e+00 5.000000000000000000e+00
1.420940826092346843e+00 5.000000000000000000e+00 0.000000000000000000e+00 9.999000000000000110e-01 1.570796326794896558e+00 5.000000000000000000e+00
3.093407256479297276e-02 3.814813877751569576e-02 0.000000000000000000e+00 1.000000000000000021e-08 1.125384295125794187e-01 8.160435694778644944e-01
1.125384295125794187e-01 8.160435694778644944e-01 2.000000000000000000e+00 1.000000000000000021e-08 1.397728401295418310e-01 2.723441061696240117e-01
1.397728401295418310e-01 2.723441061696240117e-01 0.000000000000000000e+00 1.000000000000000021e-08 2.874667322665946378e-01 1.476938921370527957e+00
2.874667322665946378e-01 1.476938921370527957e+00 2.000000000000000000e+00 1.000000000000000021e-08 3.901262034090899333e-01 1.026594711424952733e+00
3.901262034090899333e-01 1.026594711424952733e+00 0.000000000000000000e+00 1.000000000000000021e-08 6.467209216179976572e-01 2.565947182089076684e+00
6.467209216179976572e-01 2.565947182089076684e+00 0.000000000000000000e+00 1.000000000000000021e-08 1.071217060264348264e+00 4.244961386463506514e+00
1.071217060264348264e+00 4.244961386463506514e+00 0.000000000000000000e+00 9.999000000000000110e-01 1.570796326794896558e+00 5.000000000000000000e+00
3.652483888877702117e-02 -3.625397899442060756e-02 1.000000000000000000e+00 1.000000000000000021e-08 5.345872494294767741e-02 1.693388605417065484e-01
5.345872494294767741e-02 1.693388605417065484e-01 2.000000000000000000e+00 1.000000000000000021e-08 1.333586042265376415e-03 -5.212513890068229960e-01
1.333586042265376415e-03 -5.212513890068229960e-01 1.000000000000000000e+00 1.000000000000000021e-08 -4.312676061589294785e-02 -4.446034665815832287e-01
-4.312676061589294785e-02 -4.446034665815832287e-01 2.000000000000000000e+00 1.000000000000000021e-08 -1.725479254451576239e-01 -1.294211648292646677e+00
-1.725479254451576239e-01 -1.294211648292646677e+00 1.000000000000000000e+00 1.000000000000000021e-08 -3.421897967844034216e-01 -1.696418713392458200e+00
-3.421897967844034216e-01 -1.696418713392458200e+00 0.000000000000000000e+00 1.000000000000000021e-08 -4.845132787174880051e-01 -1.423234819330845724e+00
-4.845132787174880051e-01 -1.423234819330845724e+00 2.000000000000000000e+00 1.000000000000000021e-08 -7.870033748454421385e-01 -3.024900961279540557e+00
-7.870033748454421385e-01 -3.024900961279540557e+00 2.000000000000000000e+00 1.000000000000000021e-08 -1.260890909226309642e+00 -4.738875343808674145e+00
-1.260890909226309642e+00 -4.738875343808674145e+00 1.000000000000000000e+00 9.999000000000000110e-01 -1.570796326794896558e+00 -5.000000000000000000e+00
-5.459224329663614483e-02 1.904885181519823736e-02 2.000000000000000000e+00 1.000000000000000021e-08 -1.647951257437498818e-01 -1.102028824471137369e+00
-1.647951257437498818e-01 -1.102028824471137369e+00 0.000000000000000000e+00 1.000000000000000021e-08 -2.193479877617365847e-01 -5.455286201798669188e-01
-2.193479877617365847e-01 -5.455286201798669188e-01 1.000000000000000000e+00 1.000000000000000021e-08 -2.987003510655468208e-01 -7.935236330381023606e-01
-2.987003510655468208e-01 -7.935236330381023606e-01 1.000000000000000000e+00 1.000000000000000021e-08 -4.346547305141338358e-01 -1.359543794485869928e+00
-4.346547305141338358e-01 -1.359543794485869928e+00 0.000000000000000000e+00 1.000000000000000021e-08 -5.690027257621105283e-01 -1.343479952479766704e+00
-5.690027257621105283e-01 -1.343479952479766704e+00 0.000000000000000000e+00 1.000000000000000021e-08 -7.241285359555427181e-01 -1.551258101934321676e+00
-7.241285359555427181e-01 -1.551258101934321676e+00 0.000000000000000000e+00 1.000000000000000021e-08 -9.140657375720369071e-01 -1.899372016164941224e+00
-9.140657375720369071e-01 -1.899372016164941224e+00 0.000000000000000000e+00 1.000000000000000021e-08 -1.172486832252118027e+00 -2.584210946800811204e+00
-1.172486832252118027e+00 -2.584210946800811204e+00 0.000000000000000000e+00 1.000000000000000021e-08 -1.531186050530386478e+00 -3.586992182782684502e+00
-1.531186050530386478e+00 -3.586992182782684502e+00 1.000000000000000000e+00 9.999000000000000110e-01 -1.570796326794896558e+00 -5.000000000000000000e+00
-4.455380552727250532e-02 -2.059956412285066096e-02 0.000000000000000000e+00 1.000000000000000021e-08 2.481120076870102498e-02 6.936500629597353029e-01
2.481120076870102498e-02 6.936500629597353029e-01 1.000000000000000000e+00 1.000000000000000021e-08 9.583070865974512020e-02 7.101950789104408690e-01
9.583070865974512020e-02 7.101950789104408690e-01 0.000000000000000000e+00 1.000000000000000021e-08 2.883648225426146405e-01 1.925341138828695176e+00
2.883648225426146405e-01 1.925341138828695176e+00 0.000000000000000000e+00 1.000000000000000021e-08 6.123293284976374373e-01 3.239645059550227302e+00
6.123293284976374373e-01 3.239645059550227302e+00 2.000000000000000000e+00 1.000000000000000021e-08 9.480532272830066720e-01 3.357238987853691459e+00
9.480532272830066720e-01 3.357238987853691459e+00 1.000000000000000000e+00 1.000000000000000021e-08 1.396584570701941974e+00 4.485313434189351689e+00
1.396584570701941974e+00 4.485313434189351689e+00 1.000000000000000000e+00 9.999000000000000110e-01 1.570796326794896558e+00 5.000000000000000000e+00
8.273557645198845178e-02 7.083609748768907033e-02 2.000000000000000000e+00 1.000000000000000021e-08 2.436092741621238844e-02 -5.837464903577606057e-01
2.436092741621238844e-02 -5.837464903577606057e-01 2.000000000000000000e+00 1.000000000000000021e-08 -1.214804054831027241e-01 -1.458413328993151126e+00
-1.214804054831027241e-01 -1.458413328993151126e+00 2.000000000000000000e+00 1.000000000000000021e-08 -3.745894070212571481e-01 -2.531090015381543878e+00
-3.745894070212571481e-01 -2.531090015381543878e+00 2.000000000000000000e+00 1.000000000000000021e-08 -7.628343272953761467e-01 -3.882449202741189431e+00
-7.628343272953761467e-01 -3.882449202741189431e+00 0.000000000000000000e+00 1.000000000000000021e-08 -1.179484277468779041e+00 -4.166499501734028499e+00
-1.179484277468779041e+00 -4.166499501734028499e+00 2.000000000000000000e+00 9.999000000000000110e-01 -1.570796326794896558e+00 -5.000000000000000000e+00
6.504583530964092031e-02 4.443431605095467946e-02 1.000000000000000000e+00 1.000000000000000021e-08 7.945608568351869572e-02 1.441025037387776708e-01
7.945608568351869572e-02 1.441025037387776708e-01 1.000000000000000000e+00 1.000000000000000021e-08 1.162427904555554947e-01 3.678670477203680456e-01
1.162427904555554947e-01 3.678670477203680456e-01 0.000000000000000000e+00 1.000000000000000021e-08 2.611754012114618217e-01 1.449326107559063104e+00
2.611754012114618217e-01 1.449326107559063104e+00 1.000000000000000000e+00 1.000000000000000021e-08 4.422465133892875544e-01 1.810711121778257215e+00
4.422465133892875544e-01 1.810711121778257215e+00 2.000000000000000000e+00 1.000000000000000021e-08 6.115938749391782725e-01 1.693473615498906515e+00
6.115938749391782725e-01 1.693473615498906515e+00 2.000000000000000000e+00 1.000000000000000021e-08 7.946706487152476184e-01 1.830767737760693459e+00
7.946706487152476184e-01 1.830767737760693459e+00 2.000000000000000000e+00 1.000000000000000021e-08 1.034733696845508089e+00 2.400630481302603592e+00
1.034733696845508089e+00 2.400630481302603592e+00 2.000000000000000000e+00 1.000000000000000021e-08 1.370313399841701862e+00 3.355797029961937294e+00
1.370313399841701862e+00 3.355797029961937294e+00 0.000000000000000000e+00 9.999000000000000110e-01 1.570796326794896558e+00 4.894978303594438529e+00
-8.126581420611191098e-02 2.522447338459845798e-02 1.000000000000000000e+00 1.000000000000000021e-08 -9.081527119855622998e-02 -9.549456992444323167e-02
-9.081527119855622998e-02 -9.549456992444323167e-02 0.000000000000000000e+00 1.000000000000000021e-08 -1.877070813752138023e-02 7.204456306103484975e-01
-1.877070813752138023e-02 7.204456306103484975e-01 2.000000000000000000e+00 1.000000000000000021e-08 -4.173182573431843956e-02 -2.296111759679705377e-01
-4.173182573431843956e-02 -2.296111759679705377e-01 0.000000000000000000e+00 1.000000000000000021e-08 2.364675472874466777e-02 6.537858046306310733e-01
2.364675472874466777e-02 6.537858046306310733e-01 0.000000000000000000e+00 1.000000000000000021e-08 1.751701748442014983e-01 1.515234201154568083e+00
1.751701748442014983e-01 1.515234201154568083e+00 1.000000000000000000e+00 1.000000000000000021e-08 3.434222292074968763e-01 1.682520543632954002e+00
3.434222292074968763e-01 1.682520543632954002e+00 1.000000000000000000e+00 1.000000000000000021e-08 5.812454378364485530e-01 2.378232086289516545e+00
5.812454378364485530e-01 2.378232086289516545e+00 0.000000000000000000e+00 1.000000000000000021e-08 9.752500600529917518e-01 3.940046222165431544e+00
9.752500600529917518e-01 3.940046222165431544e+00 2.000000000000000000e+00 1.000000000000000021e-08 1.447449276049430189e+00 4.721992159964383262e+00
1.447449276049430189e+00 4.721992159964383262e+00 1.000000000000000000e+00 9.999000000000000110e-01 1.570796326794896558e+00 5.000000000000000000e+00
2.295302664229427470e-02 1.730292751464083262e-02 1.000000000000000000e+00 1.000000000000000021e-08 4.052725562772950541e-02 1.757422898543523071e-01
4.052725562772950541e-02 1.757422898543523071e-01 2.000000000000000000e+00 1.000000000000000021e-08 -8.407729359903602651e-03 -4.893498498763310667e-01
-8.407729359903602651e-03 -4.893498498763310667e-01 2.000000000000000000e+00 1.000000000000000021e-08 -1.441383513297442853e-01 -1.357306219698406702e+00
-1.441383513297442853e-01 -1.357306219698406702e+00 1.000000000000000000e+00 1.000000000000000021e-08 -3.203751435322618191e-01 -1.762367922025174893e+00
-3.203751435322618191e-01 -1.762367922025174893e+00 2.000000000000000000e+00 1.000000000000000021e-08 -6.200056842888846953e-01 -2.996305407566228762e+00
-6.200056842888846953e-01 -2.996305407566228762e+00 0.000000000000000000e+00 1.000000000000000021e-08 -9.345266725516461204e-01 -3.145209882627614473e+00
-9.345266725516461204e-01 -3.145209882627614473e+00 2.000000000000000000e+00 1.000000000000000021e-08 -1.409668505323038890e+00 -4.751418327713926359e+00
-1.409668505323038890e+00 -4.751418327713926359e+00 2.000000000000000000e+00 9.999000000000000110e-01 -1.570796326794896558e+00 -5.000000000000000000e+00
-1.658710127643985704e-02 5.845701664526182367e-02 2.000000000000000000e+00 1.000000000000000021e-08 -8.426023001296042980e-02 -6.767312873652057137e-01
-8.426023001296042980e-02 -6.767312873652057137e-01 1.000000000000000000e+00 1.000000000000000021e-08 -1.722406419276412692e-01 -8.798041191468082278e-01
-1.722406419276412692e-01 -8.798041191468082278e-01 2.000000000000000000e+00 1.000000000000000021e-08 -3.772680451716169392e-01 -2.050274032439756589e+00
-3.772680451716169392e-01 -2.050274032439756589e+00 0.000000000000000000e+00 1.000000000000000021e-08 -5.605672011481275252e-01 -1.832991559765105416e+00
-5.605672011481275252e-01 -1.832991559765105416e+00 0.000000000000000000e+00 1.000000000000000021e-08 -7.651351832698415345e-01 -2.045679821217139871e+00
-7.651351832698415345e-01 -2.045679821217139871e+00 2.000000000000000000e+00 1.000000000000000021e-08 -1.127839419004344812e+00 -3.627042357345032553e+00
-1.127839419004344812e+00 -3.627042357345032553e+00 2.000000000000000000e+00 9.999000000000000110e-01 -1.570796326794896558e+00 -5.000000000000000000e+00
6.753868661724457545e-02 5.630365413563796079e-02 1.000000000000000000e+00 1.000000000000000021e-08 9.034242600492131681e-02 2.280373938767674413e-01
9.034242600492131681e-02 2.280373938767674413e-01 2.000000000000000000e+00 1.000000000000000021e-08 3.745917952292052155e-02 -5.288324648200078970e-01
3.745917952292052155e-02 -5.288324648200078970e-01 0.000000000000000000e+00 1.000000000000000021e-08 9.479593629847171687e-02 5.733675677555120087e-01
9.479593629847171687e-02 5.733675677555120087e-01 1.000000000000000000e+00 1.000000000000000021e-08 1.764809044455528664e-01 8.168496814708112730e-01
1.764809044455528664e-01 8.168496814708112730e-01 1.000000000000000000e+00 1.000000000000000021e-08 3.020911046685157419e-01 1.256102002229628534e+00
3.020911046685157419e-01 1.256102002229628534e+00 0.000000000000000000e+00 1.000000000000000021e-08 5.494382565837110377e-01 2.473471519151953402e+00
5.494382565837110377e-01 2.473471519151953402e+00 0.000000000000000000e+00 1.000000000000000021e-08 9.464130916385539161e-01 3.969748350548428562e+00
9.464130916385539161e-01 3.969748350548428562e+00 0.000000000000000000e+00 1.000000000000000021e-08 1.497908918840049175e+00 5.000000000000000000e+00
1.497908918840049175e+00 5.000000000000000000e+00 1.000000000000000000e+00 9.999000000000000110e-01 1.570796326794896558e+00 5.000000000000000000e+00
2.866021704769263628e-03 -8.725307730902910619e-02 1.000000000000000000e+00 1.000000000000000021e-08 -2.281334967194603019e-02 -2.567937137671529313e-01
-2.281334967194603019e-02 -2.567937137671529313e-01 1.000000000000000000e+00 1.000000000000000021e-08 -6.528811621783245367e-02 -4.247476654588642209e-01
-6.528811621783245367e-02 -4.247476654588642209e-01 2.000000000000000000e+00 1.000000000000000021e-08 -2.139431020363814495e-01 -1.486549858185489903e+00
-2.139431020363814495e-01 -1.486549858185489903e+00 0.000000000000000000e+00 1.000000000000000021e-08 -3.223336353617649586e-01 -1.083905333253834868e+00
-3.223336353617649586e-01 -1.083905333253834868e+00 2.000000000000000000e+00 1.000000000000000021e-08 -5.798146566403976632e-01 -2.574810212786327046e+00
-5.798146566403976632e-01 -2.574810212786327046e+00 1.000000000000000000e+00 1.000000000000000021e-08 -9.249968991207264679e-01 -3.451822424803287159e+00
-9.249968991207264679e-01 -3.451822424803287159e+00 2.000000000000000000e+00 1.000000000000000021e-08 -1.431480387816263189e+00 -5.000000000000000000e+00
-1.431480387816263189e+00 -5.000000000000000000e+00 0.000000000000000000e+00 9.999000000000000110e-01 -1.570796326794896558e+00 -5.000000000000000000e+00
5.933554606248005181e-02 2.098226943643900777e-02 0.000000000000000000e+00 1.000000000000000021e-08 1.756801176741327186e-01 1.163445716116526585e+00
1.756801176741327186e-01 1.163445716116526585e+00 1.000000000000000000e+00 1.000000000000000021e-08 3.106864762729686369e-01 1.350063585988358961e+00
3.106864762729686369e-01 1.350063585988358961e+00 0.000000000000000000e+00 1.000000000000000021e-08 5.782553998686199570e-01 2.675689235956512313e+00
5.782553998686199570e-01 2.675689235956512313e+00 0.000000000000000000e+00 1.000000000000000021e-08 1.006323777147897891e+00 4.280683772792778896e+00
1.006323777147897891e+00 4.280683772792778896e+00 2.000000000000000000e+00 1.000000000000000021e-08 1.501032006499197324e+00 4.947082293512994333e+00
1.501032006499197324e+00 4.947082293512994333e+00 1.000000000000000000e+00 9.999000000000000110e-01 1.570796326794896558e+00 5.000000000000000000e+00
2.126001906220337245e-02 -1.958042202031794188e-03 1.000000000000000000e+00 1.000000000000000021e-08 1.641417829208036139e-02 -4.845840770123011065e-02
1.641417829208036139e-02 -4.845840770123011065e-02 0.000000000000000000e+00 1.000000000000000021e-08 1.119697192498433358e-01 9.555554095776296331e-01
1.119697192498433358e-01 9.555554095776296331e-01 0.000000000000000000e+00 1.000000000000000021e-08 3.012938696226088453e-01 1.893241503727654873e+00
3.012938696226088453e-01 1.893241503727654873e+00 2.000000000000000000e+00 1.000000000000000021e-08 4.472261421460373421e-01 1.459322725234284857e+00
4.472261421460373421e-01 1.459322725234284857e+00 2.000000000000000000e+00 1.000000000000000021e-08 5.824617990305090975e-01 1.352356568844717222e+00
5.824617990305090975e-01 1.352356568844717222e+00 2.000000000000000000e+00 1.000000000000000021e-08 7.466834376519183580e-01 1.642216386214092605e+00
7.466834376519183580e-01 1.642216386214092605e+00 1.000000000000000000e+00 1.000000000000000021e-08 1.023261581270111797e+00 2.765781436181935060e+00
1.023261581270111797e+00 2.765781436181935060e+00 2.000000000000000000e+00 1.000000000000000021e-08 1.378233429391020337e+00 3.549718481209085841e+00
1.378233429391020337e+00 3.549718481209085841e+00 2.000000000000000000e+00 9.999000000000000110e-01 1.570796326794896558e+00 4.837649589726229493e+00
6.771182727807378843e-02 3.614103899351916310e-02 1.000000000000000000e+00 1.000000000000000021e-08 8.046026004732792503e-02 1.274843276925413105e-01
8.046026004732792503e-02 1.274843276925413105e-01 2.000000000000000000e+00 1.000000000000000021e-08 2.864428926368683959e-02 -5.181597078364108544e-01
2.864428926368683959e-02 -5.181597078364108544e-01 2.000000000000000000e+00 1.000000000000000021e-08 -1.152324949937127141e-01 -1.438767842573995592e+00
-1.152324949937127141e-01 -1.438767842573995592e+00 1.000000000000000000e+00 1.000000000000000021e-08 -2.937443772748544735e-01 -1.785118822811417871e+00
-2.937443772748544735e-01 -1.785118822811417871e+00 0.000000000000000000e+00 1.000000000000000021e-08 -4.338369361214698960e-01 -1.400925588466154004e+00
-4.338369361214698960e-01 -1.400925588466154004e+00 0.000000000000000000e+00 1.000000000000000021e-08 -5.780531063293860017e-01 -1.442161702079160834e+00
-5.780531063293860017e-01 -1.442161702079160834e+00 2.000000000000000000e+00 1.000000000000000021e-08 -8.751177583895530798e-01 -2.970646520601671448e+00
-8.751177583895530798e-01 -2.970646520601671448e+00 0.000000000000000000e+00 1.000000000000000021e-08 -1.227755450235858081e+00 -3.526376918463049126e+00
-1.227755450235858081e+00 -3.526376918463049126e+00 0.000000000000000000e+00 9.999000000000000110e-01 -1.570796326794896558e+00 -4.575588310853111906e+00
1.774859508153349419e-02 -5.205780832919422452e-02 1.000000000000000000e+00 1.000000000000000021e-08 2.302321291436673981e-02 5.274617832833246311e-02
2.302321291436673981e-02 5.274617832833246311e-02 1.000000000000000000e+00 1.000000000000000021e-08 3.271247077764018185e-02 9.689257863273444127e-02
3.271247077764018185e-02 9.689257863273444127e-02 1.000000000000000000e+00 1.000000000000000021e-08 3.097948000050332329e-02 -1.732990777136859950e-02
3.097948000050332329e-02 -1.732990777136859950e-02 0.000000000000000000e+00 1.000000000000000021e-08 1.257198871621504344e-01 9.474040716164709997e-01
1.257198871621504344e-01 9.474040716164709997e-01 1.000000000000000000e+00 1.000000000000000021e-08 2.414857647367167071e-01 1.157658775745662671e+00
2.414857647367167071e-01 1.157658775745662671e+00 2.000000000000000000e+00 1.000000000000000021e-08 3.290908117743863159e-01 8.760504703766960333e-01
3.290908117743863159e-01 8.760504703766960333e-01 1.000000000000000000e+00 1.000000000000000021e-08 4.747959048101692003e-01 1.457050930357828511e+00
4.747959048101692003e-01 1.457050930357828511e+00 1.000000000000000000e+00 1.000000000000000021e-08 7.064382511199704950e-01 2.316423463098013169e+00
7.064382511199704950e-01 2.316423463098013169e+00 1.000000000000000000e+00 1.000000000000000021e-08 1.041684377424030750e+00 3.352461263040602990e+00
1.041684377424030750e+00 3.352461263040602990e+00 2.000000000000000000e+00 1.000000000000000021e-08 1.454943122179134907e+00 4.132587447551041571e+00
1.454943122179134907e+00 4.132587447551041571e+00 1.000000000000000000e+00 9.999000000000000110e-01 1.570796326794896558e+00 5.000000000000000000e+00
3.832018500889688983e-02 6.690271752935982030e-02 0.000000000000000000e+00 1.000000000000000021e-08 1.252180871002311902e-01 8.689790209133427812e-01
1.252180871002311902e-01 8.689790209133427812e-01 0.000000000000000000e+00 1.000000000000000021e-08 3.114335035769747462e-01 1.862154164767435782e+00
3.114335035769747462e-01 1.862154164767435782e+00 2.000000000000000000e+00 1.000000000000000021e-08 4.758087964505384182e-01 1.643752928735636498e+00
4.758087964505384182e-01 1.643752928735636498e+00 1.000000000000000000e+00 1.000000000000000021e-08 7.189425146258552335e-01 2.431337181753167709e+00
7.189425146258552335e-01 2.431337181753167709e+00 1.000000000000000000e+00 1.000000000000000021e-08 1.063823734512458152e+00 3.448812198866028744e+00
1.063823734512458152e+00 3.448812198866028744e+00 0.000000000000000000e+00 9.999000000000000110e-01 1.570796326794896558e+00 5.000000000000000000e+00
8.361579396300776457e-02 -8.224261702814165964e-02 0.000000000000000000e+00 1.000000000000000021e-08 1.825645244332893546e-01 9.894873047028158730e-01
1.825645244332893546e-01 9.894873047028158730e-01 2.000000000000000000e+00 1.000000000000000021e-08 2.189661504018323990e-01 3.640162596854304988e-01
2.189661504018323990e-01 3.640162596854304988e-01 2.000000000000000000e+00 1.000000000000000021e-08 2.113946923043996950e-01 -7.571458097432703926e-02
2.113946923043996950e-01 -7.571458097432703926e-02 2.000000000000000000e+00 1.000000000000000021e-08 1.377862064578842805e-01 -7.360848584651541460e-01
1.377862064578842805e-01 -7.360848584651541460e-01 0.000000000000000000e+00 1.000000000000000021e-08 1.731824654183250489e-01 3.539625896044075182e-01
1.731824654183250489e-01 3.539625896044075182e-01 1.000000000000000000e+00 1.000000000000000021e-08 2.524955392148881539e-01 7.931307379656310497e-01
2.524955392148881539e-01 7.931307379656310497e-01 0.000000000000000000e+00 1.000000000000000021e-08 4.421381647825737282e-01 1.896426255676855632e+00
4.421381647825737282e-01 1.896426255676855632e+00 1.000000000000000000e+00 1.000000000000000021e-08 6.948359834648565325e-01 2.526978186822828043e+00
6.948359834648565325e-01 2.526978186822828043e+00 0.000000000000000000e+00 1.000000000000000021e-08 1.110326285795983248e+00 4.154903023311267596e+00
1.110326285795983248e+00 4.154903023311267596e+00 2.000000000000000000e+00 9.999000000000000110e-01 1.570796326794896558e+00 5.000000000000000000e+00
-6.130769050631508510e-02 -7.046590027467683481e-02 1.000000000000000000e+00 1.000000000000000021e-08 -7.672967384440722294e-02 -1.542198333809213784e-01
-7.672967384440722294e-02 -1.542198333809213784e-01 0.000000000000000000e+00 1.000000000000000021e-08 -1.815393813040353660e-02 5.857573571400368495e-01
-1.815393813040353660e-02 5.857573571400368495e-01 0.000000000000000000e+00 1.000000000000000021e-08 1.278781840323325314e-01 1.460321221627360444e+00
1.278781840323325314e-01 1.460321221627360444e+00 0.000000000000000000e+00 1.000000000000000021e-08 3.716553399913503641e-01 2.437771559590177883e+00
3.716553399913503641e-01 2.437771559590177883e+00 0.000000000000000000e+00 1.000000000000000021e-08 7.583217653181901774e-01 3.866664253268397911e+00
7.583217653181901774e-01 3.866664253268397911e+00 2.000000000000000000e+00 1.000000000000000021e-08 1.182782750316450748e+00 4.244609849982604821e+00
1.182782750316450748e+00 4.244609849982604821e+00 2.000000000000000000e+00 9.999000000000000110e-01 1.570796326794896558e+00 5.000000000000000000e+00
-1.866861427656546502e-02 -2.498163253322266408e-02 2.000000000000000000e+00 1.000000000000000021e-08 -1.117204221766039118e-01 -9.305180790003844127e-01
-1.117204221766039118e-01 -9.305180790003844127e-01 2.000000000000000000e+00 1.000000000000000021e-08 -3.272574450970979765e-01 -2.155370229204940813e+00
-3.272574450970979765e-01 -2.155370229204940813e+00 2.000000000000000000e+00 1.000000000000000021e-08 -6.699519447672697137e-01 -3.426944996701717372e+00
-6.699519447672697137e-01 -3.426944996701717372e+00 2.000000000000000000e+00 1.000000000000000021e-08 -1.171763292811404789e+00 -5.000000000000000000e+00
-1.171763292811404789e+00 -5.000000000000000000e+00 0.000000000000000000e+00 9.999000000000000110e-01 -1.570796326794896558e+00 -5.000000000000000000e+00
4.591063225732024133e-02 -5.753787395519297659e-02 0.000000000000000000e+00 1.000000000000000021e-08 1.286320570712926603e-01 8.272142481397241065e-01
1.286320570712926603e-01 8.272142481397241065e-01 2.000000000000000000e+00 1.000000000000000021e-08 1.543294193076822918e-01 2.569736223638962036e-01
1.543294193076822918e-01 2.569736223638962036e-01 1.000000000000000000e+00 1.000000000000000021e-08 2.163340208129149178e-01 6.200460150523263714e-01
2.163340208129149178e-01 6.200460150523263714e-01 2.000000000000000000e+00 1.000000000000000021e-08 2.424063100347014221e-01 2.607228922178650432e-01
2.424063100347014221e-01 2.607228922178650432e-01 0.000000000000000000e+00 1.000000000000000021e-08 3.935036105213269852e-01 1.510973004866255298e+00
3.935036105213269852e-01 1.510973004866255298e+00 2.000000000000000000e+00 1.000000000000000021e-08 5.286350493093118219e-01 1.351314387879848367e+00
5.286350493093118219e-01 1.351314387879848367e+00 1.000000000000000000e+00 1.000000000000000021e-08 7.353430649355967574e-01 2.067080156262849577e+00
7.353430649355967574e-01 2.067080156262849577e+00 0.000000000000000000e+00 1.000000000000000021e-08 1.105292805938367540e+00 3.699497410027708710e+00
1.105292805938367540e+00 3.699497410027708710e+00 0.000000000000000000e+00 9.999000000000000110e-01 1.570796326794896558e+00 5.000000000000000000e+00
1.926371532034593104e-03 -3.073269117712094239e-02 0.000000000000000000e+00 1.000000000000000021e-08 9.126585248533412853e-02 8.933948095329953265e-01
9.126585248533412853e-02 8.933948095329953265e-01 2.000000000000000000e+00 1.000000000000000021e-08 1.081241816909290360e-01 1.685832920559490189e-01
1.081241816909290360e-01 1.685832920559490189e-01 1.000000000000000000e+00 1.000000000000000021e-08 1.384957156459032390e-01 3.037153395497419472e-01
1.384957156459032390e-01 3.037153395497419472e-01 2.000000000000000000e+00 1.000000000000000021e-08 1.020628307369948334e-01 -3.643288490890840281e-01
1.020628307369948334e-01 -3.643288490890840281e-01 2.000000000000000000e+00 1.000000000000000021e-08 -1.750646247095540009e-02 -1.195692932079502224e+00
-1.750646247095540009e-02 -1.195692932079502224e+00 1.000000000000000000e+00 1.000000000000000021e-08 -1.412314590025160188e-01 -1.237249965315606159e+00
-1.412314590025160188e-01 -1.237249965315606159e+00 1.000000000000000000e+00 1.000000000000000021e-08 -2.952076220193567413e-01 -1.539761630168407169e+00
-2.952076220193567413e-01 -1.539761630168407169e+00 0.000000000000000000e+00 1.000000000000000021e-08 -4.122359565635396739e-01 -1.170283345441829326e+00
-4.122359565635396739e-01 -1.170283345441829326e+00 1.000000000000000000e+00 1.000000000000000021e-08 -5.817717402472615262e-01 -1.695357836837218191e+00
-5.817717402472615262e-01 -1.695357836837218191e+00 2.000000000000000000e+00 1.000000000000000021e-08 -9.006846992802650664e-01 -3.189129590330035846e+00
-9.006846992802650664e-01 -3.189129590330035846e+00 1.000000000000000000e+00 1.000000000000000021e-08 -1.341427772841941257e+00 -4.407430735616761908e+00
-1.341427772841941257e+00 -4.407430735616761908e+00 0.000000000000000000e+00 9.999000000000000110e-01 -1.570796326794896558e+00 -5.000000000000000000e+00
-7.912738310854273982e-02 -6.130931189546230675e-02 0.000000000000000000e+00 1.000000000000000021e-08 5.774843521072298147e-03 8.490222662961502964e-01
5.774843521072298147e-03 8.490222662961502964e-01 2.000000000000000000e+00 1.000000000000000021e-08 -5.934324853903711131e-03 -1.170916837497600893e-01
-5.934324853903711131e-03 -1.170916837497600893e-01 1.000000000000000000e+00 1.000000000000000021e-08 -1.478167575258926281e-02 -8.847350898685552023e-02
-1.478167575258926281e-02 -8.847350898685552023e-02 2.000000000000000000e+00 1.000000000000000021e-08 -1.244525219272742816e-01 -1.096708461746850105e+00
-1.244525219272742816e-01 -1.096708461746850105e+00 0.000000000000000000e+00 1.000000000000000021e-08 -1.763658522956561836e-01 -5.191333036838189363e-01
-1.763658522956561836e-01 -5.191333036838189363e-01 2.000000000000000000e+00 1.000000000000000021e-08 -3.542861932686993121e-01 -1.779203409730431229e+00
-3.542861932686993121e-01 -1.779203409730431229e+00 0.000000000000000000e+00 1.000000000000000021e-08 -5.005437416755709190e-01 -1.462575484068715737e+00
-5.005437416755709190e-01 -1.462575484068715737e+00 0.000000000000000000e+00 1.000000000000000021e-08 -6.569293501733542984e-01 -1.563856084977833794e+00
-6.569293501733542984e-01 -1.563856084977833794e+00 2.000000000000000000e+00 1.000000000000000021e-08 -9.862835255272983659e-01 -3.293541753539440009e+00
-9.862835255272983659e-01 -3.293541753539440009e+00 1.000000000000000000e+00 1.000000000000000021e-08 -1.434159017067303976e+00 -4.478754915400056547e+00
-1.434159017067303976e+00 -4.478754915400056547e+00 0.000000000000000000e+00 9.999000000000000110e-01 -1.570796326794896558e+00 -5.000000000000000000e+00
-3.381648143633174397e-02 -6.359157111499280646e-02 2.000000000000000000e+00 1.000000000000000021e-08 -1.200273319660173921e-01 -8.621085052968564533e-01
-1.200273319660173921e-01 -8.621085052968564533e-01 1.000000000000000000e+00 1.000000000000000021e-08 -2.207048944307954952e-01 -1.006775624647780809e+00
-2.207048944307954952e-01 -1.006775624647780809e+00 2.000000000000000000e+00 1.000000000000000021e-08 -4.416283758071428700e-01 -2.209234813763473859e+00
-4.416283758071428700e-01 -2.209234813763473859e+00 1.000000000000000000e+00 1.000000000000000021e-08 -7.393386983170189275e-01 -2.977103225098759687e+00
-7.393386983170189275e-01 -2.977103225098759687e+00 0.000000000000000000e+00 1.000000000000000021e-08 -1.078076900859286980e+00 -3.387382025422680076e+00
-1.078076900859286980e+00 -3.387382025422680076e+00 2.000000000000000000e+00 9.999000000000000110e-01 -1.570796326794896558e+00 -5.000000000000000000e+00
1.025009114559894893e-02 3.628091682123414652e-02 2.000000000000000000e+00 1.000000000000000021e-08 -6.094958290683527569e-02 -7.119967405243422531e-01
-6.094958290683527569e-02 -7.119967405243422531e-01 2.000000000000000000e+00 1.000000000000000021e-08 -2.463556706290848108e-01 -1.854060877222495130e+00
-2.463556706290848108e-01 -1.854060877222495130e+00 1.000000000000000000e+00 1.000000000000000021e-08 -4.807217439422611927e-01 -2.343660733131764040e+00
-4.807217439422611927e-01 -2.343660733131764040e+00 2.000000000000000000e+00 1.000000000000000021e-08 -8.492613195935001524e-01 -3.685395756512388932e+00
-8.492613195935001524e-01 -3.685395756512388932e+00 2.000000000000000000e+00 1.000000000000000021e-08 -1.376074941424924702e+00 -5.000000000000000000e+00
-1.376074941424924702e+00 -5.000000000000000000e+00 2.000000000000000000e+00 9.999000000000000110e-01 -1.570796326794896558e+00 -5.000000000000000000e+00
-2.574546818507251339e-02 -7.571832399453576334e-02 2.000000000000000000e+00 1.000000000000000021e-08 -1.220997596725430512e-01 -9.635429148747054473e-01
-1.220997596725430512e-01 -9.635429148747054473e-01 2.000000000000000000e+00 1.000000000000000021e-08 -3.127412745066577848e-01 -1.906415148341147336e+00
-3.127412745066577848e-01 -1.906415148341147336e+00 2.000000000000000000e+00 1.000000000000000021e-08 -6.230913327846667737e-01 -3.103500582780089001e+00
-6.230913327846667737e-01 -3.103500582780089001e+00 2.000000000000000000e+00 1.000000000000000021e-08 -1.096643775668058041e+00 -4.735524428833913113e+00
-1.096643775668058041e+00 -4.735524428833913113e+00 0.000000000000000000e+00 9.999000000000000110e-01 -1.570796326794896558e+00 -5.000000000000000000e+00
2.653272973325217221e-02 -5.914485761783157963e-02 1.000000000000000000e+00 1.000000000000000021e-08 2.045774214551860162e-02 -6.074987587733570588e-02
2.045774214551860162e-02 -6.074987587733570588e-02 2.000000000000000000e+00 1.000000000000000021e-08 -5.833238200786378114e-02 -7.879012415338237929e-01
-5.833238200786378114e-02 -7.879012415338237929e-01 0.000000000000000000e+00 1.000000000000000021e-08 -7.447222864190958247e-02 -1.613984663404579578e-01
-7.447222864190958247e-02 -1.613984663404579578e-01 2.000000000000000000e+00 1.000000000000000021e-08 -1.977162479263860351e-01 -1.232440192844764582e+00
-1.977162479263860351e-01 -1.232440192844764582e+00 1.000000000000000000e+00 1.000000000000000021e-08 -3.662914526676465665e-01 -1.685752047412605314e+00
-3.662914526676465665e-01 -1.685752047412605314e+00 0.000000000000000000e+00 1.000000000000000021e-08 -5.251854581627266594e-01 -1.588940054950800818e+00
-5.251854581627266594e-01 -1.588940054950800818e+00 0.000000000000000000e+00 1.000000000000000021e-08 -6.980110480040220278e-01 -1.728255898412953462e+00
-6.980110480040220278e-01 -1.728255898412953462e+00 2.000000000000000000e+00 1.000000000000000021e-08 -1.036151916912543935e+00 -3.381408689085219521e+00
-1.036151916912543935e+00 -3.381408689085219521e+00 0.000000000000000000e+00 1.000000000000000021e-08 -1.456817979730152812e+00 -4.206660628176089212e+00
-1.456817979730152812e+00 -4.206660628176089212e+00 2.000000000000000000e+00 9.999000000000000110e-01 -1.570796326794896558e+00 -5.000000000000000000e+00
-4.800931392624934596e-02 -8.472676900089287644e-02 0.000000000000000000e+00 1.000000000000000021e-08 1.126984513194650983e-02 5.927915905819585163e-01
1.126984513194650983e-02 5.927915905819585163e-01 2.000000000000000000e+00 1.000000000000000021e-08 -3.394129338337548152e-03 -1.466397447028405798e-01
-3.394129338337548152e-03 -1.466397447028405798e-01 0.000000000000000000e+00 1.000000000000000021e-08 6.223565292736073229e-02 6.562978226569827767e-01
6.223565292736073229e-02 6.562978226569827767e-01 1.000000000000000000e+00 1.000000000000000021e-08 1.389440837582175958e-01 7.670843083085684411e-01
1.389440837582175958e-01 7.670843083085684411e-01 2.000000000000000000e+00 1.000000000000000021e-08 1.486919348360401516e-01 9.747851077822544674e-02
1.486919348360401516e-01 9.747851077822544674e-02 0.000000000000000000e+00 1.000000000000000021e-08 2.820924796999257911e-01 1.334005448638855951e+00
2.820924796999257911e-01 1.334005448638855951e+00 1.000000000000000000e+00 1.000000000000000021e-08 4.743673873353874693e-01 1.922749076354616671e+00
4.743673873353874693e-01 1.922749076354616671e+00 1.000000000000000000e+00 1.000000000000000021e-08 7.522842144483299354e-01 2.779168271129424550e+00
7.522842144483299354e-01 2.779168271129424550e+00 0.000000000000000000e+00 1.000000000000000021e-08 1.197936527573195020e+00 4.456523131248649960e+00
1.197936527573195020e+00 4.456523131248649960e+00 1.000000000000000000e+00 9.999000000000000110e-01 1.570796326794896558e+00 5.000000000000000000e+00
5.541220535241789258e-02 -5.888545557955787713e-02 1.000000000000000000e+00 1.000000000000000021e-08 7.291869171303549946e-02 1.750648636061760410e-01
7.291869171303549946e-02 1.750648636061760410e-01 2.000000000000000000e+00 1.000000000000000021e-08 4.048100109235175381e-04 -7.251388170211198192e-01
4.048100109235175381e-04 -7.251388170211198192e-01 1.000000000000000000e+00 1.000000000000000021e-08 -7.752598337609406531e-02 -7.793079338701758285e-01
-7.752598337609406531e-02 -7.793079338701758285e-01 1.000000000000000000e+00 1.000000000000000021e-08 -1.716106241510650388e-01 -9.408464077497098454e-01
-1.716106241510650388e-01 -9.408464077497098454e-01 2.000000000000000000e+00 1.000000000000000021e-08 -3.808729390321855535e-01 -2.092623148811204814e+00
-3.808729390321855535e-01 -2.092623148811204814e+00 0.000000000000000000e+00 1.000000000000000021e-08 -5.692902977332885417e-01 -1.884173587011029216e+00
-5.692902977332885417e-01 -1.884173587011029216e+00 1.000000000000000000e+00 1.000000000000000021e-08 -8.502374706977923191e-01 -2.809471729645037552e+00
-8.502374706977923191e-01 -2.809471729645037552e+00 1.000000000000000000e+00 1.000000000000000021e-08 -1.236182522754119439e+00 -3.859450520563270537e+00
-1.236182522754119439e+00 -3.859450520563270537e+00 2.000000000000000000e+00 9.999000000000000110e-01 -1.570796326794896558e+00 -5.000000000000000000e+00
-6.292433566840595349e-02 -6.856783171859297255e-02 1.000000000000000000e+00 1.000000000000000021e-08 -7.353977022882257630e-02 -1.061543456041662975e-01
-7.353977022882257630e-02 -1.061543456041662975e-01 0.000000000000000000e+00 1.000000000000000021e-08 -2.648279950441750907e-02 4.705697072440506168e-01
-2.648279950441750907e-02 4.705697072440506168e-01 0.000000000000000000e+00 1.000000000000000021e-08 1.161199856321737112e-01 1.426027851365912147e+00
1.161199856321737112e-01 1.426027851365912147e+00 1.000000000000000000e+00 1.000000000000000021e-08 2.953103553984959273e-01 1.791903697663222328e+00
2.953103553984959273e-01 1.791903697663222328e+00 1.000000000000000000e+00 1.000000000000000021e-08 5.135868165068997460e-01 2.182764611084038187e+00
5.135868165068997460e-01 2.182764611084038187e+00 2.000000000000000000e+00 1.000000000000000021e-08 7.488972336022194920e-01 2.353104170953197460e+00
7.488972336022194920e-01 2.353104170953197460e+00 1.000000000000000000e+00 1.000000000000000021e-08 1.086925417517379922e+00 3.380281839151604295e+00
1.086925417517379922e+00 3.380281839151604295e+00 1.000000000000000000e+00 1.000000000000000021e-08 1.548952520101001262e+00 4.620271025836212964e+00
1.548952520101001262e+00 4.620271025836212964e+00 1.000000000000000000e+00 9.999000000000000110e-01 1.570796326794896558e+00 5.000000000000000000e+00
-1.791019598161719406e-03 -4.795682195277944926e-02 0.000000000000000000e+00 1.000000000000000021e-08 9.418872777875339497e-02 9.597974737691510327e-01
9.418872777875339497e-02 9.597974737691510327e-01 0.000000000000000000e+00 1.000000000000000021e-08 3.092074716677081225e-01 2.150187438889546776e+00
3.092074716677081225e-01 2.150187438889546776e+00 1.000000000000000000e+00 1.000000000000000021e-08 5.608068432892749922e-01 2.515993716215668918e+00
5.608068432892749922e-01 2.515993716215668918e+00 2.000000000000000000e+00 1.000000000000000021e-08 8.247900896461899389e-01 2.639832463569148580e+00
8.247900896461899389e-01 2.639832463569148580e+00 2.000000000000000000e+00 1.000000000000000021e-08 1.136021358214462706e+00 3.112312685682727231e+00
1.136021358214462706e+00 3.112312685682727231e+00 2.000000000000000000e+00 1.000000000000000021e-08 1.546996364250070588e+00 4.109750060356078372e+00
1.546996364250070588e+00 4.109750060356078372e+00 0.000000000000000000e+00 9.999000000000000110e-01 1.570796326794896558e+00 5.000000000000000000e+00
-7.408106044720458305e-02 -2.160674496066290057e-02 1.000000000000000000e+00 1.000000000000000021e-08 -9.734096297427546896e-02 -2.325990252707089145e-01
-9.734096297427546896e-02 -2.325990252707089145e-01 2.000000000000000000e+00 1.000000000000000021e-08 -2.233380373882089265e-01 -1.259970744139334631e+00
-2.233380373882089265e-01 -1.259970744139334631e+00 0.000000000000000000e+00 1.000000000000000021e-08 -2.963023769775699479e-01 -7.296433958936102693e-01
-2.963023769775699479e-01 -7.296433958936102693e-01 2.000000000000000000e+00 1.000000000000000021e-08 -5.036833477437376860e-01 -2.073809707661677493e+00
-5.036833477437376860e-01 -2.073809707661677493e+00 0.000000000000000000e+00 1.000000000000000021e-08 -6.992027757113867814e-01 -1.955194279676490732e+00
-6.992027757113867814e-01 -1.955194279676490732e+00 2.000000000000000000e+00 1.000000000000000021e-08 -1.047285381636680945e+00 -3.480826059252942528e+00
-1.047285381636680945e+00 -3.480826059252942528e+00 0.000000000000000000e+00 1.000000000000000021e-08 -1.479501470632356153e+00 -4.322160889956752960e+00
-1.479501470632356153e+00 -4.322160889956752960e+00 2.000000000000000000e+00 9.999000000000000110e-01 -1.570796326794896558e+00 -5.000000000000000000e+00
4.645461927007535352e-02 7.344402371105526739e-02 2.000000000000000000e+00 1.000000000000000021e-08 -3.789074938134406878e-02 -8.434536865141941675e-01
-3.789074938134406878e-02 -8.434536865141941675e-01 1.000000000000000000e+00 1.000000000000000021e-08 -1.153613992343925782e-01 -7.747064985304850104e-01
-1.153613992343925782e-01 -7.747064985304850104e-01 2.000000000000000000e+00 1.000000000000000021e-08 -2.998896207676446379e-01 -1.845282215332520570e+00
-2.998896207676446379e-01 -1.845282215332520570e+00 1.000000000000000000e+00 1.000000000000000021e-08 -5.241327811221315747e-01 -2.242431603544869478e+00
-5.241327811221315747e-01 -2.242431603544869478e+00 0.000000000000000000e+00 1.000000000000000021e-08 -7.447314528917295950e-01 -2.205986717695979760e+00
-7.447314528917295950e-01 -2.205986717695979760e+00 2.000000000000000000e+00 1.000000000000000021e-08 -1.133821786331108417e+00 -3.890903334393787993e+00
-1.133821786331108417e+00 -3.890903334393787993e+00 2.000000000000000000e+00 9.999000000000000110e-01 -1.570796326794896558e+00 -5.000000000000000000e+00
-5.524942718116523238e-02 -8.244476330728667257e-02 0.000000000000000000e+00 1.000000000000000021e-08 1.737278125767717507e-03 5.698670530693294989e-01
1.737278125767717507e-03 5.698670530693294989e-01 2.000000000000000000e+00 1.000000000000000021e-08 -1.755195962142896970e-02 -1.928923774719668582e-01
-1.755195962142896970e-02 -1.928923774719668582e-01 2.000000000000000000e+00 1.000000000000000021e-08 -1.275646557606639475e-01 -1.100126961392349667e+00
-1.275646557606639475e-01 -1.100126961392349667e+00 1.000000000000000000e+00 1.000000000000000021e-08 -2.454685415412581617e-01 -1.179038857805942087e+00
-2.454685415412581617e-01 -1.179038857805942087e+00 2.000000000000000000e+00 1.000000000000000021e-08 -4.829647705782388334e-01 -2.374962290369806439e+00
-4.829647705782388334e-01 -2.374962290369806439e+00 1.000000000000000000e+00 1.000000000000000021e-08 -7.952487991994704464e-01 -3.122840286212315686e+00
-7.952487991994704464e-01 -3.122840286212315686e+00 0.000000000000000000e+00 1.000000000000000021e-08 -1.155124052157595393e+00 -3.598752529581250581e+00
-1.155124052157595393e+00 -3.598752529581250581e+00 2.000000000000000000e+00 9.999000000000000110e-01 -1.570796326794896558e+00 -5.000000000000000000e+00
5.241958675473294693e-02 -3.423006757284544066e-02 2.000000000000000000e+00 1.000000000000000021e-08 -1.303786148775076814e-02 -6.545744824248371785e-01
-1.303786148775076814e-02 -6.545744824248371785e-01 0.000000000000000000e+00 1.000000000000000021e-08 1.171251411801334241e-02 2.475037560576410778e-01
1.171251411801334241e-02 2.475037560576410778e-01 0.000000000000000000e+00 1.000000000000000021e-08 1.258443463972187537e-01 1.141318322792054030e+00
1.258443463972187537e-01 1.141318322792054030e+00 2.000000000000000000e+00 1.000000000000000021e-08 1.706129724434610195e-01 4.476862604624227693e-01
1.706129724434610195e-01 4.476862604624227693e-01 0.000000000000000000e+00 1.000000000000000021e-08 3.207726419225149783e-01 1.501596694790539699e+00
3.207726419225149783e-01 1.501596694790539699e+00 2.000000000000000000e+00 1.000000000000000021e-08 4.328302485046366943e-01 1.120576065821217382e+00
4.328302485046366943e-01 1.120576065821217382e+00 1.000000000000000000e+00 1.000000000000000021e-08 6.243722584372662920e-01 1.915420099326295755e+00
6.243722584372662920e-01 1.915420099326295755e+00 1.000000000000000000e+00 1.000000000000000021e-08 9.032306662434816946e-01 2.788584078062153360e+00
9.032306662434816946e-01 2.788584078062153360e+00 1.000000000000000000e+00 1.000000000000000021e-08 1.289869302976757837e+00 3.866386367332760088e+00
1.289869302976757837e+00 3.866386367332760088e+00 2.000000000000000000e+00 9.999000000000000110e-01 1.570796326794896558e+00 5.000000000000000000e+00
-3.095739268307260220e-02 4.712260651242945741e-02 2.000000000000000000e+00 1.000000000000000021e-08 -1.108977642447010886e-01 -7.994037156162848712e-01
-1.108977642447010886e-01 -7.994037156162848712e-01 0.000000000000000000e+00 1.000000000000000021e-08 -1.393951515417429787e-01 -2.849738729704189844e-01
-1.393951515417429787e-01 -2.849738729704189844e-01 0.000000000000000000e+00 1.000000000000000021e-08 -8.917372600339117106e-02 5.022142553835180490e-01
-8.917372600339117106e-02 5.022142553835180490e-01 1.000000000000000000e+00 1.000000000000000021e-08 -5.971481509203221960e-02 2.945891091135894868e-01
-5.971481509203221960e-02 2.945891091135894868e-01 1.000000000000000000e+00 1.000000000000000021e-08 -3.700846830228902984e-02 2.270634678974318699e-01
-3.700846830228902984e-02 2.270634678974318699e-01 0.000000000000000000e+00 1.000000000000000021e-08 7.726408484971508672e-02 1.142725531520041082e+00
7.726408484971508672e-02 1.142725531520041082e+00 2.000000000000000000e+00 1.000000000000000021e-08 1.297347818855325574e-01 5.247069703581747069e-01
1.297347818855325574e-01 5.247069703581747069e-01 1.000000000000000000e+00 1.000000000000000021e-08 1.879757732275913196e-01 5.824099134205875661e-01
1.879757732275913196e-01 5.824099134205875661e-01 2.000000000000000000e+00 1.000000000000000021e-08 2.043356770534783540e-01 1.635990382588704550e-01
2.043356770534783540e-01 1.635990382588704550e-01 2.000000000000000000e+00 1.000000000000000021e-08 1.867540812940698403e-01 -1.758159575940850816e-01
1.867540812940698403e-01 -1.758159575940850816e-01 0.000000000000000000e+00 1.000000000000000021e-08 2.849646431890256459e-01 9.821056189495581679e-01
2.849646431890256459e-01 9.821056189495581679e-01 2.000000000000000000e+00 1.000000000000000021e-08 3.428349419445522739e-01 5.787029875552663905e-01
3.428349419445522739e-01 5.787029875552663905e-01 0.000000000000000000e+00 1.000000000000000021e-08 5.350066055950750687e-01 1.921716636505227171e+00
5.350066055950750687e-01 1.921716636505227171e+00 1.000000000000000000e+00 1.000000000000000021e-08 8.089719097622096733e-01 2.739653041671346045e+00
8.089719097622096733e-01 2.739653041671346045e+00 1.000000000000000000e+00 1.000000000000000021e-08 1.182695425506542497e+00 3.737235157443328681e+00
1.182695425506542497e+00 3.737235157443328681e+00 0.000000000000000000e+00 9.999000000000000110e-01 1.570796326794896558e+00 5.000000000000000000e+00
-3.744355076834179202e-02 3.316314248569672551e-02 0.000000000000000000e+00 1.000000000000000021e-08 5.245255584551498235e-02 8.989610661385676327e-01
5.245255584551498235e-02 8.989610661385676327e-01 1.000000000000000000e+00 1.000000000000000021e-08 1.372849662456277764e-01 8.483241040011277878e-01
1.372849662456277764e-01 8.483241040011277878e-01 2.000000000000000000e+00 1.000000000000000021e-08 1.448368150547050537e-01 7.551848809077266189e-02
1.448368150547050537e-01 7.551848809077266189e-02 2.000000000000000000e+00 1.000000000000000021e-08 1.022739170830041788e-01 -4.256289797170086375e-01
1.022739170830041788e-01 -4.256289797170086375e-01 1.000000000000000000e+00 1.000000000000000021e-08 7.255784676657087151e-02 -2.971607031643330732e-01
7.255784676657087151e-02 -2.971607031643330732e-01 0.000000000000000000e+00 1.000000000000000021e-08 1.394443739971055196e-01 6.688652723053465365e-01
1.394443739971055196e-01 6.688652723053465365e-01 1.000000000000000000e+00 1.000000000000000021e-08 2.315004448123131608e-01 9.205607081520763568e-01
2.315004448123131608e-01 9.205607081520763568e-01 1.000000000000000000e+00 1.000000000000000021e-08 3.477522567804689491e-01 1.162518119681557716e+00
3.477522567804689491e-01 1.162518119681557716e+00 1.000000000000000000e+00 1.000000000000000021e-08 5.189929450642927211e-01 1.712406882838237721e+00
5.189929450642927211e-01 1.712406882838237721e+00 2.000000000000000000e+00 1.000000000000000021e-08 7.056699871604734664e-01 1.866770420961807009e+00
7.056699871604734664e-01 1.866770420961807009e+00 2.000000000000000000e+00 1.000000000000000021e-08 9.434340897968818140e-01 2.377641026364083032e+00
9.434340897968818140e-01 2.377641026364083032e+00 1.000000000000000000e+00 1.000000000000000021e-08 1.307165546400505196e+00 3.637314566036233821e+00
1.307165546400505196e+00 3.637314566036233821e+00 0.000000000000000000e+00 9.999000000000000110e-01 1.570796326794896558e+00 5.000000000000000000e+00
-1.688932186613435402e-02 -6.726226780803870597e-02 1.000000000000000000e+00 1.000000000000000021e-08 -2.516956465949773958e-02 -8.280242793363384868e-02
-2.516956465949773958e-02 -8.280242793363384868e-02 0.000000000000000000e+00 1.000000000000000021e-08 6.389022734714133733e-02 8.905979200663907136e-01
6.389022734714133733e-02 8.905979200663907136e-01 1.000000000000000000e+00 1.000000000000000021e-08 1.473557606544410592e-01 8.346553330729973297e-01
1.473557606544410592e-01 8.346553330729973297e-01 1.000000000000000000e+00 1.000000000000000021e-08 2.729597347730330914e-01 1.256039741185920322e+00
2.729597347730330914e-01 1.256039741185920322e+00 2.000000000000000000e+00 1.000000000000000021e-08 3.547765742096426478e-01 8.181683943660955638e-01
3.547765742096426478e-01 8.181683943660955638e-01 2.000000000000000000e+00 1.000000000000000021e-08 4.091736873551711229e-01 5.439711314552848620e-01
4.091736873551711229e-01 5.439711314552848620e-01 2.000000000000000000e+00 1.000000000000000021e-08 4.431741801297970906e-01 3.400049277462597330e-01
4.431741801297970906e-01 3.400049277462597330e-01 0.000000000000000000e+00 1.000000000000000021e-08 6.305733415176513201e-01 1.873991613878542184e+00
6.305733415176513201e-01 1.873991613878542184e+00 0.000000000000000000e+00 1.000000000000000021e-08 9.711173865340863021e-01 3.405440450164348931e+00
9.711173865340863021e-01 3.405440450164348931e+00 0.000000000000000000e+00 1.000000000000000021e-08 1.470451249500015045e+00 4.993338629659287875e+00
1.470451249500015045e+00 4.993338629659287875e+00 0.000000000000000000e+00 9.999000000000000110e-01 1.570796326794896558e+00 5.000000000000000000e+00
-7.217187928420688847e-02 -1.211279127132680253e-02 1.000000000000000000e+00 1.000000000000000021e-08 -7.046050128218829534e-02 1.711378002018599728e-02
-7.046050128218829534e-02 1.711378002018599728e-02 2.000000000000000000e+00 1.000000000000000021e-08 -1.806602010178598450e-01 -1.101996997356715413e+00
-1.806602010178598450e-01 -1.101996997356715413e+00 0.000000000000000000e+00 1.000000000000000021e-08 -2.324373881652831986e-01 -5.177718714742334249e-01
-2.324373881652831986e-01 -5.177718714742334249e-01 0.000000000000000000e+00 1.000000000000000021e-08 -2.514780726678291778e-01 -1.904068450254595701e-01
-2.514780726678291778e-01 -1.904068450254595701e-01 1.000000000000000000e+00 1.000000000000000021e-08 -3.011439383068281739e-01 -4.966586563899899054e-01
-3.011439383068281739e-01 -4.966586563899899054e-01 0.000000000000000000e+00 1.000000000000000021e-08 -3.191312307427680017e-01 -1.798729243593982230e-01
-3.191312307427680017e-01 -1.798729243593982230e-01 2.000000000000000000e+00 1.000000000000000021e-08 -4.656787481564345077e-01 -1.465475174136665393e+00
-4.656787481564345077e-01 -1.465475174136665393e+00 0.000000000000000000e+00 1.000000000000000021e-08 -6.019782628983609829e-01 -1.362995147419264530e+00
-6.019782628983609829e-01 -1.362995147419264530e+00 1.000000000000000000e+00 1.000000000000000021e-08 -8.286631275863031165e-01 -2.266848646879421114e+00
-8.286631275863031165e-01 -2.266848646879421114e+00 1.000000000000000000e+00 1.000000000000000021e-08 -1.174976497730703118e+00 -3.463133701443999346e+00
-1.174976497730703118e+00 -3.463133701443999346e+00 1.000000000000000000e+00 9.999000000000000110e-01 -1.570796326794896558e+00 -4.832273677012564050e+00
6.305231486362686266e-02 6.109145446960069503e-02 1.000000000000000000e+00 1.000000000000000021e-08 7.969548746204219158e-02 1.664317259841533447e-01
7.969548746204219158e-02 1.664317259841533447e-01 0.000000000000000000e+00 1.000000000000000021e-08 2.007638910024855672e-01 1.210684035404433700e+00
2.007638910024855672e-01 1.210684035404433700e+00 2.000000000000000000e+00 1.000000000000000021e-08 2.664127638516518015e-01 6.564887284916625099e-01
2.664127638516518015e-01 6.564887284916625099e-01 1.000000000000000000e+00 1.000000000000000021e-08 3.762952913358505458e-01 1.098825274841987554e+00
3.762952913358505458e-01 1.098825274841987554e+00 0.000000000000000000e+00 1.000000000000000021e-08 6.305279189017524155e-01 2.542326275659018808e+00
6.305279189017524155e-01 2.542326275659018808e+00 0.000000000000000000e+00 1.000000000000000021e-08 1.046615607654558744e+00 4.160876887528061729e+00
1.046615607654558744e+00 4.160876887528061729e+00 1.000000000000000000e+00 9.999000000000000110e-01 1.570796326794896558e+00 5.000000000000000000e+00
-5.742975983270665052e-02 -6.496771701952246125e-02 0.000000000000000000e+00 1.000000000000000021e-08 2.971364124655019590e-03 6.040112395736166873e-01
2.971364124655019590e-03 6.040112395736166873e-01 1.000000000000000000e+00 1.000000000000000021e-08 5.290712269127870876e-02 4.993575856662368362e-01
5.290712269127870876e-02 4.993575856662368362e-01 2.000000000000000000e+00 1.000000000000000021e-08 2.734810522330816812e-02 -2.555901746797054064e-01
2.734810522330816812e-02 -2.555901746797054064e-01 1.000000000000000000e+00 1.000000000000000021e-08 1.381370304101436908e-02 -1.353440218229379766e-01
1.381370304101436908e-02 -1.353440218229379766e-01 1.000000000000000000e+00 1.000000000000000021e-08 1.038151008130618579e-02 -3.432192959708182944e-02
1.038151008130618579e-02 -3.432192959708182944e-02 1.000000000000000000e+00 1.000000000000000021e-08 6.451001326110717901e-03 -3.930508755195467885e-02
6.451001326110717901e-03 -3.930508755195467885e-02 2.000000000000000000e+00 1.000000000000000021e-08 -7.788098191033103468e-02 -8.433198323644175431e-01
-7.788098191033103468e-02 -8.433198323644175431e-01 2.000000000000000000e+00 1.000000000000000021e-08 -2.608218881866005701e-01 -1.829409062762695104e+00
