-6.795877763942966693e-03 2.592226252926354765e-02 0.000000000000000000e+00 1.000000000000000021e-08 8.774300830346298818e-02 9.453888606740595835e-01
8.774300830346298818e-02 9.453888606740595835e-01 0.000000000000000000e+00 1.000000000000000021e-08 2.886845269790732083e-01 2.009415186756101868e+00
2.886845269790732083e-01 2.009415186756101868e+00 0.000000000000000000e+00 1.000000000000000021e-08 6.063027336061050931e-01 3.176182066270318849e+00
6.063027336061050931e-01 3.176182066270318849e+00 0.000000000000000000e+00 1.000000000000000021e-08 1.083158238581461319e+00 4.768555049753562258e+00
1.083158238581461319e+00 4.768555049753562258e+00 0.000000000000000000e+00 9.999000000000000110e-01 1.570796326794896558e+00 5.000000000000000000e+00
-2.316338117228953358e-02 -5.647392170914401766e-03 1.000000000000000000e+00 1.000000000000000021e-08 -2.769106347626962283e-02 -4.527682303980088557e-02
-2.769106347626962283e-02 -4.527682303980088557e-02 2.000000000000000000e+00 1.000000000000000021e-08 -1.193435687292822844e-01 -9.165250525301266160e-01
-1.193435687292822844e-01 -9.165250525301266160e-01 0.000000000000000000e+00 1.000000000000000021e-08 -1.398085152380864338e-01 -2.046494650880413824e-01
-1.398085152380864338e-01 -2.046494650880413824e-01 0.000000000000000000e+00 1.000000000000000021e-08 -9.667061627502121501e-02 4.313789896306521321e-01
-9.667061627502121501e-02 4.313789896306521321e-01 1.000000000000000000e+00 1.000000000000000021e-08 -7.574917097592703819e-02 2.092144529909416850e-01
-7.574917097592703819e-02 2.092144529909416850e-01 1.000000000000000000e+00 1.000000000000000021e-08 -7.561055485830610323e-02 1.386161176209294021e-03
-7.561055485830610323e-02 1.386161176209294021e-03 1.000000000000000000e+00 1.000000000000000021e-08 -9.125189832082943042e-02 -1.564134346252332441e-01
-9.125189832082943042e-02 -1.564134346252332441e-01 1.000000000000000000e+00 1.000000000000000021e-08 -1.333845979818983341e-01 -4.213269966106891751e-01
-1.333845979818983341e-01 -4.213269966106891751e-01 1.000000000000000000e+00 1.000000000000000021e-08 -2.126543590671502726e-01 -7.926976108525193299e-01
-2.126543590671502726e-01 -7.926976108525193299e-01 2.000000000000000000e+00 1.000000000000000021e-08 -4.128917830738413342e-01 -2.002374240066910893e+00
-4.128917830738413342e-01 -2.002374240066910893e+00 0.000000000000000000e+00 1.000000000000000021e-08 -5.914837518039041120e-01 -1.785919687300627334e+00
-5.914837518039041120e-01 -1.785919687300627334e+00 0.000000000000000000e+00 1.000000000000000021e-08 -7.976548126186067122e-01 -2.061710608147025336e+00
-7.976548126186067122e-01 -2.061710608147025336e+00 1.000000000000000000e+00 1.000000000000000021e-08 -1.117370877909113824e+00 -3.197160652905070677e+00
-1.117370877909113824e+00 -3.197160652905070677e+00 2.000000000000000000e+00 9.999000000000000110e-01 -1.570796326794896558e+00 -4.857349025117203567e+00
-4.702252344933272044e-02 -8.251928235843020154e-02 0.000000000000000000e+00 1.000000000000000021e-08 2.264547005597580820e-02 6.966799350530852308e-01
2.264547005597580820e-02 6.966799350530852308e-01 2.000000000000000000e+00 1.000000000000000021e-08 2.455763886009952254e-02 1.912168804123715038e-02
2.455763886009952254e-02 1.912168804123715038e-02 1.000000000000000000e+00 1.000000000000000021e-08 2.597333367140982480e-02 1.415694811310303988e-02
2.597333367140982480e-02 1.415694811310303988e-02 0.000000000000000000e+00 1.000000000000000021e-08 1.096653422117465637e-01 8.369200854033673753e-01
1.096653422117465637e-01 8.369200854033673753e-01 0.000000000000000000e+00 1.000000000000000021e-08 2.905492726223685707e-01 1.808839304106219847e+00
2.905492726223685707e-01 1.808839304106219847e+00 1.000000000000000000e+00 1.000000000000000021e-08 5.328838854777668832e-01 2.423346128553983458e+00
5.328838854777668832e-01 2.423346128553983458e+00 0.000000000000000000e+00 1.000000000000000021e-08 9.402014956851239003e-01 4.073176102073569282e+00
9.402014956851239003e-01 4.073176102073569282e+00 1.000000000000000000e+00 1.000000000000000021e-08 1.453390387583927801e+00 5.000000000000000000e+00
1.453390387583927801e+00 5.000000000000000000e+00 2.000000000000000000e+00 9.999000000000000110e-01 1.570796326794896558e+00 5.000000000000000000e+00
1.975836403269398689e-02 4.860890563865395003e-02 1.000000000000000000e+00 1.000000000000000021e-08 4.563735823055116436e-02 2.587899419785718025e-01
4.563735823055116436e-02 2.587899419785718025e-01 2.000000000000000000e+00 1.000000000000000021e-08 -1.463228992473350476e-03 -4.710058722302450929e-01
-1.463228992473350476e-03 -4.710058722302450929e-01 0.000000000000000000e+00 1.000000000000000021e-08 3.044628824768733782e-02 3.190951724016068414e-01
3.044628824768733782e-02 3.190951724016068414e-01 1.000000000000000000e+00 1.000000000000000021e-08 7.460662066833245731e-02 4.416033242064512643e-01
7.460662066833245731e-02 4.416033242064512643e-01 0.000000000000000000e+00 1.000000000000000021e-08 2.258302487596093311e-01 1.512236280912768516e+00
2.258302487596093311e-01 1.512236280912768516e+00 2.000000000000000000e+00 1.000000000000000021e-08 3.265968626304253664e-01 1.007666138708160464e+00
3.265968626304253664e-01 1.007666138708160464e+00 0.000000000000000000e+00 1.000000000000000021e-08 5.791093006131580179e-01 2.525124379827326404e+00
5.791093006131580179e-01 2.525124379827326404e+00 0.000000000000000000e+00 1.000000000000000021e-08 9.876208658157032971e-01 4.085115652025452349e+00
9.876208658157032971e-01 4.085115652025452349e+00 0.000000000000000000e+00 1.000000000000000021e-08 1.552356114887965433e+00 5.000000000000000000e+00
1.552356114887965433e+00 5.000000000000000000e+00 1.000000000000000000e+00 9.999000000000000110e-01 1.570796326794896558e+00 5.000000000000000000e+00
-5.665657899807186038e-02 5.476631395908974909e-02 0.000000000000000000e+00 1.000000000000000021e-08 3.683727060301002221e-02 9.349384960108187981e-01
3.683727060301002221e-02 9.349384960108187981e-01 0.000000000000000000e+00 1.000000000000000021e-08 2.283184978586421110e-01 1.914812272556321027e+00
2.283184978586421110e-01 1.914812272556321027e+00 2.000000000000000000e+00 1.000000000000000021e-08 3.753917158384652564e-01 1.470732179798231343e+00
3.753917158384652564e-01 1.470732179798231343e+00 0.000000000000000000e+00 1.000000000000000021e-08 6.777341219045408538e-01 3.023424060660755863e+00
6.777341219045408538e-01 3.023424060660755863e+00 2.000000000000000000e+00 1.000000000000000021e-08 9.991533792856025498e-01 3.214192573810616516e+00
9.991533792856025498e-01 3.214192573810616516e+00 0.000000000000000000e+00 1.000000000000000021e-08 1.480313356073204467e+00 4.811599767876018063e+00
1.480313356073204467e+00 4.811599767876018063e+00 0.000000000000000000e+00 9.999000000000000110e-01 1.570796326794896558e+00 5.000000000000000000e+00
-5.257679037853297405e-02 -7.581293361842801615e-02 2.000000000000000000e+00 1.000000000000000021e-08 -1.666976624717614874e-01 -1.141208720932285203e+00
-1.666976624717614874e-01 -1.141208720932285203e+00 2.000000000000000000e+00 1.000000000000000021e-08 -4.031421198660880001e-01 -2.364444573943265127e+00
-4.031421198660880001e-01 -2.364444573943265127e+00 0.000000000000000000e+00 1.000000000000000021e-08 -6.338659279825493709e-01 -2.307238081164613153e+00
-6.338659279825493709e-01 -2.307238081164613153e+00 1.000000000000000000e+00 1.000000000000000021e-08 -9.664698525283104136e-01 -3.326039245457610427e+00
-9.664698525283104136e-01 -3.326039245457610427e+00 0.000000000000000000e+00 1.000000000000000021e-08 -1.369678075543685258e+00 -4.032082230153747560e+00
-1.369678075543685258e+00 -4.032082230153747560e+00 1.000000000000000000e+00 9.999000000000000110e-01 -1.570796326794896558e+00 -5.000000000000000000e+00
2.594504338289041825e-02 -3.987545569521396688e-02 0.000000000000000000e+00 1.000000000000000021e-08 9.873883675670076798e-02 7.279379337381034487e-01
9.873883675670076798e-02 7.279379337381034487e-01 0.000000000000000000e+00 1.000000000000000021e-08 2.760747555227294758e-01 1.773359187660286995e+00
2.760747555227294758e-01 1.773359187660286995e+00 2.000000000000000000e+00 1.000000000000000021e-08 4.061218201643582715e-01 1.300470646416287845e+00
4.061218201643582715e-01 1.300470646416287845e+00 0.000000000000000000e+00 1.000000000000000021e-08 6.943419789641107620e-01 2.882201587997525571e+00
6.943419789641107620e-01 2.882201587997525571e+00 1.000000000000000000e+00 1.000000000000000021e-08 1.070089836290034180e+00 3.757478573259233290e+00
1.070089836290034180e+00 3.757478573259233290e+00 1.000000000000000000e+00 9.999000000000000110e-01 1.570796326794896558e+00 5.000000000000000000e+00
-4.471680185502353855e-02 -5.702506861593712589e-02 1.000000000000000000e+00 1.000000000000000021e-08 -6.328481106890491981e-02 -1.856800921388138126e-01
-6.328481106890491981e-02 -1.856800921388138126e-01 2.000000000000000000e+00 1.000000000000000021e-08 -1.973428513875709611e-01 -1.340580403186660163e+00
-1.973428513875709611e-01 -1.340580403186660163e+00 2.000000000000000000e+00 1.000000000000000021e-08 -4.583361533923445696e-01 -2.609933020047735752e+00
-4.583361533923445696e-01 -2.609933020047735752e+00 2.000000000000000000e+00 1.000000000000000021e-08 -8.580166326195860504e-01 -3.996804792272414808e+00
-8.580166326195860504e-01 -3.996804792272414808e+00 0.000000000000000000e+00 1.000000000000000021e-08 -1.318807468823390394e+00 -4.607908362038042327e+00
-1.318807468823390394e+00 -4.607908362038042327e+00 2.000000000000000000e+00 9.999000000000000110e-01 -1.570796326794896558e+00 -5.000000000000000000e+00
7.247790434671137760e-02 -5.523348363877249312e-02 0.000000000000000000e+00 1.000000000000000021e-08 1.623288372201167618e-01 8.985093287340537582e-01
1.623288372201167618e-01 8.985093287340537582e-01 0.000000000000000000e+00 1.000000000000000021e-08 3.571725075896704515e-01 1.948436703695536787e+00
3.571725075896704515e-01 1.948436703695536787e+00 2.000000000000000000e+00 1.000000000000000021e-08 5.384096692087847469e-01 1.812371616191142287e+00
5.384096692087847469e-01 1.812371616191142287e+00 1.000000000000000000e+00 1.000000000000000021e-08 8.145936785605506492e-01 2.761840093517658801e+00
8.145936785605506492e-01 2.761840093517658801e+00 1.000000000000000000e+00 1.000000000000000021e-08 1.191806096535006798e+00 3.772124179744560379e+00
1.191806096535006798e+00 3.772124179744560379e+00 1.000000000000000000e+00 9.999000000000000110e-01 1.570796326794896558e+00 5.000000000000000000e+00
-1.833737209041552685e-02 8.680724756272821530e-02 1.000000000000000000e+00 1.000000000000000021e-08 -2.166577122031853112e-02 -3.328399129903004960e-02
-2.166577122031853112e-02 -3.328399129903004960e-02 0.000000000000000000e+00 1.000000000000000021e-08 4.489144680008211319e-02 6.655721802040064361e-01
4.489144680008211319e-02 6.655721802040064361e-01 1.000000000000000000e+00 1.000000000000000021e-08 1.253205717313171097e-01 8.042912493123497431e-01
1.253205717313171097e-01 8.042912493123497431e-01 1.000000000000000000e+00 1.000000000000000021e-08 2.263989541566694130e-01 1.010783824253522978e+00
2.263989541566694130e-01 1.010783824253522978e+00 1.000000000000000000e+00 1.000000000000000021e-08 3.824833207562396975e-01 1.560843665995702345e+00
3.824833207562396975e-01 1.560843665995702345e+00 0.000000000000000000e+00 1.000000000000000021e-08 6.683988087384390431e-01 2.859154879821993234e+00
6.683988087384390431e-01 2.859154879821993234e+00 1.000000000000000000e+00 1.000000000000000021e-08 1.049203978737611953e+00 3.808051699991729322e+00
1.049203978737611953e+00 3.808051699991729322e+00 1.000000000000000000e+00 1.000000000000000021e-08 1.556157370326986644e+00 5.000000000000000000e+00
1.556157370326986644e+00 5.000000000000000000e+00 1.000000000000000000e+00 9.999000000000000110e-01 1.570796326794896558e+00 5.000000000000000000e+00
-6.776171123650993888e-02 -8.650879606855448045e-02 2.000000000000000000e+00 1.000000000000000021e-08 -1.923416767704917985e-01 -1.245799655339818734e+00
-1.923416767704917985e-01 -1.245799655339818734e+00 1.000000000000000000e+00 1.000000000000000021e-08 -3.437149145830593611e-01 -1.513732378125675737e+00
-3.437149145830593611e-01 -1.513732378125675737e+00 2.000000000000000000e+00 1.000000000000000021e-08 -6.439333050039843798e-01 -3.002183904209250187e+00
-6.439333050039843798e-01 -3.002183904209250187e+00 2.000000000000000000e+00 1.000000000000000021e-08 -1.111010221209084659e+00 -4.670769162051003676e+00
-1.111010221209084659e+00 -4.670769162051003676e+00 1.000000000000000000e+00 9.999000000000000110e-01 -1.570796326794896558e+00 -5.000000000000000000e+00
-2.784250720170731302e-02 -2.656897203822584930e-02 2.000000000000000000e+00 1.000000000000000021e-08 -1.376587098854077651e-01 -1.098162026837004479e+00
-1.376587098854077651e-01 -1.098162026837004479e+00 1.000000000000000000e+00 1.000000000000000021e-08 -2.749560117534298742e-01 -1.372973018680221147e+00
-2.749560117534298742e-01 -1.372973018680221147e+00 0.000000000000000000e+00 1.000000000000000021e-08 -3.876375256997797725e-01 -1.126815139463498872e+00
-3.876375256997797725e-01 -1.126815139463498872e+00 2.000000000000000000e+00 1.000000000000000021e-08 -6.513436507653066476e-01 -2.637061250655268640e+00
-6.513436507653066476e-01 -2.637061250655268640e+00 1.000000000000000000e+00 1.000000000000000021e-08 -9.989157361984242200e-01 -3.475720854331175058e+00
-9.989157361984242200e-01 -3.475720854331175058e+00 2.000000000000000000e+00 1.000000000000000021e-08 -1.504072645393256469e+00 -5.000000000000000000e+00
-1.504072645393256469e+00 -5.000000000000000000e+00 0.000000000000000000e+00 9.999000000000000110e-01 -1.570796326794896558e+00 -5.000000000000000000e+00
4.235050639515413468e-02 -8.306534293611744779e-02 0.000000000000000000e+00 1.000000000000000021e-08 1.375271347558628121e-01 9.517662836070868160e-01
1.375271347558628121e-01 9.517662836070868160e-01 0.000000000000000000e+00 1.000000000000000021e-08 3.486217697777406754e-01 2.110946350218778633e+00
3.486217697777406754e-01 2.110946350218778633e+00 0.000000000000000000e+00 1.000000000000000021e-08 6.896206521003047651e-01 3.409988823225640786e+00
6.896206521003047651e-01 3.409988823225640786e+00 2.000000000000000000e+00 1.000000000000000021e-08 1.060195329060038327e+00 3.705746769597335177e+00
1.060195329060038327e+00 3.705746769597335177e+00 1.000000000000000000e+00 1.000000000000000021e-08 1.557315330854045499e+00 4.971200017940072158e+00
1.557315330854045499e+00 4.971200017940072158e+00 1.000000000000000000e+00 9.999000000000000110e-01 1.570796326794896558e+00 5.000000000000000000e+00
-4.372776958525646102e-03 -4.717681928634766264e-02 2.000000000000000000e+00 1.000000000000000021e-08 -1.074863972373288901e-01 -1.031136202788032419e+00
-1.074863972373288901e-01 -1.031136202788032419e+00 0.000000000000000000e+00 1.000000000000000021e-08 -1.354661417003616142e-01 -2.797974446303271856e-01
-1.354661417003616142e-01 -2.797974446303271856e-01 0.000000000000000000e+00 1.000000000000000021e-08 -1.158519453440776809e-01 1.961419635628393610e-01
-1.158519453440776809e-01 1.961419635628393610e-01 2.000000000000000000e+00 1.000000000000000021e-08 -2.172375995874440413e-01 -1.013856542433663410e+00
-2.172375995874440413e-01 -1.013856542433663410e+00 2.000000000000000000e+00 1.000000000000000021e-08 -4.255432889760181192e-01 -2.083056893885741001e+00
-4.255432889760181192e-01 -2.083056893885741001e+00 1.000000000000000000e+00 1.000000000000000021e-08 -7.029560470435622932e-01 -2.774127580675441074e+00
-7.029560470435622932e-01 -2.774127580675441074e+00 1.000000000000000000e+00 1.000000000000000021e-08 -1.069781998269509371e+00 -3.668259512259469890e+00
-1.069781998269509371e+00 -3.668259512259469890e+00 1.000000000000000000e+00 1.000000000000000021e-08 -1.560706377855090476e+00 -4.909243795855811499e+00
-1.560706377855090476e+00 -4.909243795855811499e+00 1.000000000000000000e+00 9.999000000000000110e-01 -1.570796326794896558e+00 -5.000000000000000000e+00
-4.269929754829756424e-02 2.975388797356100234e-02 2.000000000000000000e+00 1.000000000000000021e-08 -1.495771542075262917e-01 -1.068778566592287316e+00
-1.495771542075262917e-01 -1.068778566592287316e+00 0.000000000000000000e+00 1.000000000000000021e-08 -1.875240365495450812e-01 -3.794688234201877286e-01
-1.875240365495450812e-01 -3.794688234201877286e-01 2.000000000000000000e+00 1.000000000000000021e-08 -3.538448117828940642e-01 -1.663207752333490053e+00
-3.538448117828940642e-01 -1.663207752333490053e+00 0.000000000000000000e+00 1.000000000000000021e-08 -4.921041475351191075e-01 -1.382593357522250654e+00
-4.921041475351191075e-01 -1.382593357522250654e+00 1.000000000000000000e+00 1.000000000000000021e-08 -7.063804641451779665e-01 -2.142763166100588812e+00
-7.063804641451779665e-01 -2.142763166100588812e+00 0.000000000000000000e+00 1.000000000000000021e-08 -9.486724623125768474e-01 -2.422919981673988143e+00
-9.486724623125768474e-01 -2.422919981673988143e+00 2.000000000000000000e+00 1.000000000000000021e-08 -1.359843635474370593e+00 -4.111711731617937460e+00
-1.359843635474370593e+00 -4.111711731617937460e+00 2.000000000000000000e+00 9.999000000000000110e-01 -1.570796326794896558e+00 -5.000000000000000000e+00
6.172924885214925439e-03 -8.647100752939276824e-02 2.000000000000000000e+00 1.000000000000000021e-08 -8.612477547883166940e-02 -9.229770036404658651e-01
-8.612477547883166940e-02 -9.229770036404658651e-01 1.000000000000000000e+00 1.000000000000000021e-08 -1.761065906570783990e-01 -8.998181517824671571e-01
-1.761065906570783990e-01 -8.998181517824671571e-01 1.000000000000000000e+00 1.000000000000000021e-08 -2.869264630658982518e-01 -1.108198724088198306e+00
-2.869264630658982518e-01 -1.108198724088198306e+00 0.000000000000000000e+00 1.000000000000000021e-08 -3.534233646499176928e-01 -6.649690158401944107e-01
-3.534233646499176928e-01 -6.649690158401944107e-01 1.000000000000000000e+00 1.000000000000000021e-08 -4.847305366887687539e-01 -1.313071720388510943e+00
-4.847305366887687539e-01 -1.313071720388510943e+00 0.000000000000000000e+00 1.000000000000000021e-08 -6.210016862506066992e-01 -1.362711495618379010e+00
-6.210016862506066992e-01 -1.362711495618379010e+00 2.000000000000000000e+00 1.000000000000000021e-08 -9.080970100896432751e-01 -2.870953238390366202e+00
-9.080970100896432751e-01 -2.870953238390366202e+00 2.000000000000000000e+00 1.000000000000000021e-08 -1.363549116803763450e+00 -4.554521067141202195e+00
-1.363549116803763450e+00 -4.554521067141202195e+00 0.000000000000000000e+00 9.999000000000000110e-01 -1.570796326794896558e+00 -5.000000000000000000e+00
3.618050676397180365e-02 -5.323525569532797097e-02 1.000000000000000000e+00 1.000000000000000021e-08 2.875768753597479632e-02 -7.422819227997005942e-02
2.875768753597479632e-02 -7.422819227997005942e-02 0.000000000000000000e+00 1.000000000000000021e-08 1.049984246331936294e-01 7.624073709721882475e-01
1.049984246331936294e-01 7.624073709721882475e-01 1.000000000000000000e+00 1.000000000000000021e-08 1.868654546528896732e-01 8.186703001969601878e-01
1.868654546528896732e-01 8.186703001969601878e-01 2.000000000000000000e+00 1.000000000000000021e-08 2.259575548457871119e-01 3.909210019289742766e-01
2.259575548457871119e-01 3.909210019289742766e-01 2.000000000000000000e+00 1.000000000000000021e-08 2.189131386903306886e-01 -7.044416155456423301e-02
2.189131386903306886e-01 -7.044416155456423301e-02 2.000000000000000000e+00 1.000000000000000021e-08 1.471199891990311592e-01 -7.179314949129952383e-01
1.471199891990311592e-01 -7.179314949129952383e-01 0.000000000000000000e+00 1.000000000000000021e-08 1.850462904414544585e-01 3.792630124242329925e-01
1.850462904414544585e-01 3.792630124242329925e-01 2.000000000000000000e+00 1.000000000000000021e-08 1.592827776524006755e-01 -2.576351278905377740e-01
1.592827776524006755e-01 -2.576351278905377740e-01 0.000000000000000000e+00 1.000000000000000021e-08 2.591763078259475273e-01 9.989353017354685171e-01
2.591763078259475273e-01 9.989353017354685171e-01 0.000000000000000000e+00 1.000000000000000021e-08 4.812553113429122731e-01 2.220790035169647236e+00
4.812553113429122731e-01 2.220790035169647236e+00 0.000000000000000000e+00 1.000000000000000021e-08 8.426487329982902397e-01 3.613934216553779333e+00
8.426487329982902397e-01 3.613934216553779333e+00 0.000000000000000000e+00 1.000000000000000021e-08 1.368883927665934586e+00 5.000000000000000000e+00
1.368883927665934586e+00 5.000000000000000000e+00 1.000000000000000000e+00 9.999000000000000110e-01 1.570796326794896558e+00 5.000000000000000000e+00
1.469064491932700264e-02 -4.006793670225752835e-02 1.000000000000000000e+00 1.000000000000000021e-08 2.174004213858150500e-02 7.049397219254500968e-02
2.174004213858150500e-02 7.049397219254500968e-02 0.000000000000000000e+00 1.000000000000000021e-08 1.082006558086620190e-01 8.646061367008051057e-01
1.082006558086620190e-01 8.646061367008051057e-01 2.000000000000000000e+00 1.000000000000000021e-08 1.196430862454003763e-01 1.144243043673836002e-01
1.196430862454003763e-01 1.144243043673836002e-01 2.000000000000000000e+00 1.000000000000000021e-08 4.966538600568298767e-02 -6.997770023971738862e-01
4.966538600568298767e-02 -6.997770023971738862e-01 2.000000000000000000e+00 1.000000000000000021e-08 -1.084773911504714750e-01 -1.581427771561544571e+00
-1.084773911504714750e-01 -1.581427771561544571e+00 1.000000000000000000e+00 1.000000000000000021e-08 -2.990706078682734970e-01 -1.905932167178020054e+00
-2.990706078682734970e-01 -1.905932167178020054e+00 2.000000000000000000e+00 1.000000000000000021e-08 -6.374328889731337711e-01 -3.383622811048602852e+00
-6.374328889731337711e-01 -3.383622811048602852e+00 2.000000000000000000e+00 1.000000000000000021e-08 -1.124707286509741833e+00 -4.872743975366081060e+00
-1.124707286509741833e+00 -4.872743975366081060e+00 0.000000000000000000e+00 9.999000000000000110e-01 -1.570796326794896558e+00 -5.000000000000000000e+00
8.342142647261964472e-02 -3.653446611706356872e-03 0.000000000000000000e+00 1.000000000000000021e-08 1.904373772614499361e-01 1.070159507888302830e+00
1.904373772614499361e-01 1.070159507888302830e+00 2.000000000000000000e+00 1.000000000000000021e-08 2.436868174879498472e-01 5.324944022649990005e-01
2.436868174879498472e-01 5.324944022649990005e-01 0.000000000000000000e+00 1.000000000000000021e-08 4.232987976287723164e-01 1.796119801408224248e+00
4.232987976287723164e-01 1.796119801408224248e+00 2.000000000000000000e+00 1.000000000000000021e-08 5.929756880266819907e-01 1.696768903979096965e+00
5.929756880266819907e-01 1.696768903979096965e+00 0.000000000000000000e+00 1.000000000000000021e-08 9.076404947173403182e-01 3.146648066906582830e+00
9.076404947173403182e-01 3.146648066906582830e+00 2.000000000000000000e+00 1.000000000000000021e-08 1.289125097377464169e+00 3.814846026601237838e+00
1.289125097377464169e+00 3.814846026601237838e+00 2.000000000000000000e+00 9.999000000000000110e-01 1.570796326794896558e+00 5.000000000000000000e+00
-6.230448515240885610e-02 1.988565752976279716e-03 2.000000000000000000e+00 1.000000000000000021e-08 -1.642235418399399238e-01 -1.019190566875310511e+00
-1.642235418399399238e-01 -1.019190566875310511e+00 0.000000000000000000e+00 1.000000000000000021e-08 -2.076670591650980058e-01 -4.344351732515807640e-01
-2.076670591650980058e-01 -4.344351732515807640e-01 0.000000000000000000e+00 1.000000000000000021e-08 -1.845936851702439374e-01 2.307337399485406282e-01
-1.845936851702439374e-01 2.307337399485406282e-01 0.000000000000000000e+00 1.000000000000000021e-08 -9.575771743176436646e-02 8.883596773847957095e-01
-9.575771743176436646e-02 8.883596773847957095e-01 1.000000000000000000e+00 1.000000000000000021e-08 -2.761776080102185116e-02 6.813995663074251530e-01
-2.761776080102185116e-02 6.813995663074251530e-01 1.000000000000000000e+00 1.000000000000000021e-08 3.801042033271213871e-02 6.562818113373398710e-01
3.801042033271213871e-02 6.562818113373398710e-01 0.000000000000000000e+00 1.000000000000000021e-08 2.070517017810096783e-01 1.690412814482975090e+00
2.070517017810096783e-01 1.690412814482975090e+00 0.000000000000000000e+00 1.000000000000000021e-08 4.797106175942742468e-01 2.726589158132645352e+00
4.797106175942742468e-01 2.726589158132645352e+00 2.000000000000000000e+00 1.000000000000000021e-08 7.352111858961094537e-01 2.555005683018352514e+00
7.352111858961094537e-01 2.555005683018352514e+00 0.000000000000000000e+00 1.000000000000000021e-08 1.144333866835663294e+00 4.091226809395537956e+00
1.144333866835663294e+00 4.091226809395537956e+00 2.000000000000000000e+00 9.999000000000000110e-01 1.570796326794896558e+00 5.000000000000000000e+00
-5.209871165178144026e-02 2.755904952497100283e-02 2.000000000000000000e+00 1.000000000000000021e-08 -1.545618295193853797e-01 -1.024631178676039367e+00
-1.545618295193853797e-01 -1.024631178676039367e+00 1.000000000000000000e+00 1.000000000000000021e-08 -2.749930547383881985e-01 -1.204312252190028465e+00
-2.749930547383881985e-01 -1.204312252190028465e+00 1.000000000000000000e+00 1.000000000000000021e-08 -4.269445570423049396e-01 -1.519515023039167412e+00
-4.269445570423049396e-01 -1.519515023039167412e+00 2.000000000000000000e+00 1.000000000000000021e-08 -7.217650228940624135e-01 -2.948204658517574295e+00
-7.217650228940624135e-01 -2.948204658517574295e+00 0.000000000000000000e+00 1.000000000000000021e-08 -1.044879232584557949e+00 -3.231142096904954464e+00
-1.044879232584557949e+00 -3.231142096904954464e+00 1.000000000000000000e+00 1.000000000000000021e-08 -1.486189038456779077e+00 -4.413098058722209949e+00
-1.486189038456779077e+00 -4.413098058722209949e+00 0.000000000000000000e+00 9.999000000000000110e-01 -1.570796326794896558e+00 -5.000000000000000000e+00
-4.950195313897267496e-02 3.965576037821307021e-04 0.000000000000000000e+00 1.000000000000000021e-08 3.635692887475677065e-02 8.585888201372944284e-01
3.635692887475677065e-02 8.585888201372944284e-01 2.000000000000000000e+00 1.000000000000000021e-08 3.971916898793266537e-02 3.362240113175896106e-02
3.971916898793266537e-02 3.362240113175896106e-02 0.000000000000000000e+00 1.000000000000000021e-08 1.401751213466785884e-01 1.004559523587459369e+00
1.401751213466785884e-01 1.004559523587459369e+00 1.000000000000000000e+00 1.000000000000000021e-08 2.708655175413304805e-01 1.306903961946518811e+00
2.708655175413304805e-01 1.306903961946518811e+00 2.000000000000000000e+00 1.000000000000000021e-08 3.525257184623940554e-01 8.166020092106358597e-01
3.525257184623940554e-01 8.166020092106358597e-01 2.000000000000000000e+00 1.000000000000000021e-08 4.010298635323150673e-01 4.850414506992099528e-01
4.010298635323150673e-01 4.850414506992099528e-01 2.000000000000000000e+00 1.000000000000000021e-08 4.334288703773410689e-01 3.239900684502600714e-01
4.334288703773410689e-01 3.239900684502600714e-01 0.000000000000000000e+00 1.000000000000000021e-08 6.120136440531478428e-01 1.785847736758068294e+00
6.120136440531478428e-01 1.785847736758068294e+00 1.000000000000000000e+00 1.000000000000000021e-08 8.748455616800372425e-01 2.628319176268893109e+00
8.748455616800372425e-01 2.628319176268893109e+00 0.000000000000000000e+00 1.000000000000000021e-08 1.298827858528670998e+00 4.239822968486338439e+00
1.298827858528670998e+00 4.239822968486338439e+00 1.000000000000000000e+00 9.999000000000000110e-01 1.570796326794896558e+00 5.000000000000000000e+00
-5.490170911310973678e-02 -2.259250032285902224e-02 2.000000000000000000e+00 1.000000000000000021e-08 -1.561915237203392315e-01 -1.012898146072294780e+00
-1.561915237203392315e-01 -1.012898146072294780e+00 0.000000000000000000e+00 1.000000000000000021e-08 -1.994943799649284422e-01 -4.330285624458921623e-01
-1.994943799649284422e-01 -4.330285624458921623e-01 1.000000000000000000e+00 1.000000000000000021e-08 -2.765448008562868543e-01 -7.705042089135840655e-01
-2.765448008562868543e-01 -7.705042089135840655e-01 1.000000000000000000e+00 1.000000000000000021e-08 -3.973760260247302667e-01 -1.208312251684434013e+00
-3.973760260247302667e-01 -1.208312251684434013e+00 0.000000000000000000e+00 1.000000000000000021e-08 -4.970527431874731117e-01 -9.967671716274282279e-01
-4.970527431874731117e-01 -9.967671716274282279e-01 1.000000000000000000e+00 1.000000000000000021e-08 -6.863132124180426619e-01 -1.892604692305695391e+00
-6.863132124180426619e-01 -1.892604692305695391e+00 1.000000000000000000e+00 1.000000000000000021e-08 -9.650456779268201668e-01 -2.787324655087774161e+00
-9.650456779268201668e-01 -2.787324655087774161e+00 2.000000000000000000e+00 1.000000000000000021e-08 -1.417324076526998544e+00 -4.522783986001783774e+00
-1.417324076526998544e+00 -4.522783986001783774e+00 0.000000000000000000e+00 9.999000000000000110e-01 -1.570796326794896558e+00 -5.000000000000000000e+00
-2.849917597957654300e-02 5.955318054680526496e-02 1.000000000000000000e+00 1.000000000000000021e-08 -3.617855109576225553e-02 -7.679375116185714611e-02
-3.617855109576225553e-02 -7.679375116185714611e-02 2.000000000000000000e+00 1.000000000000000021e-08 -1.450211087366498897e-01 -1.088425576408876161e+00
-1.450211087366498897e-01 -1.088425576408876161e+00 0.000000000000000000e+00 1.000000000000000021e-08 -2.011166347320227921e-01 -5.609552599537289685e-01
-2.011166347320227921e-01 -5.609552599537289685e-01 1.000000000000000000e+00 1.000000000000000021e-08 -2.825474371686825803e-01 -8.143080243665976603e-01
-2.825474371686825803e-01 -8.143080243665976603e-01 2.000000000000000000e+00 1.000000000000000021e-08 -5.073770415731158057e-01 -2.248296044044331587e+00
-5.073770415731158057e-01 -2.248296044044331587e+00 1.000000000000000000e+00 1.000000000000000021e-08 -8.167598060021050710e-01 -3.093827644289892209e+00
-8.167598060021050710e-01 -3.093827644289892209e+00 1.000000000000000000e+00 1.000000000000000021e-08 -1.236360003607752223e+00 -4.196001976056471072e+00
-1.236360003607752223e+00 -4.196001976056471072e+00 2.000000000000000000e+00 9.999000000000000110e-01 -1.570796326794896558e+00 -5.000000000000000000e+00
7.451778408301407142e-02 2.727049465155008748e-02 2.000000000000000000e+00 1.000000000000000021e-08 6.472282106772919708e-03 -6.804550197624115171e-01
6.472282106772919708e-03 -6.804550197624115171e-01 0.000000000000000000e+00 1.000000000000000021e-08 2.225620602314201321e-02 1.578392391636909142e-01
2.225620602314201321e-02 1.578392391636909142e-01 0.000000000000000000e+00 1.000000000000000021e-08 1.410485713295111243e-01 1.187923653063690965e+00
1.410485713295111243e-01 1.187923653063690965e+00 1.000000000000000000e+00 1.000000000000000021e-08 3.003060538752371222e-01 1.592574825457259591e+00
3.003060538752371222e-01 1.592574825457259591e+00 2.000000000000000000e+00 1.000000000000000021e-08 4.410006399310640868e-01 1.406945860558269423e+00
4.410006399310640868e-01 1.406945860558269423e+00 2.000000000000000000e+00 1.000000000000000021e-08 5.757062592042401228e-01 1.347056192731760138e+00
5.757062592042401228e-01 1.347056192731760138e+00 0.000000000000000000e+00 1.000000000000000021e-08 8.768735776770870682e-01 3.011673184728468566e+00
8.768735776770870682e-01 3.011673184728468566e+00 0.000000000000000000e+00 1.000000000000000021e-08 1.332340978199628712e+00 4.554674005225415101e+00
1.332340978199628712e+00 4.554674005225415101e+00 2.000000000000000000e+00 9.999000000000000110e-01 1.570796326794896558e+00 5.000000000000000000e+00
-5.316559016542052318e-02 2.970582603024138693e-02 1.000000000000000000e+00 1.000000000000000021e-08 -6.712040196715277074e-02 -1.395481180173225311e-01
-6.712040196715277074e-02 -1.395481180173225311e-01 1.000000000000000000e+00 1.000000000000000021e-08 -8.896995128231435790e-02 -2.184954931516158161e-01
-8.896995128231435790e-02 -2.184954931516158161e-01 1.000000000000000000e+00 1.000000000000000021e-08 -1.240752876023818035e-01 -3.510533632006744287e-01
-1.240752876023818035e-01 -3.510533632006744287e-01 2.000000000000000000e+00 1.000000000000000021e-08 -2.726696976656656224e-01 -1.485944100632837994e+00
-2.726696976656656224e-01 -1.485944100632837994e+00 0.000000000000000000e+00 1.000000000000000021e-08 -3.923688668361513532e-01 -1.196991691704857308e+00
-3.923688668361513532e-01 -1.196991691704857308e+00 0.000000000000000000e+00 1.000000000000000021e-08 -5.062256151567446905e-01 -1.138567483205933373e+00
-5.062256151567446905e-01 -1.138567483205933373e+00 2.000000000000000000e+00 1.000000000000000021e-08 -7.752563839031854087e-01 -2.690307687464406960e+00
-7.752563839031854087e-01 -2.690307687464406960e+00 1.000000000000000000e+00 1.000000000000000021e-08 -1.150311762113853442e+00 -3.750553782106680778e+00
-1.150311762113853442e+00 -3.750553782106680778e+00 0.000000000000000000e+00 9.999000000000000110e-01 -1.570796326794896558e+00 -4.766898055569019022e+00
-8.307983676335009560e-02 4.552041080948933394e-02 2.000000000000000000e+00 1.000000000000000021e-08 -1.710290849702350569e-01 -8.794924820688496681e-01
-1.710290849702350569e-01 -8.794924820688496681e-01 2.000000000000000000e+00 1.000000000000000021e-08 -3.913792041044274472e-01 -2.203501191341923793e+00
-3.913792041044274472e-01 -2.203501191341923793e+00 0.000000000000000000e+00 1.000000000000000021e-08 -5.986961311124502361e-01 -2.073169270080227999e+00
-5.986961311124502361e-01 -2.073169270080227999e+00 0.000000000000000000e+00 1.000000000000000021e-08 -8.348793097305681199e-01 -2.361831786181178838e+00
-8.348793097305681199e-01 -2.361831786181178838e+00 0.000000000000000000e+00 1.000000000000000021e-08 -1.124612416246131730e+00 -2.897331065155637209e+00
-1.124612416246131730e+00 -2.897331065155637209e+00 0.000000000000000000e+00 1.000000000000000021e-08 -1.513175148981040108e+00 -3.885627327349082893e+00
-1.513175148981040108e+00 -3.885627327349082893e+00 1.000000000000000000e+00 9.999000000000000110e-01 -1.570796326794896558e+00 -5.000000000000000000e+00
-8.213258313340023042e-02 4.197435462718890342e-02 2.000000000000000000e+00 1.000000000000000021e-08 -1.648470286676415042e-01 -8.271444553424125434e-01
-1.648470286676415042e-01 -8.271444553424125434e-01 0.000000000000000000e+00 1.000000000000000021e-08 -1.793753002169342636e-01 -1.452827154929277054e-01
-1.793753002169342636e-01 -1.452827154929277054e-01 1.000000000000000000e+00 1.000000000000000021e-08 -2.178989196343102674e-01 -3.852361941737600937e-01
-2.178989196343102674e-01 -3.852361941737600937e-01 2.000000000000000000e+00 1.000000000000000021e-08 -3.624861180801515759e-01 -1.445871984458413140e+00
-3.624861180801515759e-01 -1.445871984458413140e+00 2.000000000000000000e+00 1.000000000000000021e-08 -6.531814477793613793e-01 -2.906953296992097258e+00
-6.531814477793613793e-01 -2.906953296992097258e+00 2.000000000000000000e+00 1.000000000000000021e-08 -1.095989878392066963e+00 -4.428084306127055392e+00
-1.095989878392066963e+00 -4.428084306127055392e+00 1.000000000000000000e+00 9.999000000000000110e-01 -1.570796326794896558e+00 -5.000000000000000000e+00
-8.229461264667191356e-02 5.503396830681331342e-02 2.000000000000000000e+00 1.000000000000000021e-08 -1.923261281904906639e-01 -1.100315155438187364e+00
-1.923261281904906639e-01 -1.100315155438187364e+00 1.000000000000000000e+00 1.000000000000000021e-08 -3.200622701983023566e-01 -1.277361420078117149e+00
-3.200622701983023566e-01 -1.277361420078117149e+00 1.000000000000000000e+00 1.000000000000000021e-08 -5.028318842023603574e-01 -1.827696140040579564e+00
-5.028318842023603574e-01 -1.827696140040579564e+00 0.000000000000000000e+00 1.000000000000000021e-08 -6.955757044605122008e-01 -1.927438202581518212e+00
-6.955757044605122008e-01 -1.927438202581518212e+00 0.000000000000000000e+00 1.000000000000000021e-08 -9.265092048991622198e-01 -2.309335004386499968e+00
-9.265092048991622198e-01 -2.309335004386499968e+00 1.000000000000000000e+00 1.000000000000000021e-08 -1.283941871610940755e+00 -3.574326667117786016e+00
-1.283941871610940755e+00 -3.574326667117786016e+00 2.000000000000000000e+00 9.999000000000000110e-01 -1.570796326794896558e+00 -5.000000000000000000e+00
7.355203117821360048e-02 8.441671577051343411e-02 0.000000000000000000e+00 1.000000000000000021e-08 1.831802934944141981e-01 1.096282623162005976e+00
1.831802934944141981e-01 1.096282623162005976e+00 0.000000000000000000e+00 1.000000000000000021e-08 4.196831494449841937e-01 2.365028559505700123e+00
4.196831494449841937e-01 2.365028559505700123e+00 2.000000000000000000e+00 1.000000000000000021e-08 6.542963921133111427e-01 2.346132426683269045e+00
6.542963921133111427e-01 2.346132426683269045e+00 2.000000000000000000e+00 1.000000000000000021e-08 9.198069280987982710e-01 2.655105359854871061e+00
9.198069280987982710e-01 2.655105359854871061e+00 0.000000000000000000e+00 1.000000000000000021e-08 1.350355594346875243e+00 4.305486662480769944e+00
1.350355594346875243e+00 4.305486662480769944e+00 2.000000000000000000e+00 9.999000000000000110e-01 1.570796326794896558e+00 5.000000000000000000e+00
-3.095190415799784628e-03 -8.265346684178540015e-02 1.000000000000000000e+00 1.000000000000000021e-08 -2.431083202259522527e-02 -2.121564160679543787e-01
-2.431083202259522527e-02 -2.121564160679543787e-01 2.000000000000000000e+00 1.000000000000000021e-08 -1.261725809111946817e-01 -1.018617488885994460e+00
-1.261725809111946817e-01 -1.018617488885994460e+00 0.000000000000000000e+00 1.000000000000000021e-08 -1.467823468032108947e-01 -2.060976589201619635e-01
-1.467823468032108947e-01 -2.060976589201619635e-01 0.000000000000000000e+00 1.000000000000000021e-08 -1.075862613305907101e-01 3.919608547262017906e-01
-1.075862613305907101e-01 3.919608547262017906e-01 0.000000000000000000e+00 1.000000000000000021e-08 1.149369130697845687e-02 1.190799526375691642e+00
1.149369130697845687e-02 1.190799526375691642e+00 0.000000000000000000e+00 1.000000000000000021e-08 2.135163943336128578e-01 2.020227030266343871e+00
2.135163943336128578e-01 2.020227030266343871e+00 1.000000000000000000e+00 1.000000000000000021e-08 4.636329163020810884e-01 2.501165219684682306e+00
4.636329163020810884e-01 2.501165219684682306e+00 1.000000000000000000e+00 1.000000000000000021e-08 7.815010436131644145e-01 3.178681273110833594e+00
7.815010436131644145e-01 3.178681273110833594e+00 1.000000000000000000e+00 1.000000000000000021e-08 1.195783233027231773e+00 4.142821894140673145e+00
1.195783233027231773e+00 4.142821894140673145e+00 2.000000000000000000e+00 9.999000000000000110e-01 1.570796326794896558e+00 5.000000000000000000e+00
4.067383777520285071e-02 7.901637086893931183e-02 0.000000000000000000e+00 1.000000000000000021e-08 1.580882785009662395e-01 1.174144407257633915e+00
1.580882785009662395e-01 1.174144407257633915e+00 1.000000000000000000e+00 1.000000000000000021e-08 3.171164159692183016e-01 1.590281374682520621e+00
3.171164159692183016e-01 1.590281374682520621e+00 2.000000000000000000e+00 1.000000000000000021e-08 4.544191612325887419e-01 1.373027452633704515e+00
4.544191612325887419e-01 1.373027452633704515e+00 1.000000000000000000e+00 1.000000000000000021e-08 6.554165907958504622e-01 2.009974295632617203e+00
6.554165907958504622e-01 2.009974295632617203e+00 1.000000000000000000e+00 1.000000000000000021e-08 9.552044292883727916e-01 2.997878384925222850e+00
9.552044292883727916e-01 2.997878384925222850e+00 1.000000000000000000e+00 1.000000000000000021e-08 1.381009064401591546e+00 4.258046351132187546e+00
1.381009064401591546e+00 4.258046351132187546e+00 1.000000000000000000e+00 9.999000000000000110e-01 1.570796326794896558e+00 5.000000000000000000e+00
-4.649835745435224738e-02 -1.655445271694817866e-02 1.000000000000000000e+00 1.000000000000000021e-08 -5.798154702744536676e-02 -1.148318957309311938e-01
-5.798154702744536676e-02 -1.148318957309311938e-01 1.000000000000000000e+00 1.000000000000000021e-08 -7.004325464410937618e-02 -1.206170761666401220e-01
-7.004325464410937618e-02 -1.206170761666401220e-01 0.000000000000000000e+00 1.000000000000000021e-08 5.981399081414595642e-03 7.602465372552396072e-01
5.981399081414595642e-03 7.602465372552396072e-01 0.000000000000000000e+00 1.000000000000000021e-08 1.540547294449722548e-01 1.480733303635576537e+00
1.540547294449722548e-01 1.480733303635576537e+00 2.000000000000000000e+00 1.000000000000000021e-08 2.323097912899248496e-01 7.825506184495258921e-01
2.323097912899248496e-01 7.825506184495258921e-01 2.000000000000000000e+00 1.000000000000000021e-08 2.671906503112157494e-01 3.488085902129091087e-01
2.671906503112157494e-01 3.488085902129091087e-01 0.000000000000000000e+00 1.000000000000000021e-08 4.220430368624693562e-01 1.548523865512536180e+00
4.220430368624693562e-01 1.548523865512536180e+00 1.000000000000000000e+00 1.000000000000000021e-08 6.388631891052020118e-01 2.168201522427326111e+00
6.388631891052020118e-01 2.168201522427326111e+00 2.000000000000000000e+00 1.000000000000000021e-08 8.853061273076623383e-01 2.464429382024602599e+00
8.853061273076623383e-01 2.464429382024602599e+00 0.000000000000000000e+00 1.000000000000000021e-08 1.292875674391824159e+00 4.075695470841616874e+00
1.292875674391824159e+00 4.075695470841616874e+00 1.000000000000000000e+00 9.999000000000000110e-01 1.570796326794896558e+00 5.000000000000000000e+00
3.991101099780319794e-02 -2.654832051036309232e-02 0.000000000000000000e+00 1.000000000000000021e-08 1.328600461179693937e-01 9.294903512016619018e-01
1.328600461179693937e-01 9.294903512016619018e-01 1.000000000000000000e+00 1.000000000000000021e-08 2.622245769098919821e-01 1.293645307919225829e+00
2.622245769098919821e-01 1.293645307919225829e+00 0.000000000000000000e+00 1.000000000000000021e-08 5.255906015762370487e-01 2.633660246663450888e+00
5.255906015762370487e-01 2.633660246663450888e+00 2.000000000000000000e+00 1.000000000000000021e-08 7.803893997169528696e-01 2.547987981407158653e+00
7.803893997169528696e-01 2.547987981407158653e+00 2.000000000000000000e+00 1.000000000000000021e-08 1.094075992472716141e+00 3.136865927557632272e+00
1.094075992472716141e+00 3.136865927557632272e+00 0.000000000000000000e+00 1.000000000000000021e-08 1.567009186899603002e+00 4.729331944268867716e+00
1.567009186899603002e+00 4.729331944268867716e+00 0.000000000000000000e+00 9.999000000000000110e-01 1.570796326794896558e+00 5.000000000000000000e+00
5.493378073499011194e-02 3.906926874705582420e-02 0.000000000000000000e+00 1.000000000000000021e-08 1.607303663797900461e-01 1.057965856447999453e+00
1.607303663797900461e-01 1.057965856447999453e+00 0.000000000000000000e+00 1.000000000000000021e-08 3.734030377491671659e-01 2.126726713693771309e+00
3.734030377491671659e-01 2.126726713693771309e+00 1.000000000000000000e+00 1.000000000000000021e-08 6.319377821929008654e-01 2.585347444437336328e+00
6.319377821929008654e-01 2.585347444437336328e+00 0.000000000000000000e+00 1.000000000000000021e-08 1.057039646269078315e+00 4.251018640761775380e+00
1.057039646269078315e+00 4.251018640761775380e+00 2.000000000000000000e+00 1.000000000000000021e-08 1.560864818511972452e+00 5.000000000000000000e+00
1.560864818511972452e+00 5.000000000000000000e+00 1.000000000000000000e+00 9.999000000000000110e-01 1.570796326794896558e+00 5.000000000000000000e+00
-4.541954484896251754e-02 6.135285122638187150e-02 1.000000000000000000e+00 1.000000000000000021e-08 -6.266897189301365301e-02 -1.724942704405113825e-01
-6.266897189301365301e-02 -1.724942704405113825e-01 2.000000000000000000e+00 1.000000000000000021e-08 -1.857003241163878438e-01 -1.230313522233741796e+00
-1.857003241163878438e-01 -1.230313522233741796e+00 2.000000000000000000e+00 1.000000000000000021e-08 -4.226576444347732719e-01 -2.369573203183854559e+00
-4.226576444347732719e-01 -2.369573203183854559e+00 2.000000000000000000e+00 1.000000000000000021e-08 -8.088334074672184348e-01 -3.861757630324451185e+00
-8.088334074672184348e-01 -3.861757630324451185e+00 1.000000000000000000e+00 1.000000000000000021e-08 -1.305658368490813404e+00 -4.968249610235949021e+00
-1.305658368490813404e+00 -4.968249610235949021e+00 2.000000000000000000e+00 9.999000000000000110e-01 -1.570796326794896558e+00 -5.000000000000000000e+00
3.617726928109415985e-02 -1.678033197718073466e-02 2.000000000000000000e+00 1.000000000000000021e-08 -3.691528850689980434e-02 -7.309255778799396142e-01
-3.691528850689980434e-02 -7.309255778799396142e-01 2.000000000000000000e+00 1.000000000000000021e-08 -2.037894911066749359e-01 -1.668742025997751011e+00
-2.037894911066749359e-01 -1.668742025997751011e+00 1.000000000000000000e+00 1.000000000000000021e-08 -3.940058046055791019e-01 -1.902163134989041549e+00
-3.940058046055791019e-01 -1.902163134989041549e+00 0.000000000000000000e+00 1.000000000000000021e-08 -5.688464733256736183e-01 -1.748406687200945164e+00
-5.688464733256736183e-01 -1.748406687200945164e+00 1.000000000000000000e+00 1.000000000000000021e-08 -8.191732515396277226e-01 -2.503267782139540376e+00
-8.191732515396277226e-01 -2.503267782139540376e+00 0.000000000000000000e+00 1.000000000000000021e-08 -1.133208320046123596e+00 -3.140350685064957403e+00
-1.133208320046123596e+00 -3.140350685064957403e+00 2.000000000000000000e+00 9.999000000000000110e-01 -1.570796326794896558e+00 -4.785816118997313851e+00
-3.455959852901793750e-02 4.814940592395192120e-02 1.000000000000000000e+00 1.000000000000000021e-08 -4.822085238964959192e-02 -1.366125386063165581e-01
-4.822085238964959192e-02 -1.366125386063165581e-01 2.000000000000000000e+00 1.000000000000000021e-08 -1.476046882632853219e-01 -9.938383587363572857e-01
-1.476046882632853219e-01 -9.938383587363572857e-01 1.000000000000000000e+00 1.000000000000000021e-08 -2.630712690273970811e-01 -1.154665807641117370e+00
-2.630712690273970811e-01 -1.154665807641117370e+00 0.000000000000000000e+00 1.000000000000000021e-08 -3.482948977423488413e-01 -8.522362871495177128e-01
-3.482948977423488413e-01 -8.522362871495177128e-01 1.000000000000000000e+00 1.000000000000000021e-08 -4.985127495260332497e-01 -1.502178517836844085e+00
-4.985127495260332497e-01 -1.502178517836844085e+00 2.000000000000000000e+00 1.000000000000000021e-08 -8.101392380626287748e-01 -3.116264885365954918e+00
-8.101392380626287748e-01 -3.116264885365954918e+00 1.000000000000000000e+00 1.000000000000000021e-08 -1.220107293433900786e+00 -4.099680553712718556e+00
-1.220107293433900786e+00 -4.099680553712718556e+00 2.000000000000000000e+00 9.999000000000000110e-01 -1.570796326794896558e+00 -5.000000000000000000e+00
-8.417591053723096073e-02 -5.887510476216863131e-03 2.000000000000000000e+00 1.000000000000000021e-08 -1.871585667029500577e-01 -1.029826561657191109e+00
-1.871585667029500577e-01 -1.029826561657191109e+00 0.000000000000000000e+00 1.000000000000000021e-08 -2.492428159373340779e-01 -6.208424923438401466e-01
-2.492428159373340779e-01 -6.208424923438401466e-01 0.000000000000000000e+00 1.000000000000000021e-08 -2.596402213806437431e-01 -1.039740544330965966e-01
-2.596402213806437431e-01 -1.039740544330965966e-01 0.000000000000000000e+00 1.000000000000000021e-08 -2.376234899736544004e-01 2.201673140698933717e-01
-2.376234899736544004e-01 2.201673140698933717e-01 0.000000000000000000e+00 1.000000000000000021e-08 -1.605320739547913267e-01 7.709141601886306816e-01
-1.605320739547913267e-01 7.709141601886306816e-01 1.000000000000000000e+00 1.000000000000000021e-08 -1.017086829114290658e-01 5.882339104336226088e-01
-1.017086829114290658e-01 5.882339104336226088e-01 0.000000000000000000e+00 1.000000000000000021e-08 1.221442339773312624e-02 1.139231063091621809e+00
1.221442339773312624e-02 1.139231063091621809e+00 2.000000000000000000e+00 1.000000000000000021e-08 3.737498711135936458e-02 2.516056371362623834e-01
3.737498711135936458e-02 2.516056371362623834e-01 1.000000000000000000e+00 1.000000000000000021e-08 6.419534409757016169e-02 2.682035698621080266e-01
6.419534409757016169e-02 2.682035698621080266e-01 2.000000000000000000e+00 1.000000000000000021e-08 3.114278475210206787e-02 -3.305255934546809105e-01
3.114278475210206787e-02 -3.305255934546809105e-01 0.000000000000000000e+00 1.000000000000000021e-08 7.887001547842520388e-02 4.772723072632313324e-01
7.887001547842520388e-02 4.772723072632313324e-01 2.000000000000000000e+00 1.000000000000000021e-08 6.595046867479247010e-02 -1.291954680363273100e-01
6.595046867479247010e-02 -1.291954680363273100e-01 2.000000000000000000e+00 1.000000000000000021e-08 -1.089461269736184679e-02 -7.684508137215431134e-01
-1.089461269736184679e-02 -7.684508137215431134e-01 1.000000000000000000e+00 1.000000000000000021e-08 -9.871780198754440128e-02 -8.782318929018254616e-01
-9.871780198754440128e-02 -8.782318929018254616e-01 2.000000000000000000e+00 1.000000000000000021e-08 -2.810017894105247827e-01 -1.822839874229803758e+00
-2.810017894105247827e-01 -1.822839874229803758e+00 0.000000000000000000e+00 1.000000000000000021e-08 -4.310733203445528128e-01 -1.500715309340280523e+00
-4.310733203445528128e-01 -1.500715309340280523e+00 2.000000000000000000e+00 1.000000000000000021e-08 -7.130012814766255591e-01 -2.819279611320726797e+00
-7.130012814766255591e-01 -2.819279611320726797e+00 0.000000000000000000e+00 1.000000000000000021e-08 -1.034106456673558050e+00 -3.211051751969324020e+00
-1.034106456673558050e+00 -3.211051751969324020e+00 2.000000000000000000e+00 1.000000000000000021e-08 -1.523717408112438276e+00 -4.896109514388801820e+00
-1.523717408112438276e+00 -4.896109514388801820e+00 1.000000000000000000e+00 9.999000000000000110e-01 -1.570796326794896558e+00 -5.000000000000000000e+00
-3.023978141439825212e-03 -2.331098766581169573e-02 1.000000000000000000e+00 1.000000000000000021e-08 -1.808612054245547357e-02 -1.506214240101564905e-01
-1.808612054245547357e-02 -1.506214240101564905e-01 0.000000000000000000e+00 1.000000000000000021e-08 3.682892845328470527e-02 5.491504899574017884e-01
3.682892845328470527e-02 5.491504899574017884e-01 0.000000000000000000e+00 1.000000000000000021e-08 1.982996357783614327e-01 1.614707073250767122e+00
1.982996357783614327e-01 1.614707073250767122e+00 0.000000000000000000e+00 1.000000000000000021e-08 4.919774954971752878e-01 2.936778597188138828e+00
4.919774954971752878e-01 2.936778597188138828e+00 0.000000000000000000e+00 1.000000000000000021e-08 9.440707034270143794e-01 4.520932079298390249e+00
9.440707034270143794e-01 4.520932079298390249e+00 1.000000000000000000e+00 1.000000000000000021e-08 1.509398843925535250e+00 5.000000000000000000e+00
1.509398843925535250e+00 5.000000000000000000e+00 1.000000000000000000e+00 9.999000000000000110e-01 1.570796326794896558e+00 5.000000000000000000e+00
9.511957232190976219e-04 8.579472395749825064e-02 1.000000000000000000e+00 1.000000000000000021e-08 2.373465184358236960e-02 2.278345612036327128e-01
2.373465184358236960e-02 2.278345612036327128e-01 2.000000000000000000e+00 1.000000000000000021e-08 -3.500839981187497951e-02 -5.874305165545734564e-01
-3.500839981187497951e-02 -5.874305165545734564e-01 1.000000000000000000e+00 1.000000000000000021e-08 -1.049831877052348067e-01 -6.997478789335982441e-01
-1.049831877052348067e-01 -6.997478789335982441e-01 2.000000000000000000e+00 1.000000000000000021e-08 -2.850173304771251859e-01 -1.800341427718903820e+00
-2.850173304771251859e-01 -1.800341427718903820e+00 0.000000000000000000e+00 1.000000000000000021e-08 -4.165534551078153847e-01 -1.315361246306902210e+00
-4.165534551078153847e-01 -1.315361246306902210e+00 0.000000000000000000e+00 1.000000000000000021e-08 -5.287572406315816931e-01 -1.122037855237662640e+00
-5.287572406315816931e-01 -1.122037855237662640e+00 0.000000000000000000e+00 1.000000000000000021e-08 -6.575565625011721149e-01 -1.287993218695904662e+00
-6.575565625011721149e-01 -1.287993218695904662e+00 0.000000000000000000e+00 1.000000000000000021e-08 -8.301064590154658696e-01 -1.725498965142937990e+00
-8.301064590154658696e-01 -1.725498965142937990e+00 0.000000000000000000e+00 1.000000000000000021e-08 -1.052982678869908595e+00 -2.228762198544427697e+00
-1.052982678869908595e+00 -2.228762198544427697e+00 2.000000000000000000e+00 1.000000000000000021e-08 -1.439038099797793624e+00 -3.860554209278848958e+00
-1.439038099797793624e+00 -3.860554209278848958e+00 1.000000000000000000e+00 9.999000000000000110e-01 -1.570796326794896558e+00 -5.000000000000000000e+00
-1.431143382904989138e-02 -8.430645403063026511e-02 1.000000000000000000e+00 1.000000000000000021e-08 -3.703901123273866530e-02 -2.272757740368877566e-01
-3.703901123273866530e-02 -2.272757740368877566e-01 0.000000000000000000e+00 1.000000000000000021e-08 2.926405160796941712e-02 6.630306284070808243e-01
2.926405160796941712e-02 6.630306284070808243e-01 2.000000000000000000e+00 1.000000000000000021e-08 2.864522286206296411e-02 -6.188287459064523155e-03
2.864522286206296411e-02 -6.188287459064523155e-03 2.000000000000000000e+00 1.000000000000000021e-08 -4.029979315896214942e-02 -6.894501602102510729e-01
-4.029979315896214942e-02 -6.894501602102510729e-01 2.000000000000000000e+00 1.000000000000000021e-08 -2.133458402251785513e-01 -1.730460470662163797e+00
-2.133458402251785513e-01 -1.730460470662163797e+00 1.000000000000000000e+00 1.000000000000000021e-08 -4.253192948674746621e-01 -2.119734546422961330e+00
-4.253192948674746621e-01 -2.119734546422961330e+00 2.000000000000000000e+00 1.000000000000000021e-08 -7.789671749758746433e-01 -3.536478801083998924e+00
-7.789671749758746433e-01 -3.536478801083998924e+00 2.000000000000000000e+00 1.000000000000000021e-08 -1.280995376427550791e+00 -5.000000000000000000e+00
-1.280995376427550791e+00 -5.000000000000000000e+00 1.000000000000000000e+00 9.999000000000000110e-01 -1.570796326794896558e+00 -5.000000000000000000e+00
5.921112787167585878e-02 -3.691244730769545346e-03 0.000000000000000000e+00 1.000000000000000021e-08 1.554119279278818322e-01 9.620080005620595953e-01
1.554119279278818322e-01 9.620080005620595953e-01 1.000000000000000000e+00 1.000000000000000021e-08 2.813611338766371928e-01 1.259492059487553162e+00
2.813611338766371928e-01 1.259492059487553162e+00 1.000000000000000000e+00 1.000000000000000021e-08 4.497108154605233832e-01 1.683496815838861460e+00
4.497108154605233832e-01 1.683496815838861460e+00 1.000000000000000000e+00 1.000000000000000021e-08 6.912524843270774211e-01 2.415416688665540157e+00
6.912524843270774211e-01 2.415416688665540157e+00 2.000000000000000000e+00 1.000000000000000021e-08 9.604623186416350045e-01 2.692098343145575168e+00
9.604623186416350045e-01 2.692098343145575168e+00 0.000000000000000000e+00 1.000000000000000021e-08 1.389290046281379531e+00 4.288277276397446158e+00
1.389290046281379531e+00 4.288277276397446158e+00 1.000000000000000000e+00 9.999000000000000110e-01 1.570796326794896558e+00 5.000000000000000000e+00
-2.820611970721025735e-02 -4.781953817098924531e-02 0.000000000000000000e+00 1.000000000000000021e-08 5.202362569253584507e-02 8.022974539974609964e-01
5.202362569253584507e-02 8.022974539974609964e-01 2.000000000000000000e+00 1.000000000000000021e-08 5.922580232331538935e-02 7.202176630779544286e-02
5.922580232331538935e-02 7.202176630779544286e-02 0.000000000000000000e+00 1.000000000000000021e-08 1.549240905201774710e-01 9.569828819686208021e-01
1.549240905201774710e-01 9.569828819686208021e-01 1.000000000000000000e+00 1.000000000000000021e-08 2.750564112795121918e-01 1.201323207593347320e+00
2.750564112795121918e-01 1.201323207593347320e+00 0.000000000000000000e+00 1.000000000000000021e-08 5.139181090314450806e-01 2.388616977519329332e+00
5.139181090314450806e-01 2.388616977519329332e+00 2.000000000000000000e+00 1.000000000000000021e-08 7.491290618631533116e-01 2.352109528317082532e+00
7.491290618631533116e-01 2.352109528317082532e+00 0.000000000000000000e+00 1.000000000000000021e-08 1.144163250311670987e+00 3.950341884485176980e+00
1.144163250311670987e+00 3.950341884485176980e+00 0.000000000000000000e+00 9.999000000000000110e-01 1.570796326794896558e+00 5.000000000000000000e+00
7.778554989868304015e-02 -4.812373182935961169e-02 2.000000000000000000e+00 1.000000000000000021e-08 -1.019018562703154218e-02 -8.797573552571457123e-01
-1.019018562703154218e-02 -8.797573552571457123e-01 1.000000000000000000e+00 1.000000000000000021e-08 -1.133294119828693602e-01 -1.031392263558378097e+00
-1.133294119828693602e-01 -1.031392263558378097e+00 1.000000000000000000e+00 1.000000000000000021e-08 -2.325425824335359548e-01 -1.192131704506665946e+00
-2.325425824335359548e-01 -1.192131704506665946e+00 1.000000000000000000e+00 1.000000000000000021e-08 -3.895760747463964391e-01 -1.570334923128604787e+00
-3.895760747463964391e-01 -1.570334923128604787e+00 2.000000000000000000e+00 1.000000000000000021e-08 -6.947538533633978997e-01 -3.051777786170014828e+00
-6.947538533633978997e-01 -3.051777786170014828e+00 0.000000000000000000e+00 1.000000000000000021e-08 -1.038532146717422222e+00 -3.437782933540244112e+00
-1.038532146717422222e+00 -3.437782933540244112e+00 1.000000000000000000e+00 1.000000000000000021e-08 -1.512236691106476849e+00 -4.737045443890545826e+00
-1.512236691106476849e+00 -4.737045443890545826e+00 2.000000000000000000e+00 9.999000000000000110e-01 -1.570796326794896558e+00 -5.000000000000000000e+00
-5.439135598629910723e-03 -1.163385491389983678e-02 2.000000000000000000e+00 1.000000000000000021e-08 -9.093438663211975137e-02 -8.549525103348983857e-01
-9.093438663211975137e-02 -8.549525103348983857e-01 0.000000000000000000e+00 1.000000000000000021e-08 -1.024733425985288604e-01 -1.153895596640910348e-01
-1.024733425985288604e-01 -1.153895596640910348e-01 2.000000000000000000e+00 1.000000000000000021e-08 -2.367749576175774140e-01 -1.343016150190485369e+00
-2.367749576175774140e-01 -1.343016150190485369e+00 2.000000000000000000e+00 1.000000000000000021e-08 -4.818858575708660497e-01 -2.451108999532886301e+00
-4.818858575708660497e-01 -2.451108999532886301e+00 2.000000000000000000e+00 1.000000000000000021e-08 -8.617011073151310541e-01 -3.798152497442649267e+00
-8.617011073151310541e-01 -3.798152497442649267e+00 2.000000000000000000e+00 1.000000000000000021e-08 -1.395500550034213250e+00 -5.000000000000000000e+00
-1.395500550034213250e+00 -5.000000000000000000e+00 2.000000000000000000e+00 9.999000000000000110e-01 -1.570796326794896558e+00 -5.000000000000000000e+00
-1.553371937163205985e-02 3.859633249748058159e-02 1.000000000000000000e+00 1.000000000000000021e-08 -9.552620951135890048e-04 1.457845727651846945e-01
-9.552620951135890048e-04 1.457845727651846945e-01 2.000000000000000000e+00 1.000000000000000021e-08 -5.720485037722469746e-02 -5.624958828211110706e-01
-5.720485037722469746e-02 -5.624958828211110706e-01 1.000000000000000000e+00 1.000000000000000021e-08 -1.382214147735944809e-01 -8.101656439636977236e-01
-1.382214147735944809e-01 -8.101656439636977236e-01 0.000000000000000000e+00 1.000000000000000021e-08 -1.613839029289066973e-01 -2.316248815531219973e-01
-1.613839029289066973e-01 -2.316248815531219973e-01 1.000000000000000000e+00 1.000000000000000021e-08 -2.050821475684396211e-01 -4.369824463953292937e-01
-2.050821475684396211e-01 -4.369824463953292937e-01 1.000000000000000000e+00 1.000000000000000021e-08 -2.740455734462620141e-01 -6.896342587782237077e-01
-2.740455734462620141e-01 -6.896342587782237077e-01 0.000000000000000000e+00 1.000000000000000021e-08 -3.028925057794979447e-01 -2.884693233323591954e-01
-3.028925057794979447e-01 -2.884693233323591954e-01 0.000000000000000000e+00 1.000000000000000021e-08 -3.047870851306613282e-01 -1.894579351163355740e-02
-3.047870851306613282e-01 -1.894579351163355740e-02 1.000000000000000000e+00 1.000000000000000021e-08 -3.561815523003988848e-01 -5.139446716973754548e-01
-3.561815523003988848e-01 -5.139446716973754548e-01 0.000000000000000000e+00 1.000000000000000021e-08 -3.721899140935580608e-01 -1.600836179315920371e-01
-3.721899140935580608e-01 -1.600836179315920371e-01 0.000000000000000000e+00 1.000000000000000021e-08 -3.576406198006665260e-01 1.454929429289155696e-01
-3.576406198006665260e-01 1.454929429289155696e-01 2.000000000000000000e+00 1.000000000000000021e-08 -4.761858528226622367e-01 -1.185452330219957107e+00
-4.761858528226622367e-01 -1.185452330219957107e+00 1.000000000000000000e+00 1.000000000000000021e-08 -6.636226996745836493e-01 -1.874368468519213682e+00
-6.636226996745836493e-01 -1.874368468519213682e+00 2.000000000000000000e+00 1.000000000000000021e-08 -1.026187874389053789e+00 -3.625651747144702064e+00
-1.026187874389053789e+00 -3.625651747144702064e+00 0.000000000000000000e+00 1.000000000000000021e-08 -1.467907143700653450e+00 -4.417192693115995716e+00
-1.467907143700653450e+00 -4.417192693115995716e+00 0.000000000000000000e+00 9.999000000000000110e-01 -1.570796326794896558e+00 -5.000000000000000000e+00
-8.318029889691830325e-02 -3.867607250403869851e-03 0.000000000000000000e+00 1.000000000000000021e-08 -5.642090186098458471e-03 7.753820871081983368e-01
-5.642090186098458471e-03 7.753820871081983368e-01 0.000000000000000000e+00 1.000000000000000021e-08 1.587572720036418139e-01 1.643993621897402724e+00
1.587572720036418139e-01 1.643993621897402724e+00 1.000000000000000000e+00 1.000000000000000021e-08 3.604277421736253872e-01 2.016704701699835844e+00
3.604277421736253872e-01 2.016704701699835844e+00 1.000000000000000000e+00 1.000000000000000021e-08 6.218118226591027309e-01 2.613840804854772770e+00
6.218118226591027309e-01 2.613840804854772770e+00 2.000000000000000000e+00 1.000000000000000021e-08 9.093253714410314270e-01 2.875135487819286517e+00
9.093253714410314270e-01 2.875135487819286517e+00 0.000000000000000000e+00 1.000000000000000021e-08 1.356416881385318129e+00 4.470915099442867024e+00
1.356416881385318129e+00 4.470915099442867024e+00 0.000000000000000000e+00 9.999000000000000110e-01 1.570796326794896558e+00 5.000000000000000000e+00
2.186220627330755922e-02 5.980011559274040628e-02 0.000000000000000000e+00 1.000000000000000021e-08 1.136253852656088636e-01 9.176317899230129749e-01
1.136253852656088636e-01 9.176317899230129749e-01 1.000000000000000000e+00 1.000000000000000021e-08 2.342421227182737709e-01 1.206167374526649017e+00
2.342421227182737709e-01 1.206167374526649017e+00 0.000000000000000000e+00 1.000000000000000021e-08 4.660352533622921234e-01 2.317931306440183192e+00
4.660352533622921234e-01 2.317931306440183192e+00 1.000000000000000000e+00 1.000000000000000021e-08 7.760218440346811075e-01 3.099865906723890063e+00
7.760218440346811075e-01 3.099865906723890063e+00 1.000000000000000000e+00 1.000000000000000021e-08 1.192961562174724710e+00 4.169397181400436025e+00
1.192961562174724710e+00 4.169397181400436025e+00 0.000000000000000000e+00 9.999000000000000110e-01 1.570796326794896558e+00 5.000000000000000000e+00
3.020508515236136615e-03 -1.590837648832318235e-02 1.000000000000000000e+00 1.000000000000000021e-08 5.198646460763893529e-03 2.178137945527756913e-02
5.198646460763893529e-03 2.178137945527756913e-02 1.000000000000000000e+00 1.000000000000000021e-08 3.437905963600813072e-03 -1.760740497163080370e-02
3.437905963600813072e-03 -1.760740497163080370e-02 1.000000000000000000e+00 1.000000000000000021e-08 1.099977572890745332e-02 7.561869765306639124e-02
1.099977572890745332e-02 7.561869765306639124e-02 1.000000000000000000e+00 1.000000000000000021e-08 1.162623052150560561e-02 6.264547925981522880e-03
1.162623052150560561e-02 6.264547925981522880e-03 2.000000000000000000e+00 1.000000000000000021e-08 -7.573549094003544091e-02 -8.736172146154104201e-01
-7.573549094003544091e-02 -8.736172146154104201e-01 0.000000000000000000e+00 1.000000000000000021e-08 -8.938743418512980210e-02 -1.365194324509435564e-01
-8.938743418512980210e-02 -1.365194324509435564e-01 1.000000000000000000e+00 1.000000000000000021e-08 -1.099493346656678916e-01 -2.056190048053808117e-01
-1.099493346656678916e-01 -2.056190048053808117e-01 0.000000000000000000e+00 1.000000000000000021e-08 -7.315604663499836180e-02 3.679328803066952980e-01
-7.315604663499836180e-02 3.679328803066952980e-01 1.000000000000000000e+00 1.000000000000000021e-08 -5.205106234180459368e-02 2.110498429319377089e-01
-5.205106234180459368e-02 2.110498429319377089e-01 0.000000000000000000e+00 1.000000000000000021e-08 5.545952365769601933e-02 1.075105859995006075e+00
5.545952365769601933e-02 1.075105859995006075e+00 1.000000000000000000e+00 1.000000000000000021e-08 1.839148849645987072e-01 1.284553613069026712e+00
1.839148849645987072e-01 1.284553613069026712e+00 0.000000000000000000e+00 1.000000000000000021e-08 4.267553591167337901e-01 2.428404741521350552e+00
4.267553591167337901e-01 2.428404741521350552e+00 0.000000000000000000e+00 1.000000000000000021e-08 8.040025881354869730e-01 3.772472290187531385e+00
8.040025881354869730e-01 3.772472290187531385e+00 0.000000000000000000e+00 1.000000000000000021e-08 1.345101405689484775e+00 5.000000000000000000e+00
1.345101405689484775e+00 5.000000000000000000e+00 1.000000000000000000e+00 9.999000000000000110e-01 1.570796326794896558e+00 5.000000000000000000e+00
2.973894069764611986e-02 4.361064766990928321e-02 0.000000000000000000e+00 1.000000000000000021e-08 1.175770171788164398e-01 8.783807648117030187e-01
1.175770171788164398e-01 8.783807648117030187e-01 1.000000000000000000e+00 1.000000000000000021e-08 2.204063399642174348e-01 1.028293227854009784e+00
2.204063399642174348e-01 1.028293227854009784e+00 1.000000000000000000e+00 1.000000000000000021e-08 3.508090456885388231e-01 1.304027057243213772e+00
3.508090456885388231e-01 1.304027057243213772e+00 2.000000000000000000e+00 1.000000000000000021e-08 4.474769238672574589e-01 9.666787817871862476e-01
4.474769238672574589e-01 9.666787817871862476e-01 1.000000000000000000e+00 1.000000000000000021e-08 6.276037754875242181e-01 1.801268516202667813e+00
6.276037754875242181e-01 1.801268516202667813e+00 2.000000000000000000e+00 1.000000000000000021e-08 8.265432827976098018e-01 1.989395073100855837e+00
8.265432827976098018e-01 1.989395073100855837e+00 2.000000000000000000e+00 1.000000000000000021e-08 1.093833049371435440e+00 2.672897665738256823e+00
1.093833049371435440e+00 2.672897665738256823e+00 2.000000000000000000e+00 1.000000000000000021e-08 1.452987627090850165e+00 3.591545777194146805e+00
1.452987627090850165e+00 3.591545777194146805e+00 2.000000000000000000e+00 9.999000000000000110e-01 1.570796326794896558e+00 4.942261997566150811e+00
5.112733484582382415e-02 -8.445160669208631732e-02 2.000000000000000000e+00 1.000000000000000021e-08 -4.093357255815099904e-02 -9.206090740397482319e-01
-4.093357255815099904e-02 -9.206090740397482319e-01 0.000000000000000000e+00 1.000000000000000021e-08 -4.658431533042826228e-02 -5.650742772277261849e-02
-4.658431533042826228e-02 -5.650742772277261849e-02 0.000000000000000000e+00 1.000000000000000021e-08 2.170583793816952684e-02 6.829015326859778634e-01
2.170583793816952684e-02 6.829015326859778634e-01 1.000000000000000000e+00 1.000000000000000021e-08 8.965539612060333119e-02 6.794955818243380019e-01
8.965539612060333119e-02 6.794955818243380019e-01 1.000000000000000000e+00 1.000000000000000021e-08 1.888580827508868076e-01 9.920268663028346534e-01
1.888580827508868076e-01 9.920268663028346534e-01 0.000000000000000000e+00 1.000000000000000021e-08 4.129173549558595169e-01 2.240592722049727037e+00
4.129173549558595169e-01 2.240592722049727037e+00 0.000000000000000000e+00 1.000000000000000021e-08 7.773242145478633791e-01 3.644068595920038511e+00
7.773242145478633791e-01 3.644068595920038511e+00 1.000000000000000000e+00 1.000000000000000021e-08 1.240341249511836219e+00 4.630170349639728400e+00
1.240341249511836219e+00 4.630170349639728400e+00 1.000000000000000000e+00 9.999000000000000110e-01 1.570796326794896558e+00 5.000000000000000000e+00
-8.707050406041350055e-02 -6.294416514818580721e-02 1.000000000000000000e+00 1.000000000000000021e-08 -9.561053821090448324e-02 -8.540034150490977138e-02
-9.561053821090448324e-02 -8.540034150490977138e-02 1.000000000000000000e+00 1.000000000000000021e-08 -1.143318966074673704e-01 -1.872135839656288159e-01
-1.143318966074673704e-01 -1.872135839656288159e-01 0.000000000000000000e+00 1.000000000000000021e-08 -7.457909416074673392e-02 3.975280244672062535e-01
-7.457909416074673392e-02 3.975280244672062535e-01 0.000000000000000000e+00 1.000000000000000021e-08 4.387522541059445114e-02 1.184543195713411823e+00
4.387522541059445114e-02 1.184543195713411823e+00 1.000000000000000000e+00 1.000000000000000021e-08 1.816301358759259132e-01 1.377549104653314593e+00
1.816301358759259132e-01 1.377549104653314593e+00 0.000000000000000000e+00 1.000000000000000021e-08 4.245695504687706512e-01 2.429394145928447379e+00
4.245695504687706512e-01 2.429394145928447379e+00 0.000000000000000000e+00 1.000000000000000021e-08 8.149306395130634373e-01 3.903610890442927861e+00
8.149306395130634373e-01 3.903610890442927861e+00 1.000000000000000000e+00 1.000000000000000021e-08 1.298720221636315175e+00 4.837895821232517157e+00
1.298720221636315175e+00 4.837895821232517157e+00 0.000000000000000000e+00 9.999000000000000110e-01 1.570796326794896558e+00 5.000000000000000000e+00
-2.599347249598482623e-02 2.674077174113879962e-03 0.000000000000000000e+00 1.000000000000000021e-08 4.855655739426620321e-02 7.455002989025102389e-01
4.855655739426620321e-02 7.455002989025102389e-01 2.000000000000000000e+00 1.000000000000000021e-08 4.202100316563851107e-02 -6.535554228627693529e-02
4.202100316563851107e-02 -6.535554228627693529e-02 0.000000000000000000e+00 1.000000000000000021e-08 1.401289309485173329e-01 9.810792778287881211e-01
1.401289309485173329e-01 9.810792778287881211e-01 2.000000000000000000e+00 1.000000000000000021e-08 1.644335479646254206e-01 2.430461701610808767e-01
1.644335479646254206e-01 2.430461701610808767e-01 1.000000000000000000e+00 1.000000000000000021e-08 2.240108000688523227e-01 5.957725210422690765e-01
2.240108000688523227e-01 5.957725210422690765e-01 2.000000000000000000e+00 1.000000000000000021e-08 2.377371063731148759e-01 1.372630630426254772e-01
2.377371063731148759e-01 1.372630630426254772e-01 2.000000000000000000e+00 1.000000000000000021e-08 2.063766951525885240e-01 -3.136041122052635188e-01
2.063766951525885240e-01 -3.136041122052635188e-01 2.000000000000000000e+00 1.000000000000000021e-08 1.234416257336366368e-01 -8.293506941895187889e-01
1.234416257336366368e-01 -8.293506941895187889e-01 0.000000000000000000e+00 1.000000000000000021e-08 1.400081804929058094e-01 1.656655475926916976e-01
1.400081804929058094e-01 1.656655475926916976e-01 1.000000000000000000e+00 1.000000000000000021e-08 1.802445997997078886e-01 4.023641930680207368e-01
1.802445997997078886e-01 4.023641930680207368e-01 1.000000000000000000e+00 1.000000000000000021e-08 2.667548896648385126e-01 8.651028986513059627e-01
2.667548896648385126e-01 8.651028986513059627e-01 2.000000000000000000e+00 1.000000000000000021e-08 3.023428422113409453e-01 3.558795254650241047e-01
3.023428422113409453e-01 3.558795254650241047e-01 1.000000000000000000e+00 1.000000000000000021e-08 3.879912063187088700e-01 8.564836410736789141e-01
3.879912063187088700e-01 8.564836410736789141e-01 0.000000000000000000e+00 1.000000000000000021e-08 6.241948154637750878e-01 2.362036091450661512e+00
6.241948154637750878e-01 2.362036091450661512e+00 0.000000000000000000e+00 1.000000000000000021e-08 1.023202682624704929e+00 3.990078671609298855e+00
1.023202682624704929e+00 3.990078671609298855e+00 1.000000000000000000e+00 1.000000000000000021e-08 1.538141207698602742e+00 5.000000000000000000e+00
1.538141207698602742e+00 5.000000000000000000e+00 1.000000000000000000e+00 9.999000000000000110e-01 1.570796326794896558e+00 5.000000000000000000e+00
1.990319824642757668e-02 8.521708497211329114e-02 0.000000000000000000e+00 1.000000000000000021e-08 1.232911459216847194e-01 1.033879476752571414e+00
1.232911459216847194e-01 1.033879476752571414e+00 1.000000000000000000e+00 1.000000000000000021e-08 2.485392652945712932e-01 1.252481193728865794e+00
2.485392652945712932e-01 1.252481193728865794e+00 2.000000000000000000e+00 1.000000000000000021e-08 3.275919592068908259e-01 7.905269391231952714e-01
3.275919592068908259e-01 7.905269391231952714e-01 2.000000000000000000e+00 1.000000000000000021e-08 3.888531794459711977e-01 6.126122023908033842e-01
3.888531794459711977e-01 6.126122023908033842e-01 2.000000000000000000e+00 1.000000000000000021e-08 4.455229975282835042e-01 5.666981808231232876e-01
4.455229975282835042e-01 5.666981808231232876e-01 1.000000000000000000e+00 1.000000000000000021e-08 5.730230665183665417e-01 1.275000689900830597e+00
5.730230665183665417e-01 1.275000689900830597e+00 2.000000000000000000e+00 1.000000000000000021e-08 7.111745174002703784e-01 1.381514508819037701e+00
7.111745174002703784e-01 1.381514508819037701e+00 0.000000000000000000e+00 1.000000000000000021e-08 1.024616103934915756e+00 3.134415865346453334e+00
1.024616103934915756e+00 3.134415865346453334e+00 0.000000000000000000e+00 1.000000000000000021e-08 1.507654214724581498e+00 4.830381107896657866e+00
1.507654214724581498e+00 4.830381107896657866e+00 0.000000000000000000e+00 9.999000000000000110e-01 1.570796326794896558e+00 5.000000000000000000e+00
6.660440613675704113e-02 5.283895003073586782e-04 0.000000000000000000e+00 1.000000000000000021e-08 1.628173409269671468e-01 9.621293479021010286e-01
1.628173409269671468e-01 9.621293479021010286e-01 1.000000000000000000e+00 1.000000000000000021e-08 2.882646022448898115e-01 1.254472613179226537e+00
2.882646022448898115e-01 1.254472613179226537e+00 1.000000000000000000e+00 1.000000000000000021e-08 4.553893546301228668e-01 1.671247523852330774e+00
4.553893546301228668e-01 1.671247523852330774e+00 0.000000000000000000e+00 1.000000000000000021e-08 7.652922935263111182e-01 3.099029388961882070e+00
7.652922935263111182e-01 3.099029388961882070e+00 0.000000000000000000e+00 1.000000000000000021e-08 1.230865745618795692e+00 4.655734520924845299e+00
1.230865745618795692e+00 4.655734520924845299e+00 0.000000000000000000e+00 9.999000000000000110e-01 1.570796326794896558e+00 5.000000000000000000e+00
-1.131823135044285333e-02 -8.044569656728492446e-02 1.000000000000000000e+00 1.000000000000000021e-08 -1.804766946628933583e-02 -6.729438115846483881e-02
-1.804766946628933583e-02 -6.729438115846483881e-02 2.000000000000000000e+00 1.000000000000000021e-08 -1.112520121265752060e-01 -9.320434266028585490e-01
-1.112520121265752060e-01 -9.320434266028585490e-01 0.000000000000000000e+00 1.000000000000000021e-08 -1.359749317258179269e-01 -2.472291959924270977e-01
-1.359749317258179269e-01 -2.472291959924270977e-01 0.000000000000000000e+00 1.000000000000000021e-08 -1.090922305333990733e-01 2.688270119241885636e-01
-1.090922305333990733e-01 2.688270119241885636e-01 2.000000000000000000e+00 1.000000000000000021e-08 -1.874018470057979835e-01 -7.830961647239892409e-01
-1.874018470057979835e-01 -7.830961647239892409e-01 2.000000000000000000e+00 1.000000000000000021e-08 -3.750533477260613036e-01 -1.876515007202633090e+00
-3.750533477260613036e-01 -1.876515007202633090e+00 0.000000000000000000e+00 1.000000000000000021e-08 -5.477255912024935336e-01 -1.726722434764321967e+00
-5.477255912024935336e-01 -1.726722434764321967e+00 0.000000000000000000e+00 1.000000000000000021e-08 -7.280304527431937789e-01 -1.803048615407002453e+00
-7.280304527431937789e-01 -1.803048615407002453e+00 1.000000000000000000e+00 1.000000000000000021e-08 -1.021767849004786344e+00 -2.937373962615924761e+00
-1.021767849004786344e+00 -2.937373962615924761e+00 2.000000000000000000e+00 1.000000000000000021e-08 -1.486077752520556405e+00 -4.643099035157699284e+00
-1.486077752520556405e+00 -4.643099035157699284e+00 1.000000000000000000e+00 9.999000000000000110e-01 -1.570796326794896558e+00 -5.000000000000000000e+00
-6.334453952418925282e-02 7.546087201277822121e-02 1.000000000000000000e+00 1.000000000000000021e-08 -5.457590518967765647e-02 8.768634334511596351e-02
-5.457590518967765647e-02 8.768634334511596351e-02 2.000000000000000000e+00 1.000000000000000021e-08 -1.501416229899143751e-01 -9.556571780023671581e-01
-1.501416229899143751e-01 -9.556571780023671581e-01 1.000000000000000000e+00 1.000000000000000021e-08 -2.637695987246799767e-01 -1.136279757347656183e+00
-2.637695987246799767e-01 -1.136279757347656183e+00 1.000000000000000000e+00 1.000000000000000021e-08 -4.229496918359091362e-01 -1.591800931112291595e+00
