3.855635775691288597e-02 7.897088176471134258e-02 1.000000000000000000e+00 1.000000000000000021e-08 6.986020502329712278e-02 3.130384726638424375e-01
6.986020502329712278e-02 3.130384726638424375e-01 1.000000000000000000e+00 1.000000000000000021e-08 1.064209019175400284e-01 3.656069689424291114e-01
1.064209019175400284e-01 3.656069689424291114e-01 1.000000000000000000e+00 1.000000000000000021e-08 1.525890424919129351e-01 4.616814057437291230e-01
1.525890424919129351e-01 4.616814057437291230e-01 0.000000000000000000e+00 1.000000000000000021e-08 3.120247666596315250e-01 1.594357241677186066e+00
3.120247666596315250e-01 1.594357241677186066e+00 1.000000000000000000e+00 1.000000000000000021e-08 5.236927823680475047e-01 2.116680157084159575e+00
5.236927823680475047e-01 2.116680157084159575e+00 1.000000000000000000e+00 1.000000000000000021e-08 8.021906291487104212e-01 2.784978467806628721e+00
8.021906291487104212e-01 2.784978467806628721e+00 1.000000000000000000e+00 1.000000000000000021e-08 1.179433075579956469e+00 3.772424464312460035e+00
1.179433075579956469e+00 3.772424464312460035e+00 1.000000000000000000e+00 9.999000000000000110e-01 1.570796326794896558e+00 5.000000000000000000e+00
-8.118251839322479513e-02 7.841627836512891914e-02 2.000000000000000000e+00 1.000000000000000021e-08 -1.669155390370337666e-01 -8.573302064380896592e-01
-1.669155390370337666e-01 -8.573302064380896592e-01 0.000000000000000000e+00 1.000000000000000021e-08 -2.050616843025122038e-01 -3.814614526547842610e-01
-2.050616843025122038e-01 -3.814614526547842610e-01 0.000000000000000000e+00 1.000000000000000021e-08 -1.880964841364217710e-01 1.696520016609044390e-01
-1.880964841364217710e-01 1.696520016609044390e-01 2.000000000000000000e+00 1.000000000000000021e-08 -3.029375710942233679e-01 -1.148410869578015747e+00
-3.029375710942233679e-01 -1.148410869578015747e+00 1.000000000000000000e+00 1.000000000000000021e-08 -4.655379332783653457e-01 -1.626003621841419333e+00
-4.655379332783653457e-01 -1.626003621841419333e+00 1.000000000000000000e+00 1.000000000000000021e-08 -6.865365782344562406e-01 -2.209986449560909172e+00
-6.865365782344562406e-01 -2.209986449560909172e+00 0.000000000000000000e+00 1.000000000000000021e-08 -9.375013736320194635e-01 -2.509647953975632895e+00
-9.375013736320194635e-01 -2.509647953975632895e+00 2.000000000000000000e+00 1.000000000000000021e-08 -1.359541178043199405e+00 -4.220398044111798086e+00
-1.359541178043199405e+00 -4.220398044111798086e+00 1.000000000000000000e+00 9.999000000000000110e-01 -1.570796326794896558e+00 -5.000000000000000000e+00
-5.924951888132781036e-02 -1.379211561810326538e-02 0.000000000000000000e+00 1.000000000000000021e-08 1.441356088661575885e-03 6.069087496998938347e-01
1.441356088661575885e-03 6.069087496998938347e-01 0.000000000000000000e+00 1.000000000000000021e-08 1.600207669423630852e-01 1.585794108537014857e+00
1.600207669423630852e-01 1.585794108537014857e+00 0.000000000000000000e+00 1.000000000000000021e-08 4.249308009636263428e-01 2.649100340212632076e+00
4.249308009636263428e-01 2.649100340212632076e+00 1.000000000000000000e+00 1.000000000000000021e-08 7.415888628773469327e-01 3.166580619137205677e+00
7.415888628773469327e-01 3.166580619137205677e+00 2.000000000000000000e+00 1.000000000000000021e-08 1.108376948202365320e+00 3.667880853250182760e+00
1.108376948202365320e+00 3.667880853250182760e+00 1.000000000000000000e+00 9.999000000000000110e-01 1.570796326794896558e+00 4.955700228124264584e+00
-1.606520295595851786e-02 -7.899010469693580616e-02 0.000000000000000000e+00 1.000000000000000021e-08 5.672874166599450874e-02 7.279394462195302173e-01
5.672874166599450874e-02 7.279394462195302173e-01 0.000000000000000000e+00 1.000000000000000021e-08 2.309672406846926540e-01 1.742384990186981231e+00
2.309672406846926540e-01 1.742384990186981231e+00 0.000000000000000000e+00 1.000000000000000021e-08 5.334027000058860768e-01 3.024354593211933562e+00
5.334027000058860768e-01 3.024354593211933562e+00 2.000000000000000000e+00 1.000000000000000021e-08 8.340567146444586299e-01 3.006540146385725976e+00
8.340567146444586299e-01 3.006540146385725976e+00 2.000000000000000000e+00 1.000000000000000021e-08 1.187653012310731171e+00 3.535962976662724522e+00
1.187653012310731171e+00 3.535962976662724522e+00 2.000000000000000000e+00 9.999000000000000110e-01 1.570796326794896558e+00 4.590582914218563459e+00
-9.861904601181758351e-03 -8.470979490742472362e-02 2.000000000000000000e+00 1.000000000000000021e-08 -1.226717690376259995e-01 -1.128098644364442293e+00
-1.226717690376259995e-01 -1.128098644364442293e+00 2.000000000000000000e+00 1.000000000000000021e-08 -3.327578606150040086e-01 -2.100860915773780313e+00
-3.327578606150040086e-01 -2.100860915773780313e+00 1.000000000000000000e+00 1.000000000000000021e-08 -5.862820901062645307e-01 -2.535242294912605221e+00
-5.862820901062645307e-01 -2.535242294912605221e+00 0.000000000000000000e+00 1.000000000000000021e-08 -8.463339772519383741e-01 -2.600518871456738434e+00
-8.463339772519383741e-01 -2.600518871456738434e+00 0.000000000000000000e+00 1.000000000000000021e-08 -1.169831358100563934e+00 -3.234973808486254931e+00
-1.169831358100563934e+00 -3.234973808486254931e+00 0.000000000000000000e+00 9.999000000000000110e-01 -1.570796326794896558e+00 -4.264995266724327827e+00
3.412939901961746514e-02 -5.160827113943989436e-02 2.000000000000000000e+00 1.000000000000000021e-08 -4.716623279417660186e-02 -8.129563181379406700e-01
-4.716623279417660186e-02 -8.129563181379406700e-01 0.000000000000000000e+00 1.000000000000000021e-08 -5.308572961501378806e-02 -5.919496820837188977e-02
-5.308572961501378806e-02 -5.919496820837188977e-02 1.000000000000000000e+00 1.000000000000000021e-08 -7.522779907741004857e-02 -2.214206946239626328e-01
-7.522779907741004857e-02 -2.214206946239626328e-01 2.000000000000000000e+00 1.000000000000000021e-08 -2.103195113156994256e-01 -1.350917122382893520e+00
-2.103195113156994256e-01 -1.350917122382893520e+00 2.000000000000000000e+00 1.000000000000000021e-08 -4.537666334234260468e-01 -2.434471221077266101e+00
-4.537666334234260468e-01 -2.434471221077266101e+00 1.000000000000000000e+00 1.000000000000000021e-08 -7.788757415952249907e-01 -3.251091081717988551e+00
-7.788757415952249907e-01 -3.251091081717988551e+00 1.000000000000000000e+00 1.000000000000000021e-08 -1.209044683091738071e+00 -4.301689414965131242e+00
-1.209044683091738071e+00 -4.301689414965131242e+00 2.000000000000000000e+00 9.999000000000000110e-01 -1.570796326794896558e+00 -5.000000000000000000e+00
1.215508889833908507e-02 4.376205116101949955e-02 2.000000000000000000e+00 1.000000000000000021e-08 -5.992764782380887584e-02 -7.208273672214795535e-01
-5.992764782380887584e-02 -7.208273672214795535e-01 0.000000000000000000e+00 1.000000000000000021e-08 -5.933150281742499005e-02 5.961450063838857893e-03
-5.933150281742499005e-02 5.961450063838857893e-03 2.000000000000000000e+00 1.000000000000000021e-08 -1.675055783129837383e-01 -1.081740754955587303e+00
-1.675055783129837383e-01 -1.081740754955587303e+00 2.000000000000000000e+00 1.000000000000000021e-08 -3.887827780684927625e-01 -2.212771997555090131e+00
-3.887827780684927625e-01 -2.212771997555090131e+00 1.000000000000000000e+00 1.000000000000000021e-08 -6.742012512820867443e-01 -2.854184732135940372e+00
-6.742012512820867443e-01 -2.854184732135940372e+00 2.000000000000000000e+00 1.000000000000000021e-08 -1.126817186201523713e+00 -4.526159349194369241e+00
-1.126817186201523713e+00 -4.526159349194369241e+00 2.000000000000000000e+00 9.999000000000000110e-01 -1.570796326794896558e+00 -5.000000000000000000e+00
-2.191226590597676604e-02 3.160783248752262187e-02 2.000000000000000000e+00 1.000000000000000021e-08 -1.036734886956297980e-01 -8.176122278965302081e-01
-1.036734886956297980e-01 -8.176122278965302081e-01 2.000000000000000000e+00 1.000000000000000021e-08 -3.057551694807160714e-01 -2.020816807850862595e+00
-3.057551694807160714e-01 -2.020816807850862595e+00 1.000000000000000000e+00 1.000000000000000021e-08 -5.411331199447446672e-01 -2.353779504640285403e+00
-5.411331199447446672e-01 -2.353779504640285403e+00 1.000000000000000000e+00 1.000000000000000021e-08 -8.602843260883044074e-01 -3.191512061435597403e+00
-8.602843260883044074e-01 -3.191512061435597403e+00 1.000000000000000000e+00 1.000000000000000021e-08 -1.299241433939384738e+00 -4.389571078510802415e+00
-1.299241433939384738e+00 -4.389571078510802415e+00 0.000000000000000000e+00 9.999000000000000110e-01 -1.570796326794896558e+00 -5.000000000000000000e+00
-1.535590482694767708e-02 6.883894673844673240e-02 1.000000000000000000e+00 1.000000000000000021e-08 -2.229856726662479346e-02 -6.942662439677116382e-02
-2.229856726662479346e-02 -6.942662439677116382e-02 0.000000000000000000e+00 1.000000000000000021e-08 6.964945798104414665e-02 9.194802524766894081e-01
6.964945798104414665e-02 9.194802524766894081e-01 0.000000000000000000e+00 1.000000000000000021e-08 2.732713804548798642e-01 2.036219224738356814e+00
2.732713804548798642e-01 2.036219224738356814e+00 1.000000000000000000e+00 1.000000000000000021e-08 5.254232229268989141e-01 2.521518424720190943e+00
5.254232229268989141e-01 2.521518424720190943e+00 1.000000000000000000e+00 1.000000000000000021e-08 8.643408433333900076e-01 3.389176204064910713e+00
8.643408433333900076e-01 3.389176204064910713e+00 1.000000000000000000e+00 1.000000000000000021e-08 1.305274892750040827e+00 4.409340494166507085e+00
1.305274892750040827e+00 4.409340494166507085e+00 0.000000000000000000e+00 9.999000000000000110e-01 1.570796326794896558e+00 5.000000000000000000e+00
-6.157436640962066915e-02 -3.685094713005308831e-02 2.000000000000000000e+00 1.000000000000000021e-08 -1.771143673188082523e-01 -1.155400009091875901e+00
-1.771143673188082523e-01 -1.155400009091875901e+00 1.000000000000000000e+00 1.000000000000000021e-08 -3.097791501347274545e-01 -1.326647828159191578e+00
-3.097791501347274545e-01 -1.326647828159191578e+00 0.000000000000000000e+00 1.000000000000000021e-08 -4.187724702924930931e-01 -1.089933201577656385e+00
-4.187724702924930931e-01 -1.089933201577656385e+00 1.000000000000000000e+00 1.000000000000000021e-08 -5.867146441905717325e-01 -1.679421738980785950e+00
-5.867146441905717325e-01 -1.679421738980785950e+00 1.000000000000000000e+00 1.000000000000000021e-08 -8.495447137796425796e-01 -2.628300695890707583e+00
-8.495447137796425796e-01 -2.628300695890707583e+00 0.000000000000000000e+00 1.000000000000000021e-08 -1.168883604458053727e+00 -3.193388906784111025e+00
-1.168883604458053727e+00 -3.193388906784111025e+00 2.000000000000000000e+00 9.999000000000000110e-01 -1.570796326794896558e+00 -4.845245127636036209e+00
-7.594038427642862965e-02 3.278662438320752853e-02 1.000000000000000000e+00 1.000000000000000021e-08 -9.804779447109036872e-02 -2.210741019466173352e-01
-9.804779447109036872e-02 -2.210741019466173352e-01 2.000000000000000000e+00 1.000000000000000021e-08 -2.390201338058846048e-01 -1.409723393347942499e+00
-2.390201338058846048e-01 -1.409723393347942499e+00 1.000000000000000000e+00 1.000000000000000021e-08 -4.267029168548963636e-01 -1.876827830490117588e+00
-4.267029168548963636e-01 -1.876827830490117588e+00 1.000000000000000000e+00 1.000000000000000021e-08 -6.962431039428129687e-01 -2.695401870879165607e+00
-6.962431039428129687e-01 -2.695401870879165607e+00 0.000000000000000000e+00 1.000000000000000021e-08 -1.004193396476524835e+00 -3.079502925337117336e+00
-1.004193396476524835e+00 -3.079502925337117336e+00 2.000000000000000000e+00 1.000000000000000021e-08 -1.471861318498170812e+00 -4.676679220216460209e+00
-1.471861318498170812e+00 -4.676679220216460209e+00 2.000000000000000000e+00 9.999000000000000110e-01 -1.570796326794896558e+00 -5.000000000000000000e+00
6.113088347468145778e-02 8.591159559882292907e-02 0.000000000000000000e+00 1.000000000000000021e-08 1.795128390328013246e-01 1.183819555581198557e+00
1.795128390328013246e-01 1.183819555581198557e+00 0.000000000000000000e+00 1.000000000000000021e-08 4.179159573410355932e-01 2.384031183082342409e+00
4.179159573410355932e-01 2.384031183082342409e+00 1.000000000000000000e+00 1.000000000000000021e-08 7.092681696206907249e-01 2.913522122796551095e+00
7.092681696206907249e-01 2.913522122796551095e+00 1.000000000000000000e+00 1.000000000000000021e-08 1.091290047327350798e+00 3.820218777066600957e+00
1.091290047327350798e+00 3.820218777066600957e+00 2.000000000000000000e+00 1.000000000000000021e-08 1.564909655634803443e+00 4.736196083074526442e+00
1.564909655634803443e+00 4.736196083074526442e+00 1.000000000000000000e+00 9.999000000000000110e-01 1.570796326794896558e+00 5.000000000000000000e+00
-1.397614405694080041e-02 -7.118844524041391397e-02 2.000000000000000000e+00 1.000000000000000021e-08 -1.228044194618802959e-01 -1.088282754049394896e+00
-1.228044194618802959e-01 -1.088282754049394896e+00 1.000000000000000000e+00 1.000000000000000021e-08 -2.393296267159259472e-01 -1.165252072540456485e+00
-2.393296267159259472e-01 -1.165252072540456485e+00 1.000000000000000000e+00 1.000000000000000021e-08 -3.849323700275203985e-01 -1.456027433115944403e+00
-3.849323700275203985e-01 -1.456027433115944403e+00 0.000000000000000000e+00 1.000000000000000021e-08 -5.084765206926030734e-01 -1.235441506650826859e+00
-5.084765206926030734e-01 -1.235441506650826859e+00 1.000000000000000000e+00 1.000000000000000021e-08 -7.246912327179020341e-01 -2.162147120252988941e+00
-7.246912327179020341e-01 -2.162147120252988941e+00 1.000000000000000000e+00 1.000000000000000021e-08 -1.047200780097256256e+00 -3.225095473793542666e+00
-1.047200780097256256e+00 -3.225095473793542666e+00 0.000000000000000000e+00 1.000000000000000021e-08 -1.449101797221564736e+00 -4.019010171243085239e+00
-1.449101797221564736e+00 -4.019010171243085239e+00 0.000000000000000000e+00 9.999000000000000110e-01 -1.570796326794896558e+00 -5.000000000000000000e+00
-1.509528188851639620e-02 1.495783173407767841e-02 1.000000000000000000e+00 1.000000000000000021e-08 -1.528205253541484177e-02 -1.867706468984448726e-03
-1.528205253541484177e-02 -1.867706468984448726e-03 0.000000000000000000e+00 1.000000000000000021e-08 7.731573044177549037e-02 9.259778297719032381e-01
7.731573044177549037e-02 9.259778297719032381e-01 2.000000000000000000e+00 1.000000000000000021e-08 8.003787041897766907e-02 2.722139977202175931e-02
8.003787041897766907e-02 2.722139977202175931e-02 2.000000000000000000e+00 1.000000000000000021e-08 2.577777719009402557e-02 -5.426009322888364350e-01
2.577777719009402557e-02 -5.426009322888364350e-01 0.000000000000000000e+00 1.000000000000000021e-08 5.731377734526343221e-02 3.153600015516940802e-01
5.731377734526343221e-02 3.153600015516940802e-01 2.000000000000000000e+00 1.000000000000000021e-08 1.489777885071780217e-02 -4.241599849454562587e-01
1.489777885071780217e-02 -4.241599849454562587e-01 1.000000000000000000e+00 1.000000000000000021e-08 -3.375844707140327611e-02 -4.865622592212107689e-01
-3.375844707140327611e-02 -4.865622592212107689e-01 2.000000000000000000e+00 1.000000000000000021e-08 -1.828166488896427744e-01 -1.490582018182394997e+00
-1.828166488896427744e-01 -1.490582018182394997e+00 2.000000000000000000e+00 1.000000000000000021e-08 -4.389371607700722211e-01 -2.561205118804294578e+00
-4.389371607700722211e-01 -2.561205118804294578e+00 1.000000000000000000e+00 1.000000000000000021e-08 -7.551261915432518901e-01 -3.161890307731796135e+00
-7.551261915432518901e-01 -3.161890307731796135e+00 1.000000000000000000e+00 1.000000000000000021e-08 -1.163109779231670027e+00 -4.079835876884180479e+00
-1.163109779231670027e+00 -4.079835876884180479e+00 2.000000000000000000e+00 9.999000000000000110e-01 -1.570796326794896558e+00 -5.000000000000000000e+00
3.827151604722699857e-02 7.575318442706645283e-02 0.000000000000000000e+00 1.000000000000000021e-08 1.471390110148666219e-01 1.088674949676396109e+00
1.471390110148666219e-01 1.088674949676396109e+00 0.000000000000000000e+00 1.000000000000000021e-08 3.524342511482607687e-01 2.052952401333941523e+00
3.524342511482607687e-01 2.052952401333941523e+00 1.000000000000000000e+00 1.000000000000000021e-08 6.055079016760218646e-01 2.530736505277610959e+00
6.055079016760218646e-01 2.530736505277610959e+00 1.000000000000000000e+00 1.000000000000000021e-08 9.447986315582871386e-01 3.392907298822652518e+00
9.447986315582871386e-01 3.392907298822652518e+00 2.000000000000000000e+00 1.000000000000000021e-08 1.362154739381652435e+00 4.173561078233652744e+00
1.362154739381652435e+00 4.173561078233652744e+00 0.000000000000000000e+00 9.999000000000000110e-01 1.570796326794896558e+00 5.000000000000000000e+00
4.318896562464237532e-02 1.547194751293759843e-02 1.000000000000000000e+00 1.000000000000000021e-08 5.003637553646120284e-02 6.847409911818827521e-02
5.003637553646120284e-02 6.847409911818827521e-02 2.000000000000000000e+00 1.000000000000000021e-08 -1.911495946886750119e-02 -6.915133500532870681e-01
-1.911495946886750119e-02 -6.915133500532870681e-01 0.000000000000000000e+00 1.000000000000000021e-08 5.916073410332810256e-03 2.503103287920031006e-01
5.916073410332810256e-03 2.503103287920031006e-01 0.000000000000000000e+00 1.000000000000000021e-08 1.274947817479321066e-01 1.215787083375992950e+00
1.274947817479321066e-01 1.215787083375992950e+00 2.000000000000000000e+00 1.000000000000000021e-08 1.857133528786804322e-01 5.821857113074832002e-01
1.857133528786804322e-01 5.821857113074832002e-01 2.000000000000000000e+00 1.000000000000000021e-08 1.826136193767765870e-01 -3.099733501903834121e-02
1.826136193767765870e-01 -3.099733501903834121e-02 0.000000000000000000e+00 1.000000000000000021e-08 2.858443778777349231e-01 1.032307585009583306e+00
2.858443778777349231e-01 1.032307585009583306e+00 1.000000000000000000e+00 1.000000000000000021e-08 4.388491933605984108e-01 1.530048154828634654e+00
4.388491933605984108e-01 1.530048154828634654e+00 0.000000000000000000e+00 1.000000000000000021e-08 7.432216112802291219e-01 3.043724179196306778e+00
7.432216112802291219e-01 3.043724179196306778e+00 1.000000000000000000e+00 1.000000000000000021e-08 1.149925536857861808e+00 4.067039255776325746e+00
1.149925536857861808e+00 4.067039255776325746e+00 2.000000000000000000e+00 9.999000000000000110e-01 1.570796326794896558e+00 5.000000000000000000e+00
5.008966410647783252e-04 -4.725333020233368764e-02 1.000000000000000000e+00 1.000000000000000021e-08 1.847211507200472672e-03 1.346314866135694260e-02
1.847211507200472672e-03 1.346314866135694260e-02 1.000000000000000000e+00 1.000000000000000021e-08 -5.839197433395051581e-03 -7.686408940595523820e-02
-5.839197433395051581e-03 -7.686408940595523820e-02 0.000000000000000000e+00 1.000000000000000021e-08 8.771986420322679112e-02 9.355906163662183195e-01
8.771986420322679112e-02 9.355906163662183195e-01 2.000000000000000000e+00 1.000000000000000021e-08 1.232547793767811151e-01 3.553491517355431561e-01
1.232547793767811151e-01 3.553491517355431561e-01 1.000000000000000000e+00 1.000000000000000021e-08 1.909962500212194492e-01 6.774147064443831745e-01
1.909962500212194492e-01 6.774147064443831745e-01 0.000000000000000000e+00 1.000000000000000021e-08 3.642996834282871688e-01 1.733034334070677085e+00
3.642996834282871688e-01 1.733034334070677085e+00 1.000000000000000000e+00 1.000000000000000021e-08 6.069178677642748099e-01 2.426181843359876744e+00
6.069178677642748099e-01 2.426181843359876744e+00 0.000000000000000000e+00 1.000000000000000021e-08 1.012189817767458200e+00 4.052719500031834343e+00
1.012189817767458200e+00 4.052719500031834343e+00 0.000000000000000000e+00 9.999000000000000110e-01 1.570796326794896558e+00 5.000000000000000000e+00
-5.001800111875447097e-02 2.517573577811096225e-02 1.000000000000000000e+00 1.000000000000000021e-08 -6.383637441730932727e-02 -1.381837329855484797e-01
-6.383637441730932727e-02 -1.381837329855484797e-01 1.000000000000000000e+00 1.000000000000000021e-08 -1.052671248310570185e-01 -4.143075041374769119e-01
-1.052671248310570185e-01 -4.143075041374769119e-01 2.000000000000000000e+00 1.000000000000000021e-08 -2.661336701786571335e-01 -1.608665453476000984e+00
-2.661336701786571335e-01 -1.608665453476000984e+00 1.000000000000000000e+00 1.000000000000000021e-08 -4.845187720585649727e-01 -2.183851018799078503e+00
-4.845187720585649727e-01 -2.183851018799078503e+00 2.000000000000000000e+00 1.000000000000000021e-08 -8.384027683688267674e-01 -3.538839963102617503e+00
-8.384027683688267674e-01 -3.538839963102617503e+00 1.000000000000000000e+00 1.000000000000000021e-08 -1.302250280887035760e+00 -4.638475125182088377e+00
-1.302250280887035760e+00 -4.638475125182088377e+00 0.000000000000000000e+00 9.999000000000000110e-01 -1.570796326794896558e+00 -5.000000000000000000e+00
-8.208833041681945497e-02 -7.339277664914871380e-03 0.000000000000000000e+00 1.000000000000000021e-08 -2.420600799775249334e-02 5.788232241906695608e-01
-2.420600799775249334e-02 5.788232241906695608e-01 1.000000000000000000e+00 1.000000000000000021e-08 2.616487368108343092e-02 5.037088167883592149e-01
2.616487368108343092e-02 5.037088167883592149e-01 0.000000000000000000e+00 1.000000000000000021e-08 1.824271337671893867e-01 1.562622600861059530e+00
1.824271337671893867e-01 1.562622600861059530e+00 0.000000000000000000e+00 1.000000000000000021e-08 4.516970410503134969e-01 2.692699072831241214e+00
4.516970410503134969e-01 2.692699072831241214e+00 0.000000000000000000e+00 1.000000000000000021e-08 8.516031391985114940e-01 3.999060981481979304e+00
8.516031391985114940e-01 3.999060981481979304e+00 0.000000000000000000e+00 1.000000000000000021e-08 1.406970291051756305e+00 5.000000000000000000e+00
1.406970291051756305e+00 5.000000000000000000e+00 0.000000000000000000e+00 9.999000000000000110e-01 1.570796326794896558e+00 5.000000000000000000e+00
-1.375783842412449907e-02 4.587527562587932067e-02 0.000000000000000000e+00 1.000000000000000021e-08 7.239457812806944503e-02 8.615241655219393335e-01
7.239457812806944503e-02 8.615241655219393335e-01 1.000000000000000000e+00 1.000000000000000021e-08 1.646906772881412961e-01 9.229609916007185388e-01
1.646906772881412961e-01 9.229609916007185388e-01 1.000000000000000000e+00 1.000000000000000021e-08 3.016523854442605401e-01 1.369617081561192551e+00
3.016523854442605401e-01 1.369617081561192551e+00 2.000000000000000000e+00 1.000000000000000021e-08 3.995722537287075826e-01 9.791986828444705360e-01
3.995722537287075826e-01 9.791986828444705360e-01 2.000000000000000000e+00 1.000000000000000021e-08 4.927785063405278887e-01 9.320625261182031718e-01
4.927785063405278887e-01 9.320625261182031718e-01 2.000000000000000000e+00 1.000000000000000021e-08 5.767774894564194899e-01 8.399898311589159006e-01
5.767774894564194899e-01 8.399898311589159006e-01 1.000000000000000000e+00 1.000000000000000021e-08 7.506255608001068946e-01 1.738480713436873826e+00
7.506255608001068946e-01 1.738480713436873826e+00 1.000000000000000000e+00 1.000000000000000021e-08 1.032316028277922459e+00 2.816904674778155648e+00
1.032316028277922459e+00 2.816904674778155648e+00 1.000000000000000000e+00 1.000000000000000021e-08 1.440807151378224571e+00 4.084911231003020227e+00
1.440807151378224571e+00 4.084911231003020227e+00 2.000000000000000000e+00 9.999000000000000110e-01 1.570796326794896558e+00 5.000000000000000000e+00
4.119210168606838446e-03 -2.544630027512116699e-02 0.000000000000000000e+00 1.000000000000000021e-08 9.779851096724087589e-02 9.367930079863403536e-01
9.779851096724087589e-02 9.367930079863403536e-01 1.000000000000000000e+00 1.000000000000000021e-08 2.031110438513242245e-01 1.053125328840833319e+00
2.031110438513242245e-01 1.053125328840833319e+00 2.000000000000000000e+00 1.000000000000000021e-08 2.612256118805739158e-01 5.811456802924965803e-01
2.612256118805739158e-01 5.811456802924965803e-01 2.000000000000000000e+00 1.000000000000000021e-08 2.957624397748828127e-01 3.453682789430889688e-01
2.957624397748828127e-01 3.453682789430889688e-01 0.000000000000000000e+00 1.000000000000000021e-08 4.483615100855027347e-01 1.525990703106198776e+00
4.483615100855027347e-01 1.525990703106198776e+00 0.000000000000000000e+00 1.000000000000000021e-08 7.579761626052237133e-01 3.096146525197209787e+00
7.579761626052237133e-01 3.096146525197209787e+00 0.000000000000000000e+00 1.000000000000000021e-08 1.224164217634702956e+00 4.661880550294791981e+00
1.224164217634702956e+00 4.661880550294791981e+00 0.000000000000000000e+00 9.999000000000000110e-01 1.570796326794896558e+00 5.000000000000000000e+00
8.060159092400097369e-02 4.582241290379651666e-02 2.000000000000000000e+00 1.000000000000000021e-08 -3.192322349628809453e-03 -8.379391327362977204e-01
-3.192322349628809453e-03 -8.379391327362977204e-01 0.000000000000000000e+00 1.000000000000000021e-08 -1.042961183203086617e-03 2.149361166425722836e-02
-1.042961183203086617e-03 2.149361166425722836e-02 2.000000000000000000e+00 1.000000000000000021e-08 -9.587681102354106422e-02 -9.483384984033796927e-01
-9.587681102354106422e-02 -9.483384984033796927e-01 2.000000000000000000e+00 1.000000000000000021e-08 -2.939014157285302353e-01 -1.980246047049891267e+00
-2.939014157285302353e-01 -1.980246047049891267e+00 2.000000000000000000e+00 1.000000000000000021e-08 -6.101771867829342000e-01 -3.162757710544038758e+00
-6.101771867829342000e-01 -3.162757710544038758e+00 1.000000000000000000e+00 1.000000000000000021e-08 -1.006043997728677697e+00 -3.958668109457435413e+00
-1.006043997728677697e+00 -3.958668109457435413e+00 1.000000000000000000e+00 1.000000000000000021e-08 -1.526664911404805425e+00 -5.000000000000000000e+00
-1.526664911404805425e+00 -5.000000000000000000e+00 0.000000000000000000e+00 9.999000000000000110e-01 -1.570796326794896558e+00 -5.000000000000000000e+00
1.995460979770446314e-02 -2.776025681751347757e-02 1.000000000000000000e+00 1.000000000000000021e-08 2.710797829528040215e-02 7.153368497575940399e-02
2.710797829528040215e-02 7.153368497575940399e-02 1.000000000000000000e+00 1.000000000000000021e-08 3.654429791659866145e-02 9.436319621318256523e-02
3.654429791659866145e-02 9.436319621318256523e-02 2.000000000000000000e+00 1.000000000000000021e-08 -3.524096086402515871e-02 -7.178525878062381738e-01
-3.524096086402515871e-02 -7.178525878062381738e-01 2.000000000000000000e+00 1.000000000000000021e-08 -1.968126164290393554e-01 -1.615716555650141828e+00
-1.968126164290393554e-01 -1.615716555650141828e+00 1.000000000000000000e+00 1.000000000000000021e-08 -3.987457266888292384e-01 -2.019331102597898386e+00
-3.987457266888292384e-01 -2.019331102597898386e+00 2.000000000000000000e+00 1.000000000000000021e-08 -7.353528310569257265e-01 -3.366071043680963992e+00
-7.353528310569257265e-01 -3.366071043680963992e+00 0.000000000000000000e+00 1.000000000000000021e-08 -1.104441402515373039e+00 -3.690885714584473565e+00
-1.104441402515373039e+00 -3.690885714584473565e+00 1.000000000000000000e+00 9.999000000000000110e-01 -1.570796326794896558e+00 -4.948189106932322723e+00
8.669355620052920930e-02 2.149284585989926291e-02 2.000000000000000000e+00 1.000000000000000021e-08 6.977165828872575193e-03 -7.971639037165663133e-01
6.977165828872575193e-03 -7.971639037165663133e-01 1.000000000000000000e+00 1.000000000000000021e-08 -5.952307309992573015e-02 -6.650023892879830534e-01
-5.952307309992573015e-02 -6.650023892879830534e-01 0.000000000000000000e+00 1.000000000000000021e-08 -6.061047353582829644e-02 -1.087400435902563522e-02
-6.061047353582829644e-02 -1.087400435902563522e-02 1.000000000000000000e+00 1.000000000000000021e-08 -8.501932230779772615e-02 -2.440884877196943248e-01
-8.501932230779772615e-02 -2.440884877196943248e-01 2.000000000000000000e+00 1.000000000000000021e-08 -2.234028716401684211e-01 -1.383835493323706700e+00
-2.234028716401684211e-01 -1.383835493323706700e+00 0.000000000000000000e+00 1.000000000000000021e-08 -2.968809065342305487e-01 -7.347803489406210531e-01
-2.968809065342305487e-01 -7.347803489406210531e-01 0.000000000000000000e+00 1.000000000000000021e-08 -3.435503732342151118e-01 -4.666946669998457975e-01
-3.435503732342151118e-01 -4.666946669998457975e-01 2.000000000000000000e+00 1.000000000000000021e-08 -5.429582921809659180e-01 -1.994079189467508284e+00
-5.429582921809659180e-01 -1.994079189467508284e+00 2.000000000000000000e+00 1.000000000000000021e-08 -8.958612396748382167e-01 -3.529029474938722544e+00
-8.958612396748382167e-01 -3.529029474938722544e+00 2.000000000000000000e+00 1.000000000000000021e-08 -1.406314744935645233e+00 -5.000000000000000000e+00
-1.406314744935645233e+00 -5.000000000000000000e+00 1.000000000000000000e+00 9.999000000000000110e-01 -1.570796326794896558e+00 -5.000000000000000000e+00
-1.524395076057429022e-04 1.321720050901914814e-02 2.000000000000000000e+00 1.000000000000000021e-08 -8.656807791595728940e-02 -8.641563840835154719e-01
-8.656807791595728940e-02 -8.641563840835154719e-01 0.000000000000000000e+00 1.000000000000000021e-08 -8.494023274258410972e-02 1.627845173373176912e-02
-8.494023274258410972e-02 1.627845173373176912e-02 0.000000000000000000e+00 1.000000000000000021e-08 -2.770203414099972616e-02 5.723819860158437800e-01
-2.770203414099972616e-02 5.723819860158437800e-01 0.000000000000000000e+00 1.000000000000000021e-08 1.211149137244327267e-01 1.488169478654324474e+00
1.211149137244327267e-01 1.488169478654324474e+00 0.000000000000000000e+00 1.000000000000000021e-08 3.836552627209788846e-01 2.625403489965461468e+00
3.836552627209788846e-01 2.625403489965461468e+00 2.000000000000000000e+00 1.000000000000000021e-08 6.144724845183229256e-01 2.308172217973439633e+00
6.144724845183229256e-01 2.308172217973439633e+00 1.000000000000000000e+00 1.000000000000000021e-08 9.368993034705127565e-01 3.224268189521898087e+00
9.368993034705127565e-01 3.224268189521898087e+00 2.000000000000000000e+00 1.000000000000000021e-08 1.321442060495331638e+00 3.845427570248189930e+00
1.321442060495331638e+00 3.845427570248189930e+00 2.000000000000000000e+00 9.999000000000000110e-01 1.570796326794896558e+00 5.000000000000000000e+00
8.098719749424324044e-02 4.650928341223373175e-02 1.000000000000000000e+00 1.000000000000000021e-08 9.070906317835111810e-02 9.721865684107872108e-02
9.070906317835111810e-02 9.721865684107872108e-02 1.000000000000000000e+00 1.000000000000000021e-08 1.074848003997563722e-01 1.677573722140525136e-01
1.074848003997563722e-01 1.677573722140525136e-01 1.000000000000000000e+00 1.000000000000000021e-08 1.478851912645218203e-01 4.040039086476545638e-01
1.478851912645218203e-01 4.040039086476545638e-01 0.000000000000000000e+00 1.000000000000000021e-08 2.925109744262791578e-01 1.446257831617572931e+00
2.925109744262791578e-01 1.446257831617572931e+00 1.000000000000000000e+00 1.000000000000000021e-08 4.791368667453368979e-01 1.866258923190577290e+00
4.791368667453368979e-01 1.866258923190577290e+00 1.000000000000000000e+00 1.000000000000000021e-08 7.516112306571155477e-01 2.724743639117786387e+00
7.516112306571155477e-01 2.724743639117786387e+00 1.000000000000000000e+00 1.000000000000000021e-08 1.129705706828514566e+00 3.780944761713989521e+00
1.129705706828514566e+00 3.780944761713989521e+00 1.000000000000000000e+00 9.999000000000000110e-01 1.570796326794896558e+00 5.000000000000000000e+00
-2.628688569696103344e-02 -1.750547446967787302e-02 1.000000000000000000e+00 1.000000000000000021e-08 -4.096713737690318990e-02 -1.468025167994215507e-01
-4.096713737690318990e-02 -1.468025167994215507e-01 2.000000000000000000e+00 1.000000000000000021e-08 -1.395409352527216817e-01 -9.857379787581848074e-01
-1.395409352527216817e-01 -9.857379787581848074e-01 1.000000000000000000e+00 1.000000000000000021e-08 -2.464070905016737534e-01 -1.068661552489520661e+00
-2.464070905016737534e-01 -1.068661552489520661e+00 1.000000000000000000e+00 1.000000000000000021e-08 -4.023889153214574854e-01 -1.559818248197837542e+00
-4.023889153214574854e-01 -1.559818248197837542e+00 2.000000000000000000e+00 1.000000000000000021e-08 -7.100625602972587824e-01 -3.076736449758013414e+00
-7.100625602972587824e-01 -3.076736449758013414e+00 0.000000000000000000e+00 1.000000000000000021e-08 -1.041919620426163817e+00 -3.318570601289049460e+00
-1.041919620426163817e+00 -3.318570601289049460e+00 1.000000000000000000e+00 1.000000000000000021e-08 -1.491865150237371207e+00 -4.499455298112073898e+00
-1.491865150237371207e+00 -4.499455298112073898e+00 0.000000000000000000e+00 9.999000000000000110e-01 -1.570796326794896558e+00 -5.000000000000000000e+00
3.081304579960439036e-02 -7.045450727974536531e-02 0.000000000000000000e+00 1.000000000000000021e-08 1.321496790188083914e-01 1.013366332192039865e+00
1.321496790188083914e-01 1.013366332192039865e+00 0.000000000000000000e+00 1.000000000000000021e-08 3.597994645916980927e-01 2.276497855728896624e+00
3.597994645916980927e-01 2.276497855728896624e+00 0.000000000000000000e+00 1.000000000000000021e-08 7.358860841860176416e-01 3.760866195943195045e+00
7.358860841860176416e-01 3.760866195943195045e+00 2.000000000000000000e+00 1.000000000000000021e-08 1.145932782702119290e+00 4.100466985161017597e+00
1.145932782702119290e+00 4.100466985161017597e+00 2.000000000000000000e+00 9.999000000000000110e-01 1.570796326794896558e+00 5.000000000000000000e+00
2.190040417289543934e-02 -2.897995413925308350e-02 0.000000000000000000e+00 1.000000000000000021e-08 1.059393691809301929e-01 8.403896500803473835e-01
1.059393691809301929e-01 8.403896500803473835e-01 1.000000000000000000e+00 1.000000000000000021e-08 1.963264307067006109e-01 9.038706152577040687e-01
1.963264307067006109e-01 9.038706152577040687e-01 1.000000000000000000e+00 1.000000000000000021e-08 3.171882815639956998e-01 1.208618508572950834e+00
3.171882815639956998e-01 1.208618508572950834e+00 1.000000000000000000e+00 1.000000000000000021e-08 4.754197517637102077e-01 1.582314701997145079e+00
4.754197517637102077e-01 1.582314701997145079e+00 1.000000000000000000e+00 1.000000000000000021e-08 6.942241065624780161e-01 2.188043547987677861e+00
6.942241065624780161e-01 2.188043547987677861e+00 0.000000000000000000e+00 1.000000000000000021e-08 1.080228615600205444e+00 3.860045090377273169e+00
1.080228615600205444e+00 3.860045090377273169e+00 1.000000000000000000e+00 9.999000000000000110e-01 1.570796326794896558e+00 5.000000000000000000e+00
2.252905794133348849e-02 1.213652949206811202e-02 1.000000000000000000e+00 1.000000000000000021e-08 3.585133013382273831e-02 1.332227219248925121e-01
3.585133013382273831e-02 1.332227219248925121e-01 1.000000000000000000e+00 1.000000000000000021e-08 4.283228675913421796e-02 6.980956625311476871e-02
4.283228675913421796e-02 6.980956625311476871e-02 1.000000000000000000e+00 1.000000000000000021e-08 4.668423867871249883e-02 3.851951919578278788e-02
4.668423867871249883e-02 3.851951919578278788e-02 0.000000000000000000e+00 1.000000000000000021e-08 1.641935097494371110e-01 1.175092710707246191e+00
1.641935097494371110e-01 1.175092710707246191e+00 2.000000000000000000e+00 1.000000000000000021e-08 2.326763863879122707e-01 6.848287663847516527e-01
2.326763863879122707e-01 6.848287663847516527e-01 0.000000000000000000e+00 1.000000000000000021e-08 4.313193019956984009e-01 1.986429156077861302e+00
4.313193019956984009e-01 1.986429156077861302e+00 2.000000000000000000e+00 1.000000000000000021e-08 6.320634386129516669e-01 2.007441366172532771e+00
6.320634386129516669e-01 2.007441366172532771e+00 2.000000000000000000e+00 1.000000000000000021e-08 8.521275332827412674e-01 2.200640946697895561e+00
8.521275332827412674e-01 2.200640946697895561e+00 1.000000000000000000e+00 1.000000000000000021e-08 1.196676027082614446e+00 3.445484937998732011e+00
1.196676027082614446e+00 3.445484937998732011e+00 0.000000000000000000e+00 9.999000000000000110e-01 1.570796326794896558e+00 5.000000000000000000e+00
4.744806788020292099e-02 -8.098764489349681572e-02 2.000000000000000000e+00 1.000000000000000021e-08 -5.247614168911311772e-02 -9.992420956931603593e-01
-5.247614168911311772e-02 -9.992420956931603593e-01 2.000000000000000000e+00 1.000000000000000021e-08 -2.347938842605292176e-01 -1.823177425714161082e+00
-2.347938842605292176e-01 -1.823177425714161082e+00 0.000000000000000000e+00 1.000000000000000021e-08 -3.720951962104852573e-01 -1.373013119499560730e+00
-3.720951962104852573e-01 -1.373013119499560730e+00 0.000000000000000000e+00 1.000000000000000021e-08 -4.876267196748095833e-01 -1.155315234643243150e+00
-4.876267196748095833e-01 -1.155315234643243150e+00 2.000000000000000000e+00 1.000000000000000021e-08 -7.655595727786781435e-01 -2.779328531038685490e+00
-7.655595727786781435e-01 -2.779328531038685490e+00 1.000000000000000000e+00 1.000000000000000021e-08 -1.147481940052920368e+00 -3.819223672742422693e+00
-1.147481940052920368e+00 -3.819223672742422693e+00 0.000000000000000000e+00 9.999000000000000110e-01 -1.570796326794896558e+00 -4.742727627143674241e+00
6.589198611604561717e-02 5.131957813544008040e-02 1.000000000000000000e+00 1.000000000000000021e-08 7.434734916202080657e-02 8.455363045975189396e-02
7.434734916202080657e-02 8.455363045975189396e-02 1.000000000000000000e+00 1.000000000000000021e-08 1.048644028639485887e-01 3.051705370192778211e-01
1.048644028639485887e-01 3.051705370192778211e-01 0.000000000000000000e+00 1.000000000000000021e-08 2.300208400752643545e-01 1.251564372113157741e+00
2.300208400752643545e-01 1.251564372113157741e+00 0.000000000000000000e+00 1.000000000000000021e-08 4.956752760199210073e-01 2.656544359446566528e+00
4.956752760199210073e-01 2.656544359446566528e+00 2.000000000000000000e+00 1.000000000000000021e-08 7.635578888282608112e-01 2.678826128083398483e+00
7.635578888282608112e-01 2.678826128083398483e+00 1.000000000000000000e+00 1.000000000000000021e-08 1.147185050042051513e+00 3.836271612137906573e+00
1.147185050042051513e+00 3.836271612137906573e+00 1.000000000000000000e+00 9.999000000000000110e-01 1.570796326794896558e+00 5.000000000000000000e+00
3.798926066165508181e-02 -1.614867637744140522e-02 1.000000000000000000e+00 1.000000000000000021e-08 4.277413909423730815e-02 4.784878432582224256e-02
4.277413909423730815e-02 4.784878432582224256e-02 0.000000000000000000e+00 1.000000000000000021e-08 1.505353637876241935e-01 1.077612246933868700e+00
1.505353637876241935e-01 1.077612246933868700e+00 0.000000000000000000e+00 1.000000000000000021e-08 3.615108914894983316e-01 2.109755277018741104e+00
3.615108914894983316e-01 2.109755277018741104e+00 1.000000000000000000e+00 1.000000000000000021e-08 6.169583703864014446e-01 2.554474788969030907e+00
6.169583703864014446e-01 2.554474788969030907e+00 1.000000000000000000e+00 1.000000000000000021e-08 9.493409550274551911e-01 3.323825846410537910e+00
9.493409550274551911e-01 3.323825846410537910e+00 2.000000000000000000e+00 1.000000000000000021e-08 1.349806360138543937e+00 4.004654051110887458e+00
1.349806360138543937e+00 4.004654051110887458e+00 1.000000000000000000e+00 9.999000000000000110e-01 1.570796326794896558e+00 5.000000000000000000e+00
5.936508924935430392e-02 -8.013995527496055316e-02 1.000000000000000000e+00 1.000000000000000021e-08 4.893338191840192891e-02 -1.043170733095237640e-01
4.893338191840192891e-02 -1.043170733095237640e-01 2.000000000000000000e+00 1.000000000000000021e-08 -5.451547642199876947e-02 -1.034488583404006956e+00
-5.451547642199876947e-02 -1.034488583404006956e+00 2.000000000000000000e+00 1.000000000000000021e-08 -2.553344669941388090e-01 -2.008189905721400326e+00
-2.553344669941388090e-01 -2.008189905721400326e+00 0.000000000000000000e+00 1.000000000000000021e-08 -4.112839677392917670e-01 -1.559495007451529247e+00
-4.112839677392917670e-01 -1.559495007451529247e+00 1.000000000000000000e+00 1.000000000000000021e-08 -6.351446731741674512e-01 -2.238607054348756620e+00
-6.351446731741674512e-01 -2.238607054348756620e+00 1.000000000000000000e+00 1.000000000000000021e-08 -9.410448995623243995e-01 -3.059002263881568595e+00
-9.410448995623243995e-01 -3.059002263881568595e+00 1.000000000000000000e+00 1.000000000000000021e-08 -1.373909846317497019e+00 -4.328649467551726637e+00
-1.373909846317497019e+00 -4.328649467551726637e+00 0.000000000000000000e+00 9.999000000000000110e-01 -1.570796326794896558e+00 -5.000000000000000000e+00
-7.007977676472577910e-03 -3.328032506984068828e-02 0.000000000000000000e+00 1.000000000000000021e-08 8.645864869991462531e-02 9.346662637638718518e-01
8.645864869991462531e-02 9.346662637638718518e-01 1.000000000000000000e+00 1.000000000000000021e-08 1.832106105499599624e-01 9.675196185004532046e-01
1.832106105499599624e-01 9.675196185004532046e-01 1.000000000000000000e+00 1.000000000000000021e-08 3.245794226155180873e-01 1.413688120655580915e+00
3.245794226155180873e-01 1.413688120655580915e+00 0.000000000000000000e+00 1.000000000000000021e-08 6.008166030968986604e-01 2.762371804813804843e+00
6.008166030968986604e-01 2.762371804813804843e+00 0.000000000000000000e+00 1.000000000000000021e-08 1.038208301253393362e+00 4.373916981564947903e+00
1.038208301253393362e+00 4.373916981564947903e+00 0.000000000000000000e+00 9.999000000000000110e-01 1.570796326794896558e+00 5.000000000000000000e+00
-8.615266846157283026e-03 3.221746568399675575e-03 1.000000000000000000e+00 1.000000000000000021e-08 -1.082068264724257017e-02 -2.205415801085287494e-02
-1.082068264724257017e-02 -2.205415801085287494e-02 0.000000000000000000e+00 1.000000000000000021e-08 8.473235761273212319e-02 9.555304025997467532e-01
8.473235761273212319e-02 9.555304025997467532e-01 1.000000000000000000e+00 1.000000000000000021e-08 2.018440609821128551e-01 1.171117033693807263e+00
2.018440609821128551e-01 1.171117033693807263e+00 1.000000000000000000e+00 1.000000000000000021e-08 3.359788364297862095e-01 1.341347754476733822e+00
3.359788364297862095e-01 1.341347754476733822e+00 1.000000000000000000e+00 1.000000000000000021e-08 5.133963375236876292e-01 1.774175010939014197e+00
5.133963375236876292e-01 1.774175010939014197e+00 2.000000000000000000e+00 1.000000000000000021e-08 6.899441337498459781e-01 1.765477962261583045e+00
6.899441337498459781e-01 1.765477962261583045e+00 1.000000000000000000e+00 1.000000000000000021e-08 9.581055458908014355e-01 2.681614121409555018e+00
9.581055458908014355e-01 2.681614121409555018e+00 1.000000000000000000e+00 1.000000000000000021e-08 1.347669954478001308e+00 3.895644085871999174e+00
1.347669954478001308e+00 3.895644085871999174e+00 0.000000000000000000e+00 9.999000000000000110e-01 1.570796326794896558e+00 5.000000000000000000e+00
3.644666038492613142e-02 6.873373026943777053e-02 1.000000000000000000e+00 1.000000000000000021e-08 6.457781778423746233e-02 2.813115739931132397e-01
6.457781778423746233e-02 2.813115739931132397e-01 1.000000000000000000e+00 1.000000000000000021e-08 1.104886936462496777e-01 4.591087586201221260e-01
1.104886936462496777e-01 4.591087586201221260e-01 0.000000000000000000e+00 1.000000000000000021e-08 2.479760174944798945e-01 1.374873238482302362e+00
2.479760174944798945e-01 1.374873238482302362e+00 2.000000000000000000e+00 1.000000000000000021e-08 3.402378187393279019e-01 9.226180124484801848e-01
3.402378187393279019e-01 9.226180124484801848e-01 1.000000000000000000e+00 1.000000000000000021e-08 4.951058218463562088e-01 1.548680031070282848e+00
4.951058218463562088e-01 1.548680031070282848e+00 1.000000000000000000e+00 1.000000000000000021e-08 7.380827378674400530e-01 2.429769160210838219e+00
7.380827378674400530e-01 2.429769160210838219e+00 2.000000000000000000e+00 1.000000000000000021e-08 1.018933962547402983e+00 2.808512246799629075e+00
1.018933962547402983e+00 2.808512246799629075e+00 2.000000000000000000e+00 1.000000000000000021e-08 1.385314874814297603e+00 3.663809122668944873e+00
1.385314874814297603e+00 3.663809122668944873e+00 1.000000000000000000e+00 9.999000000000000110e-01 1.570796326794896558e+00 5.000000000000000000e+00
-5.593129241126405804e-02 -4.118931316598947734e-03 1.000000000000000000e+00 1.000000000000000021e-08 -6.368193155203426270e-02 -7.750639140770201885e-02
-6.368193155203426270e-02 -7.750639140770201885e-02 2.000000000000000000e+00 1.000000000000000021e-08 -1.706137340308610528e-01 -1.069318024788267651e+00
-1.706137340308610528e-01 -1.069318024788267651e+00 1.000000000000000000e+00 1.000000000000000021e-08 -3.115137170471369288e-01 -1.408999830162758427e+00
-3.115137170471369288e-01 -1.408999830162758427e+00 1.000000000000000000e+00 1.000000000000000021e-08 -4.954576033309445737e-01 -1.839438862838076227e+00
-4.954576033309445737e-01 -1.839438862838076227e+00 1.000000000000000000e+00 1.000000000000000021e-08 -7.464396878740393593e-01 -2.509820845430947411e+00
-7.464396878740393593e-01 -2.509820845430947411e+00 0.000000000000000000e+00 1.000000000000000021e-08 -1.032017082674799635e+00 -2.855773948007601870e+00
-1.032017082674799635e+00 -2.855773948007601870e+00 2.000000000000000000e+00 1.000000000000000021e-08 -1.489266295146286723e+00 -4.572492124714869988e+00
-1.489266295146286723e+00 -4.572492124714869988e+00 2.000000000000000000e+00 9.999000000000000110e-01 -1.570796326794896558e+00 -5.000000000000000000e+00
-6.687885565999424076e-02 1.266603898469114906e-02 2.000000000000000000e+00 1.000000000000000021e-08 -1.523536390039272326e-01 -8.547478334393298072e-01
-1.523536390039272326e-01 -8.547478334393298072e-01 0.000000000000000000e+00 1.000000000000000021e-08 -1.601134350121534433e-01 -7.759796008226216291e-02
-1.601134350121534433e-01 -7.759796008226216291e-02 0.000000000000000000e+00 1.000000000000000021e-08 -1.254112459105559685e-01 3.470218910159745818e-01
-1.254112459105559685e-01 3.470218910159745818e-01 0.000000000000000000e+00 1.000000000000000021e-08 -2.743132202323492197e-02 9.797992388732104097e-01
-2.743132202323492197e-02 9.797992388732104097e-01 1.000000000000000000e+00 1.000000000000000021e-08 7.125142131879180774e-02 9.868274334202672415e-01
7.125142131879180774e-02 9.868274334202672415e-01 0.000000000000000000e+00 1.000000000000000021e-08 2.746103722663327806e-01 2.033589509475409507e+00
2.746103722663327806e-01 2.033589509475409507e+00 0.000000000000000000e+00 1.000000000000000021e-08 5.899126423098173255e-01 3.153022700434845227e+00
5.899126423098173255e-01 3.153022700434845227e+00 2.000000000000000000e+00 1.000000000000000021e-08 9.312024071202744668e-01 3.412897648104571413e+00
9.312024071202744668e-01 3.412897648104571413e+00 2.000000000000000000e+00 1.000000000000000021e-08 1.336699102657001648e+00 4.054966955367270920e+00
1.336699102657001648e+00 4.054966955367270920e+00 0.000000000000000000e+00 9.999000000000000110e-01 1.570796326794896558e+00 5.000000000000000000e+00
-8.235775509149319273e-02 -8.341605870340815243e-03 0.000000000000000000e+00 1.000000000000000021e-08 -2.086300658623353732e-02 6.149474850525965541e-01
-2.086300658623353732e-02 6.149474850525965541e-01 0.000000000000000000e+00 1.000000000000000021e-08 1.150935568677646098e-01 1.359565634539981360e+00
1.150935568677646098e-01 1.359565634539981360e+00 1.000000000000000000e+00 1.000000000000000021e-08 2.795178133597387982e-01 1.644242564919741856e+00
2.795178133597387982e-01 1.644242564919741856e+00 0.000000000000000000e+00 1.000000000000000021e-08 5.718349116071619331e-01 2.923170982474231128e+00
5.718349116071619331e-01 2.923170982474231128e+00 0.000000000000000000e+00 1.000000000000000021e-08 1.003901976982550792e+00 4.320670653753889034e+00
1.003901976982550792e+00 4.320670653753889034e+00 2.000000000000000000e+00 1.000000000000000021e-08 1.515578703164638164e+00 5.000000000000000000e+00
1.515578703164638164e+00 5.000000000000000000e+00 2.000000000000000000e+00 9.999000000000000110e-01 1.570796326794896558e+00 5.000000000000000000e+00
4.479042821654317941e-02 5.768421369079888839e-02 1.000000000000000000e+00 1.000000000000000021e-08 7.383705583024441355e-02 2.904662761370123691e-01
7.383705583024441355e-02 2.904662761370123691e-01 0.000000000000000000e+00 1.000000000000000021e-08 2.062775037954145130e-01 1.324404479651700939e+00
2.062775037954145130e-01 1.324404479651700939e+00 2.000000000000000000e+00 1.000000000000000021e-08 2.844790471188131109e-01 7.820154332339857017e-01
2.844790471188131109e-01 7.820154332339857017e-01 1.000000000000000000e+00 1.000000000000000021e-08 4.136638514856966764e-01 1.291848043668835544e+00
4.136638514856966764e-01 1.291848043668835544e+00 0.000000000000000000e+00 1.000000000000000021e-08 6.783172384143812961e-01 2.646533869286846308e+00
6.783172384143812961e-01 2.646533869286846308e+00 0.000000000000000000e+00 1.000000000000000021e-08 1.115498633955260166e+00 4.371813955408788033e+00
1.115498633955260166e+00 4.371813955408788033e+00 2.000000000000000000e+00 9.999000000000000110e-01 1.570796326794896558e+00 5.000000000000000000e+00
3.140445580831478789e-02 2.490004826935973345e-02 0.000000000000000000e+00 1.000000000000000021e-08 1.149321764960130332e-01 8.352772068769823699e-01
1.149321764960130332e-01 8.352772068769823699e-01 0.000000000000000000e+00 1.000000000000000021e-08 2.962921584226860805e-01 1.813599819266730195e+00
2.962921584226860805e-01 1.813599819266730195e+00 0.000000000000000000e+00 1.000000000000000021e-08 6.065552179991406945e-01 3.102630595764545696e+00
6.065552179991406945e-01 3.102630595764545696e+00 1.000000000000000000e+00 1.000000000000000021e-08 1.004967139822958266e+00 3.984119218238174831e+00
1.004967139822958266e+00 3.984119218238174831e+00 1.000000000000000000e+00 1.000000000000000021e-08 1.525111327595936928e+00 5.000000000000000000e+00
1.525111327595936928e+00 5.000000000000000000e+00 0.000000000000000000e+00 9.999000000000000110e-01 1.570796326794896558e+00 5.000000000000000000e+00
-6.020812958358906508e-02 -7.948132024062590228e-02 1.000000000000000000e+00 1.000000000000000021e-08 -7.779605018823687601e-02 -1.758792060464780815e-01
-7.779605018823687601e-02 -1.758792060464780815e-01 2.000000000000000000e+00 1.000000000000000021e-08 -2.044794423363497371e-01 -1.266833921481128611e+00
-2.044794423363497371e-01 -1.266833921481128611e+00 1.000000000000000000e+00 1.000000000000000021e-08 -3.576446228307255115e-01 -1.531651804943757744e+00
-3.576446228307255115e-01 -1.531651804943757744e+00 0.000000000000000000e+00 1.000000000000000021e-08 -4.814454176249471362e-01 -1.238007947942216358e+00
-4.814454176249471362e-01 -1.238007947942216358e+00 0.000000000000000000e+00 1.000000000000000021e-08 -6.180792788561735307e-01 -1.366338612312263612e+00
-6.180792788561735307e-01 -1.366338612312263612e+00 2.000000000000000000e+00 1.000000000000000021e-08 -9.036018780037011755e-01 -2.855225991475276892e+00
-9.036018780037011755e-01 -2.855225991475276892e+00 1.000000000000000000e+00 1.000000000000000021e-08 -1.313960135155759268e+00 -4.103582571520579592e+00
-1.313960135155759268e+00 -4.103582571520579592e+00 1.000000000000000000e+00 9.999000000000000110e-01 -1.570796326794896558e+00 -5.000000000000000000e+00
2.521884194737419177e-02 5.351185269591830773e-02 2.000000000000000000e+00 1.000000000000000021e-08 -6.348264752734858463e-02 -8.870148947472277223e-01
-6.348264752734858463e-02 -8.870148947472277223e-01 1.000000000000000000e+00 1.000000000000000021e-08 -1.495446629681131401e-01 -8.606201544076453880e-01
-1.495446629681131401e-01 -8.606201544076453880e-01 0.000000000000000000e+00 1.000000000000000021e-08 -1.610531831315309692e-01 -1.150852016341783468e-01
-1.610531831315309692e-01 -1.150852016341783468e-01 0.000000000000000000e+00 1.000000000000000021e-08 -1.042370922077942574e-01 5.681609092373671732e-01
-1.042370922077942574e-01 5.681609092373671732e-01 0.000000000000000000e+00 1.000000000000000021e-08 1.053000227110427456e-02 1.147670944788985237e+00
1.053000227110427456e-02 1.147670944788985237e+00 1.000000000000000000e+00 1.000000000000000021e-08 1.202149950487626795e-01 1.096849927776583966e+00
1.202149950487626795e-01 1.096849927776583966e+00 2.000000000000000000e+00 1.000000000000000021e-08 1.553111384645773918e-01 3.509614341581470676e-01
1.553111384645773918e-01 3.509614341581470676e-01 1.000000000000000000e+00 1.000000000000000021e-08 2.084068698504728812e-01 5.309573138589549490e-01
2.084068698504728812e-01 5.309573138589549490e-01 1.000000000000000000e+00 1.000000000000000021e-08 3.067721504905093766e-01 9.836528064003648986e-01
3.067721504905093766e-01 9.836528064003648986e-01 2.000000000000000000e+00 1.000000000000000021e-08 3.721144386264426118e-01 6.534228813593323526e-01
3.721144386264426118e-01 6.534228813593323526e-01 0.000000000000000000e+00 1.000000000000000021e-08 5.778147175093313326e-01 2.057002788828887319e+00
5.778147175093313326e-01 2.057002788828887319e+00 1.000000000000000000e+00 1.000000000000000021e-08 8.839669912654767314e-01 3.061522737561453766e+00
8.839669912654767314e-01 3.061522737561453766e+00 2.000000000000000000e+00 1.000000000000000021e-08 1.259288397730107700e+00 3.753214064646309911e+00
1.259288397730107700e+00 3.753214064646309911e+00 1.000000000000000000e+00 9.999000000000000110e-01 1.570796326794896558e+00 5.000000000000000000e+00
-5.772828492846219378e-02 -1.052020188112940020e-02 0.000000000000000000e+00 1.000000000000000021e-08 2.070961178895171922e-02 7.843789671741390190e-01
2.070961178895171922e-02 7.843789671741390190e-01 1.000000000000000000e+00 1.000000000000000021e-08 1.042530692171911577e-01 8.354345742823942045e-01
1.042530692171911577e-01 8.354345742823942045e-01 0.000000000000000000e+00 1.000000000000000021e-08 2.851184255175273075e-01 1.808653563003361775e+00
2.851184255175273075e-01 1.808653563003361775e+00 2.000000000000000000e+00 1.000000000000000021e-08 4.434810609740665877e-01 1.583626354565393024e+00
4.434810609740665877e-01 1.583626354565393024e+00 2.000000000000000000e+00 1.000000000000000021e-08 6.061438780148553640e-01 1.626628170407887097e+00
6.061438780148553640e-01 1.626628170407887097e+00 1.000000000000000000e+00 1.000000000000000021e-08 8.691345133596148909e-01 2.629906353447595269e+00
8.691345133596148909e-01 2.629906353447595269e+00 2.000000000000000000e+00 1.000000000000000021e-08 1.192035207662376362e+00 3.229006943027614263e+00
1.192035207662376362e+00 3.229006943027614263e+00 2.000000000000000000e+00 9.999000000000000110e-01 1.570796326794896558e+00 4.254044556284258150e+00
-8.323449544023085733e-02 -5.311211841358406960e-02 1.000000000000000000e+00 1.000000000000000021e-08 -9.262434710291843343e-02 -9.389851662687573319e-02
-9.262434710291843343e-02 -9.389851662687573319e-02 1.000000000000000000e+00 1.000000000000000021e-08 -1.152115061290942682e-01 -2.258715902617583482e-01
-1.152115061290942682e-01 -2.258715902617583482e-01 0.000000000000000000e+00 1.000000000000000021e-08 -6.051152710751465241e-02 5.469997902157961445e-01
-6.051152710751465241e-02 5.469997902157961445e-01 0.000000000000000000e+00 1.000000000000000021e-08 6.998322449209465335e-02 1.304947515996093044e+00
6.998322449209465335e-02 1.304947515996093044e+00 1.000000000000000000e+00 1.000000000000000021e-08 2.204155336088168826e-01 1.504323091167222293e+00
2.204155336088168826e-01 1.504323091167222293e+00 0.000000000000000000e+00 1.000000000000000021e-08 4.958887752506735969e-01 2.754732416418566920e+00
4.958887752506735969e-01 2.754732416418566920e+00 0.000000000000000000e+00 1.000000000000000021e-08 9.332130603334577446e-01 4.373242850827841366e+00
9.332130603334577446e-01 4.373242850827841366e+00 0.000000000000000000e+00 1.000000000000000021e-08 1.532810883053601358e+00 5.000000000000000000e+00
1.532810883053601358e+00 5.000000000000000000e+00 2.000000000000000000e+00 9.999000000000000110e-01 1.570796326794896558e+00 5.000000000000000000e+00
7.607323804560224556e-02 7.481947712067137102e-03 1.000000000000000000e+00 1.000000000000000021e-08 1.039546901965374692e-01 2.788145215093522089e-01
1.039546901965374692e-01 2.788145215093522089e-01 0.000000000000000000e+00 1.000000000000000021e-08 2.277517804406126167e-01 1.237970902440751253e+00
2.277517804406126167e-01 1.237970902440751253e+00 0.000000000000000000e+00 1.000000000000000021e-08 4.652326601952484486e-01 2.374808797546358541e+00
4.652326601952484486e-01 2.374808797546358541e+00 1.000000000000000000e+00 1.000000000000000021e-08 7.802946191584644309e-01 3.150619589632159823e+00
7.802946191584644309e-01 3.150619589632159823e+00 2.000000000000000000e+00 1.000000000000000021e-08 1.145743834119830273e+00 3.654492149613657759e+00
1.145743834119830273e+00 3.654492149613657759e+00 2.000000000000000000e+00 9.999000000000000110e-01 1.570796326794896558e+00 4.668040871037447914e+00
3.609368657895975496e-02 3.956386610255258757e-02 2.000000000000000000e+00 1.000000000000000021e-08 -4.797381454531508826e-02 -8.406750112427483490e-01
-4.797381454531508826e-02 -8.406750112427483490e-01 2.000000000000000000e+00 1.000000000000000021e-08 -2.193514037538263350e-01 -1.713775892085112496e+00
-2.193514037538263350e-01 -1.713775892085112496e+00 0.000000000000000000e+00 1.000000000000000021e-08 -3.335807813845958480e-01 -1.142293776307695019e+00
-3.335807813845958480e-01 -1.142293776307695019e+00 0.000000000000000000e+00 1.000000000000000021e-08 -4.053141869589446111e-01 -7.173340557434875198e-01
-4.053141869589446111e-01 -7.173340557434875198e-01 2.000000000000000000e+00 1.000000000000000021e-08 -6.197960369165135264e-01 -2.144818499575689152e+00
-6.197960369165135264e-01 -2.144818499575689152e+00 0.000000000000000000e+00 1.000000000000000021e-08 -8.677957583593362001e-01 -2.479997214428226737e+00
-8.677957583593362001e-01 -2.479997214428226737e+00 2.000000000000000000e+00 1.000000000000000021e-08 -1.283784028356480977e+00 -4.159882699971446662e+00
-1.283784028356480977e+00 -4.159882699971446662e+00 2.000000000000000000e+00 9.999000000000000110e-01 -1.570796326794896558e+00 -5.000000000000000000e+00
2.612980553601949862e-02 -4.574463390509524857e-02 0.000000000000000000e+00 1.000000000000000021e-08 1.233108364408507934e-01 9.718103090483128925e-01
1.233108364408507934e-01 9.718103090483128925e-01 0.000000000000000000e+00 1.000000000000000021e-08 3.251123370864851814e-01 2.018015006456344018e+00
3.251123370864851814e-01 2.018015006456344018e+00 0.000000000000000000e+00 1.000000000000000021e-08 6.493758686825730209e-01 3.242635315960877840e+00
6.493758686825730209e-01 3.242635315960877840e+00 1.000000000000000000e+00 1.000000000000000021e-08 1.068551408497614874e+00 4.191755398150418976e+00
1.068551408497614874e+00 4.191755398150418976e+00 0.000000000000000000e+00 9.999000000000000110e-01 1.570796326794896558e+00 5.000000000000000000e+00
2.825771780669457389e-04 1.541009357738133689e-02 0.000000000000000000e+00 1.000000000000000021e-08 8.395136041219143641e-02 8.366878323412448859e-01
8.395136041219143641e-02 8.366878323412448859e-01 1.000000000000000000e+00 1.000000000000000021e-08 1.968376189518747654e-01 1.128862585396833262e+00
1.968376189518747654e-01 1.128862585396833262e+00 0.000000000000000000e+00 1.000000000000000021e-08 4.417742655830089737e-01 2.449366466311341917e+00
4.417742655830089737e-01 2.449366466311341917e+00 1.000000000000000000e+00 1.000000000000000021e-08 7.581796430319933666e-01 3.164053774489843818e+00
7.581796430319933666e-01 3.164053774489843818e+00 2.000000000000000000e+00 1.000000000000000021e-08 1.105437538639715500e+00 3.472578956077221335e+00
1.105437538639715500e+00 3.472578956077221335e+00 0.000000000000000000e+00 9.999000000000000110e-01 1.570796326794896558e+00 5.000000000000000000e+00
-2.055687760193088826e-02 -3.589686647487046189e-02 1.000000000000000000e+00 1.000000000000000021e-08 -3.528081315508941468e-02 -1.472393555315852642e-01
-3.528081315508941468e-02 -1.472393555315852642e-01 0.000000000000000000e+00 1.000000000000000021e-08 3.239423729666730117e-02 6.767505045175671308e-01
3.239423729666730117e-02 6.767505045175671308e-01 0.000000000000000000e+00 1.000000000000000021e-08 1.881440663704846417e-01 1.557498290738173363e+00
1.881440663704846417e-01 1.557498290738173363e+00 1.000000000000000000e+00 1.000000000000000021e-08 3.699247552581744203e-01 1.817806888876897675e+00
3.699247552581744203e-01 1.817806888876897675e+00 1.000000000000000000e+00 1.000000000000000021e-08 6.155273981188018606e-01 2.456026428606274070e+00
6.155273981188018606e-01 2.456026428606274070e+00 0.000000000000000000e+00 1.000000000000000021e-08 1.031154845206109893e+00 4.156274470873080773e+00
1.031154845206109893e+00 4.156274470873080773e+00 1.000000000000000000e+00 1.000000000000000021e-08 1.565167776467355054e+00 5.000000000000000000e+00
1.565167776467355054e+00 5.000000000000000000e+00 0.000000000000000000e+00 9.999000000000000110e-01 1.570796326794896558e+00 5.000000000000000000e+00
-5.860118854693254636e-02 1.781451300367132076e-02 2.000000000000000000e+00 1.000000000000000021e-08 -1.493129210402312224e-01 -9.071173249329866906e-01
-1.493129210402312224e-01 -9.071173249329866906e-01 2.000000000000000000e+00 1.000000000000000021e-08 -3.628096356641261622e-01 -2.134967146238949010e+00
-3.628096356641261622e-01 -2.134967146238949010e+00 1.000000000000000000e+00 1.000000000000000021e-08 -6.261044712058292383e-01 -2.632948355417030317e+00
-6.261044712058292383e-01 -2.632948355417030317e+00 1.000000000000000000e+00 1.000000000000000021e-08 -9.804946446268997251e-01 -3.543901734210704646e+00
-9.804946446268997251e-01 -3.543901734210704646e+00 1.000000000000000000e+00 1.000000000000000021e-08 -1.448687799787625075e+00 -4.681931551607253716e+00
-1.448687799787625075e+00 -4.681931551607253716e+00 2.000000000000000000e+00 9.999000000000000110e-01 -1.570796326794896558e+00 -5.000000000000000000e+00
7.323500863544953055e-02 -5.719790210648507262e-02 0.000000000000000000e+00 1.000000000000000021e-08 1.827358483916432519e-01 1.095008397561937130e+00
1.827358483916432519e-01 1.095008397561937130e+00 2.000000000000000000e+00 1.000000000000000021e-08 2.496852592033275697e-01 6.694941081168432895e-01
2.496852592033275697e-01 6.694941081168432895e-01 2.000000000000000000e+00 1.000000000000000021e-08 2.755050205991685930e-01 2.581976139584101215e-01
2.755050205991685930e-01 2.581976139584101215e-01 2.000000000000000000e+00 1.000000000000000021e-08 2.608929230538308830e-01 -1.461209754533768779e-01
2.608929230538308830e-01 -1.461209754533768779e-01 2.000000000000000000e+00 1.000000000000000021e-08 2.224051243524836630e-01 -3.848779870134720893e-01
2.224051243524836630e-01 -3.848779870134720893e-01 1.000000000000000000e+00 1.000000000000000021e-08 2.075194814866066773e-01 -1.488564286587698293e-01
2.075194814866066773e-01 -1.488564286587698293e-01 0.000000000000000000e+00 1.000000000000000021e-08 3.103389089942287238e-01 1.028194275076220521e+00
3.103389089942287238e-01 1.028194275076220521e+00 2.000000000000000000e+00 1.000000000000000021e-08 3.752965303768733829e-01 6.495762138264464802e-01
3.752965303768733829e-01 6.495762138264464802e-01 2.000000000000000000e+00 1.000000000000000021e-08 4.139206950041560140e-01 3.862416462728264777e-01
4.139206950041560140e-01 3.862416462728264777e-01 0.000000000000000000e+00 1.000000000000000021e-08 5.976357301247092746e-01 1.837150351205532939e+00
5.976357301247092746e-01 1.837150351205532939e+00 0.000000000000000000e+00 1.000000000000000021e-08 9.527202583199019248e-01 3.550845281951926502e+00
9.527202583199019248e-01 3.550845281951926502e+00 0.000000000000000000e+00 1.000000000000000021e-08 1.477583164722447329e+00 5.000000000000000000e+00
1.477583164722447329e+00 5.000000000000000000e+00 2.000000000000000000e+00 9.999000000000000110e-01 1.570796326794896558e+00 5.000000000000000000e+00
-7.592514593946790569e-02 2.565173742555219155e-03 1.000000000000000000e+00 1.000000000000000021e-08 -9.453577961321489587e-02 -1.861063367374699018e-01
-9.453577961321489587e-02 -1.861063367374699018e-01 2.000000000000000000e+00 1.000000000000000021e-08 -2.273786868318432575e-01 -1.328429072186283477e+00
-2.273786868318432575e-01 -1.328429072186283477e+00 2.000000000000000000e+00 1.000000000000000021e-08 -4.714155174510262225e-01 -2.440368306191829539e+00
-4.714155174510262225e-01 -2.440368306191829539e+00 2.000000000000000000e+00 1.000000000000000021e-08 -8.659839861153495466e-01 -3.945684686643232908e+00
-8.659839861153495466e-01 -3.945684686643232908e+00 1.000000000000000000e+00 1.000000000000000021e-08 -1.368200088120586466e+00 -5.000000000000000000e+00
-1.368200088120586466e+00 -5.000000000000000000e+00 0.000000000000000000e+00 9.999000000000000110e-01 -1.570796326794896558e+00 -5.000000000000000000e+00
6.040601414913937539e-02 5.600017596929260377e-02 0.000000000000000000e+00 1.000000000000000021e-08 1.778569945606480740e-01 1.174509804115086986e+00
1.778569945606480740e-01 1.174509804115086986e+00 0.000000000000000000e+00 1.000000000000000021e-08 4.083021209491200509e-01 2.304451263884719658e+00
4.083021209491200509e-01 2.304451263884719658e+00 1.000000000000000000e+00 1.000000000000000021e-08 7.129919980892156506e-01 3.046898771400955219e+00
7.129919980892156506e-01 3.046898771400955219e+00 1.000000000000000000e+00 1.000000000000000021e-08 1.112726504017209406e+00 3.997345059279936663e+00
1.112726504017209406e+00 3.997345059279936663e+00 0.000000000000000000e+00 9.999000000000000110e-01 1.570796326794896558e+00 5.000000000000000000e+00
2.034179748816287298e-02 8.449214908909380428e-02 1.000000000000000000e+00 1.000000000000000021e-08 4.900744805403489668e-02 2.866565056587202509e-01
4.900744805403489668e-02 2.866565056587202509e-01 0.000000000000000000e+00 1.000000000000000021e-08 1.731419052456455998e-01 1.241344571916107142e+00
1.731419052456455998e-01 1.241344571916107142e+00 0.000000000000000000e+00 1.000000000000000021e-08 3.966807965584877027e-01 2.235388913128420807e+00
3.966807965584877027e-01 2.235388913128420807e+00 2.000000000000000000e+00 1.000000000000000021e-08 5.981160539405844245e-01 2.014352573820967329e+00
5.981160539405844245e-01 2.014352573820967329e+00 2.000000000000000000e+00 1.000000000000000021e-08 8.165034004375589793e-01 2.183873464969745548e+00
8.165034004375589793e-01 2.183873464969745548e+00 1.000000000000000000e+00 1.000000000000000021e-08 1.150549600402634987e+00 3.340461999650760294e+00
1.150549600402634987e+00 3.340461999650760294e+00 2.000000000000000000e+00 9.999000000000000110e-01 1.570796326794896558e+00 4.392220648848669029e+00
-6.583638186608997689e-02 4.875091728318327322e-02 2.000000000000000000e+00 1.000000000000000021e-08 -1.531525747622370370e-01 -8.731619289614707125e-01
-1.531525747622370370e-01 -8.731619289614707125e-01 0.000000000000000000e+00 1.000000000000000021e-08 -1.924992044837325333e-01 -3.934662972149547966e-01
-1.924992044837325333e-01 -3.934662972149547966e-01 1.000000000000000000e+00 1.000000000000000021e-08 -2.640638124666789266e-01 -7.156460798294637105e-01
-2.640638124666789266e-01 -7.156460798294637105e-01 0.000000000000000000e+00 1.000000000000000021e-08 -3.043368063347841046e-01 -4.027299386810516690e-01
-3.043368063347841046e-01 -4.027299386810516690e-01 1.000000000000000000e+00 1.000000000000000021e-08 -3.938684248857928782e-01 -8.953161855100877364e-01
-3.938684248857928782e-01 -8.953161855100877364e-01 0.000000000000000000e+00 1.000000000000000021e-08 -4.544644482325034263e-01 -6.059602334671057022e-01
-4.544644482325034263e-01 -6.059602334671057022e-01 1.000000000000000000e+00 1.000000000000000021e-08 -5.938545064335967183e-01 -1.393900582010932254e+00
-5.938545064335967183e-01 -1.393900582010932254e+00 0.000000000000000000e+00 1.000000000000000021e-08 -7.660420483484868814e-01 -1.721875419148901187e+00
-7.660420483484868814e-01 -1.721875419148901187e+00 1.000000000000000000e+00 1.000000000000000021e-08 -1.042863854317917394e+00 -2.768218059694306010e+00
-1.042863854317917394e+00 -2.768218059694306010e+00 2.000000000000000000e+00 1.000000000000000021e-08 -1.484227344812765637e+00 -4.413634904948482429e+00
-1.484227344812765637e+00 -4.413634904948482429e+00 1.000000000000000000e+00 9.999000000000000110e-01 -1.570796326794896558e+00 -5.000000000000000000e+00
7.108940399001688337e-02 -9.486323617174143019e-03 2.000000000000000000e+00 1.000000000000000021e-08 -2.356379999660956903e-03 -7.344578398967783750e-01
-2.356379999660956903e-03 -7.344578398967783750e-01 1.000000000000000000e+00 1.000000000000000021e-08 -8.587845281589871760e-02 -8.352207281623775792e-01
-8.587845281589871760e-02 -8.352207281623775792e-01 1.000000000000000000e+00 1.000000000000000021e-08 -1.756413418980484198e-01 -8.976288908214969942e-01
-1.756413418980484198e-01 -8.976288908214969942e-01 1.000000000000000000e+00 1.000000000000000021e-08 -2.947164711019313321e-01 -1.190751292038829012e+00
-2.947164711019313321e-01 -1.190751292038829012e+00 2.000000000000000000e+00 1.000000000000000021e-08 -5.382878660279921679e-01 -2.435713949260608580e+00
-5.382878660279921679e-01 -2.435713949260608580e+00 0.000000000000000000e+00 1.000000000000000021e-08 -7.832998130261970005e-01 -2.450119469982048770e+00
-7.832998130261970005e-01 -2.450119469982048770e+00 1.000000000000000000e+00 1.000000000000000021e-08 -1.141320491753470945e+00 -3.580206787272739888e+00
-1.141320491753470945e+00 -3.580206787272739888e+00 1.000000000000000000e+00 9.999000000000000110e-01 -1.570796326794896558e+00 -4.848137564304854763e+00
3.258975210040147841e-02 -6.746555401611989411e-02 0.000000000000000000e+00 1.000000000000000021e-08 1.058385269769504256e-01 7.324877487654894992e-01
1.058385269769504256e-01 7.324877487654894992e-01 0.000000000000000000e+00 1.000000000000000021e-08 3.008564694282159779e-01 1.950179424512655135e+00
3.008564694282159779e-01 1.950179424512655135e+00 0.000000000000000000e+00 1.000000000000000021e-08 6.407708591898717554e-01 3.399143897616557997e+00
6.407708591898717554e-01 3.399143897616557997e+00 2.000000000000000000e+00 1.000000000000000021e-08 1.004932890866851114e+00 3.641620316769792698e+00
1.004932890866851114e+00 3.641620316769792698e+00 0.000000000000000000e+00 1.000000000000000021e-08 1.533338956283903265e+00 5.000000000000000000e+00
1.533338956283903265e+00 5.000000000000000000e+00 2.000000000000000000e+00 9.999000000000000110e-01 1.570796326794896558e+00 5.000000000000000000e+00
7.084894576479089379e-02 8.393247143176219005e-02 1.000000000000000000e+00 1.000000000000000021e-08 7.748526794552014485e-02 6.636322180729251063e-02
7.748526794552014485e-02 6.636322180729251063e-02 2.000000000000000000e+00 1.000000000000000021e-08 2.580668556073724418e-02 -5.167858238478290067e-01
2.580668556073724418e-02 -5.167858238478290067e-01 1.000000000000000000e+00 1.000000000000000021e-08 -5.285959244381008282e-03 -3.109264480511825246e-01
-5.285959244381008282e-03 -3.109264480511825246e-01 1.000000000000000000e+00 1.000000000000000021e-08 -2.402489319353568256e-02 -1.873893394915467359e-01
-2.402489319353568256e-02 -1.873893394915467359e-01 0.000000000000000000e+00 1.000000000000000021e-08 4.837467913180858170e-02 7.239957232534426357e-01
4.837467913180858170e-02 7.239957232534426357e-01 1.000000000000000000e+00 1.000000000000000021e-08 1.200046503245023183e-01 7.162997119269373103e-01
1.200046503245023183e-01 7.162997119269373103e-01 0.000000000000000000e+00 1.000000000000000021e-08 3.121672793205594876e-01 1.921626289960571832e+00
3.121672793205594876e-01 1.921626289960571832e+00 0.000000000000000000e+00 1.000000000000000021e-08 6.514687273422210545e-01 3.393014480216616224e+00
6.514687273422210545e-01 3.393014480216616224e+00 2.000000000000000000e+00 1.000000000000000021e-08 1.006620510237106414e+00 3.551517828948853595e+00
1.006620510237106414e+00 3.551517828948853595e+00 2.000000000000000000e+00 1.000000000000000021e-08 1.446552134066257267e+00 4.399316238291507197e+00
1.446552134066257267e+00 4.399316238291507197e+00 2.000000000000000000e+00 9.999000000000000110e-01 1.570796326794896558e+00 5.000000000000000000e+00
-6.984927912704355646e-02 3.680228320146457233e-02 1.000000000000000000e+00 1.000000000000000021e-08 -9.353300467831596188e-02 -2.368372555127241097e-01
-9.353300467831596188e-02 -2.368372555127241097e-01 1.000000000000000000e+00 1.000000000000000021e-08 -1.356602924200150384e-01 -4.212728774169907098e-01
-1.356602924200150384e-01 -4.212728774169907098e-01 2.000000000000000000e+00 1.000000000000000021e-08 -2.988302494955848432e-01 -1.631699570755698048e+00
-2.988302494955848432e-01 -1.631699570755698048e+00 1.000000000000000000e+00 1.000000000000000021e-08 -5.078026748056136963e-01 -2.089724253100287754e+00
-5.078026748056136963e-01 -2.089724253100287754e+00 0.000000000000000000e+00 1.000000000000000021e-08 -7.343121247076165314e-01 -2.265094499020028351e+00
-7.343121247076165314e-01 -2.265094499020028351e+00 1.000000000000000000e+00 1.000000000000000021e-08 -1.067476405547346907e+00 -3.331642808397303313e+00
-1.067476405547346907e+00 -3.331642808397303313e+00 1.000000000000000000e+00 1.000000000000000021e-08 -1.521036058982685901e+00 -4.535596534353389941e+00
-1.521036058982685901e+00 -4.535596534353389941e+00 0.000000000000000000e+00 9.999000000000000110e-01 -1.570796326794896558e+00 -5.000000000000000000e+00
3.253539376244776737e-02 8.327780814183954883e-02 2.000000000000000000e+00 1.000000000000000021e-08 -3.329873084420473250e-02 -6.583412460665249988e-01
-3.329873084420473250e-02 -6.583412460665249988e-01 1.000000000000000000e+00 1.000000000000000021e-08 -1.066050760050287066e-01 -7.330634516082397134e-01
-1.066050760050287066e-01 -7.330634516082397134e-01 2.000000000000000000e+00 1.000000000000000021e-08 -2.698131089329330878e-01 -1.632080329279043784e+00
-2.698131089329330878e-01 -1.632080329279043784e+00 2.000000000000000000e+00 1.000000000000000021e-08 -5.472825233439952974e-01 -2.774694144110622762e+00
-5.472825233439952974e-01 -2.774694144110622762e+00 0.000000000000000000e+00 1.000000000000000021e-08 -8.190804688213196849e-01 -2.717979454773243653e+00
-8.190804688213196849e-01 -2.717979454773243653e+00 2.000000000000000000e+00 1.000000000000000021e-08 -1.258575292937106571e+00 -4.394948241157867308e+00
-1.258575292937106571e+00 -4.394948241157867308e+00 2.000000000000000000e+00 9.999000000000000110e-01 -1.570796326794896558e+00 -5.000000000000000000e+00
5.887732723899332526e-02 8.459226110927983711e-02 0.000000000000000000e+00 1.000000000000000021e-08 1.506777557855548122e-01 9.180042854656148554e-01
1.506777557855548122e-01 9.180042854656148554e-01 0.000000000000000000e+00 1.000000000000000021e-08 3.701663528167522532e-01 2.194885970311974521e+00
3.701663528167522532e-01 2.194885970311974521e+00 0.000000000000000000e+00 1.000000000000000021e-08 7.324937829337676565e-01 3.623274301170153144e+00
7.324937829337676565e-01 3.623274301170153144e+00 1.000000000000000000e+00 1.000000000000000021e-08 1.200540429743691906e+00 4.680466468099242938e+00
1.200540429743691906e+00 4.680466468099242938e+00 2.000000000000000000e+00 9.999000000000000110e-01 1.570796326794896558e+00 5.000000000000000000e+00
-8.919028316891480790e-04 -7.368043278912159155e-02 0.000000000000000000e+00 1.000000000000000021e-08 9.422927714466673710e-02 9.512117997635587408e-01
9.422927714466673710e-02 9.512117997635587408e-01 2.000000000000000000e+00 1.000000000000000021e-08 1.233073239563975965e-01 2.907804681173086214e-01
1.233073239563975965e-01 2.907804681173086214e-01 0.000000000000000000e+00 1.000000000000000021e-08 2.769437114147590973e-01 1.536363874583615008e+00
2.769437114147590973e-01 1.536363874583615008e+00 1.000000000000000000e+00 1.000000000000000021e-08 4.759609105394114748e-01 1.990171991246523664e+00
4.759609105394114748e-01 1.990171991246523664e+00 0.000000000000000000e+00 1.000000000000000021e-08 8.268388558509246478e-01 3.508779453115131730e+00
8.268388558509246478e-01 3.508779453115131730e+00 0.000000000000000000e+00 1.000000000000000021e-08 1.330988736558735175e+00 5.000000000000000000e+00
1.330988736558735175e+00 5.000000000000000000e+00 2.000000000000000000e+00 9.999000000000000110e-01 1.570796326794896558e+00 5.000000000000000000e+00
-8.575538116537221450e-03 -7.515512084523659486e-02 1.000000000000000000e+00 1.000000000000000021e-08 -2.942898269329086505e-02 -2.085344457675364360e-01
-2.942898269329086505e-02 -2.085344457675364360e-01 1.000000000000000000e+00 1.000000000000000021e-08 -6.488520994841076583e-02 -3.545622725511989870e-01
