-6.761122995594723295e-02 2.206496159881620595e-02 1.000000000000000000e+00 1.000000000000000021e-08 -8.226947022727156000e-02 -1.465824027132432150e-01
-8.226947022727156000e-02 -1.465824027132432150e-01 2.000000000000000000e+00 1.000000000000000021e-08 -2.158786693950864310e-01 -1.336091991678148849e+00
-2.158786693950864310e-01 -1.336091991678148849e+00 2.000000000000000000e+00 1.000000000000000021e-08 -4.625337896154834705e-01 -2.466551202203970394e+00
-4.625337896154834705e-01 -2.466551202203970394e+00 0.000000000000000000e+00 1.000000000000000021e-08 -7.087781614575503486e-01 -2.462443718420668670e+00
-7.087781614575503486e-01 -2.462443718420668670e+00 2.000000000000000000e+00 1.000000000000000021e-08 -1.110466603109647510e+00 -4.016884416520971612e+00
-1.110466603109647510e+00 -4.016884416520971612e+00 2.000000000000000000e+00 9.999000000000000110e-01 -1.570796326794896558e+00 -5.000000000000000000e+00
2.409023023489220705e-02 -2.625189033023541535e-02 0.000000000000000000e+00 1.000000000000000021e-08 1.074243841765537000e-01 8.333415394166149293e-01
1.074243841765537000e-01 8.333415394166149293e-01 0.000000000000000000e+00 1.000000000000000021e-08 3.048766101935203587e-01 1.974522260169666588e+00
3.048766101935203587e-01 1.974522260169666588e+00 1.000000000000000000e+00 1.000000000000000021e-08 5.421473521017818875e-01 2.372707419082615399e+00
5.421473521017818875e-01 2.372707419082615399e+00 0.000000000000000000e+00 1.000000000000000021e-08 9.264745998951877670e-01 3.843272477934058351e+00
9.264745998951877670e-01 3.843272477934058351e+00 1.000000000000000000e+00 1.000000000000000021e-08 1.421232568859709389e+00 4.947579689645214884e+00
1.421232568859709389e+00 4.947579689645214884e+00 1.000000000000000000e+00 9.999000000000000110e-01 1.570796326794896558e+00 5.000000000000000000e+00
-4.863959724464881479e-02 3.859615455030857012e-02 1.000000000000000000e+00 1.000000000000000021e-08 -6.882685911735852979e-02 -2.018726187270972194e-01
-6.882685911735852979e-02 -2.018726187270972194e-01 1.000000000000000000e+00 1.000000000000000021e-08 -9.131802008468736798e-02 -2.249116096732883818e-01
-9.131802008468736798e-02 -2.249116096732883818e-01 2.000000000000000000e+00 1.000000000000000021e-08 -2.030580413428565989e-01 -1.117400212581692198e+00
-2.030580413428565989e-01 -1.117400212581692198e+00 2.000000000000000000e+00 1.000000000000000021e-08 -4.353483563122874100e-01 -2.322903149694307778e+00
-4.353483563122874100e-01 -2.322903149694307778e+00 0.000000000000000000e+00 1.000000000000000021e-08 -6.448558470882966853e-01 -2.095074907760092753e+00
-6.448558470882966853e-01 -2.095074907760092753e+00 2.000000000000000000e+00 1.000000000000000021e-08 -1.018766128921302805e+00 -3.739102818330061417e+00
-1.018766128921302805e+00 -3.739102818330061417e+00 0.000000000000000000e+00 1.000000000000000021e-08 -1.476849450907420813e+00 -4.580833219861179195e+00
-1.476849450907420813e+00 -4.580833219861179195e+00 0.000000000000000000e+00 9.999000000000000110e-01 -1.570796326794896558e+00 -5.000000000000000000e+00
-3.967675733412347888e-02 -4.946792965224537653e-02 1.000000000000000000e+00 1.000000000000000021e-08 -4.639164593929871044e-02 -6.714888605175232950e-02
-4.639164593929871044e-02 -6.714888605175232950e-02 2.000000000000000000e+00 1.000000000000000021e-08 -1.542128839055654232e-01 -1.078212379662667031e+00
-1.542128839055654232e-01 -1.078212379662667031e+00 1.000000000000000000e+00 1.000000000000000021e-08 -2.808712345014940936e-01 -1.266583505959286260e+00
-2.808712345014940936e-01 -1.266583505959286260e+00 0.000000000000000000e+00 1.000000000000000021e-08 -3.800737088266828434e-01 -9.920247432518876085e-01
-3.800737088266828434e-01 -9.920247432518876085e-01 1.000000000000000000e+00 1.000000000000000021e-08 -5.295122067524907772e-01 -1.494384979258079671e+00
-5.295122067524907772e-01 -1.494384979258079671e+00 0.000000000000000000e+00 1.000000000000000021e-08 -6.781642124467541777e-01 -1.486520056942633561e+00
-6.781642124467541777e-01 -1.486520056942633561e+00 2.000000000000000000e+00 1.000000000000000021e-08 -9.880638585777019589e-01 -3.098996461309477812e+00
-9.880638585777019589e-01 -3.098996461309477812e+00 0.000000000000000000e+00 1.000000000000000021e-08 -1.377834396140211748e+00 -3.897705375625097446e+00
-1.377834396140211748e+00 -3.897705375625097446e+00 1.000000000000000000e+00 9.999000000000000110e-01 -1.570796326794896558e+00 -5.000000000000000000e+00
-3.927241681393241202e-02 -2.331677519864516768e-03 1.000000000000000000e+00 1.000000000000000021e-08 -3.145180005795033401e-02 7.820616755982078006e-02
-3.145180005795033401e-02 7.820616755982078006e-02 1.000000000000000000e+00 1.000000000000000021e-08 -4.574088226730341905e-02 -1.428908220935308226e-01
-4.574088226730341905e-02 -1.428908220935308226e-01 1.000000000000000000e+00 1.000000000000000021e-08 -6.031763355394897247e-02 -1.457675128664555064e-01
-6.031763355394897247e-02 -1.457675128664555064e-01 1.000000000000000000e+00 1.000000000000000021e-08 -9.437202773513331255e-02 -3.405439418118434425e-01
-9.437202773513331255e-02 -3.405439418118434425e-01 0.000000000000000000e+00 1.000000000000000021e-08 -4.022107143856620826e-02 5.415095629656709875e-01
-4.022107143856620826e-02 5.415095629656709875e-01 2.000000000000000000e+00 1.000000000000000021e-08 -9.605917141648154245e-02 -5.583809997791533419e-01
-9.605917141648154245e-02 -5.583809997791533419e-01 2.000000000000000000e+00 1.000000000000000021e-08 -2.623353612407068325e-01 -1.662761898242252734e+00
-2.623353612407068325e-01 -1.662761898242252734e+00 1.000000000000000000e+00 1.000000000000000021e-08 -4.727611747616292659e-01 -2.104258135209224001e+00
-4.727611747616292659e-01 -2.104258135209224001e+00 2.000000000000000000e+00 1.000000000000000021e-08 -8.327150154928639747e-01 -3.599538407312346422e+00
-8.327150154928639747e-01 -3.599538407312346422e+00 1.000000000000000000e+00 1.000000000000000021e-08 -1.300772163610733223e+00 -4.680571481178692039e+00
-1.300772163610733223e+00 -4.680571481178692039e+00 2.000000000000000000e+00 9.999000000000000110e-01 -1.570796326794896558e+00 -5.000000000000000000e+00
-6.677371441886220671e-02 4.252368682232768315e-02 0.000000000000000000e+00 1.000000000000000021e-08 2.533785049830034053e-02 9.211156491716254724e-01
2.533785049830034053e-02 9.211156491716254724e-01 1.000000000000000000e+00 1.000000000000000021e-08 1.344155995232386713e-01 1.090777490249383197e+00
1.344155995232386713e-01 1.090777490249383197e+00 0.000000000000000000e+00 1.000000000000000021e-08 3.585750705887892353e-01 2.241594710655505196e+00
3.585750705887892353e-01 2.241594710655505196e+00 2.000000000000000000e+00 1.000000000000000021e-08 5.618786951417829023e-01 2.033036245529936892e+00
5.618786951417829023e-01 2.033036245529936892e+00 1.000000000000000000e+00 1.000000000000000021e-08 8.605032722939924827e-01 2.986245771522095360e+00
8.605032722939924827e-01 2.986245771522095360e+00 1.000000000000000000e+00 1.000000000000000021e-08 1.263581961752682226e+00 4.030786894586897873e+00
1.263581961752682226e+00 4.030786894586897873e+00 2.000000000000000000e+00 9.999000000000000110e-01 1.570796326794896558e+00 5.000000000000000000e+00
2.626815434770514088e-02 -7.571630609837347314e-02 0.000000000000000000e+00 1.000000000000000021e-08 1.037668614344069568e-01 7.749870708670181241e-01
1.037668614344069568e-01 7.749870708670181241e-01 1.000000000000000000e+00 1.000000000000000021e-08 2.113807745856913500e-01 1.076139131512843905e+00
2.113807745856913500e-01 1.076139131512843905e+00 2.000000000000000000e+00 1.000000000000000021e-08 2.541041599230732806e-01 4.272338533738194721e-01
2.541041599230732806e-01 4.272338533738194721e-01 2.000000000000000000e+00 1.000000000000000021e-08 2.713318566937548693e-01 1.722769677068158312e-01
2.713318566937548693e-01 1.722769677068158312e-01 2.000000000000000000e+00 1.000000000000000021e-08 2.506623668961062701e-01 -2.066948979764861583e-01
2.506623668961062701e-01 -2.066948979764861583e-01 0.000000000000000000e+00 1.000000000000000021e-08 3.656979163814665368e-01 1.150355494853602334e+00
3.656979163814665368e-01 1.150355494853602334e+00 2.000000000000000000e+00 1.000000000000000021e-08 4.485450525225559981e-01 8.284713614108947244e-01
4.485450525225559981e-01 8.284713614108947244e-01 2.000000000000000000e+00 1.000000000000000021e-08 5.347124769249398391e-01 8.616742440238385203e-01
5.347124769249398391e-01 8.616742440238385203e-01 1.000000000000000000e+00 1.000000000000000021e-08 7.065719052418668600e-01 1.718594283169270653e+00
7.065719052418668600e-01 1.718594283169270653e+00 2.000000000000000000e+00 1.000000000000000021e-08 9.251208443203614573e-01 2.185489390784946195e+00
9.251208443203614573e-01 2.185489390784946195e+00 1.000000000000000000e+00 1.000000000000000021e-08 1.264860039445295792e+00 3.397391951249343123e+00
1.264860039445295792e+00 3.397391951249343123e+00 1.000000000000000000e+00 9.999000000000000110e-01 1.570796326794896558e+00 4.785510035979966048e+00
7.857946828676871248e-03 -4.560120061626073140e-04 0.000000000000000000e+00 1.000000000000000021e-08 1.103368421018775108e-01 1.024788952732006431e+00
1.103368421018775108e-01 1.024788952732006431e+00 1.000000000000000000e+00 1.000000000000000021e-08 2.252647759368299474e-01 1.149279338349524338e+00
2.252647759368299474e-01 1.149279338349524338e+00 2.000000000000000000e+00 1.000000000000000021e-08 2.846773415433249133e-01 5.941256560649494922e-01
2.846773415433249133e-01 5.941256560649494922e-01 2.000000000000000000e+00 1.000000000000000021e-08 2.979261106228218714e-01 1.324876907949696925e-01
2.979261106228218714e-01 1.324876907949696925e-01 0.000000000000000000e+00 1.000000000000000021e-08 4.363175937519692127e-01 1.383914831291473524e+00
4.363175937519692127e-01 1.383914831291473524e+00 0.000000000000000000e+00 1.000000000000000021e-08 7.180905843747753536e-01 2.817729906228060521e+00
7.180905843747753536e-01 2.817729906228060521e+00 0.000000000000000000e+00 1.000000000000000021e-08 1.169864111487390890e+00 4.517735271126154473e+00
1.169864111487390890e+00 4.517735271126154473e+00 0.000000000000000000e+00 9.999000000000000110e-01 1.570796326794896558e+00 5.000000000000000000e+00
1.167377344097613942e-02 -4.262079378812373698e-02 2.000000000000000000e+00 1.000000000000000021e-08 -6.861068367284908764e-02 -8.028445711382522498e-01
-6.861068367284908764e-02 -8.028445711382522498e-01 2.000000000000000000e+00 1.000000000000000021e-08 -2.336899192178771290e-01 -1.650792355450280358e+00
-2.336899192178771290e-01 -1.650792355450280358e+00 1.000000000000000000e+00 1.000000000000000021e-08 -4.209001604259565710e-01 -1.872102412080794531e+00
-4.209001604259565710e-01 -1.872102412080794531e+00 1.000000000000000000e+00 1.000000000000000021e-08 -6.661751980929625505e-01 -2.452750376670059573e+00
-6.661751980929625505e-01 -2.452750376670059573e+00 2.000000000000000000e+00 1.000000000000000021e-08 -1.078307551260602182e+00 -4.121323531676395646e+00
-1.078307551260602182e+00 -4.121323531676395646e+00 2.000000000000000000e+00 9.999000000000000110e-01 -1.570796326794896558e+00 -5.000000000000000000e+00
7.564448651037060378e-02 4.067864605708479409e-02 2.000000000000000000e+00 1.000000000000000021e-08 8.365773420233521551e-03 -6.727871309013707668e-01
8.365773420233521551e-03 -6.727871309013707668e-01 2.000000000000000000e+00 1.000000000000000021e-08 -1.598315835775705462e-01 -1.681973569978040484e+00
-1.598315835775705462e-01 -1.681973569978040484e+00 0.000000000000000000e+00 1.000000000000000021e-08 -2.641199167602603648e-01 -1.042883331826897964e+00
-2.641199167602603648e-01 -1.042883331826897964e+00 1.000000000000000000e+00 1.000000000000000021e-08 -4.182908975562286136e-01 -1.541709807959682044e+00
-4.182908975562286136e-01 -1.541709807959682044e+00 2.000000000000000000e+00 1.000000000000000021e-08 -7.121378845520494050e-01 -2.938469869958208136e+00
-7.121378845520494050e-01 -2.938469869958208136e+00 2.000000000000000000e+00 1.000000000000000021e-08 -1.160752998290277116e+00 -4.486151137382276666e+00
-1.160752998290277116e+00 -4.486151137382276666e+00 2.000000000000000000e+00 9.999000000000000110e-01 -1.570796326794896558e+00 -5.000000000000000000e+00
-3.653140347959510370e-02 6.509954985406160577e-02 2.000000000000000000e+00 1.000000000000000021e-08 -1.258770716448252558e-01 -8.934566816523015209e-01
-1.258770716448252558e-01 -8.934566816523015209e-01 0.000000000000000000e+00 1.000000000000000021e-08 -1.365927755027883383e-01 -1.071570385796307701e-01
-1.365927755027883383e-01 -1.071570385796307701e-01 1.000000000000000000e+00 1.000000000000000021e-08 -1.823714622766020588e-01 -4.577868677381372042e-01
-1.823714622766020588e-01 -4.577868677381372042e-01 0.000000000000000000e+00 1.000000000000000021e-08 -1.692997850115642300e-01 1.307167726503783434e-01
-1.692997850115642300e-01 1.307167726503783434e-01 1.000000000000000000e+00 1.000000000000000021e-08 -1.765929104941655337e-01 -7.293125482601309217e-02
-1.765929104941655337e-01 -7.293125482601309217e-02 0.000000000000000000e+00 1.000000000000000021e-08 -1.213357302200605836e-01 5.525718027410495559e-01
-1.213357302200605836e-01 5.525718027410495559e-01 0.000000000000000000e+00 1.000000000000000021e-08 -4.023284421513798059e-03 1.173124457985467828e+00
-4.023284421513798059e-03 1.173124457985467828e+00 1.000000000000000000e+00 1.000000000000000021e-08 1.117591491018114919e-01 1.157824335233252899e+00
1.117591491018114919e-01 1.157824335233252899e+00 2.000000000000000000e+00 1.000000000000000021e-08 1.495250994152249879e-01 3.776595031341349884e-01
1.495250994152249879e-01 3.776595031341349884e-01 0.000000000000000000e+00 1.000000000000000021e-08 3.115994878653650657e-01 1.620743884501400833e+00
3.115994878653650657e-01 1.620743884501400833e+00 2.000000000000000000e+00 1.000000000000000021e-08 4.368360005532631041e-01 1.252365126878980384e+00
4.368360005532631041e-01 1.252365126878980384e+00 0.000000000000000000e+00 1.000000000000000021e-08 7.208349893725206625e-01 2.839989888192575584e+00
7.208349893725206625e-01 2.839989888192575584e+00 0.000000000000000000e+00 1.000000000000000021e-08 1.175185209317729740e+00 4.543502199452089663e+00
1.175185209317729740e+00 4.543502199452089663e+00 2.000000000000000000e+00 9.999000000000000110e-01 1.570796326794896558e+00 5.000000000000000000e+00
1.941986480299752807e-02 7.101146485918885531e-02 1.000000000000000000e+00 1.000000000000000021e-08 2.105408771185235048e-02 1.634222908854821021e-02
2.105408771185235048e-02 1.634222908854821021e-02 1.000000000000000000e+00 1.000000000000000021e-08 1.854169163054067426e-02 -2.512396081311674828e-02
1.854169163054067426e-02 -2.512396081311674828e-02 0.000000000000000000e+00 1.000000000000000021e-08 1.044678159138371781e-01 8.592612428329650109e-01
1.044678159138371781e-01 8.592612428329650109e-01 2.000000000000000000e+00 1.000000000000000021e-08 1.361944228711534088e-01 3.172660695731621683e-01
1.361944228711534088e-01 3.172660695731621683e-01 1.000000000000000000e+00 1.000000000000000021e-08 1.875904071558340547e-01 5.139598428468064029e-01
1.875904071558340547e-01 5.139598428468064029e-01 0.000000000000000000e+00 1.000000000000000021e-08 3.589989178673567150e-01 1.714085107115226103e+00
3.589989178673567150e-01 1.714085107115226103e+00 0.000000000000000000e+00 1.000000000000000021e-08 6.648139452181649478e-01 3.058150273508081440e+00
6.648139452181649478e-01 3.058150273508081440e+00 0.000000000000000000e+00 1.000000000000000021e-08 1.127490068020628344e+00 4.626761228024633077e+00
1.127490068020628344e+00 4.626761228024633077e+00 1.000000000000000000e+00 9.999000000000000110e-01 1.570796326794896558e+00 5.000000000000000000e+00
6.035219488953417338e-03 4.608331768715737131e-02 2.000000000000000000e+00 1.000000000000000021e-08 -6.429101810199165656e-02 -7.032623759094507321e-01
-6.429101810199165656e-02 -7.032623759094507321e-01 2.000000000000000000e+00 1.000000000000000021e-08 -2.233455034474768897e-01 -1.590544853454852081e+00
-2.233455034474768897e-01 -1.590544853454852081e+00 1.000000000000000000e+00 1.000000000000000021e-08 -4.276306572053309996e-01 -2.042851537578540988e+00
-4.276306572053309996e-01 -2.042851537578540988e+00 1.000000000000000000e+00 1.000000000000000021e-08 -6.987925924511433351e-01 -2.711619352458122911e+00
-6.987925924511433351e-01 -2.711619352458122911e+00 0.000000000000000000e+00 1.000000000000000021e-08 -9.972162697367230599e-01 -2.984236772855796804e+00
-9.972162697367230599e-01 -2.984236772855796804e+00 1.000000000000000000e+00 1.000000000000000021e-08 -1.414959437430884703e+00 -4.177431676941615990e+00
-1.414959437430884703e+00 -4.177431676941615990e+00 2.000000000000000000e+00 9.999000000000000110e-01 -1.570796326794896558e+00 -5.000000000000000000e+00
-6.605139058248893358e-02 -3.588801201225817056e-02 2.000000000000000000e+00 1.000000000000000021e-08 -1.657538638054525393e-01 -9.970247322296361681e-01
-1.657538638054525393e-01 -9.970247322296361681e-01 0.000000000000000000e+00 1.000000000000000021e-08 -1.907787212963608647e-01 -2.502485749090833655e-01
-1.907787212963608647e-01 -2.502485749090833655e-01 0.000000000000000000e+00 1.000000000000000021e-08 -1.791149224386132388e-01 1.166379885774761482e-01
-1.791149224386132388e-01 1.166379885774761482e-01 0.000000000000000000e+00 1.000000000000000021e-08 -1.210225801978585258e-01 5.809234224075470188e-01
-1.210225801978585258e-01 5.809234224075470188e-01 1.000000000000000000e+00 1.000000000000000021e-08 -9.664859921557344968e-02 2.437398098228508170e-01
-9.664859921557344968e-02 2.437398098228508170e-01 2.000000000000000000e+00 1.000000000000000021e-08 -1.797936568857588790e-01 -8.314505767018544047e-01
-1.797936568857588790e-01 -8.314505767018544047e-01 2.000000000000000000e+00 1.000000000000000021e-08 -3.934030471398254347e-01 -2.136093902540665113e+00
-3.934030471398254347e-01 -2.136093902540665113e+00 1.000000000000000000e+00 1.000000000000000021e-08 -6.641601393317584368e-01 -2.707570921919329354e+00
-6.641601393317584368e-01 -2.707570921919329354e+00 1.000000000000000000e+00 1.000000000000000021e-08 -1.032358763935699919e+00 -3.681986246039413491e+00
-1.032358763935699919e+00 -3.681986246039413491e+00 1.000000000000000000e+00 1.000000000000000021e-08 -1.525502042746867959e+00 -4.931432788111679955e+00
-1.525502042746867959e+00 -4.931432788111679955e+00 2.000000000000000000e+00 9.999000000000000110e-01 -1.570796326794896558e+00 -5.000000000000000000e+00
-7.771210689269843208e-04 5.719881998979255144e-02 0.000000000000000000e+00 1.000000000000000021e-08 8.981046410221356358e-02 9.058758517114053888e-01
8.981046410221356358e-02 9.058758517114053888e-01 1.000000000000000000e+00 1.000000000000000021e-08 2.066605390157374433e-01 1.168500749135238825e+00
2.066605390157374433e-01 1.168500749135238825e+00 1.000000000000000000e+00 1.000000000000000021e-08 3.724764483766557222e-01 1.658159093609182788e+00
3.724764483766557222e-01 1.658159093609182788e+00 1.000000000000000000e+00 1.000000000000000021e-08 5.916489317369674206e-01 2.191724833603116540e+00
5.916489317369674206e-01 2.191724833603116540e+00 1.000000000000000000e+00 1.000000000000000021e-08 8.902533357278442638e-01 2.986044039908768433e+00
8.902533357278442638e-01 2.986044039908768433e+00 0.000000000000000000e+00 1.000000000000000021e-08 1.348888396177790661e+00 4.586350604499463302e+00
1.348888396177790661e+00 4.586350604499463302e+00 0.000000000000000000e+00 9.999000000000000110e-01 1.570796326794896558e+00 5.000000000000000000e+00
5.503251950731002928e-02 -7.975759431687004519e-02 2.000000000000000000e+00 1.000000000000000021e-08 -2.422375942768473234e-02 -7.925627893499476162e-01
-2.422375942768473234e-02 -7.925627893499476162e-01 2.000000000000000000e+00 1.000000000000000021e-08 -1.871757634445196938e-01 -1.629520040168349393e+00
-1.871757634445196938e-01 -1.629520040168349393e+00 0.000000000000000000e+00 1.000000000000000021e-08 -3.090874132040903888e-01 -1.219116497595706727e+00
-3.090874132040903888e-01 -1.219116497595706727e+00 1.000000000000000000e+00 1.000000000000000021e-08 -4.846392219102396703e-01 -1.755518087061493038e+00
-4.846392219102396703e-01 -1.755518087061493038e+00 2.000000000000000000e+00 1.000000000000000021e-08 -8.120096891017019036e-01 -3.273704671914621667e+00
-8.120096891017019036e-01 -3.273704671914621667e+00 2.000000000000000000e+00 1.000000000000000021e-08 -1.297974827813284326e+00 -4.859651387115823340e+00
-1.297974827813284326e+00 -4.859651387115823340e+00 0.000000000000000000e+00 9.999000000000000110e-01 -1.570796326794896558e+00 -5.000000000000000000e+00
7.226673870668534616e-02 -5.666991469243322366e-02 0.000000000000000000e+00 1.000000000000000021e-08 1.719011379293906849e-01 9.963439922270533877e-01
1.719011379293906849e-01 9.963439922270533877e-01 0.000000000000000000e+00 1.000000000000000021e-08 3.722793425357202590e-01 2.003782046063295574e+00
3.722793425357202590e-01 2.003782046063295574e+00 1.000000000000000000e+00 1.000000000000000021e-08 6.353120282072579617e-01 2.630326856715377026e+00
6.353120282072579617e-01 2.630326856715377026e+00 1.000000000000000000e+00 1.000000000000000021e-08 9.801242109550492021e-01 3.448121827477911516e+00
9.801242109550492021e-01 3.448121827477911516e+00 0.000000000000000000e+00 1.000000000000000021e-08 1.479848097380347838e+00 4.997238864252985913e+00
1.479848097380347838e+00 4.997238864252985913e+00 0.000000000000000000e+00 9.999000000000000110e-01 1.570796326794896558e+00 5.000000000000000000e+00
-2.729944266115093277e-02 3.533907004020285514e-02 2.000000000000000000e+00 1.000000000000000021e-08 -1.110412054587410491e-01 -8.374176279759011354e-01
-1.110412054587410491e-01 -8.374176279759011354e-01 0.000000000000000000e+00 1.000000000000000021e-08 -1.153322895057510844e-01 -4.291084047010040869e-02
-1.153322895057510844e-01 -4.291084047010040869e-02 2.000000000000000000e+00 1.000000000000000021e-08 -2.144602668350589769e-01 -9.912797732930787031e-01
-2.144602668350589769e-01 -9.912797732930787031e-01 0.000000000000000000e+00 1.000000000000000021e-08 -2.691179947300224029e-01 -5.465772789496341488e-01
-2.691179947300224029e-01 -5.465772789496341488e-01 0.000000000000000000e+00 1.000000000000000021e-08 -2.936719940859600642e-01 -2.455399935593767236e-01
-2.936719940859600642e-01 -2.455399935593767236e-01 0.000000000000000000e+00 1.000000000000000021e-08 -2.817134210146989837e-01 1.195857307126105273e-01
-2.817134210146989837e-01 1.195857307126105273e-01 0.000000000000000000e+00 1.000000000000000021e-08 -2.326005173848244845e-01 4.911290362987449920e-01
-2.326005173848244845e-01 4.911290362987449920e-01 1.000000000000000000e+00 1.000000000000000021e-08 -2.146409452752396363e-01 1.795957210958484263e-01
-2.146409452752396363e-01 1.795957210958484263e-01 0.000000000000000000e+00 1.000000000000000021e-08 -1.360440612957908857e-01 7.859688397944873950e-01
-1.360440612957908857e-01 7.859688397944873950e-01 2.000000000000000000e+00 1.000000000000000021e-08 -1.683788489966523694e-01 -3.233478770086147813e-01
-1.683788489966523694e-01 -3.233478770086147813e-01 2.000000000000000000e+00 1.000000000000000021e-08 -3.031621861099034199e-01 -1.347833371132510560e+00
-3.031621861099034199e-01 -1.347833371132510560e+00 2.000000000000000000e+00 1.000000000000000021e-08 -5.741449250551320382e-01 -2.709827389452286628e+00
-5.741449250551320382e-01 -2.709827389452286628e+00 1.000000000000000000e+00 1.000000000000000021e-08 -9.351112113365273038e-01 -3.609662862813952433e+00
-9.351112113365273038e-01 -3.609662862813952433e+00 2.000000000000000000e+00 1.000000000000000021e-08 -1.463629470140298316e+00 -5.000000000000000000e+00
-1.463629470140298316e+00 -5.000000000000000000e+00 1.000000000000000000e+00 9.999000000000000110e-01 -1.570796326794896558e+00 -5.000000000000000000e+00
-7.923095760323237147e-02 -4.811663809512464751e-02 2.000000000000000000e+00 1.000000000000000021e-08 -1.907494200944671037e-01 -1.115184624912347378e+00
-1.907494200944671037e-01 -1.115184624912347378e+00 1.000000000000000000e+00 1.000000000000000021e-08 -3.416262715189086752e-01 -1.508768514244415826e+00
-3.416262715189086752e-01 -1.508768514244415826e+00 0.000000000000000000e+00 1.000000000000000021e-08 -4.730132555011559159e-01 -1.313869839822471963e+00
-4.730132555011559159e-01 -1.313869839822471963e+00 0.000000000000000000e+00 1.000000000000000021e-08 -6.175038186094444770e-01 -1.444905631082885167e+00
-6.175038186094444770e-01 -1.444905631082885167e+00 2.000000000000000000e+00 1.000000000000000021e-08 -9.269474753767208419e-01 -3.094436567672763871e+00
-9.269474753767208419e-01 -3.094436567672763871e+00 0.000000000000000000e+00 1.000000000000000021e-08 -1.304002068058600639e+00 -3.770545926818798854e+00
-1.304002068058600639e+00 -3.770545926818798854e+00 0.000000000000000000e+00 9.999000000000000110e-01 -1.570796326794896558e+00 -4.950434163262708687e+00
4.974726298275309461e-02 7.078423856380856860e-02 1.000000000000000000e+00 1.000000000000000021e-08 5.588300347223168485e-02 6.135740489478588161e-02
5.588300347223168485e-02 6.135740489478588161e-02 2.000000000000000000e+00 1.000000000000000021e-08 -2.843084155571898308e-02 -8.431384502795066238e-01
-2.843084155571898308e-02 -8.431384502795066238e-01 0.000000000000000000e+00 1.000000000000000021e-08 -4.401419368355390799e-02 -1.558335212783492629e-01
-4.401419368355390799e-02 -1.558335212783492629e-01 2.000000000000000000e+00 1.000000000000000021e-08 -1.551531000725530074e-01 -1.111389063889990814e+00
-1.551531000725530074e-01 -1.111389063889990814e+00 2.000000000000000000e+00 1.000000000000000021e-08 -3.818776218517867527e-01 -2.267245217792337009e+00
-3.818776218517867527e-01 -2.267245217792337009e+00 2.000000000000000000e+00 1.000000000000000021e-08 -7.408635902679903129e-01 -3.589859684162034714e+00
-7.408635902679903129e-01 -3.589859684162034714e+00 1.000000000000000000e+00 1.000000000000000021e-08 -1.199020391602572344e+00 -4.581568013345819423e+00
-1.199020391602572344e+00 -4.581568013345819423e+00 0.000000000000000000e+00 9.999000000000000110e-01 -1.570796326794896558e+00 -5.000000000000000000e+00
2.639560132215845040e-03 -1.019144743814731635e-03 1.000000000000000000e+00 1.000000000000000021e-08 -2.544486558184519756e-03 -5.184046690400364449e-02
-2.544486558184519756e-03 -5.184046690400364449e-02 1.000000000000000000e+00 1.000000000000000021e-08 -1.728266032472284067e-02 -1.473817376653832056e-01
-1.728266032472284067e-02 -1.473817376653832056e-01 2.000000000000000000e+00 1.000000000000000021e-08 -1.273143320475429996e-01 -1.100316717228201568e+00
-1.273143320475429996e-01 -1.100316717228201568e+00 2.000000000000000000e+00 1.000000000000000021e-08 -3.353215083336472113e-01 -2.080071762861042117e+00
-3.353215083336472113e-01 -2.080071762861042117e+00 0.000000000000000000e+00 1.000000000000000021e-08 -5.088946295811602738e-01 -1.735731212475130958e+00
-5.088946295811602738e-01 -1.735731212475130958e+00 0.000000000000000000e+00 1.000000000000000021e-08 -6.833750473780141332e-01 -1.744804177968538816e+00
-6.833750473780141332e-01 -1.744804177968538816e+00 0.000000000000000000e+00 1.000000000000000021e-08 -9.011480770706803423e-01 -2.177730296926662312e+00
-9.011480770706803423e-01 -2.177730296926662312e+00 2.000000000000000000e+00 1.000000000000000021e-08 -1.290269708601838206e+00 -3.891216315311579077e+00
-1.290269708601838206e+00 -3.891216315311579077e+00 0.000000000000000000e+00 9.999000000000000110e-01 -1.570796326794896558e+00 -5.000000000000000000e+00
-1.540555295232524935e-02 2.840881829920038903e-02 2.000000000000000000e+00 1.000000000000000021e-08 -1.129471530451525568e-01 -9.754160009282730748e-01
-1.129471530451525568e-01 -9.754160009282730748e-01 2.000000000000000000e+00 1.000000000000000021e-08 -3.002971045658261451e-01 -1.873499515206735744e+00
-3.002971045658261451e-01 -1.873499515206735744e+00 2.000000000000000000e+00 1.000000000000000021e-08 -6.207724263685687749e-01 -3.204753218027426520e+00
-6.207724263685687749e-01 -3.204753218027426520e+00 2.000000000000000000e+00 1.000000000000000021e-08 -1.101260244152230339e+00 -4.804878177836616082e+00
-1.101260244152230339e+00 -4.804878177836616082e+00 2.000000000000000000e+00 9.999000000000000110e-01 -1.570796326794896558e+00 -5.000000000000000000e+00
6.226171873207349272e-02 4.234044756478032301e-02 2.000000000000000000e+00 1.000000000000000021e-08 -2.212876598820144591e-02 -8.439048472027493863e-01
-2.212876598820144591e-02 -8.439048472027493863e-01 1.000000000000000000e+00 1.000000000000000021e-08 -1.102285610481481964e-01 -8.809979505994673943e-01
-1.102285610481481964e-01 -8.809979505994673943e-01 1.000000000000000000e+00 1.000000000000000021e-08 -1.997391328416012468e-01 -8.951057179345304204e-01
-1.997391328416012468e-01 -8.951057179345304204e-01 1.000000000000000000e+00 1.000000000000000021e-08 -3.379336423877301598e-01 -1.381945095461288853e+00
-3.379336423877301598e-01 -1.381945095461288853e+00 1.000000000000000000e+00 1.000000000000000021e-08 -5.215154366713301570e-01 -1.835817942835999750e+00
-5.215154366713301570e-01 -1.835817942835999750e+00 1.000000000000000000e+00 1.000000000000000021e-08 -7.905311391678337962e-01 -2.690157024965036836e+00
-7.905311391678337962e-01 -2.690157024965036836e+00 1.000000000000000000e+00 1.000000000000000021e-08 -1.167474879228074691e+00 -3.769437400602408506e+00
-1.167474879228074691e+00 -3.769437400602408506e+00 0.000000000000000000e+00 9.999000000000000110e-01 -1.570796326794896558e+00 -4.794661380633224113e+00
-6.336289145762463715e-02 7.643226060807811750e-02 2.000000000000000000e+00 1.000000000000000021e-08 -1.444988706797912248e-01 -8.113597922216657654e-01
-1.444988706797912248e-01 -8.113597922216657654e-01 1.000000000000000000e+00 1.000000000000000021e-08 -2.554705249396160838e-01 -1.109716542598248257e+00
-2.554705249396160838e-01 -1.109716542598248257e+00 1.000000000000000000e+00 1.000000000000000021e-08 -3.980978962066377136e-01 -1.426273712670216520e+00
-3.980978962066377136e-01 -1.426273712670216520e+00 1.000000000000000000e+00 1.000000000000000021e-08 -6.102074489009384761e-01 -2.121095526943007403e+00
-6.102074489009384761e-01 -2.121095526943007403e+00 2.000000000000000000e+00 1.000000000000000021e-08 -9.800749670213012577e-01 -3.698675181203627815e+00
-9.800749670213012577e-01 -3.698675181203627815e+00 1.000000000000000000e+00 1.000000000000000021e-08 -1.467315824010301251e+00 -4.872408569890000152e+00
-1.467315824010301251e+00 -4.872408569890000152e+00 2.000000000000000000e+00 9.999000000000000110e-01 -1.570796326794896558e+00 -5.000000000000000000e+00
2.610587376161401657e-02 -4.108780254508718338e-02 2.000000000000000000e+00 1.000000000000000021e-08 -7.759843623775072863e-02 -1.037043099993647521e+00
-7.759843623775072863e-02 -1.037043099993647521e+00 1.000000000000000000e+00 1.000000000000000021e-08 -1.885624314236563348e-01 -1.109639951859056062e+00
-1.885624314236563348e-01 -1.109639951859056062e+00 0.000000000000000000e+00 1.000000000000000021e-08 -2.448965508152946280e-01 -5.633411939163829318e-01
-2.448965508152946280e-01 -5.633411939163829318e-01 2.000000000000000000e+00 1.000000000000000021e-08 -4.233808276472895704e-01 -1.784842768319949258e+00
-4.233808276472895704e-01 -1.784842768319949258e+00 2.000000000000000000e+00 1.000000000000000021e-08 -7.587690850075771154e-01 -3.353882573602875450e+00
-7.587690850075771154e-01 -3.353882573602875450e+00 0.000000000000000000e+00 1.000000000000000021e-08 -1.136477233972531309e+00 -3.777081489649540380e+00
-1.136477233972531309e+00 -3.777081489649540380e+00 0.000000000000000000e+00 9.999000000000000110e-01 -1.570796326794896558e+00 -4.801302106132089520e+00
-3.789366748109117278e-02 -5.384795959221047590e-03 2.000000000000000000e+00 1.000000000000000021e-08 -1.201574997857726423e-01 -8.226383230468146124e-01
-1.201574997857726423e-01 -8.226383230468146124e-01 0.000000000000000000e+00 1.000000000000000021e-08 -1.227835887070784504e-01 -2.626088921305802515e-02
-1.227835887070784504e-01 -2.626088921305802515e-02 0.000000000000000000e+00 1.000000000000000021e-08 -4.944061399522889366e-02 7.334297471184955119e-01
-4.944061399522889366e-02 7.334297471184955119e-01 1.000000000000000000e+00 1.000000000000000021e-08 1.376744253974622467e-02 6.320805653497512111e-01
1.376744253974622467e-02 6.320805653497512111e-01 0.000000000000000000e+00 1.000000000000000021e-08 1.784599681756424139e-01 1.646925256358961809e+00
1.784599681756424139e-01 1.646925256358961809e+00 2.000000000000000000e+00 1.000000000000000021e-08 2.917532607750169538e-01 1.132932925993745510e+00
2.917532607750169538e-01 1.132932925993745510e+00 2.000000000000000000e+00 1.000000000000000021e-08 3.839251272222687361e-01 9.217186644725177125e-01
3.839251272222687361e-01 9.217186644725177125e-01 1.000000000000000000e+00 1.000000000000000021e-08 5.464689596544581862e-01 1.625438324321894168e+00
5.464689596544581862e-01 1.625438324321894168e+00 2.000000000000000000e+00 1.000000000000000021e-08 7.333482086717926229e-01 1.868792490173343701e+00
7.333482086717926229e-01 1.868792490173343701e+00 1.000000000000000000e+00 1.000000000000000021e-08 1.021017900600589279e+00 2.876696919287965670e+00
1.021017900600589279e+00 2.876696919287965670e+00 1.000000000000000000e+00 1.000000000000000021e-08 1.429580863336573637e+00 4.085629627359843141e+00
1.429580863336573637e+00 4.085629627359843141e+00 2.000000000000000000e+00 9.999000000000000110e-01 1.570796326794896558e+00 5.000000000000000000e+00
-4.020613314689569506e-02 -5.307421730572906698e-02 0.000000000000000000e+00 1.000000000000000021e-08 3.109180369112340969e-02 7.129793683801910475e-01
3.109180369112340969e-02 7.129793683801910475e-01 2.000000000000000000e+00 1.000000000000000021e-08 1.505769511845144251e-02 -1.603410857267196787e-01
1.505769511845144251e-02 -1.603410857267196787e-01 1.000000000000000000e+00 1.000000000000000021e-08 1.902784646295437379e-02 3.970151344502931279e-02
1.902784646295437379e-02 3.970151344502931279e-02 0.000000000000000000e+00 1.000000000000000021e-08 1.057866943584886005e-01 8.675884789553423015e-01
1.057866943584886005e-01 8.675884789553423015e-01 2.000000000000000000e+00 1.000000000000000021e-08 1.126736321262894330e-01 6.886937767800827004e-02
1.126736321262894330e-01 6.886937767800827004e-02 0.000000000000000000e+00 1.000000000000000021e-08 2.107225934339590767e-01 9.804896130766963536e-01
2.107225934339590767e-01 9.804896130766963536e-01 1.000000000000000000e+00 1.000000000000000021e-08 3.335224180985113529e-01 1.227998246645523039e+00
3.335224180985113529e-01 1.227998246645523039e+00 0.000000000000000000e+00 1.000000000000000021e-08 5.884980576231388927e-01 2.549756395246275176e+00
5.884980576231388927e-01 2.549756395246275176e+00 0.000000000000000000e+00 1.000000000000000021e-08 9.927059072363370040e-01 4.042078496131980891e+00
9.927059072363370040e-01 4.042078496131980891e+00 0.000000000000000000e+00 1.000000000000000021e-08 1.557867008718627266e+00 5.000000000000000000e+00
1.557867008718627266e+00 5.000000000000000000e+00 0.000000000000000000e+00 9.999000000000000110e-01 1.570796326794896558e+00 5.000000000000000000e+00
-5.157770567878401657e-02 -4.375992399865352711e-02 1.000000000000000000e+00 1.000000000000000021e-08 -6.908724354094659958e-02 -1.750953786216258024e-01
-6.908724354094659958e-02 -1.750953786216258024e-01 0.000000000000000000e+00 1.000000000000000021e-08 -1.616494986387104899e-02 5.292229367707554921e-01
-1.616494986387104899e-02 5.292229367707554921e-01 0.000000000000000000e+00 1.000000000000000021e-08 1.102242786076055026e-01 1.263892284714765335e+00
1.102242786076055026e-01 1.263892284714765335e+00 2.000000000000000000e+00 1.000000000000000021e-08 1.640634996942648693e-01 5.383922108665936124e-01
1.640634996942648693e-01 5.383922108665936124e-01 2.000000000000000000e+00 1.000000000000000021e-08 1.457401012994928857e-01 -1.832339839477199472e-01
1.457401012994928857e-01 -1.832339839477199472e-01 0.000000000000000000e+00 1.000000000000000021e-08 2.304365862168846757e-01 8.469648491739176777e-01
2.304365862168846757e-01 8.469648491739176777e-01 1.000000000000000000e+00 1.000000000000000021e-08 3.396257972528388125e-01 1.091892110359541368e+00
3.396257972528388125e-01 1.091892110359541368e+00 1.000000000000000000e+00 1.000000000000000021e-08 4.950232647836113609e-01 1.553974675307725040e+00
4.950232647836113609e-01 1.553974675307725040e+00 0.000000000000000000e+00 1.000000000000000021e-08 7.982273710904234099e-01 3.032041063068120490e+00
7.982273710904234099e-01 3.032041063068120490e+00 1.000000000000000000e+00 1.000000000000000021e-08 1.197441459076720838e+00 3.992140879862973613e+00
1.197441459076720838e+00 3.992140879862973613e+00 0.000000000000000000e+00 9.999000000000000110e-01 1.570796326794896558e+00 5.000000000000000000e+00
-1.539543397241988423e-02 7.256283095940301020e-02 0.000000000000000000e+00 1.000000000000000021e-08 8.839323790339076448e-02 1.037886718758106452e+00
8.839323790339076448e-02 1.037886718758106452e+00 0.000000000000000000e+00 1.000000000000000021e-08 3.093473254162407704e-01 2.209540875128499948e+00
3.093473254162407704e-01 2.209540875128499948e+00 1.000000000000000000e+00 1.000000000000000021e-08 5.919915709475046528e-01 2.826442455312638824e+00
5.919915709475046528e-01 2.826442455312638824e+00 1.000000000000000000e+00 1.000000000000000021e-08 9.632616066748534989e-01 3.712700357273488461e+00
9.632616066748534989e-01 3.712700357273488461e+00 1.000000000000000000e+00 1.000000000000000021e-08 1.454306348516233749e+00 4.910447418413802723e+00
1.454306348516233749e+00 4.910447418413802723e+00 1.000000000000000000e+00 9.999000000000000110e-01 1.570796326794896558e+00 5.000000000000000000e+00
3.782666293813614911e-02 -8.219370398720270143e-02 0.000000000000000000e+00 1.000000000000000021e-08 1.297397074937482464e-01 9.191304455561211117e-01
1.297397074937482464e-01 9.191304455561211117e-01 1.000000000000000000e+00 1.000000000000000021e-08 2.281377305780895037e-01 9.839802308434124622e-01
2.281377305780895037e-01 9.839802308434124622e-01 0.000000000000000000e+00 1.000000000000000021e-08 4.358160453690740344e-01 2.076783147909845084e+00
4.358160453690740344e-01 2.076783147909845084e+00 1.000000000000000000e+00 1.000000000000000021e-08 7.225345630565394028e-01 2.867185176874652797e+00
7.225345630565394028e-01 2.867185176874652797e+00 2.000000000000000000e+00 1.000000000000000021e-08 1.058409718583900760e+00 3.358751555273612688e+00
1.058409718583900760e+00 3.358751555273612688e+00 1.000000000000000000e+00 1.000000000000000021e-08 1.524749880913595312e+00 4.663401623296945964e+00
1.524749880913595312e+00 4.663401623296945964e+00 0.000000000000000000e+00 9.999000000000000110e-01 1.570796326794896558e+00 5.000000000000000000e+00
4.464990809459151028e-02 7.453880914159222160e-02 1.000000000000000000e+00 1.000000000000000021e-08 6.224650236168299822e-02 1.759659426709148655e-01
6.224650236168299822e-02 1.759659426709148655e-01 2.000000000000000000e+00 1.000000000000000021e-08 8.010500855170708812e-03 -5.423600150651228802e-01
8.010500855170708812e-03 -5.423600150651228802e-01 1.000000000000000000e+00 1.000000000000000021e-08 -5.230128411570525437e-02 -6.031178497087595902e-01
-5.230128411570525437e-02 -6.031178497087595902e-01 1.000000000000000000e+00 1.000000000000000021e-08 -1.293997074931353963e-01 -7.709842337743012530e-01
-1.293997074931353963e-01 -7.709842337743012530e-01 2.000000000000000000e+00 1.000000000000000021e-08 -3.164039290699198759e-01 -1.870042215767844684e+00
-3.164039290699198759e-01 -1.870042215767844684e+00 1.000000000000000000e+00 1.000000000000000021e-08 -5.404033787644548781e-01 -2.239994496945349578e+00
-5.404033787644548781e-01 -2.239994496945349578e+00 2.000000000000000000e+00 1.000000000000000021e-08 -9.313284904491431204e-01 -3.909251116846882201e+00
-9.313284904491431204e-01 -3.909251116846882201e+00 1.000000000000000000e+00 1.000000000000000021e-08 -1.443083549723475745e+00 -5.000000000000000000e+00
-1.443083549723475745e+00 -5.000000000000000000e+00 1.000000000000000000e+00 9.999000000000000110e-01 -1.570796326794896558e+00 -5.000000000000000000e+00
2.875815215990260715e-02 5.026853602647818331e-02 2.000000000000000000e+00 1.000000000000000021e-08 -4.145552383453773165e-02 -7.021367599444033880e-01
-4.145552383453773165e-02 -7.021367599444033880e-01 2.000000000000000000e+00 1.000000000000000021e-08 -1.954574881346104742e-01 -1.540019643000727356e+00
-1.954574881346104742e-01 -1.540019643000727356e+00 1.000000000000000000e+00 1.000000000000000021e-08 -3.730588895095747759e-01 -1.776014013749642961e+00
-3.730588895095747759e-01 -1.776014013749642961e+00 2.000000000000000000e+00 1.000000000000000021e-08 -6.954102302207723074e-01 -3.223513407111975315e+00
-6.954102302207723074e-01 -3.223513407111975315e+00 2.000000000000000000e+00 1.000000000000000021e-08 -1.178231511276408572e+00 -4.828212810556362200e+00
-1.178231511276408572e+00 -4.828212810556362200e+00 0.000000000000000000e+00 9.999000000000000110e-01 -1.570796326794896558e+00 -5.000000000000000000e+00
5.539547399036044706e-02 -5.123909573804980022e-02 2.000000000000000000e+00 1.000000000000000021e-08 -2.482543616242285922e-02 -8.022091015278329795e-01
-2.482543616242285922e-02 -8.022091015278329795e-01 1.000000000000000000e+00 1.000000000000000021e-08 -1.026199937483429497e-01 -7.779455758592008774e-01
-1.026199937483429497e-01 -7.779455758592008774e-01 0.000000000000000000e+00 1.000000000000000021e-08 -1.204922034787532237e-01 -1.787220973041027117e-01
-1.204922034787532237e-01 -1.787220973041027117e-01 0.000000000000000000e+00 1.000000000000000021e-08 -8.789790189082391514e-02 3.259430158792929744e-01
-8.789790189082391514e-02 3.259430158792929744e-01 0.000000000000000000e+00 1.000000000000000021e-08 1.876307690942263795e-02 1.066609788002465420e+00
1.876307690942263795e-02 1.066609788002465420e+00 0.000000000000000000e+00 1.000000000000000021e-08 2.323620970985013634e-01 2.135990201890787255e+00
2.323620970985013634e-01 2.135990201890787255e+00 0.000000000000000000e+00 1.000000000000000021e-08 5.753058510008446369e-01 3.429437539023432180e+00
5.753058510008446369e-01 3.429437539023432180e+00 0.000000000000000000e+00 1.000000000000000021e-08 1.062034308142666639e+00 4.867284571418220906e+00
1.062034308142666639e+00 4.867284571418220906e+00 1.000000000000000000e+00 9.999000000000000110e-01 1.570796326794896558e+00 5.000000000000000000e+00
4.732653938459466247e-02 -3.149959066743209662e-02 1.000000000000000000e+00 1.000000000000000021e-08 3.551000034149718459e-02 -1.181653904309747927e-01
3.551000034149718459e-02 -1.181653904309747927e-01 2.000000000000000000e+00 1.000000000000000021e-08 -4.902931486571083380e-02 -8.453931520720801007e-01
-4.902931486571083380e-02 -8.453931520720801007e-01 0.000000000000000000e+00 1.000000000000000021e-08 -6.242919634230484349e-02 -1.339988147659401108e-01
-6.242919634230484349e-02 -1.339988147659401108e-01 0.000000000000000000e+00 1.000000000000000021e-08 -2.951212364300792590e-04 6.213407510587476423e-01
-2.951212364300792590e-04 6.213407510587476423e-01 2.000000000000000000e+00 1.000000000000000021e-08 -1.885326843183745063e-02 -1.855814719540737068e-01
-1.885326843183745063e-02 -1.855814719540737068e-01 0.000000000000000000e+00 1.000000000000000021e-08 5.650472487984967151e-02 7.535799331168711035e-01
5.650472487984967151e-02 7.535799331168711035e-01 2.000000000000000000e+00 1.000000000000000021e-08 6.819719749810032594e-02 1.169247261825065998e-01
6.819719749810032594e-02 1.169247261825065998e-01 0.000000000000000000e+00 1.000000000000000021e-08 1.842725452656134855e-01 1.160753477675131373e+00
1.842725452656134855e-01 1.160753477675131373e+00 2.000000000000000000e+00 1.000000000000000021e-08 2.474321661599795386e-01 6.315962089436604199e-01
2.474321661599795386e-01 6.315962089436604199e-01 0.000000000000000000e+00 1.000000000000000021e-08 4.210082290935146521e-01 1.735760629335351135e+00
4.210082290935146521e-01 1.735760629335351135e+00 0.000000000000000000e+00 1.000000000000000021e-08 7.474958704035477020e-01 3.264876413100330055e+00
7.474958704035477020e-01 3.264876413100330055e+00 0.000000000000000000e+00 1.000000000000000021e-08 1.239523482315858516e+00 4.920276119123107250e+00
1.239523482315858516e+00 4.920276119123107250e+00 2.000000000000000000e+00 9.999000000000000110e-01 1.570796326794896558e+00 5.000000000000000000e+00
-4.035551514337588908e-02 2.074972931550863806e-02 1.000000000000000000e+00 1.000000000000000021e-08 -3.013289634829244973e-02 1.022261879508344073e-01
-3.013289634829244973e-02 1.022261879508344073e-01 0.000000000000000000e+00 1.000000000000000021e-08 5.306246555992191055e-02 8.319536190821434918e-01
5.306246555992191055e-02 8.319536190821434918e-01 1.000000000000000000e+00 1.000000000000000021e-08 1.423589360873478149e-01 8.929647052742590851e-01
1.423589360873478149e-01 8.929647052742590851e-01 1.000000000000000000e+00 1.000000000000000021e-08 2.566898806813452394e-01 1.143309445939974411e+00
2.566898806813452394e-01 1.143309445939974411e+00 0.000000000000000000e+00 1.000000000000000021e-08 5.034266656114276817e-01 2.467367849300824645e+00
5.034266656114276817e-01 2.467367849300824645e+00 1.000000000000000000e+00 1.000000000000000021e-08 8.203087381352216489e-01 3.168820725237939673e+00
8.203087381352216489e-01 3.168820725237939673e+00 0.000000000000000000e+00 1.000000000000000021e-08 1.296513575497732162e+00 4.762048373625106024e+00
1.296513575497732162e+00 4.762048373625106024e+00 2.000000000000000000e+00 9.999000000000000110e-01 1.570796326794896558e+00 5.000000000000000000e+00
-1.632880083202985916e-02 -7.020512707589043888e-02 2.000000000000000000e+00 1.000000000000000021e-08 -9.687245031955399321e-02 -8.054364948752412712e-01
-9.687245031955399321e-02 -8.054364948752412712e-01 0.000000000000000000e+00 1.000000000000000021e-08 -1.126209111798741475e-01 -1.574846086032015702e-01
-1.126209111798741475e-01 -1.574846086032015702e-01 1.000000000000000000e+00 1.000000000000000021e-08 -1.509736409118566658e-01 -3.835272973198250446e-01
-1.509736409118566658e-01 -3.835272973198250446e-01 1.000000000000000000e+00 1.000000000000000021e-08 -2.104393751200305807e-01 -5.946573420817391487e-01
-2.104393751200305807e-01 -5.946573420817391487e-01 2.000000000000000000e+00 1.000000000000000021e-08 -4.050585068193097715e-01 -1.946191316992791576e+00
-4.050585068193097715e-01 -1.946191316992791576e+00 2.000000000000000000e+00 1.000000000000000021e-08 -7.526399314936695895e-01 -3.475814246743597291e+00
-7.526399314936695895e-01 -3.475814246743597291e+00 0.000000000000000000e+00 1.000000000000000021e-08 -1.131112864484708380e+00 -3.784729329910387463e+00
-1.131112864484708380e+00 -3.784729329910387463e+00 2.000000000000000000e+00 9.999000000000000110e-01 -1.570796326794896558e+00 -5.000000000000000000e+00
-5.705273162107218909e-02 2.333044202127553673e-03 2.000000000000000000e+00 1.000000000000000021e-08 -1.640045077134345552e-01 -1.069517760923623495e+00
-1.640045077134345552e-01 -1.069517760923623495e+00 2.000000000000000000e+00 1.000000000000000021e-08 -3.836593384007060403e-01 -2.196548306872714740e+00
-3.836593384007060403e-01 -2.196548306872714740e+00 2.000000000000000000e+00 1.000000000000000021e-08 -7.308887327550663837e-01 -3.472293943543603767e+00
-7.308887327550663837e-01 -3.472293943543603767e+00 2.000000000000000000e+00 1.000000000000000021e-08 -1.240484363936391166e+00 -5.000000000000000000e+00
-1.240484363936391166e+00 -5.000000000000000000e+00 1.000000000000000000e+00 9.999000000000000110e-01 -1.570796326794896558e+00 -5.000000000000000000e+00
-4.871625489823308564e-02 8.345735755118043053e-02 0.000000000000000000e+00 1.000000000000000021e-08 4.514589237757751783e-02 9.386214727581060346e-01
4.514589237757751783e-02 9.386214727581060346e-01 2.000000000000000000e+00 1.000000000000000021e-08 5.913284425994015658e-02 1.398695188236264153e-01
5.913284425994015658e-02 1.398695188236264153e-01 2.000000000000000000e+00 1.000000000000000021e-08 3.879002466218625655e-03 -5.525384179372152538e-01
3.879002466218625655e-03 -5.525384179372152538e-01 0.000000000000000000e+00 1.000000000000000021e-08 2.471838974631298397e-02 2.083938728009435692e-01
2.471838974631298397e-02 2.083938728009435692e-01 1.000000000000000000e+00 1.000000000000000021e-08 4.165557963705443512e-02 1.693718989074144698e-01
4.165557963705443512e-02 1.693718989074144698e-01 0.000000000000000000e+00 1.000000000000000021e-08 1.681742479574070415e-01 1.265186683203526119e+00
1.681742479574070415e-01 1.265186683203526119e+00 2.000000000000000000e+00 1.000000000000000021e-08 2.424733311333669150e-01 7.429908317595986800e-01
2.424733311333669150e-01 7.429908317595986800e-01 2.000000000000000000e+00 1.000000000000000021e-08 2.822820742039516273e-01 3.980874307058469563e-01
2.822820742039516273e-01 3.980874307058469563e-01 0.000000000000000000e+00 1.000000000000000021e-08 4.483965293616708481e-01 1.661144551577192097e+00
4.483965293616708481e-01 1.661144551577192097e+00 0.000000000000000000e+00 1.000000000000000021e-08 7.514246489765674664e-01 3.030281196148966405e+00
7.514246489765674664e-01 3.030281196148966405e+00 0.000000000000000000e+00 1.000000000000000021e-08 1.212853813243594869e+00 4.614291642670274030e+00
1.212853813243594869e+00 4.614291642670274030e+00 1.000000000000000000e+00 9.999000000000000110e-01 1.570796326794896558e+00 5.000000000000000000e+00
-8.056329681329917058e-02 7.747393493938824205e-02 2.000000000000000000e+00 1.000000000000000021e-08 -1.768634832806553758e-01 -9.630018646735620802e-01
-1.768634832806553758e-01 -9.630018646735620802e-01 1.000000000000000000e+00 1.000000000000000021e-08 -3.030165955608044026e-01 -1.261531122801490268e+00
-3.030165955608044026e-01 -1.261531122801490268e+00 2.000000000000000000e+00 1.000000000000000021e-08 -5.564417688231855230e-01 -2.534251732623810760e+00
-5.564417688231855230e-01 -2.534251732623810760e+00 1.000000000000000000e+00 1.000000000000000021e-08 -8.935872596890779285e-01 -3.371454908658923610e+00
-8.935872596890779285e-01 -3.371454908658923610e+00 2.000000000000000000e+00 1.000000000000000021e-08 -1.394001060762585009e+00 -5.000000000000000000e+00
-1.394001060762585009e+00 -5.000000000000000000e+00 0.000000000000000000e+00 9.999000000000000110e-01 -1.570796326794896558e+00 -5.000000000000000000e+00
-7.838260339136370047e-02 -8.128853783837612645e-02 2.000000000000000000e+00 1.000000000000000021e-08 -2.009145455214109421e-01 -1.225319421300472333e+00
-2.009145455214109421e-01 -1.225319421300472333e+00 1.000000000000000000e+00 1.000000000000000021e-08 -3.403394231541865267e-01 -1.394248776327755568e+00
-3.403394231541865267e-01 -1.394248776327755568e+00 1.000000000000000000e+00 1.000000000000000021e-08 -5.271021974908782770e-01 -1.867627743366917725e+00
-5.271021974908782770e-01 -1.867627743366917725e+00 0.000000000000000000e+00 1.000000000000000021e-08 -7.310072315471469739e-01 -2.039050340562686525e+00
-7.310072315471469739e-01 -2.039050340562686525e+00 1.000000000000000000e+00 1.000000000000000021e-08 -1.041623048971216381e+00 -3.106158174240692738e+00
-1.041623048971216381e+00 -3.106158174240692738e+00 2.000000000000000000e+00 1.000000000000000021e-08 -1.520885361541263636e+00 -4.792623125700472109e+00
-1.520885361541263636e+00 -4.792623125700472109e+00 1.000000000000000000e+00 9.999000000000000110e-01 -1.570796326794896558e+00 -5.000000000000000000e+00
7.024541737088886573e-02 1.717163448718856192e-02 2.000000000000000000e+00 1.000000000000000021e-08 1.080222931782500589e-02 -5.944318805306385567e-01
1.080222931782500589e-02 -5.944318805306385567e-01 2.000000000000000000e+00 1.000000000000000021e-08 -1.443914952038188870e-01 -1.551937245216438832e+00
-1.443914952038188870e-01 -1.551937245216438832e+00 0.000000000000000000e+00 1.000000000000000021e-08 -2.290071602548116037e-01 -8.461566505099269442e-01
-2.290071602548116037e-01 -8.461566505099269442e-01 2.000000000000000000e+00 1.000000000000000021e-08 -4.223772199737991784e-01 -1.933700597189875525e+00
-4.223772199737991784e-01 -1.933700597189875525e+00 2.000000000000000000e+00 1.000000000000000021e-08 -7.683382790332362600e-01 -3.459610590594370372e+00
-7.683382790332362600e-01 -3.459610590594370372e+00 2.000000000000000000e+00 1.000000000000000021e-08 -1.262968186532808179e+00 -4.946299074995719636e+00
-1.262968186532808179e+00 -4.946299074995719636e+00 1.000000000000000000e+00 9.999000000000000110e-01 -1.570796326794896558e+00 -5.000000000000000000e+00
8.342887268222019814e-02 4.919835625120931588e-02 0.000000000000000000e+00 1.000000000000000021e-08 1.751700142607162669e-01 9.174114157849604378e-01
1.751700142607162669e-01 9.174114157849604378e-01 0.000000000000000000e+00 1.000000000000000021e-08 3.804186291020492661e-01 2.052486148413330103e+00
3.804186291020492661e-01 2.052486148413330103e+00 0.000000000000000000e+00 1.000000000000000021e-08 7.281576092068238193e-01 3.477389801047745976e+00
7.281576092068238193e-01 3.477389801047745976e+00 0.000000000000000000e+00 1.000000000000000021e-08 1.230921724297899811e+00 5.000000000000000000e+00
1.230921724297899811e+00 5.000000000000000000e+00 1.000000000000000000e+00 9.999000000000000110e-01 1.570796326794896558e+00 5.000000000000000000e+00
-2.838377852026636311e-03 5.975774884949616728e-02 1.000000000000000000e+00 1.000000000000000021e-08 -7.834195517840560757e-03 -4.995817665813924446e-02
-7.834195517840560757e-03 -4.995817665813924446e-02 1.000000000000000000e+00 1.000000000000000021e-08 -2.402876101402790648e-02 -1.619456549618734365e-01
-2.402876101402790648e-02 -1.619456549618734365e-01 2.000000000000000000e+00 1.000000000000000021e-08 -1.171910648239780917e-01 -9.316230380995018656e-01
-1.171910648239780917e-01 -9.316230380995018656e-01 0.000000000000000000e+00 1.000000000000000021e-08 -1.317777983389463170e-01 -1.458673351496821979e-01
-1.317777983389463170e-01 -1.458673351496821979e-01 2.000000000000000000e+00 1.000000000000000021e-08 -2.635762740923817127e-01 -1.317984757534353735e+00
-2.635762740923817127e-01 -1.317984757534353735e+00 1.000000000000000000e+00 1.000000000000000021e-08 -4.330540570820611279e-01 -1.694777829896794374e+00
-4.330540570820611279e-01 -1.694777829896794374e+00 1.000000000000000000e+00 1.000000000000000021e-08 -6.742105450431455926e-01 -2.411564879610844869e+00
-6.742105450431455926e-01 -2.411564879610844869e+00 0.000000000000000000e+00 1.000000000000000021e-08 -9.370498408536369617e-01 -2.628392958104913912e+00
-9.370498408536369617e-01 -2.628392958104913912e+00 2.000000000000000000e+00 1.000000000000000021e-08 -1.367998854089333527e+00 -4.309490132356966541e+00
-1.367998854089333527e+00 -4.309490132356966541e+00 2.000000000000000000e+00 9.999000000000000110e-01 -1.570796326794896558e+00 -5.000000000000000000e+00
5.219821575519874302e-02 -2.783667274708960526e-02 1.000000000000000000e+00 1.000000000000000021e-08 4.970412668704703857e-02 -2.494089068151705141e-02
4.970412668704703857e-02 -2.494089068151705141e-02 2.000000000000000000e+00 1.000000000000000021e-08 -1.900320734766613312e-02 -6.870733403471317446e-01
-1.900320734766613312e-02 -6.870733403471317446e-01 2.000000000000000000e+00 1.000000000000000021e-08 -1.756344169033542957e-01 -1.566312095556881445e+00
-1.756344169033542957e-01 -1.566312095556881445e+00 2.000000000000000000e+00 1.000000000000000021e-08 -4.357569042996036757e-01 -2.601224873962493689e+00
-4.357569042996036757e-01 -2.601224873962493689e+00 2.000000000000000000e+00 1.000000000000000021e-08 -8.467647453557064496e-01 -4.110078410561027518e+00
-8.467647453557064496e-01 -4.110078410561027518e+00 0.000000000000000000e+00 1.000000000000000021e-08 -1.299111052921919196e+00 -4.523463075662128574e+00
-1.299111052921919196e+00 -4.523463075662128574e+00 0.000000000000000000e+00 9.999000000000000110e-01 -1.570796326794896558e+00 -5.000000000000000000e+00
7.297314453878925300e-02 -6.691637472548833676e-03 1.000000000000000000e+00 1.000000000000000021e-08 9.887884017024121952e-02 2.590569563145196375e-01
9.887884017024121952e-02 2.590569563145196375e-01 0.000000000000000000e+00 1.000000000000000021e-08 2.297714194576283564e-01 1.308925792873871341e+00
2.297714194576283564e-01 1.308925792873871341e+00 1.000000000000000000e+00 1.000000000000000021e-08 4.016176227264930398e-01 1.718462032688646612e+00
4.016176227264930398e-01 1.718462032688646612e+00 1.000000000000000000e+00 1.000000000000000021e-08 6.341081702132020936e-01 2.324905474867089872e+00
6.341081702132020936e-01 2.324905474867089872e+00 2.000000000000000000e+00 1.000000000000000021e-08 8.931855275837295993e-01 2.590773573705274835e+00
8.931855275837295993e-01 2.590773573705274835e+00 1.000000000000000000e+00 1.000000000000000021e-08 1.276279580451209927e+00 3.830940528674804391e+00
1.276279580451209927e+00 3.830940528674804391e+00 2.000000000000000000e+00 9.999000000000000110e-01 1.570796326794896558e+00 4.949588463555750550e+00
5.144000970220465735e-02 -5.841474326943006667e-04 0.000000000000000000e+00 1.000000000000000021e-08 1.624714169144034215e-01 1.110314072121987516e+00
1.624714169144034215e-01 1.110314072121987516e+00 2.000000000000000000e+00 1.000000000000000021e-08 2.209226939068195117e-01 5.845127699241609021e-01
2.209226939068195117e-01 5.845127699241609021e-01 1.000000000000000000e+00 1.000000000000000021e-08 3.282112621636195104e-01 1.072885682567999766e+00
3.282112621636195104e-01 1.072885682567999766e+00 1.000000000000000000e+00 1.000000000000000021e-08 4.967763594711446795e-01 1.685650973075251580e+00
4.967763594711446795e-01 1.685650973075251580e+00 0.000000000000000000e+00 1.000000000000000021e-08 8.125600668309349572e-01 3.157837073597901778e+00
8.125600668309349572e-01 3.157837073597901778e+00 0.000000000000000000e+00 1.000000000000000021e-08 1.288119997630154057e+00 4.755599307992191882e+00
1.288119997630154057e+00 4.755599307992191882e+00 0.000000000000000000e+00 9.999000000000000110e-01 1.570796326794896558e+00 5.000000000000000000e+00
-8.055014560664916501e-02 -2.173885307289365187e-02 2.000000000000000000e+00 1.000000000000000021e-08 -1.845305692952388388e-01 -1.039804236885896627e+00
-1.845305692952388388e-01 -1.039804236885896627e+00 1.000000000000000000e+00 1.000000000000000021e-08 -3.103038863753332377e-01 -1.257733170800943601e+00
-3.103038863753332377e-01 -1.257733170800943601e+00 2.000000000000000000e+00 1.000000000000000021e-08 -5.662687510532583568e-01 -2.559648646779251191e+00
-5.662687510532583568e-01 -2.559648646779251191e+00 1.000000000000000000e+00 1.000000000000000021e-08 -8.980176128755853471e-01 -3.317488618223269459e+00
-8.980176128755853471e-01 -3.317488618223269459e+00 0.000000000000000000e+00 1.000000000000000021e-08 -1.284130754786789730e+00 -3.861131419112042273e+00
-1.284130754786789730e+00 -3.861131419112042273e+00 0.000000000000000000e+00 9.999000000000000110e-01 -1.570796326794896558e+00 -4.970229199985359614e+00
-5.606709843407378657e-02 -4.677150132760937717e-02 0.000000000000000000e+00 1.000000000000000021e-08 2.478057715548034889e-02 8.084767558955412436e-01
2.478057715548034889e-02 8.084767558955412436e-01 1.000000000000000000e+00 1.000000000000000021e-08 1.065721922389832044e-01 8.179161508350284437e-01
1.065721922389832044e-01 8.179161508350284437e-01 1.000000000000000000e+00 1.000000000000000021e-08 2.007456152537323013e-01 9.417342301474908028e-01
2.007456152537323013e-01 9.417342301474908028e-01 2.000000000000000000e+00 1.000000000000000021e-08 2.262396845997301509e-01 2.549406934599783847e-01
2.262396845997301509e-01 2.549406934599783847e-01 0.000000000000000000e+00 1.000000000000000021e-08 3.584933576899439478e-01 1.322536730902137858e+00
3.584933576899439478e-01 1.322536730902137858e+00 2.000000000000000000e+00 1.000000000000000021e-08 4.716211522541849388e-01 1.131277945642409799e+00
4.716211522541849388e-01 1.131277945642409799e+00 2.000000000000000000e+00 1.000000000000000021e-08 5.884193765073852944e-01 1.167982242532003223e+00
5.884193765073852944e-01 1.167982242532003223e+00 1.000000000000000000e+00 1.000000000000000021e-08 8.036110519713628442e-01 2.151916754639775942e+00
8.036110519713628442e-01 2.151916754639775942e+00 0.000000000000000000e+00 1.000000000000000021e-08 1.177331922893157357e+00 3.737208709217945124e+00
1.177331922893157357e+00 3.737208709217945124e+00 2.000000000000000000e+00 9.999000000000000110e-01 1.570796326794896558e+00 4.722388921675016782e+00
1.726489841844137257e-03 -2.524748687317848045e-02 2.000000000000000000e+00 1.000000000000000021e-08 -1.046418509580611250e-01 -1.063683407999052477e+00
-1.046418509580611250e-01 -1.063683407999052477e+00 0.000000000000000000e+00 1.000000000000000021e-08 -1.581517760526696681e-01 -5.350992509460854585e-01
-1.581517760526696681e-01 -5.350992509460854585e-01 1.000000000000000000e+00 1.000000000000000021e-08 -2.387451990309754357e-01 -8.059342297830576207e-01
-2.387451990309754357e-01 -8.059342297830576207e-01 2.000000000000000000e+00 1.000000000000000021e-08 -4.591354515961640348e-01 -2.203902525651885824e+00
-4.591354515961640348e-01 -2.203902525651885824e+00 2.000000000000000000e+00 1.000000000000000021e-08 -8.262602224968964570e-01 -3.671247709007323223e+00
-8.262602224968964570e-01 -3.671247709007323223e+00 2.000000000000000000e+00 1.000000000000000021e-08 -1.349316583545508763e+00 -5.000000000000000000e+00
-1.349316583545508763e+00 -5.000000000000000000e+00 0.000000000000000000e+00 9.999000000000000110e-01 -1.570796326794896558e+00 -5.000000000000000000e+00
4.101709812362231561e-02 6.309508320301579487e-02 2.000000000000000000e+00 1.000000000000000021e-08 -1.648737505833827027e-02 -5.750447318196058033e-01
-1.648737505833827027e-02 -5.750447318196058033e-01 0.000000000000000000e+00 1.000000000000000021e-08 1.559082987140969490e-02 3.207820492974796656e-01
1.559082987140969490e-02 3.207820492974796656e-01 0.000000000000000000e+00 1.000000000000000021e-08 1.312548573839126265e-01 1.156640275125029316e+00
1.312548573839126265e-01 1.156640275125029316e+00 2.000000000000000000e+00 1.000000000000000021e-08 1.968911550615422834e-01 6.563629767762965139e-01
1.968911550615422834e-01 6.563629767762965139e-01 0.000000000000000000e+00 1.000000000000000021e-08 3.656906694427015658e-01 1.687995143811592769e+00
3.656906694427015658e-01 1.687995143811592769e+00 1.000000000000000000e+00 1.000000000000000021e-08 6.078524455794430681e-01 2.421617761367414801e+00
6.078524455794430681e-01 2.421617761367414801e+00 2.000000000000000000e+00 1.000000000000000021e-08 8.678711616200782686e-01 2.600187160406351783e+00
8.678711616200782686e-01 2.600187160406351783e+00 2.000000000000000000e+00 1.000000000000000021e-08 1.185383307650814011e+00 3.175121460307357424e+00
1.185383307650814011e+00 3.175121460307357424e+00 2.000000000000000000e+00 9.999000000000000110e-01 1.570796326794896558e+00 4.279255375774300596e+00
6.973929023185060361e-02 -2.609364307057621818e-02 0.000000000000000000e+00 1.000000000000000021e-08 1.641435083391539762e-01 9.440421810730336150e-01
1.641435083391539762e-01 9.440421810730336150e-01 2.000000000000000000e+00 1.000000000000000021e-08 2.011697466270924162e-01 3.702623828793842886e-01
2.011697466270924162e-01 3.702623828793842886e-01 2.000000000000000000e+00 1.000000000000000021e-08 1.726051403520399707e-01 -2.856460627505243988e-01
1.726051403520399707e-01 -2.856460627505243988e-01 0.000000000000000000e+00 1.000000000000000021e-08 2.448648158089421489e-01 7.225967545690217264e-01
2.448648158089421489e-01 7.225967545690217264e-01 2.000000000000000000e+00 1.000000000000000021e-08 2.670448949498214763e-01 2.218007914087934962e-01
2.670448949498214763e-01 2.218007914087934962e-01 2.000000000000000000e+00 1.000000000000000021e-08 2.449252689268656691e-01 -2.211962602295581837e-01
2.449252689268656691e-01 -2.211962602295581837e-01 2.000000000000000000e+00 1.000000000000000021e-08 1.792709484845361190e-01 -6.565432044232956121e-01
1.792709484845361190e-01 -6.565432044232956121e-01 1.000000000000000000e+00 1.000000000000000021e-08 1.269225200656816099e-01 -5.234842841885449793e-01
1.269225200656816099e-01 -5.234842841885449793e-01 1.000000000000000000e+00 1.000000000000000021e-08 9.528118101026279707e-02 -3.164133905541881009e-01
9.528118101026279707e-02 -3.164133905541881009e-01 0.000000000000000000e+00 1.000000000000000021e-08 1.718631239277101930e-01 7.658194291744737647e-01
1.718631239277101930e-01 7.658194291744737647e-01 1.000000000000000000e+00 1.000000000000000021e-08 2.726472952224040514e-01 1.007841712946938584e+00
2.726472952224040514e-01 1.007841712946938584e+00 0.000000000000000000e+00 1.000000000000000021e-08 5.049586444494092996e-01 2.323113492270052483e+00
5.049586444494092996e-01 2.323113492270052483e+00 2.000000000000000000e+00 1.000000000000000021e-08 7.543412384956451611e-01 2.493825940462357948e+00
7.543412384956451611e-01 2.493825940462357948e+00 0.000000000000000000e+00 1.000000000000000021e-08 1.173301780823138962e+00 4.189605423274938012e+00
1.173301780823138962e+00 4.189605423274938012e+00 1.000000000000000000e+00 9.999000000000000110e-01 1.570796326794896558e+00 5.000000000000000000e+00
-7.450352293053517927e-02 6.188678467758539775e-02 0.000000000000000000e+00 1.000000000000000021e-08 5.790061776671934224e-03 8.029358470720711072e-01
5.790061776671934224e-03 8.029358470720711072e-01 0.000000000000000000e+00 1.000000000000000021e-08 1.750424146222972488e-01 1.692523528456252979e+00
1.750424146222972488e-01 1.692523528456252979e+00 2.000000000000000000e+00 1.000000000000000021e-08 3.032944272196915758e-01 1.282520125973943159e+00
3.032944272196915758e-01 1.282520125973943159e+00 1.000000000000000000e+00 1.000000000000000021e-08 4.801629196468798488e-01 1.768684924271882508e+00
4.801629196468798488e-01 1.768684924271882508e+00 0.000000000000000000e+00 1.000000000000000021e-08 7.996019460294230274e-01 3.194390263825431120e+00
7.996019460294230274e-01 3.194390263825431120e+00 0.000000000000000000e+00 1.000000000000000021e-08 1.279347211650117000e+00 4.797452656206939281e+00
1.279347211650117000e+00 4.797452656206939281e+00 1.000000000000000000e+00 9.999000000000000110e-01 1.570796326794896558e+00 5.000000000000000000e+00
-8.459085810880186129e-02 -7.197588890502809589e-02 0.000000000000000000e+00 1.000000000000000021e-08 -2.486529187955285186e-02 5.972556622924900527e-01
-2.486529187955285186e-02 5.972556622924900527e-01 0.000000000000000000e+00 1.000000000000000021e-08 1.302763939998436149e-01 1.551416858793964515e+00
1.302763939998436149e-01 1.551416858793964515e+00 1.000000000000000000e+00 1.000000000000000021e-08 3.009084458784635485e-01 1.706320518786198948e+00
3.009084458784635485e-01 1.706320518786198948e+00 2.000000000000000000e+00 1.000000000000000021e-08 4.492429124642324245e-01 1.483344665857688538e+00
4.492429124642324245e-01 1.483344665857688538e+00 0.000000000000000000e+00 1.000000000000000021e-08 7.428721452265083514e-01 2.936292327622759046e+00
7.428721452265083514e-01 2.936292327622759046e+00 0.000000000000000000e+00 1.000000000000000021e-08 1.193634612583049037e+00 4.507624673565405971e+00
1.193634612583049037e+00 4.507624673565405971e+00 2.000000000000000000e+00 9.999000000000000110e-01 1.570796326794896558e+00 5.000000000000000000e+00
6.366306355526341054e-02 1.331860134802055617e-02 0.000000000000000000e+00 1.000000000000000021e-08 1.550294994590479813e-01 9.136643590378457080e-01
1.550294994590479813e-01 9.136643590378457080e-01 2.000000000000000000e+00 1.000000000000000021e-08 1.726557945348348444e-01 1.762629507578685750e-01
1.726557945348348444e-01 1.762629507578685750e-01 2.000000000000000000e+00 1.000000000000000021e-08 1.456439186010680120e-01 -2.701187593376683793e-01
1.456439186010680120e-01 -2.701187593376683793e-01 0.000000000000000000e+00 1.000000000000000021e-08 2.348559946712090452e-01 8.921207607014101093e-01
2.348559946712090452e-01 8.921207607014101093e-01 1.000000000000000000e+00 1.000000000000000021e-08 3.472949051629556916e-01 1.124389104917466353e+00
3.472949051629556916e-01 1.124389104917466353e+00 0.000000000000000000e+00 1.000000000000000021e-08 6.101818885573115914e-01 2.628869833943558110e+00
6.101818885573115914e-01 2.628869833943558110e+00 1.000000000000000000e+00 1.000000000000000021e-08 9.623535113900696381e-01 3.521716228327580911e+00
9.623535113900696381e-01 3.521716228327580911e+00 0.000000000000000000e+00 1.000000000000000021e-08 1.477278407161762619e+00 5.000000000000000000e+00
1.477278407161762619e+00 5.000000000000000000e+00 2.000000000000000000e+00 9.999000000000000110e-01 1.570796326794896558e+00 5.000000000000000000e+00
-2.958398052072719331e-02 -3.559814113296431992e-02 2.000000000000000000e+00 1.000000000000000021e-08 -1.260762277777827678e-01 -9.649224725705556338e-01
-1.260762277777827678e-01 -9.649224725705556338e-01 2.000000000000000000e+00 1.000000000000000021e-08 -3.409619833680487266e-01 -2.148857555902659477e+00
-3.409619833680487266e-01 -2.148857555902659477e+00 1.000000000000000000e+00 1.000000000000000021e-08 -6.148062151719566604e-01 -2.738442318039079559e+00
-6.148062151719566604e-01 -2.738442318039079559e+00 1.000000000000000000e+00 1.000000000000000021e-08 -9.737329352018155859e-01 -3.589267200298588811e+00
-9.737329352018155859e-01 -3.589267200298588811e+00 0.000000000000000000e+00 1.000000000000000021e-08 -1.413822062811812774e+00 -4.400891276099970995e+00
-1.413822062811812774e+00 -4.400891276099970995e+00 1.000000000000000000e+00 9.999000000000000110e-01 -1.570796326794896558e+00 -5.000000000000000000e+00
-1.586263107341926229e-02 -6.670639985921313075e-02 1.000000000000000000e+00 1.000000000000000021e-08 -1.307952044687443055e-02 2.783110626544831046e-02
-1.307952044687443055e-02 2.783110626544831046e-02 0.000000000000000000e+00 1.000000000000000021e-08 7.450223885597301310e-02 8.758175930284742838e-01
7.450223885597301310e-02 8.758175930284742838e-01 2.000000000000000000e+00 1.000000000000000021e-08 1.017098581824879555e-01 2.720761932651494241e-01
1.017098581824879555e-01 2.720761932651494241e-01 0.000000000000000000e+00 1.000000000000000021e-08 2.209164848076402565e-01 1.192066266251523121e+00
2.209164848076402565e-01 1.192066266251523121e+00 1.000000000000000000e+00 1.000000000000000021e-08 3.836016347780446534e-01 1.626851499704043524e+00
3.836016347780446534e-01 1.626851499704043524e+00 0.000000000000000000e+00 1.000000000000000021e-08 6.738123560008868473e-01 2.902107212228422384e+00
6.738123560008868473e-01 2.902107212228422384e+00 0.000000000000000000e+00 1.000000000000000021e-08 1.132300607230813494e+00 4.584882512299267354e+00
1.132300607230813494e+00 4.584882512299267354e+00 0.000000000000000000e+00 9.999000000000000110e-01 1.570796326794896558e+00 5.000000000000000000e+00
2.134863997030759034e-02 -4.768815288535253882e-04 0.000000000000000000e+00 1.000000000000000021e-08 1.272137013578577003e-01 1.058650613875500968e+00
1.272137013578577003e-01 1.058650613875500968e+00 1.000000000000000000e+00 1.000000000000000021e-08 2.447692735400585629e-01 1.175555721822008737e+00
2.447692735400585629e-01 1.175555721822008737e+00 2.000000000000000000e+00 1.000000000000000021e-08 3.060728501693034120e-01 6.130357662924486029e-01
3.060728501693034120e-01 6.130357662924486029e-01 0.000000000000000000e+00 1.000000000000000021e-08 5.132371926378485050e-01 2.071643424685450707e+00
5.132371926378485050e-01 2.071643424685450707e+00 1.000000000000000000e+00 1.000000000000000021e-08 8.070122727953482622e-01 2.937750801574997350e+00
8.070122727953482622e-01 2.937750801574997350e+00 0.000000000000000000e+00 1.000000000000000021e-08 1.253106487071171005e+00 4.460942142758226758e+00
1.253106487071171005e+00 4.460942142758226758e+00 2.000000000000000000e+00 9.999000000000000110e-01 1.570796326794896558e+00 5.000000000000000000e+00
5.696382970848060112e-02 -2.633762934019720503e-02 0.000000000000000000e+00 1.000000000000000021e-08 1.604548643660058671e-01 1.034910346575252715e+00
1.604548643660058671e-01 1.034910346575252715e+00 1.000000000000000000e+00 1.000000000000000021e-08 2.786056377528240424e-01 1.181507733868181864e+00
2.786056377528240424e-01 1.181507733868181864e+00 2.000000000000000000e+00 1.000000000000000021e-08 3.696394016910606317e-01 9.103376393823656709e-01
3.696394016910606317e-01 9.103376393823656709e-01 0.000000000000000000e+00 1.000000000000000021e-08 6.001667747464626279e-01 2.305273730554019629e+00
6.001667747464626279e-01 2.305273730554019629e+00 2.000000000000000000e+00 1.000000000000000021e-08 8.498393517890150406e-01 2.496725770425524349e+00
8.498393517890150406e-01 2.496725770425524349e+00 1.000000000000000000e+00 1.000000000000000021e-08 1.215966919445414796e+00 3.661275676563996662e+00
1.215966919445414796e+00 3.661275676563996662e+00 0.000000000000000000e+00 9.999000000000000110e-01 1.570796326794896558e+00 5.000000000000000000e+00
1.827683906449224793e-03 3.809910390540906244e-02 0.000000000000000000e+00 1.000000000000000021e-08 1.073930915635960548e-01 1.055654076571468147e+00
1.073930915635960548e-01 1.055654076571468147e+00 0.000000000000000000e+00 1.000000000000000021e-08 3.300082009102818237e-01 2.226151093466857578e+00
3.300082009102818237e-01 2.226151093466857578e+00 0.000000000000000000e+00 1.000000000000000021e-08 6.987993103596190636e-01 3.687911094493372843e+00
6.987993103596190636e-01 3.687911094493372843e+00 0.000000000000000000e+00 1.000000000000000021e-08 1.223413230202520907e+00 5.000000000000000000e+00
1.223413230202520907e+00 5.000000000000000000e+00 1.000000000000000000e+00 9.999000000000000110e-01 1.570796326794896558e+00 5.000000000000000000e+00
-4.222826968763455924e-02 -6.223893186296894364e-02 2.000000000000000000e+00 1.000000000000000021e-08 -1.528924039983463878e-01 -1.106641343107118258e+00
-1.528924039983463878e-01 -1.106641343107118258e+00 1.000000000000000000e+00 1.000000000000000021e-08 -2.860184543041378036e-01 -1.331260503057914102e+00
-2.860184543041378036e-01 -1.331260503057914102e+00 1.000000000000000000e+00 1.000000000000000021e-08 -4.616053072097573429e-01 -1.755868529056195504e+00
-4.616053072097573429e-01 -1.755868529056195504e+00 0.000000000000000000e+00 1.000000000000000021e-08 -6.267068063487201135e-01 -1.651014991389627262e+00
-6.267068063487201135e-01 -1.651014991389627262e+00 0.000000000000000000e+00 1.000000000000000021e-08 -8.198010077653726801e-01 -1.930942014166525444e+00
-8.198010077653726801e-01 -1.930942014166525444e+00 1.000000000000000000e+00 1.000000000000000021e-08 -1.115490695072000937e+00 -2.956896873066283238e+00
-1.115490695072000937e+00 -2.956896873066283238e+00 0.000000000000000000e+00 1.000000000000000021e-08 -1.514487427405537767e+00 -3.989967323335368299e+00
-1.514487427405537767e+00 -3.989967323335368299e+00 1.000000000000000000e+00 9.999000000000000110e-01 -1.570796326794896558e+00 -5.000000000000000000e+00
-3.613235924538286958e-02 -2.746669624147626138e-02 0.000000000000000000e+00 1.000000000000000021e-08 5.596034933139268364e-02 9.209270857677555044e-01
5.596034933139268364e-02 9.209270857677555044e-01 1.000000000000000000e+00 1.000000000000000021e-08 1.461879145094982513e-01 9.022756517810557320e-01
1.461879145094982513e-01 9.022756517810557320e-01 1.000000000000000000e+00 1.000000000000000021e-08 2.621774580686886402e-01 1.159895435591903778e+00
2.621774580686886402e-01 1.159895435591903778e+00 0.000000000000000000e+00 1.000000000000000021e-08 5.118066114029511393e-01 2.496291533342624991e+00
5.118066114029511393e-01 2.496291533342624991e+00 2.000000000000000000e+00 1.000000000000000021e-08 7.721529043439989692e-01 2.603462929410477855e+00
7.721529043439989692e-01 2.603462929410477855e+00 0.000000000000000000e+00 1.000000000000000021e-08 1.203421549794446488e+00 4.312686454504476075e+00
1.203421549794446488e+00 4.312686454504476075e+00 2.000000000000000000e+00 9.999000000000000110e-01 1.570796326794896558e+00 5.000000000000000000e+00
-7.963020928775264851e-02 7.418538768606020017e-02 0.000000000000000000e+00 1.000000000000000021e-08 5.865729397903876596e-03 8.549593868565652510e-01
5.865729397903876596e-03 8.549593868565652510e-01 1.000000000000000000e+00 1.000000000000000021e-08 9.232440547221483496e-02 8.645867607431095836e-01
