7.089518905248863578e-02 -6.159934024370893046e-03 2.000000000000000000e+00 1.000000000000000021e-08 -7.285089685500095724e-03 -7.818027873798872873e-01
-7.285089685500095724e-03 -7.818027873798872873e-01 2.000000000000000000e+00 1.000000000000000021e-08 -1.925792887348536653e-01 -1.852941990493535585e+00
-1.925792887348536653e-01 -1.852941990493535585e+00 1.000000000000000000e+00 1.000000000000000021e-08 -3.940848319770135499e-01 -2.015055432421598791e+00
-3.940848319770135499e-01 -2.015055432421598791e+00 2.000000000000000000e+00 1.000000000000000021e-08 -7.353131131761698747e-01 -3.412282811991562248e+00
-7.353131131761698747e-01 -3.412282811991562248e+00 2.000000000000000000e+00 1.000000000000000021e-08 -1.240275189987094961e+00 -5.000000000000000000e+00
-1.240275189987094961e+00 -5.000000000000000000e+00 0.000000000000000000e+00 9.999000000000000110e-01 -1.570796326794896558e+00 -5.000000000000000000e+00
5.794780005579125426e-02 2.317778129666181811e-02 2.000000000000000000e+00 1.000000000000000021e-08 -2.635765707368556421e-02 -8.430545712947681292e-01
-2.635765707368556421e-02 -8.430545712947681292e-01 1.000000000000000000e+00 1.000000000000000021e-08 -1.156996166246785779e-01 -8.934195955099301090e-01
-1.156996166246785779e-01 -8.934195955099301090e-01 2.000000000000000000e+00 1.000000000000000021e-08 -3.195728693114249230e-01 -2.038732526867463424e+00
-3.195728693114249230e-01 -2.038732526867463424e+00 0.000000000000000000e+00 1.000000000000000021e-08 -4.800926053798557636e-01 -1.605197360684307961e+00
-4.800926053798557636e-01 -1.605197360684307961e+00 2.000000000000000000e+00 1.000000000000000021e-08 -8.034317156263970361e-01 -3.233391102465413169e+00
-8.034317156263970361e-01 -3.233391102465413169e+00 0.000000000000000000e+00 1.000000000000000021e-08 -1.171401998367320729e+00 -3.679702827409237820e+00
-1.171401998367320729e+00 -3.679702827409237820e+00 2.000000000000000000e+00 9.999000000000000110e-01 -1.570796326794896558e+00 -5.000000000000000000e+00
1.281368239043333482e-02 6.492760904125821630e-02 0.000000000000000000e+00 1.000000000000000021e-08 1.222772529877996089e-01 1.094635705973662665e+00
1.222772529877996089e-01 1.094635705973662665e+00 1.000000000000000000e+00 1.000000000000000021e-08 2.420371364535498504e-01 1.197598834657502387e+00
2.420371364535498504e-01 1.197598834657502387e+00 2.000000000000000000e+00 1.000000000000000021e-08 3.130880441427543182e-01 7.105090768920445665e-01
3.130880441427543182e-01 7.105090768920445665e-01 1.000000000000000000e+00 1.000000000000000021e-08 4.305843940705623152e-01 1.174963499278079748e+00
4.305843940705623152e-01 1.174963499278079748e+00 0.000000000000000000e+00 1.000000000000000021e-08 7.101495616338389105e-01 2.795651675632766064e+00
7.101495616338389105e-01 2.795651675632766064e+00 0.000000000000000000e+00 1.000000000000000021e-08 1.153759008883437076e+00 4.436094472495980767e+00
1.153759008883437076e+00 4.436094472495980767e+00 0.000000000000000000e+00 9.999000000000000110e-01 1.570796326794896558e+00 5.000000000000000000e+00
5.128985282852624450e-02 -5.019622179948390883e-02 1.000000000000000000e+00 1.000000000000000021e-08 3.943851382118741811e-02 -1.185133900733882778e-01
3.943851382118741811e-02 -1.185133900733882778e-01 0.000000000000000000e+00 1.000000000000000021e-08 1.283427259095145656e-01 8.890421208832713917e-01
1.283427259095145656e-01 8.890421208832713917e-01 2.000000000000000000e+00 1.000000000000000021e-08 1.649884953452560588e-01 3.664576943574149315e-01
1.649884953452560588e-01 3.664576943574149315e-01 0.000000000000000000e+00 1.000000000000000021e-08 3.240679775179232669e-01 1.590794821726671637e+00
3.240679775179232669e-01 1.590794821726671637e+00 1.000000000000000000e+00 1.000000000000000021e-08 5.376731536170286097e-01 2.136051760991052983e+00
5.376731536170286097e-01 2.136051760991052983e+00 1.000000000000000000e+00 1.000000000000000021e-08 8.227419140325844538e-01 2.850687604155558219e+00
8.227419140325844538e-01 2.850687604155558219e+00 2.000000000000000000e+00 1.000000000000000021e-08 1.163249043271102012e+00 3.405071292385175585e+00
1.163249043271102012e+00 3.405071292385175585e+00 1.000000000000000000e+00 9.999000000000000110e-01 1.570796326794896558e+00 4.776374151888680863e+00
-4.276801683954056799e-02 3.961634435973319934e-02 0.000000000000000000e+00 1.000000000000000021e-08 2.809425439955115511e-02 7.086227123909172310e-01
2.809425439955115511e-02 7.086227123909172310e-01 2.000000000000000000e+00 1.000000000000000021e-08 1.768208035395355676e-02 -1.041217404559759974e-01
1.768208035395355676e-02 -1.041217404559759974e-01 1.000000000000000000e+00 1.000000000000000021e-08 -3.838155483892928543e-03 -2.152023583784648531e-01
-3.838155483892928543e-03 -2.152023583784648531e-01 1.000000000000000000e+00 1.000000000000000021e-08 -1.843837368378684755e-02 -1.460021819989391623e-01
-1.843837368378684755e-02 -1.460021819989391623e-01 1.000000000000000000e+00 1.000000000000000021e-08 -2.470633414422440666e-02 -6.267960460437560499e-02
-2.470633414422440666e-02 -6.267960460437560499e-02 1.000000000000000000e+00 1.000000000000000021e-08 -5.091879042279547074e-02 -2.621245627857106131e-01
-5.091879042279547074e-02 -2.621245627857106131e-01 2.000000000000000000e+00 1.000000000000000021e-08 -1.664939782617329556e-01 -1.155751878389374987e+00
-1.664939782617329556e-01 -1.155751878389374987e+00 0.000000000000000000e+00 1.000000000000000021e-08 -2.208545571619776882e-01 -5.436057890024472705e-01
-2.208545571619776882e-01 -5.436057890024472705e-01 2.000000000000000000e+00 1.000000000000000021e-08 -4.103314177779069372e-01 -1.894768606159292323e+00
-4.103314177779069372e-01 -1.894768606159292323e+00 2.000000000000000000e+00 1.000000000000000021e-08 -7.480255512951488051e-01 -3.376941335172418235e+00
-7.480255512951488051e-01 -3.376941335172418235e+00 2.000000000000000000e+00 1.000000000000000021e-08 -1.249926189703124413e+00 -5.000000000000000000e+00
-1.249926189703124413e+00 -5.000000000000000000e+00 0.000000000000000000e+00 9.999000000000000110e-01 -1.570796326794896558e+00 -5.000000000000000000e+00
2.678639582661169333e-02 -5.084016061267167264e-02 2.000000000000000000e+00 1.000000000000000021e-08 -7.446349649368005919e-02 -1.012498923202917345e+00
-7.446349649368005919e-02 -1.012498923202917345e+00 1.000000000000000000e+00 1.000000000000000021e-08 -1.743658045018216252e-01 -9.990230800814156042e-01
-1.743658045018216252e-01 -9.990230800814156042e-01 2.000000000000000000e+00 1.000000000000000021e-08 -3.980659402952754222e-01 -2.237001357934537804e+00
-3.980659402952754222e-01 -2.237001357934537804e+00 0.000000000000000000e+00 1.000000000000000021e-08 -5.978800503659760235e-01 -1.998141100707005791e+00
-5.978800503659760235e-01 -1.998141100707005791e+00 1.000000000000000000e+00 1.000000000000000021e-08 -8.821964285813914675e-01 -2.843163782154153552e+00
-8.821964285813914675e-01 -2.843163782154153552e+00 0.000000000000000000e+00 1.000000000000000021e-08 -1.228507682262708567e+00 -3.463112536813170550e+00
-1.228507682262708567e+00 -3.463112536813170550e+00 1.000000000000000000e+00 9.999000000000000110e-01 -1.570796326794896558e+00 -4.820135794996844858e+00
1.773565022071210695e-02 4.401129101203415939e-02 0.000000000000000000e+00 1.000000000000000021e-08 1.249900200725986149e-01 1.072543698518864996e+00
1.249900200725986149e-01 1.072543698518864996e+00 1.000000000000000000e+00 1.000000000000000021e-08 2.499762885536191970e-01 1.249862684810205682e+00
2.499762885536191970e-01 1.249862684810205682e+00 0.000000000000000000e+00 1.000000000000000021e-08 4.989789428872124510e-01 2.490026543335932541e+00
4.989789428872124510e-01 2.490026543335932541e+00 0.000000000000000000e+00 1.000000000000000021e-08 8.923595300310332989e-01 3.933805871438208257e+00
8.923595300310332989e-01 3.933805871438208257e+00 0.000000000000000000e+00 1.000000000000000021e-08 1.440700442293352701e+00 5.000000000000000000e+00
1.440700442293352701e+00 5.000000000000000000e+00 1.000000000000000000e+00 9.999000000000000110e-01 1.570796326794896558e+00 5.000000000000000000e+00
-1.230786318312672434e-02 8.721225923684113035e-02 1.000000000000000000e+00 1.000000000000000021e-08 -1.563042178501957216e-02 -3.322558601892847130e-02
-1.563042178501957216e-02 -3.322558601892847130e-02 2.000000000000000000e+00 1.000000000000000021e-08 -1.179373618547651659e-01 -1.023069400697455889e+00
-1.179373618547651659e-01 -1.023069400697455889e+00 0.000000000000000000e+00 1.000000000000000021e-08 -1.574760162382234652e-01 -3.953865438345830485e-01
-1.574760162382234652e-01 -3.953865438345830485e-01 0.000000000000000000e+00 1.000000000000000021e-08 -1.406267043334764044e-01 1.684931190474706630e-01
-1.406267043334764044e-01 1.684931190474706630e-01 0.000000000000000000e+00 1.000000000000000021e-08 -5.837874685499960803e-02 8.224795747847678529e-01
-5.837874685499960803e-02 8.224795747847678529e-01 1.000000000000000000e+00 1.000000000000000021e-08 1.585203669111255598e-02 7.423078354611215568e-01
1.585203669111255598e-02 7.423078354611215568e-01 1.000000000000000000e+00 1.000000000000000021e-08 8.456915288086151727e-02 6.871711618974896130e-01
8.456915288086151727e-02 6.871711618974896130e-01 1.000000000000000000e+00 1.000000000000000021e-08 1.668288384852823492e-01 8.225968560442081801e-01
1.668288384852823492e-01 8.225968560442081801e-01 1.000000000000000000e+00 1.000000000000000021e-08 2.785038956856433767e-01 1.116750572003609943e+00
2.785038956856433767e-01 1.116750572003609943e+00 0.000000000000000000e+00 1.000000000000000021e-08 5.228039597332344579e-01 2.443000640475911034e+00
5.228039597332344579e-01 2.443000640475911034e+00 0.000000000000000000e+00 1.000000000000000021e-08 9.249597962237001703e-01 4.021558364904657346e+00
9.249597962237001703e-01 4.021558364904657346e+00 2.000000000000000000e+00 1.000000000000000021e-08 1.387471182934057357e+00 4.625113867103570975e+00
1.387471182934057357e+00 4.625113867103570975e+00 1.000000000000000000e+00 9.999000000000000110e-01 1.570796326794896558e+00 5.000000000000000000e+00
-3.328085414499689504e-02 -3.038121460145948652e-02 1.000000000000000000e+00 1.000000000000000021e-08 -2.543251832462452983e-02 7.848335820372363825e-02
-2.543251832462452983e-02 7.848335820372363825e-02 0.000000000000000000e+00 1.000000000000000021e-08 5.414697544232293519e-02 7.957949376694746224e-01
5.414697544232293519e-02 7.957949376694746224e-01 1.000000000000000000e+00 1.000000000000000021e-08 1.593533007683862468e-01 1.052063253260633102e+00
1.593533007683862468e-01 1.052063253260633102e+00 0.000000000000000000e+00 1.000000000000000021e-08 3.681901500654226611e-01 2.088368492970364088e+00
3.681901500654226611e-01 2.088368492970364088e+00 2.000000000000000000e+00 1.000000000000000021e-08 5.549773934256239105e-01 1.867872433602011828e+00
5.549773934256239105e-01 1.867872433602011828e+00 2.000000000000000000e+00 1.000000000000000021e-08 7.511306434164548573e-01 1.961532499908309468e+00
7.511306434164548573e-01 1.961532499908309468e+00 1.000000000000000000e+00 1.000000000000000021e-08 1.053497887902196783e+00 3.023672444857417929e+00
1.053497887902196783e+00 3.023672444857417929e+00 2.000000000000000000e+00 1.000000000000000021e-08 1.444425124479011835e+00 3.909272365768150514e+00
1.444425124479011835e+00 3.909272365768150514e+00 2.000000000000000000e+00 9.999000000000000110e-01 1.570796326794896558e+00 5.000000000000000000e+00
5.501504149333164700e-02 8.315481635340035704e-02 1.000000000000000000e+00 1.000000000000000021e-08 8.861834460741480068e-02 3.360330311408314952e-01
8.861834460741480068e-02 3.360330311408314952e-01 0.000000000000000000e+00 1.000000000000000021e-08 2.386387979666644288e-01 1.500204533592496059e+00
2.386387979666644288e-01 1.500204533592496059e+00 2.000000000000000000e+00 1.000000000000000021e-08 3.356686955518642379e-01 9.702989758519980912e-01
3.356686955518642379e-01 9.702989758519980912e-01 0.000000000000000000e+00 1.000000000000000021e-08 5.657211708333146349e-01 2.300524752814503859e+00
5.657211708333146349e-01 2.300524752814503859e+00 2.000000000000000000e+00 1.000000000000000021e-08 7.950759983686092047e-01 2.293548275352945254e+00
7.950759983686092047e-01 2.293548275352945254e+00 2.000000000000000000e+00 1.000000000000000021e-08 1.069152581082145836e+00 2.740765827135366095e+00
1.069152581082145836e+00 2.740765827135366095e+00 2.000000000000000000e+00 1.000000000000000021e-08 1.432213889021046516e+00 3.630613079389005904e+00
1.432213889021046516e+00 3.630613079389005904e+00 0.000000000000000000e+00 9.999000000000000110e-01 1.570796326794896558e+00 5.000000000000000000e+00
-8.482897857581733758e-02 -1.408055584927474582e-02 2.000000000000000000e+00 1.000000000000000021e-08 -1.766046667446325436e-01 -9.177568816881521707e-01
-1.766046667446325436e-01 -9.177568816881521707e-01 1.000000000000000000e+00 1.000000000000000021e-08 -2.912825375309205378e-01 -1.146778707862879720e+00
-2.912825375309205378e-01 -1.146778707862879720e+00 0.000000000000000000e+00 1.000000000000000021e-08 -3.545071549026421742e-01 -6.322461737172161422e-01
-3.545071549026421742e-01 -6.322461737172161422e-01 0.000000000000000000e+00 1.000000000000000021e-08 -4.093701485183106614e-01 -5.486299361566845390e-01
-4.093701485183106614e-01 -5.486299361566845390e-01 0.000000000000000000e+00 1.000000000000000021e-08 -4.532679214163765069e-01 -4.389777289806586769e-01
-4.532679214163765069e-01 -4.389777289806586769e-01 0.000000000000000000e+00 1.000000000000000021e-08 -4.902994297586251715e-01 -3.703150834224867571e-01
-4.902994297586251715e-01 -3.703150834224867571e-01 2.000000000000000000e+00 1.000000000000000021e-08 -6.854202388927645995e-01 -1.951208091341393835e+00
-6.854202388927645995e-01 -1.951208091341393835e+00 1.000000000000000000e+00 1.000000000000000021e-08 -9.711795696360843166e-01 -2.857593307433196728e+00
-9.711795696360843166e-01 -2.857593307433196728e+00 1.000000000000000000e+00 1.000000000000000021e-08 -1.386133489347209702e+00 -4.149539197111254296e+00
-1.386133489347209702e+00 -4.149539197111254296e+00 0.000000000000000000e+00 9.999000000000000110e-01 -1.570796326794896558e+00 -5.000000000000000000e+00
5.245337693502844650e-02 4.678665442684538933e-02 2.000000000000000000e+00 1.000000000000000021e-08 -1.564387069706705408e-02 -6.809724763209549225e-01
-1.564387069706705408e-02 -6.809724763209549225e-01 0.000000000000000000e+00 1.000000000000000021e-08 1.616803208249856239e-02 3.181190277956561507e-01
1.616803208249856239e-02 3.181190277956561507e-01 2.000000000000000000e+00 1.000000000000000021e-08 -3.369426128073713805e-02 -4.986229336323569905e-01
-3.369426128073713805e-02 -4.986229336323569905e-01 2.000000000000000000e+00 1.000000000000000021e-08 -1.690556020726184938e-01 -1.353613407918813571e+00
-1.690556020726184938e-01 -1.353613407918813571e+00 1.000000000000000000e+00 1.000000000000000021e-08 -3.491607081439681570e-01 -1.801051060713496188e+00
-3.491607081439681570e-01 -1.801051060713496188e+00 1.000000000000000000e+00 1.000000000000000021e-08 -5.930579909363189461e-01 -2.438972827923508113e+00
-5.930579909363189461e-01 -2.438972827923508113e+00 0.000000000000000000e+00 1.000000000000000021e-08 -8.409621840099347212e-01 -2.479041930736157973e+00
-8.409621840099347212e-01 -2.479041930736157973e+00 0.000000000000000000e+00 1.000000000000000021e-08 -1.143627992543284400e+00 -3.026658085333497450e+00
-1.143627992543284400e+00 -3.026658085333497450e+00 1.000000000000000000e+00 9.999000000000000110e-01 -1.570796326794896558e+00 -4.387880608095161783e+00
-1.857246930781739080e-02 5.146118626533358054e-03 0.000000000000000000e+00 1.000000000000000021e-08 5.509249445040088899e-02 7.366496375821827147e-01
5.509249445040088899e-02 7.366496375821827147e-01 2.000000000000000000e+00 1.000000000000000021e-08 3.826944590224305720e-02 -1.682304854815782624e-01
3.826944590224305720e-02 -1.682304854815782624e-01 2.000000000000000000e+00 1.000000000000000021e-08 -4.513988044023013735e-02 -8.340932634247318900e-01
-4.513988044023013735e-02 -8.340932634247318900e-01 0.000000000000000000e+00 1.000000000000000021e-08 -5.664407779433469625e-02 -1.150419735410456168e-01
-5.664407779433469625e-02 -1.150419735410456168e-01 1.000000000000000000e+00 1.000000000000000021e-08 -7.515619308868036474e-02 -1.851211529434567127e-01
-7.515619308868036474e-02 -1.851211529434567127e-01 1.000000000000000000e+00 1.000000000000000021e-08 -1.038532067174444545e-01 -2.869701362876408424e-01
-1.038532067174444545e-01 -2.869701362876408424e-01 2.000000000000000000e+00 1.000000000000000021e-08 -2.480476428717771076e-01 -1.441944361543326503e+00
-2.480476428717771076e-01 -1.441944361543326503e+00 1.000000000000000000e+00 1.000000000000000021e-08 -4.194556016019336808e-01 -1.714079587301565510e+00
-4.194556016019336808e-01 -1.714079587301565510e+00 2.000000000000000000e+00 1.000000000000000021e-08 -7.301728862830316746e-01 -3.107172846810979827e+00
-7.301728862830316746e-01 -3.107172846810979827e+00 2.000000000000000000e+00 1.000000000000000021e-08 -1.197389769036417917e+00 -4.672168827533862867e+00
-1.197389769036417917e+00 -4.672168827533862867e+00 0.000000000000000000e+00 9.999000000000000110e-01 -1.570796326794896558e+00 -5.000000000000000000e+00
-4.977246112594006788e-02 -4.145167660177992430e-02 1.000000000000000000e+00 1.000000000000000021e-08 -4.668268692388605201e-02 3.089774202054017260e-02
-4.668268692388605201e-02 3.089774202054017260e-02 1.000000000000000000e+00 1.000000000000000021e-08 -5.385988468823419556e-02 -7.177197764348143549e-02
-5.385988468823419556e-02 -7.177197764348143549e-02 2.000000000000000000e+00 1.000000000000000021e-08 -1.644446813908723992e-01 -1.105847967026381884e+00
-1.644446813908723992e-01 -1.105847967026381884e+00 1.000000000000000000e+00 1.000000000000000021e-08 -3.124672853288384955e-01 -1.480226039379660907e+00
-3.124672853288384955e-01 -1.480226039379660907e+00 2.000000000000000000e+00 1.000000000000000021e-08 -5.818641077850124077e-01 -2.693968224561739788e+00
-5.818641077850124077e-01 -2.693968224561739788e+00 0.000000000000000000e+00 1.000000000000000021e-08 -8.611179066630108014e-01 -2.792537988779984381e+00
-8.611179066630108014e-01 -2.792537988779984381e+00 1.000000000000000000e+00 1.000000000000000021e-08 -1.256864000939419190e+00 -3.957460942764083001e+00
-1.256864000939419190e+00 -3.957460942764083001e+00 2.000000000000000000e+00 9.999000000000000110e-01 -1.570796326794896558e+00 -5.000000000000000000e+00
6.456948092871522826e-02 -2.256280571689241177e-02 1.000000000000000000e+00 1.000000000000000021e-08 7.900606594533184091e-02 1.443658501661660987e-01
7.900606594533184091e-02 1.443658501661660987e-01 2.000000000000000000e+00 1.000000000000000021e-08 1.090156233242808859e-02 -6.810450361290375509e-01
1.090156233242808859e-02 -6.810450361290375509e-01 0.000000000000000000e+00 1.000000000000000021e-08 4.147782819426644452e-02 3.057626586183835871e-01
4.147782819426644452e-02 3.057626586183835871e-01 0.000000000000000000e+00 1.000000000000000021e-08 1.756129102135517983e-01 1.341350820192853455e+00
1.756129102135517983e-01 1.341350820192853455e+00 2.000000000000000000e+00 1.000000000000000021e-08 2.495781723294036025e-01 7.396526211585179311e-01
2.495781723294036025e-01 7.396526211585179311e-01 0.000000000000000000e+00 1.000000000000000021e-08 4.343503942785205130e-01 1.847722219491169326e+00
4.343503942785205130e-01 1.847722219491169326e+00 1.000000000000000000e+00 1.000000000000000021e-08 6.858909083921413963e-01 2.515405141136208389e+00
6.858909083921413963e-01 2.515405141136208389e+00 2.000000000000000000e+00 1.000000000000000021e-08 9.599117199920121912e-01 2.740208115998707505e+00
9.599117199920121912e-01 2.740208115998707505e+00 2.000000000000000000e+00 1.000000000000000021e-08 1.306291301528928583e+00 3.463795815369164366e+00
1.306291301528928583e+00 3.463795815369164366e+00 1.000000000000000000e+00 9.999000000000000110e-01 1.570796326794896558e+00 4.832210906841679865e+00
4.606528002332471727e-02 7.150617205150198996e-02 1.000000000000000000e+00 1.000000000000000021e-08 5.026233479132056342e-02 4.197054767995843372e-02
5.026233479132056342e-02 4.197054767995843372e-02 2.000000000000000000e+00 1.000000000000000021e-08 -2.824526346407776195e-02 -7.850759825539831427e-01
-2.824526346407776195e-02 -7.850759825539831427e-01 1.000000000000000000e+00 1.000000000000000021e-08 -1.223523461583215233e-01 -9.410708269424374883e-01
-1.223523461583215233e-01 -9.410708269424374883e-01 0.000000000000000000e+00 1.000000000000000021e-08 -1.588894296659154604e-01 -3.653708350759392598e-01
-1.588894296659154604e-01 -3.653708350759392598e-01 1.000000000000000000e+00 1.000000000000000021e-08 -2.386604103780509967e-01 -7.977098071213553077e-01
-2.386604103780509967e-01 -7.977098071213553077e-01 1.000000000000000000e+00 1.000000000000000021e-08 -3.710711021869703696e-01 -1.324106918089194007e+00
-3.710711021869703696e-01 -1.324106918089194007e+00 1.000000000000000000e+00 1.000000000000000021e-08 -5.552628252857877422e-01 -1.841917230988173504e+00
-5.552628252857877422e-01 -1.841917230988173504e+00 2.000000000000000000e+00 1.000000000000000021e-08 -8.939922408114704400e-01 -3.387294155256826311e+00
-8.939922408114704400e-01 -3.387294155256826311e+00 1.000000000000000000e+00 1.000000000000000021e-08 -1.349209467798096806e+00 -4.552172269866262333e+00
-1.349209467798096806e+00 -4.552172269866262333e+00 2.000000000000000000e+00 9.999000000000000110e-01 -1.570796326794896558e+00 -5.000000000000000000e+00
7.851683752626745227e-02 -5.267667153967175997e-02 0.000000000000000000e+00 1.000000000000000021e-08 1.841415288043838083e-01 1.056246912781163561e+00
1.841415288043838083e-01 1.056246912781163561e+00 0.000000000000000000e+00 1.000000000000000021e-08 4.050787102985663468e-01 2.209371814941825107e+00
4.050787102985663468e-01 2.209371814941825107e+00 0.000000000000000000e+00 1.000000000000000021e-08 7.571527006881676458e-01 3.520739903896012990e+00
7.571527006881676458e-01 3.520739903896012990e+00 1.000000000000000000e+00 1.000000000000000021e-08 1.212913988862279524e+00 4.557612881741119004e+00
1.212913988862279524e+00 4.557612881741119004e+00 1.000000000000000000e+00 9.999000000000000110e-01 1.570796326794896558e+00 5.000000000000000000e+00
6.796882931857568810e-02 -4.715331744430233119e-02 2.000000000000000000e+00 1.000000000000000021e-08 -1.794211560233155422e-03 -6.976304087880883520e-01
-1.794211560233155422e-03 -6.976304087880883520e-01 2.000000000000000000e+00 1.000000000000000021e-08 -1.629592516043752159e-01 -1.611650400441420494e+00
-1.629592516043752159e-01 -1.611650400441420494e+00 0.000000000000000000e+00 1.000000000000000021e-08 -2.750721373776006118e-01 -1.121128857732253570e+00
-2.750721373776006118e-01 -1.121128857732253570e+00 2.000000000000000000e+00 1.000000000000000021e-08 -5.035924032378913395e-01 -2.285202658602907722e+00
-5.035924032378913395e-01 -2.285202658602907722e+00 2.000000000000000000e+00 1.000000000000000021e-08 -8.940197369646822878e-01 -3.904273337267909927e+00
-8.940197369646822878e-01 -3.904273337267909927e+00 1.000000000000000000e+00 1.000000000000000021e-08 -1.392823165692755438e+00 -4.988034287280731505e+00
-1.392823165692755438e+00 -4.988034287280731505e+00 0.000000000000000000e+00 9.999000000000000110e-01 -1.570796326794896558e+00 -5.000000000000000000e+00
-5.378660466227926096e-02 3.901877401195999462e-02 1.000000000000000000e+00 1.000000000000000021e-08 -4.460067123296650171e-02 9.185933429312759246e-02
-4.460067123296650171e-02 9.185933429312759246e-02 1.000000000000000000e+00 1.000000000000000021e-08 -3.131450787125777263e-02 1.328616336170872769e-01
-3.131450787125777263e-02 1.328616336170872769e-01 2.000000000000000000e+00 1.000000000000000021e-08 -1.107593335837897541e-01 -7.944482571253198566e-01
-1.107593335837897541e-01 -7.944482571253198566e-01 0.000000000000000000e+00 1.000000000000000021e-08 -1.365167418664898769e-01 -2.575740828270013383e-01
-1.365167418664898769e-01 -2.575740828270013383e-01 1.000000000000000000e+00 1.000000000000000021e-08 -1.859199509897260794e-01 -4.940320912323619140e-01
-1.859199509897260794e-01 -4.940320912323619140e-01 2.000000000000000000e+00 1.000000000000000021e-08 -3.693009501743400036e-01 -1.833809991846139242e+00
-3.693009501743400036e-01 -1.833809991846139242e+00 1.000000000000000000e+00 1.000000000000000021e-08 -5.960498382890099256e-01 -2.267488881146698887e+00
-5.960498382890099256e-01 -2.267488881146698887e+00 1.000000000000000000e+00 1.000000000000000021e-08 -9.166039716532471404e-01 -3.205541333642372148e+00
-9.166039716532471404e-01 -3.205541333642372148e+00 0.000000000000000000e+00 1.000000000000000021e-08 -1.305707890989380227e+00 -3.891039193361330639e+00
-1.305707890989380227e+00 -3.891039193361330639e+00 1.000000000000000000e+00 9.999000000000000110e-01 -1.570796326794896558e+00 -5.000000000000000000e+00
4.717756757943968038e-02 3.180571328176755308e-02 1.000000000000000000e+00 1.000000000000000021e-08 4.147549125245764134e-02 -5.702076326982036258e-02
4.147549125245764134e-02 -5.702076326982036258e-02 1.000000000000000000e+00 1.000000000000000021e-08 3.034615142594183218e-02 -1.112933982651580639e-01
3.034615142594183218e-02 -1.112933982651580639e-01 0.000000000000000000e+00 1.000000000000000021e-08 9.947526397071448923e-02 6.912911254477265288e-01
9.947526397071448923e-02 6.912911254477265288e-01 2.000000000000000000e+00 1.000000000000000021e-08 9.771388194693760021e-02 -1.761382023776891792e-02
9.771388194693760021e-02 -1.761382023776891792e-02 1.000000000000000000e+00 1.000000000000000021e-08 9.949871750308474094e-02 1.784835556147142815e-02
9.949871750308474094e-02 1.784835556147142815e-02 2.000000000000000000e+00 1.000000000000000021e-08 4.570938469353085648e-02 -5.378933280955388030e-01
4.570938469353085648e-02 -5.378933280955388030e-01 1.000000000000000000e+00 1.000000000000000021e-08 -1.520420607166502597e-02 -6.091359076519587967e-01
-1.520420607166502597e-02 -6.091359076519587967e-01 0.000000000000000000e+00 1.000000000000000021e-08 1.314371088280951588e-02 2.834791695447453908e-01
1.314371088280951588e-02 2.834791695447453908e-01 0.000000000000000000e+00 1.000000000000000021e-08 1.435020367048364942e-01 1.303583258220269769e+00
1.435020367048364942e-01 1.303583258220269769e+00 0.000000000000000000e+00 1.000000000000000021e-08 3.854711160641697276e-01 2.419690793593332501e+00
3.854711160641697276e-01 2.419690793593332501e+00 1.000000000000000000e+00 1.000000000000000021e-08 6.818200588055162159e-01 2.963489427413464661e+00
6.818200588055162159e-01 2.963489427413464661e+00 2.000000000000000000e+00 1.000000000000000021e-08 1.020829113215112827e+00 3.390090544095964553e+00
1.020829113215112827e+00 3.390090544095964553e+00 2.000000000000000000e+00 1.000000000000000021e-08 1.445874343013011876e+00 4.250452297978990046e+00
1.445874343013011876e+00 4.250452297978990046e+00 0.000000000000000000e+00 9.999000000000000110e-01 1.570796326794896558e+00 5.000000000000000000e+00
3.898172539729034131e-02 -4.442943227705901249e-02 2.000000000000000000e+00 1.000000000000000021e-08 -4.368271669912964644e-02 -8.266444209641997665e-01
-4.368271669912964644e-02 -8.266444209641997665e-01 2.000000000000000000e+00 1.000000000000000021e-08 -2.223989694000376161e-01 -1.787162527009079405e+00
-2.223989694000376161e-01 -1.787162527009079405e+00 0.000000000000000000e+00 1.000000000000000021e-08 -3.657558985890754233e-01 -1.433569291890378405e+00
-3.657558985890754233e-01 -1.433569291890378405e+00 2.000000000000000000e+00 1.000000000000000021e-08 -6.641867141357490345e-01 -2.984308155466735890e+00
-6.641867141357490345e-01 -2.984308155466735890e+00 0.000000000000000000e+00 1.000000000000000021e-08 -1.003230065912195101e+00 -3.390433517764460447e+00
-1.003230065912195101e+00 -3.390433517764460447e+00 0.000000000000000000e+00 1.000000000000000021e-08 -1.417150527967531382e+00 -4.139204620553363689e+00
-1.417150527967531382e+00 -4.139204620553363689e+00 2.000000000000000000e+00 9.999000000000000110e-01 -1.570796326794896558e+00 -5.000000000000000000e+00
3.899764773709907262e-02 -4.547054937917442696e-02 1.000000000000000000e+00 1.000000000000000021e-08 3.622256555079023804e-02 -2.775082186308834922e-02
3.622256555079023804e-02 -2.775082186308834922e-02 0.000000000000000000e+00 1.000000000000000021e-08 1.158161234009137674e-01 7.959355785012353079e-01
1.158161234009137674e-01 7.959355785012353079e-01 1.000000000000000000e+00 1.000000000000000021e-08 2.126920816626883814e-01 9.687595826177461955e-01
2.126920816626883814e-01 9.687595826177461955e-01 2.000000000000000000e+00 1.000000000000000021e-08 2.610037876146890090e-01 4.831170595200063866e-01
2.610037876146890090e-01 4.831170595200063866e-01 1.000000000000000000e+00 1.000000000000000021e-08 3.457574229036399216e-01 8.475363528895090148e-01
3.457574229036399216e-01 8.475363528895090148e-01 2.000000000000000000e+00 1.000000000000000021e-08 4.152651098876595781e-01 6.950768698401963430e-01
4.152651098876595781e-01 6.950768698401963430e-01 2.000000000000000000e+00 1.000000000000000021e-08 4.768227433188430564e-01 6.155763343118345610e-01
4.768227433188430564e-01 6.155763343118345610e-01 1.000000000000000000e+00 1.000000000000000021e-08 6.033433097127507416e-01 1.265205663939076963e+00
6.033433097127507416e-01 1.265205663939076963e+00 2.000000000000000000e+00 1.000000000000000021e-08 7.565642260822365017e-01 1.532209163694858045e+00
7.565642260822365017e-01 1.532209163694858045e+00 1.000000000000000000e+00 1.000000000000000021e-08 1.014533772357966379e+00 2.579695462757298330e+00
1.014533772357966379e+00 2.579695462757298330e+00 1.000000000000000000e+00 1.000000000000000021e-08 1.398073471168711945e+00 3.835396988107455218e+00
1.398073471168711945e+00 3.835396988107455218e+00 1.000000000000000000e+00 9.999000000000000110e-01 1.570796326794896558e+00 5.000000000000000000e+00
-5.661107964515577073e-02 1.179314919398342931e-02 0.000000000000000000e+00 1.000000000000000021e-08 2.649315782237648964e-02 8.310423746753226037e-01
2.649315782237648964e-02 8.310423746753226037e-01 0.000000000000000000e+00 1.000000000000000021e-08 1.938085596218423190e-01 1.673154017994658238e+00
1.938085596218423190e-01 1.673154017994658238e+00 0.000000000000000000e+00 1.000000000000000021e-08 4.811380710157261431e-01 2.873295113938838519e+00
4.811380710157261431e-01 2.873295113938838519e+00 2.000000000000000000e+00 1.000000000000000021e-08 7.551500080174848861e-01 2.740119370017588096e+00
7.551500080174848861e-01 2.740119370017588096e+00 1.000000000000000000e+00 1.000000000000000021e-08 1.128919214321205233e+00 3.737692063037203472e+00
1.128919214321205233e+00 3.737692063037203472e+00 1.000000000000000000e+00 9.999000000000000110e-01 1.570796326794896558e+00 4.976472402236600701e+00
5.353851039960132174e-02 5.698703844230573745e-02 2.000000000000000000e+00 1.000000000000000021e-08 -3.224975013156440584e-02 -8.578826053116572758e-01
-3.224975013156440584e-02 -8.578826053116572758e-01 2.000000000000000000e+00 1.000000000000000021e-08 -2.037310120280358960e-01 -1.714812618964714819e+00
-2.037310120280358960e-01 -1.714812618964714819e+00 2.000000000000000000e+00 1.000000000000000021e-08 -4.910925038727447234e-01 -2.873614918447088051e+00
-4.910925038727447234e-01 -2.873614918447088051e+00 2.000000000000000000e+00 1.000000000000000021e-08 -9.374015806075526314e-01 -4.463090767348078636e+00
-9.374015806075526314e-01 -4.463090767348078636e+00 0.000000000000000000e+00 1.000000000000000021e-08 -1.440731055539386185e+00 -5.000000000000000000e+00
-1.440731055539386185e+00 -5.000000000000000000e+00 1.000000000000000000e+00 9.999000000000000110e-01 -1.570796326794896558e+00 -5.000000000000000000e+00
9.464442905059398947e-03 -2.978399645492466399e-02 0.000000000000000000e+00 1.000000000000000021e-08 8.567361542111787132e-02 7.620917251605845433e-01
8.567361542111787132e-02 7.620917251605845433e-01 2.000000000000000000e+00 1.000000000000000021e-08 8.268136650466349769e-02 -2.992248916454376406e-02
8.268136650466349769e-02 -2.992248916454376406e-02 1.000000000000000000e+00 1.000000000000000021e-08 7.862886783743702757e-02 -4.052498667226468732e-02
7.862886783743702757e-02 -4.052498667226468732e-02 0.000000000000000000e+00 1.000000000000000021e-08 1.815810082081451837e-01 1.029521403707081451e+00
1.815810082081451837e-01 1.029521403707081451e+00 0.000000000000000000e+00 1.000000000000000021e-08 4.074007185069760117e-01 2.258197102988308558e+00
4.074007185069760117e-01 2.258197102988308558e+00 2.000000000000000000e+00 1.000000000000000021e-08 6.272816484797991698e-01 2.198809299728231359e+00
6.272816484797991698e-01 2.198809299728231359e+00 1.000000000000000000e+00 1.000000000000000021e-08 9.397599639929132831e-01 3.124783155131140244e+00
9.397599639929132831e-01 3.124783155131140244e+00 0.000000000000000000e+00 1.000000000000000021e-08 1.415605639962950191e+00 4.758456759700369076e+00
1.415605639962950191e+00 4.758456759700369076e+00 0.000000000000000000e+00 9.999000000000000110e-01 1.570796326794896558e+00 5.000000000000000000e+00
-4.981566376568735688e-02 7.232701879616521001e-02 1.000000000000000000e+00 1.000000000000000021e-08 -4.259274959099379476e-02 7.222914174693564893e-02
-4.259274959099379476e-02 7.222914174693564893e-02 2.000000000000000000e+00 1.000000000000000021e-08 -1.396688305849337619e-01 -9.707608099393996159e-01
-1.396688305849337619e-01 -9.707608099393996159e-01 0.000000000000000000e+00 1.000000000000000021e-08 -1.825868509854866040e-01 -4.291802040055284762e-01
-1.825868509854866040e-01 -4.291802040055284762e-01 0.000000000000000000e+00 1.000000000000000021e-08 -1.821893327911535687e-01 3.975181943330463596e-03
-1.821893327911535687e-01 3.975181943330463596e-03 1.000000000000000000e+00 1.000000000000000021e-08 -2.292898820754358524e-01 -4.710054928428228926e-01
-2.292898820754358524e-01 -4.710054928428228926e-01 2.000000000000000000e+00 1.000000000000000021e-08 -4.021745815451983064e-01 -1.728846994697624373e+00
-4.021745815451983064e-01 -1.728846994697624373e+00 2.000000000000000000e+00 1.000000000000000021e-08 -7.190796506312655545e-01 -3.169050690860672148e+00
-7.190796506312655545e-01 -3.169050690860672148e+00 0.000000000000000000e+00 1.000000000000000021e-08 -1.077115635285588624e+00 -3.580359846543231583e+00
-1.077115635285588624e+00 -3.580359846543231583e+00 1.000000000000000000e+00 1.000000000000000021e-08 -1.556525215043779831e+00 -4.794095797581912954e+00
-1.556525215043779831e+00 -4.794095797581912954e+00 2.000000000000000000e+00 9.999000000000000110e-01 -1.570796326794896558e+00 -5.000000000000000000e+00
4.887993965692290221e-02 -7.712493860656885469e-02 1.000000000000000000e+00 1.000000000000000021e-08 4.456252199643681577e-02 -4.317417660486084358e-02
4.456252199643681577e-02 -4.317417660486084358e-02 2.000000000000000000e+00 1.000000000000000021e-08 -3.923924843903883741e-02 -8.380177043547564208e-01
-3.923924843903883741e-02 -8.380177043547564208e-01 2.000000000000000000e+00 1.000000000000000021e-08 -2.157816742245184105e-01 -1.765424257854795620e+00
-2.157816742245184105e-01 -1.765424257854795620e+00 1.000000000000000000e+00 1.000000000000000021e-08 -4.158557567033457358e-01 -2.000740824788272754e+00
-4.158557567033457358e-01 -2.000740824788272754e+00 2.000000000000000000e+00 1.000000000000000021e-08 -7.514550009807027253e-01 -3.355992442773569451e+00
-7.514550009807027253e-01 -3.355992442773569451e+00 1.000000000000000000e+00 1.000000000000000021e-08 -1.187815907396060577e+00 -4.363609064153578743e+00
-1.187815907396060577e+00 -4.363609064153578743e+00 2.000000000000000000e+00 9.999000000000000110e-01 -1.570796326794896558e+00 -5.000000000000000000e+00
-3.801181197239668352e-02 5.970896597576150211e-02 1.000000000000000000e+00 1.000000000000000021e-08 -4.142531427024965379e-02 -3.413502297852970269e-02
-4.142531427024965379e-02 -3.413502297852970269e-02 0.000000000000000000e+00 1.000000000000000021e-08 4.025326161502621597e-02 8.167857588527586143e-01
4.025326161502621597e-02 8.167857588527586143e-01 0.000000000000000000e+00 1.000000000000000021e-08 2.122387569813424524e-01 1.719854953663162211e+00
2.122387569813424524e-01 1.719854953663162211e+00 0.000000000000000000e+00 1.000000000000000021e-08 5.012000192639477492e-01 2.889612622826052579e+00
5.012000192639477492e-01 2.889612622826052579e+00 1.000000000000000000e+00 1.000000000000000021e-08 8.563544517926188204e-01 3.551544325286710713e+00
8.563544517926188204e-01 3.551544325286710713e+00 2.000000000000000000e+00 1.000000000000000021e-08 1.268134560827166135e+00 4.117801090345472481e+00
1.268134560827166135e+00 4.117801090345472481e+00 2.000000000000000000e+00 9.999000000000000110e-01 1.570796326794896558e+00 5.000000000000000000e+00
7.667917531662694908e-02 -5.675987487809876220e-04 0.000000000000000000e+00 1.000000000000000021e-08 1.771547157935287053e-01 1.004755404769017479e+00
1.771547157935287053e-01 1.004755404769017479e+00 2.000000000000000000e+00 1.000000000000000021e-08 2.069696113643251789e-01 2.981489557079648467e-01
2.069696113643251789e-01 2.981489557079648467e-01 2.000000000000000000e+00 1.000000000000000021e-08 1.984011121511250475e-01 -8.568499213200131415e-02
1.984011121511250475e-01 -8.568499213200131415e-02 0.000000000000000000e+00 1.000000000000000021e-08 3.219749694986564492e-01 1.235738573475313906e+00
3.219749694986564492e-01 1.235738573475313906e+00 1.000000000000000000e+00 1.000000000000000021e-08 5.000236573711253074e-01 1.780486878724688360e+00
5.000236573711253074e-01 1.780486878724688360e+00 2.000000000000000000e+00 1.000000000000000021e-08 6.937929399568035782e-01 1.937692825856782264e+00
6.937929399568035782e-01 1.937692825856782264e+00 2.000000000000000000e+00 1.000000000000000021e-08 9.152790756814018769e-01 2.214861357245982987e+00
9.152790756814018769e-01 2.214861357245982987e+00 1.000000000000000000e+00 1.000000000000000021e-08 1.254994692990074823e+00 3.397156173086729236e+00
1.254994692990074823e+00 3.397156173086729236e+00 2.000000000000000000e+00 9.999000000000000110e-01 1.570796326794896558e+00 4.545622532241436531e+00
6.056611910363926543e-02 2.725195322166411305e-03 0.000000000000000000e+00 1.000000000000000021e-08 1.678380755864706531e-01 1.072719564828313876e+00
1.678380755864706531e-01 1.072719564828313876e+00 0.000000000000000000e+00 1.000000000000000021e-08 3.808520871149687625e-01 2.130140115284981039e+00
3.808520871149687625e-01 2.130140115284981039e+00 1.000000000000000000e+00 1.000000000000000021e-08 6.553772841145402150e-01 2.745251969995714081e+00
6.553772841145402150e-01 2.745251969995714081e+00 1.000000000000000000e+00 1.000000000000000021e-08 1.034078224576300720e+00 3.787009404617603714e+00
1.034078224576300720e+00 3.787009404617603714e+00 1.000000000000000000e+00 1.000000000000000021e-08 1.527150966788216602e+00 4.930727422119158376e+00
1.527150966788216602e+00 4.930727422119158376e+00 0.000000000000000000e+00 9.999000000000000110e-01 1.570796326794896558e+00 5.000000000000000000e+00
7.305740464172445076e-03 -1.547368958062650401e-03 0.000000000000000000e+00 1.000000000000000021e-08 8.721882158393585993e-02 7.991308111976340722e-01
8.721882158393585993e-02 7.991308111976340722e-01 1.000000000000000000e+00 1.000000000000000021e-08 1.653627349619573861e-01 7.814391337802152337e-01
1.653627349619573861e-01 7.814391337802152337e-01 2.000000000000000000e+00 1.000000000000000021e-08 2.021948495503621268e-01 3.683211458840472963e-01
2.021948495503621268e-01 3.683211458840472963e-01 0.000000000000000000e+00 1.000000000000000021e-08 3.584152863376135478e-01 1.562204367872514155e+00
3.584152863376135478e-01 1.562204367872514155e+00 1.000000000000000000e+00 1.000000000000000021e-08 5.886856201139213374e-01 2.302703337763078117e+00
5.886856201139213374e-01 2.302703337763078117e+00 2.000000000000000000e+00 1.000000000000000021e-08 8.426515712268489722e-01 2.539659511129277014e+00
8.426515712268489722e-01 2.539659511129277014e+00 2.000000000000000000e+00 1.000000000000000021e-08 1.149762995048916547e+00 3.071114238220674864e+00
1.149762995048916547e+00 3.071114238220674864e+00 2.000000000000000000e+00 1.000000000000000021e-08 1.559471368146086556e+00 4.097083730971699644e+00
1.559471368146086556e+00 4.097083730971699644e+00 1.000000000000000000e+00 9.999000000000000110e-01 1.570796326794896558e+00 5.000000000000000000e+00
-3.429144335057688481e-02 -5.114176643177480164e-02 1.000000000000000000e+00 1.000000000000000021e-08 -3.777068874297517115e-02 -3.479245392398283565e-02
-3.777068874297517115e-02 -3.479245392398283565e-02 0.000000000000000000e+00 1.000000000000000021e-08 4.656091297745997698e-02 8.433160172043514535e-01
4.656091297745997698e-02 8.433160172043514535e-01 2.000000000000000000e+00 1.000000000000000021e-08 4.771384502621028867e-02 1.152932048750310301e-02
4.771384502621028867e-02 1.152932048750310301e-02 2.000000000000000000e+00 1.000000000000000021e-08 -2.687173280356634775e-02 -7.458557782977663919e-01
-2.687173280356634775e-02 -7.458557782977663919e-01 2.000000000000000000e+00 1.000000000000000021e-08 -2.028058738201945488e-01 -1.759341410166282094e+00
-2.028058738201945488e-01 -1.759341410166282094e+00 0.000000000000000000e+00 1.000000000000000021e-08 -3.216314068226263645e-01 -1.188255330024317935e+00
-3.216314068226263645e-01 -1.188255330024317935e+00 0.000000000000000000e+00 1.000000000000000021e-08 -4.122890056402251924e-01 -9.065759881759880567e-01
-4.122890056402251924e-01 -9.065759881759880567e-01 1.000000000000000000e+00 1.000000000000000021e-08 -5.743905467681710286e-01 -1.621015411279458140e+00
-5.743905467681710286e-01 -1.621015411279458140e+00 1.000000000000000000e+00 1.000000000000000021e-08 -8.292324481325847874e-01 -2.548419013644138253e+00
-8.292324481325847874e-01 -2.548419013644138253e+00 1.000000000000000000e+00 1.000000000000000021e-08 -1.201958387465136502e+00 -3.727259393325517145e+00
-1.201958387465136502e+00 -3.727259393325517145e+00 2.000000000000000000e+00 9.999000000000000110e-01 -1.570796326794896558e+00 -5.000000000000000000e+00
-1.457416006406471280e-02 -3.040822595382661891e-02 0.000000000000000000e+00 1.000000000000000021e-08 6.637470044721793805e-02 8.094886051128264981e-01
6.637470044721793805e-02 8.094886051128264981e-01 1.000000000000000000e+00 1.000000000000000021e-08 1.644087031564392953e-01 9.803400270922135729e-01
1.644087031564392953e-01 9.803400270922135729e-01 1.000000000000000000e+00 1.000000000000000021e-08 2.891732553784442938e-01 1.247645522220050207e+00
2.891732553784442938e-01 1.247645522220050207e+00 2.000000000000000000e+00 1.000000000000000021e-08 3.753349481805947629e-01 8.616169280215049131e-01
3.753349481805947629e-01 8.616169280215049131e-01 1.000000000000000000e+00 1.000000000000000021e-08 5.094593333377051003e-01 1.341243851571102708e+00
5.094593333377051003e-01 1.341243851571102708e+00 1.000000000000000000e+00 1.000000000000000021e-08 7.112982629013034908e-01 2.018389295635983682e+00
7.112982629013034908e-01 2.018389295635983682e+00 0.000000000000000000e+00 1.000000000000000021e-08 1.069615791057208609e+00 3.583175281559050518e+00
1.069615791057208609e+00 3.583175281559050518e+00 1.000000000000000000e+00 1.000000000000000021e-08 1.558647776127395801e+00 4.890319850701871474e+00
1.558647776127395801e+00 4.890319850701871474e+00 2.000000000000000000e+00 9.999000000000000110e-01 1.570796326794896558e+00 5.000000000000000000e+00
7.117439838585556955e-02 8.005744551471077886e-02 1.000000000000000000e+00 1.000000000000000021e-08 7.797282074727081291e-02 6.798422361415248916e-02
7.797282074727081291e-02 6.798422361415248916e-02 1.000000000000000000e+00 1.000000000000000021e-08 1.143229221798338635e-01 3.635010143256305337e-01
1.143229221798338635e-01 3.635010143256305337e-01 0.000000000000000000e+00 1.000000000000000021e-08 2.449984859537905624e-01 1.306755637739566822e+00
2.449984859537905624e-01 1.306755637739566822e+00 1.000000000000000000e+00 1.000000000000000021e-08 4.192571684825734391e-01 1.742586825287828711e+00
4.192571684825734391e-01 1.742586825287828711e+00 0.000000000000000000e+00 1.000000000000000021e-08 7.533144736359591587e-01 3.340573051533857196e+00
7.533144736359591587e-01 3.340573051533857196e+00 0.000000000000000000e+00 1.000000000000000021e-08 1.254140089877395559e+00 5.000000000000000000e+00
1.254140089877395559e+00 5.000000000000000000e+00 0.000000000000000000e+00 9.999000000000000110e-01 1.570796326794896558e+00 5.000000000000000000e+00
7.571242938065084194e-02 5.278740786822452846e-02 1.000000000000000000e+00 1.000000000000000021e-08 1.102784952419749998e-01 3.456606586132414671e-01
1.102784952419749998e-01 3.456606586132414671e-01 1.000000000000000000e+00 1.000000000000000021e-08 1.811924432807935914e-01 7.091394803881860831e-01
1.811924432807935914e-01 7.091394803881860831e-01 0.000000000000000000e+00 1.000000000000000021e-08 3.753271495163104099e-01 1.941347062355167852e+00
3.753271495163104099e-01 1.941347062355167852e+00 0.000000000000000000e+00 1.000000000000000021e-08 7.247423975085386383e-01 3.494152479922282062e+00
7.247423975085386383e-01 3.494152479922282062e+00 2.000000000000000000e+00 1.000000000000000021e-08 1.108189217660138226e+00 3.834468201515996988e+00
1.108189217660138226e+00 3.834468201515996988e+00 0.000000000000000000e+00 9.999000000000000110e-01 1.570796326794896558e+00 5.000000000000000000e+00
5.034169727460482274e-03 2.210692283550932946e-02 1.000000000000000000e+00 1.000000000000000021e-08 -6.157066501796589625e-03 -1.119123622925707051e-01
-6.157066501796589625e-03 -1.119123622925707051e-01 2.000000000000000000e+00 1.000000000000000021e-08 -9.546852175032072285e-02 -8.931145524852412976e-01
-9.546852175032072285e-02 -8.931145524852412976e-01 2.000000000000000000e+00 1.000000000000000021e-08 -2.901551071725412267e-01 -1.946865854222204595e+00
-2.901551071725412267e-01 -1.946865854222204595e+00 1.000000000000000000e+00 1.000000000000000021e-08 -5.449776881695256314e-01 -2.548225809969844491e+00
-5.449776881695256314e-01 -2.548225809969844491e+00 2.000000000000000000e+00 1.000000000000000021e-08 -9.500098944796493416e-01 -4.050322063101236658e+00
-9.500098944796493416e-01 -4.050322063101236658e+00 1.000000000000000000e+00 1.000000000000000021e-08 -1.473539661779086352e+00 -5.000000000000000000e+00
-1.473539661779086352e+00 -5.000000000000000000e+00 1.000000000000000000e+00 9.999000000000000110e-01 -1.570796326794896558e+00 -5.000000000000000000e+00
-5.699610340870811531e-03 4.635055883915245589e-02 0.000000000000000000e+00 1.000000000000000021e-08 8.175639217821502325e-02 8.745600251908582923e-01
8.175639217821502325e-02 8.745600251908582923e-01 2.000000000000000000e+00 1.000000000000000021e-08 1.080279355772780225e-01 2.627154339906300207e-01
1.080279355772780225e-01 2.627154339906300207e-01 2.000000000000000000e+00 1.000000000000000021e-08 8.010933000255411607e-02 -2.791860557472390925e-01
8.010933000255411607e-02 -2.791860557472390925e-01 2.000000000000000000e+00 1.000000000000000021e-08 -1.032358254425586042e-02 -9.043291254680997371e-01
-1.032358254425586042e-02 -9.043291254680997371e-01 0.000000000000000000e+00 1.000000000000000021e-08 -2.089779792165151820e-02 -1.057421537739565709e-01
-2.089779792165151820e-02 -1.057421537739565709e-01 1.000000000000000000e+00 1.000000000000000021e-08 -3.284275525248112060e-02 -1.194495733082960309e-01
-3.284275525248112060e-02 -1.194495733082960309e-01 1.000000000000000000e+00 1.000000000000000021e-08 -6.166747621583153205e-02 -2.882472096335040868e-01
-6.166747621583153205e-02 -2.882472096335040868e-01 0.000000000000000000e+00 1.000000000000000021e-08 -1.871750349460455515e-02 4.294997272122697551e-01
-1.871750349460455515e-02 4.294997272122697551e-01 0.000000000000000000e+00 1.000000000000000021e-08 1.046563910776514006e-01 1.233738945722559377e+00
1.046563910776514006e-01 1.233738945722559377e+00 0.000000000000000000e+00 1.000000000000000021e-08 3.264904489129866749e-01 2.218340578353352743e+00
3.264904489129866749e-01 2.218340578353352743e+00 1.000000000000000000e+00 1.000000000000000021e-08 6.041996344288043108e-01 2.777091855158175804e+00
6.041996344288043108e-01 2.777091855158175804e+00 0.000000000000000000e+00 1.000000000000000021e-08 1.048537514189473718e+00 4.443378797606693631e+00
1.048537514189473718e+00 4.443378797606693631e+00 2.000000000000000000e+00 1.000000000000000021e-08 1.565619094825102309e+00 5.000000000000000000e+00
1.565619094825102309e+00 5.000000000000000000e+00 0.000000000000000000e+00 9.999000000000000110e-01 1.570796326794896558e+00 5.000000000000000000e+00
-6.047940749973584190e-02 -2.072012205541779589e-03 0.000000000000000000e+00 1.000000000000000021e-08 2.014981021682849677e-02 8.062921771656433867e-01
2.014981021682849677e-02 8.062921771656433867e-01 2.000000000000000000e+00 1.000000000000000021e-08 1.262989587885809603e-02 -7.519914337970401430e-02
1.262989587885809603e-02 -7.519914337970401430e-02 2.000000000000000000e+00 1.000000000000000021e-08 -7.178492007999871805e-02 -8.441481595885681477e-01
-7.178492007999871805e-02 -8.441481595885681477e-01 1.000000000000000000e+00 1.000000000000000021e-08 -1.726441225836668480e-01 -1.008592025036681328e+00
-1.726441225836668480e-01 -1.008592025036681328e+00 2.000000000000000000e+00 1.000000000000000021e-08 -4.025927979410109381e-01 -2.299486753573440900e+00
-4.025927979410109381e-01 -2.299486753573440900e+00 1.000000000000000000e+00 1.000000000000000021e-08 -6.898177294539385995e-01 -2.872249315129276503e+00
-6.898177294539385995e-01 -2.872249315129276503e+00 0.000000000000000000e+00 1.000000000000000021e-08 -1.002889432753604870e+00 -3.130717032996662930e+00
-1.002889432753604870e+00 -3.130717032996662930e+00 0.000000000000000000e+00 1.000000000000000021e-08 -1.403588964891369084e+00 -4.006995321377640806e+00
-1.403588964891369084e+00 -4.006995321377640806e+00 1.000000000000000000e+00 9.999000000000000110e-01 -1.570796326794896558e+00 -5.000000000000000000e+00
-4.337398018101711050e-02 9.963693344531773799e-03 1.000000000000000000e+00 1.000000000000000021e-08 -6.243373917904732062e-02 -1.905975899803020734e-01
-6.243373917904732062e-02 -1.905975899803020734e-01 1.000000000000000000e+00 1.000000000000000021e-08 -7.520405455628029201e-02 -1.277031537723296584e-01
-7.520405455628029201e-02 -1.277031537723296584e-01 2.000000000000000000e+00 1.000000000000000021e-08 -1.797538447177213228e-01 -1.045497901614410141e+00
-1.797538447177213228e-01 -1.045497901614410141e+00 0.000000000000000000e+00 1.000000000000000021e-08 -2.188984576813590155e-01 -3.914461296363769272e-01
-2.188984576813590155e-01 -3.914461296363769272e-01 2.000000000000000000e+00 1.000000000000000021e-08 -3.847011903043888736e-01 -1.658027326230298248e+00
-3.847011903043888736e-01 -1.658027326230298248e+00 1.000000000000000000e+00 1.000000000000000021e-08 -6.168106758220898156e-01 -2.321094855177009642e+00
-6.168106758220898156e-01 -2.321094855177009642e+00 0.000000000000000000e+00 1.000000000000000021e-08 -8.771987451949110337e-01 -2.603880693728211959e+00
-8.771987451949110337e-01 -2.603880693728211959e+00 2.000000000000000000e+00 1.000000000000000021e-08 -1.300888739150478202e+00 -4.236899939555671679e+00
-1.300888739150478202e+00 -4.236899939555671679e+00 2.000000000000000000e+00 9.999000000000000110e-01 -1.570796326794896558e+00 -5.000000000000000000e+00
-1.670667745135194504e-02 -5.054020305745431790e-03 1.000000000000000000e+00 1.000000000000000021e-08 -2.468694082820556412e-02 -7.980263376853616308e-02
-2.468694082820556412e-02 -7.980263376853616308e-02 2.000000000000000000e+00 1.000000000000000021e-08 -1.169503692453931903e-01 -9.226342841718762067e-01
-1.169503692453931903e-01 -9.226342841718762067e-01 2.000000000000000000e+00 1.000000000000000021e-08 -3.272657198903047293e-01 -2.103153506449115362e+00
-3.272657198903047293e-01 -2.103153506449115362e+00 1.000000000000000000e+00 1.000000000000000021e-08 -5.957405618783890855e-01 -2.684748419880843784e+00
-5.957405618783890855e-01 -2.684748419880843784e+00 2.000000000000000000e+00 1.000000000000000021e-08 -1.031957938123962970e+00 -4.362173762455737958e+00
-1.031957938123962970e+00 -4.362173762455737958e+00 2.000000000000000000e+00 9.999000000000000110e-01 -1.570796326794896558e+00 -5.000000000000000000e+00
-2.547629244551947308e-02 -5.258490676779689621e-02 0.000000000000000000e+00 1.000000000000000021e-08 6.611239451420150570e-02 9.158868695972097740e-01
6.611239451420150570e-02 9.158868695972097740e-01 1.000000000000000000e+00 1.000000000000000021e-08 1.555507551601600369e-01 8.943836064595852564e-01
1.555507551601600369e-01 8.943836064595852564e-01 0.000000000000000000e+00 1.000000000000000021e-08 3.538666667098832042e-01 1.983159115497231895e+00
3.538666667098832042e-01 1.983159115497231895e+00 0.000000000000000000e+00 1.000000000000000021e-08 6.749071825662477098e-01 3.210405158563645056e+00
6.749071825662477098e-01 3.210405158563645056e+00 2.000000000000000000e+00 1.000000000000000021e-08 1.018103249299375124e+00 3.431960667331273918e+00
1.018103249299375124e+00 3.431960667331273918e+00 2.000000000000000000e+00 1.000000000000000021e-08 1.442084410744040701e+00 4.239811614446654886e+00
1.442084410744040701e+00 4.239811614446654886e+00 2.000000000000000000e+00 9.999000000000000110e-01 1.570796326794896558e+00 5.000000000000000000e+00
-2.138678263867779122e-02 -6.989525482555428160e-02 1.000000000000000000e+00 1.000000000000000021e-08 -2.697189518579125311e-02 -5.585112547113459808e-02
-2.697189518579125311e-02 -5.585112547113459808e-02 2.000000000000000000e+00 1.000000000000000021e-08 -1.334774747842562559e-01 -1.065055795984649833e+00
-1.334774747842562559e-01 -1.065055795984649833e+00 1.000000000000000000e+00 1.000000000000000021e-08 -2.521967321387287297e-01 -1.187192573544724628e+00
-2.521967321387287297e-01 -1.187192573544724628e+00 2.000000000000000000e+00 1.000000000000000021e-08 -4.972643303647387159e-01 -2.450675982260099861e+00
-4.972643303647387159e-01 -2.450675982260099861e+00 2.000000000000000000e+00 1.000000000000000021e-08 -8.920693188504875693e-01 -3.948049884857487868e+00
-8.920693188504875693e-01 -3.948049884857487868e+00 2.000000000000000000e+00 1.000000000000000021e-08 -1.436826405444121324e+00 -5.000000000000000000e+00
-1.436826405444121324e+00 -5.000000000000000000e+00 2.000000000000000000e+00 9.999000000000000110e-01 -1.570796326794896558e+00 -5.000000000000000000e+00
9.197904182723128097e-03 -1.763076407778553512e-02 2.000000000000000000e+00 1.000000000000000021e-08 -7.828452917628395125e-02 -8.748243335900707240e-01
-7.828452917628395125e-02 -8.748243335900707240e-01 1.000000000000000000e+00 1.000000000000000021e-08 -1.814113742739819624e-01 -1.031268450976980056e+00
-1.814113742739819624e-01 -1.031268450976980056e+00 1.000000000000000000e+00 1.000000000000000021e-08 -3.004375069169140655e-01 -1.190261326429320698e+00
-3.004375069169140655e-01 -1.190261326429320698e+00 0.000000000000000000e+00 1.000000000000000021e-08 -3.711249130062983514e-01 -7.068740608938428593e-01
-3.711249130062983514e-01 -7.068740608938428593e-01 1.000000000000000000e+00 1.000000000000000021e-08 -5.102130908216658822e-01 -1.390881778153675086e+00
-5.102130908216658822e-01 -1.390881778153675086e+00 0.000000000000000000e+00 1.000000000000000021e-08 -6.411601175023862176e-01 -1.309470266807203576e+00
-6.411601175023862176e-01 -1.309470266807203576e+00 0.000000000000000000e+00 1.000000000000000021e-08 -8.026427469987792440e-01 -1.614826294963930042e+00
-8.026427469987792440e-01 -1.614826294963930042e+00 0.000000000000000000e+00 1.000000000000000021e-08 -1.027636646818459454e+00 -2.249938998196803208e+00
-1.027636646818459454e+00 -2.249938998196803208e+00 1.000000000000000000e+00 1.000000000000000021e-08 -1.379639021200819382e+00 -3.520023743823598394e+00
-1.379639021200819382e+00 -3.520023743823598394e+00 2.000000000000000000e+00 9.999000000000000110e-01 -1.570796326794896558e+00 -5.000000000000000000e+00
-5.588472096984867937e-02 -3.627980199229868113e-02 1.000000000000000000e+00 1.000000000000000021e-08 -7.877779473040541491e-02 -2.289307376055674248e-01
-7.877779473040541491e-02 -2.289307376055674248e-01 1.000000000000000000e+00 1.000000000000000021e-08 -1.093575106078675668e-01 -3.057971587746214914e-01
-1.093575106078675668e-01 -3.057971587746214914e-01 1.000000000000000000e+00 1.000000000000000021e-08 -1.705473181888619572e-01 -6.118980758099439310e-01
-1.705473181888619572e-01 -6.118980758099439310e-01 2.000000000000000000e+00 1.000000000000000021e-08 -3.412308499421514707e-01 -1.706835317532894747e+00
-3.412308499421514707e-01 -1.706835317532894747e+00 0.000000000000000000e+00 1.000000000000000021e-08 -4.866988812525219754e-01 -1.454680313103704936e+00
-4.866988812525219754e-01 -1.454680313103704936e+00 1.000000000000000000e+00 1.000000000000000021e-08 -6.946820608908435002e-01 -2.079831796383215359e+00
-6.946820608908435002e-01 -2.079831796383215359e+00 1.000000000000000000e+00 1.000000000000000021e-08 -1.012200699030437967e+00 -3.175186381395943780e+00
-1.012200699030437967e+00 -3.175186381395943780e+00 0.000000000000000000e+00 1.000000000000000021e-08 -1.408213075376330448e+00 -3.960123763458923474e+00
-1.408213075376330448e+00 -3.960123763458923474e+00 2.000000000000000000e+00 9.999000000000000110e-01 -1.570796326794896558e+00 -5.000000000000000000e+00
6.658484211545608045e-02 -4.638193358104911179e-02 2.000000000000000000e+00 1.000000000000000021e-08 -3.200225857666076645e-02 -9.858710069211684690e-01
-3.200225857666076645e-02 -9.858710069211684690e-01 1.000000000000000000e+00 1.000000000000000021e-08 -1.391386413462038507e-01 -1.071363827695430704e+00
-1.391386413462038507e-01 -1.071363827695430704e+00 1.000000000000000000e+00 1.000000000000000021e-08 -2.759440301404159079e-01 -1.368053887942120239e+00
-2.759440301404159079e-01 -1.368053887942120239e+00 2.000000000000000000e+00 1.000000000000000021e-08 -5.578797779109949673e-01 -2.819357477705789705e+00
-5.578797779109949673e-01 -2.819357477705789705e+00 1.000000000000000000e+00 1.000000000000000021e-08 -9.332463767200345206e-01 -3.753665988090395089e+00
-9.332463767200345206e-01 -3.753665988090395089e+00 1.000000000000000000e+00 1.000000000000000021e-08 -1.422430800944853413e+00 -4.891844242248188479e+00
-1.422430800944853413e+00 -4.891844242248188479e+00 0.000000000000000000e+00 9.999000000000000110e-01 -1.570796326794896558e+00 -5.000000000000000000e+00
-7.344129960130928170e-02 -6.197389624310018635e-02 0.000000000000000000e+00 1.000000000000000021e-08 -1.331982643080547452e-02 6.012147317050380302e-01
-1.331982643080547452e-02 6.012147317050380302e-01 0.000000000000000000e+00 1.000000000000000021e-08 1.297886958229184373e-01 1.431085222537239243e+00
1.297886958229184373e-01 1.431085222537239243e+00 1.000000000000000000e+00 1.000000000000000021e-08 2.789619556719524773e-01 1.491732598490340234e+00
2.789619556719524773e-01 1.491732598490340234e+00 2.000000000000000000e+00 1.000000000000000021e-08 4.038819091974199527e-01 1.249199535254674531e+00
4.038819091974199527e-01 1.249199535254674531e+00 1.000000000000000000e+00 1.000000000000000021e-08 6.062274928410378294e-01 2.023455836436178323e+00
6.062274928410378294e-01 2.023455836436178323e+00 0.000000000000000000e+00 1.000000000000000021e-08 9.662267057334728015e-01 3.599992128924348833e+00
9.662267057334728015e-01 3.599992128924348833e+00 1.000000000000000000e+00 1.000000000000000021e-08 1.450558503530637200e+00 4.843317977971643984e+00
1.450558503530637200e+00 4.843317977971643984e+00 0.000000000000000000e+00 9.999000000000000110e-01 1.570796326794896558e+00 5.000000000000000000e+00
-2.685079166637435732e-02 5.825502896542517073e-02 2.000000000000000000e+00 1.000000000000000021e-08 -1.122128688685322395e-01 -8.536207720215787109e-01
-1.122128688685322395e-01 -8.536207720215787109e-01 0.000000000000000000e+00 1.000000000000000021e-08 -1.278319397485662978e-01 -1.561907088003405830e-01
-1.278319397485662978e-01 -1.561907088003405830e-01 0.000000000000000000e+00 1.000000000000000021e-08 -9.268586583053248229e-02 3.514607391803381553e-01
-9.268586583053248229e-02 3.514607391803381553e-01 1.000000000000000000e+00 1.000000000000000021e-08 -7.786408460084108529e-02 1.482178122969139422e-01
-7.786408460084108529e-02 1.482178122969139422e-01 1.000000000000000000e+00 1.000000000000000021e-08 -8.292265585779050319e-02 -5.058571256949423445e-02
-8.292265585779050319e-02 -5.058571256949423445e-02 0.000000000000000000e+00 1.000000000000000021e-08 -3.019070621682745648e-04 8.262074879562222307e-01
-3.019070621682745648e-04 8.262074879562222307e-01 2.000000000000000000e+00 1.000000000000000021e-08 3.404433111508406787e-03 3.706340173676681005e-02
3.404433111508406787e-03 3.706340173676681005e-02 0.000000000000000000e+00 1.000000000000000021e-08 9.705935499585573167e-02 9.365492188434731968e-01
9.705935499585573167e-02 9.365492188434731968e-01 2.000000000000000000e+00 1.000000000000000021e-08 1.065258772354665540e-01 9.466522239610819511e-02
1.065258772354665540e-01 9.466522239610819511e-02 1.000000000000000000e+00 1.000000000000000021e-08 1.196212570138039388e-01 1.309537977833737654e-01
1.196212570138039388e-01 1.309537977833737654e-01 2.000000000000000000e+00 1.000000000000000021e-08 6.827069987408498908e-02 -5.135055713971895530e-01
6.827069987408498908e-02 -5.135055713971895530e-01 1.000000000000000000e+00 1.000000000000000021e-08 1.376686881293270881e-02 -5.450383106115227472e-01
1.376686881293270881e-02 -5.450383106115227472e-01 1.000000000000000000e+00 1.000000000000000021e-08 -2.307991366711941578e-02 -3.684678248005212042e-01
-2.307991366711941578e-02 -3.684678248005212042e-01 0.000000000000000000e+00 1.000000000000000021e-08 3.960666919354387944e-02 6.268658286066329799e-01
3.960666919354387944e-02 6.268658286066329799e-01 1.000000000000000000e+00 1.000000000000000021e-08 1.144293820900495195e-01 7.482271289650562762e-01
1.144293820900495195e-01 7.482271289650562762e-01 1.000000000000000000e+00 1.000000000000000021e-08 1.951693941394817555e-01 8.074001204943224153e-01
1.951693941394817555e-01 8.074001204943224153e-01 0.000000000000000000e+00 1.000000000000000021e-08 3.885573257056356145e-01 1.933879315661538367e+00
3.885573257056356145e-01 1.933879315661538367e+00 0.000000000000000000e+00 1.000000000000000021e-08 7.307393301308516831e-01 3.421820044252160464e+00
7.307393301308516831e-01 3.421820044252160464e+00 0.000000000000000000e+00 1.000000000000000021e-08 1.240204454429973513e+00 5.000000000000000000e+00
1.240204454429973513e+00 5.000000000000000000e+00 0.000000000000000000e+00 9.999000000000000110e-01 1.570796326794896558e+00 5.000000000000000000e+00
-7.533553275722035258e-02 -8.348023977794732930e-02 0.000000000000000000e+00 1.000000000000000021e-08 -2.131561175454552148e-02 5.401992100267483110e-01
-2.131561175454552148e-02 5.401992100267483110e-01 0.000000000000000000e+00 1.000000000000000021e-08 1.096070877094326712e-01 1.309226994639781871e+00
1.096070877094326712e-01 1.309226994639781871e+00 2.000000000000000000e+00 1.000000000000000021e-08 1.782256349447557953e-01 6.861854723532312406e-01
1.782256349447557953e-01 6.861854723532312406e-01 2.000000000000000000e+00 1.000000000000000021e-08 1.937408871550626022e-01 1.551525221030681800e-01
1.937408871550626022e-01 1.551525221030681800e-01 1.000000000000000000e+00 1.000000000000000021e-08 2.424984686833436820e-01 4.875758152828107428e-01
2.424984686833436820e-01 4.875758152828107428e-01 1.000000000000000000e+00 1.000000000000000021e-08 3.444628098326685262e-01 1.019643411493248220e+00
3.444628098326685262e-01 1.019643411493248220e+00 2.000000000000000000e+00 1.000000000000000021e-08 4.237638771478894339e-01 7.930106731522093000e-01
4.237638771478894339e-01 7.930106731522093000e-01 1.000000000000000000e+00 1.000000000000000021e-08 5.801341661501072666e-01 1.563702890022178327e+00
5.801341661501072666e-01 1.563702890022178327e+00 0.000000000000000000e+00 1.000000000000000021e-08 9.075222616519290630e-01 3.273880955018217520e+00
9.075222616519290630e-01 3.273880955018217520e+00 2.000000000000000000e+00 1.000000000000000021e-08 1.304174601125071886e+00 3.966523394731428009e+00
1.304174601125071886e+00 3.966523394731428009e+00 1.000000000000000000e+00 9.999000000000000110e-01 1.570796326794896558e+00 5.000000000000000000e+00
4.728090118341281983e-02 -3.144991103132564747e-02 1.000000000000000000e+00 1.000000000000000021e-08 5.327355467901415814e-02 5.992653495601338309e-02
5.327355467901415814e-02 5.992653495601338309e-02 1.000000000000000000e+00 1.000000000000000021e-08 8.032221787700427607e-02 2.704866319799010821e-01
8.032221787700427607e-02 2.704866319799010821e-01 1.000000000000000000e+00 1.000000000000000021e-08 1.214109576315569317e-01 4.108873975455266114e-01
1.214109576315569317e-01 4.108873975455266114e-01 0.000000000000000000e+00 1.000000000000000021e-08 2.870594757480182113e-01 1.656485181164612630e+00
2.870594757480182113e-01 1.656485181164612630e+00 0.000000000000000000e+00 1.000000000000000021e-08 5.897771188084506289e-01 3.027176430604323176e+00
5.897771188084506289e-01 3.027176430604323176e+00 1.000000000000000000e+00 1.000000000000000021e-08 9.850611024799815763e-01 3.952839836715309918e+00
9.850611024799815763e-01 3.952839836715309918e+00 0.000000000000000000e+00 1.000000000000000021e-08 1.543567825373958868e+00 5.000000000000000000e+00
1.543567825373958868e+00 5.000000000000000000e+00 0.000000000000000000e+00 9.999000000000000110e-01 1.570796326794896558e+00 5.000000000000000000e+00
-4.583939473300369105e-02 -7.620655414983691645e-02 0.000000000000000000e+00 1.000000000000000021e-08 3.394939261042034806e-02 7.978878734342402801e-01
3.394939261042034806e-02 7.978878734342402801e-01 0.000000000000000000e+00 1.000000000000000021e-08 2.228305947144195998e-01 1.888812021039992350e+00
2.228305947144195998e-01 1.888812021039992350e+00 0.000000000000000000e+00 1.000000000000000021e-08 5.367395288690459676e-01 3.139089341546263512e+00
5.367395288690459676e-01 3.139089341546263512e+00 2.000000000000000000e+00 1.000000000000000021e-08 8.494276993347517068e-01 3.126881704657057170e+00
8.494276993347517068e-01 3.126881704657057170e+00 2.000000000000000000e+00 1.000000000000000021e-08 1.222684939936024229e+00 3.732572406012724997e+00
1.222684939936024229e+00 3.732572406012724997e+00 2.000000000000000000e+00 9.999000000000000110e-01 1.570796326794896558e+00 4.801702318660276525e+00
-8.059561557569730472e-02 -1.300285992511444541e-02 1.000000000000000000e+00 1.000000000000000021e-08 -8.321824715586929877e-02 -2.622631580171988844e-02
-8.321824715586929877e-02 -2.622631580171988844e-02 2.000000000000000000e+00 1.000000000000000021e-08 -1.845858555734073703e-01 -1.013676084175380687e+00
-1.845858555734073703e-01 -1.013676084175380687e+00 2.000000000000000000e+00 1.000000000000000021e-08 -4.142200652147510764e-01 -2.296342096413437339e+00
-4.142200652147510764e-01 -2.296342096413437339e+00 0.000000000000000000e+00 1.000000000000000021e-08 -6.186532698495930127e-01 -2.044332046348419585e+00
-6.186532698495930127e-01 -2.044332046348419585e+00 0.000000000000000000e+00 1.000000000000000021e-08 -8.371025039377479882e-01 -2.184492340881550199e+00
-8.371025039377479882e-01 -2.184492340881550199e+00 0.000000000000000000e+00 1.000000000000000021e-08 -1.110339776322800898e+00 -2.732372723850528207e+00
-1.110339776322800898e+00 -2.732372723850528207e+00 0.000000000000000000e+00 1.000000000000000021e-08 -1.480508823484317782e+00 -3.701690471615168399e+00
-1.480508823484317782e+00 -3.701690471615168399e+00 0.000000000000000000e+00 9.999000000000000110e-01 -1.570796326794896558e+00 -5.000000000000000000e+00
-5.752777290691130085e-02 -8.071822093846993396e-02 0.000000000000000000e+00 1.000000000000000021e-08 2.446242031923701044e-02 8.199019322614831129e-01
2.446242031923701044e-02 8.199019322614831129e-01 1.000000000000000000e+00 1.000000000000000021e-08 1.071850173670859663e-01 8.272259704784895584e-01
1.071850173670859663e-01 8.272259704784895584e-01 0.000000000000000000e+00 1.000000000000000021e-08 3.033718427231816839e-01 1.961868253560957065e+00
3.033718427231816839e-01 1.961868253560957065e+00 1.000000000000000000e+00 1.000000000000000021e-08 5.461936860773264346e-01 2.428218433541446952e+00
5.461936860773264346e-01 2.428218433541446952e+00 0.000000000000000000e+00 1.000000000000000021e-08 9.395184813247499100e-01 3.933247952474235198e+00
9.395184813247499100e-01 3.933247952474235198e+00 0.000000000000000000e+00 1.000000000000000021e-08 1.496107753295685683e+00 5.000000000000000000e+00
1.496107753295685683e+00 5.000000000000000000e+00 0.000000000000000000e+00 9.999000000000000110e-01 1.570796326794896558e+00 5.000000000000000000e+00
5.404790656410933536e-02 6.964638389084128189e-03 0.000000000000000000e+00 1.000000000000000021e-08 1.612962637980728808e-01 1.072483572339635538e+00
1.612962637980728808e-01 1.072483572339635538e+00 1.000000000000000000e+00 1.000000000000000021e-08 2.964859021373408288e-01 1.351896383392679146e+00
2.964859021373408288e-01 1.351896383392679146e+00 1.000000000000000000e+00 1.000000000000000021e-08 4.790692300819653915e-01 1.825833279446245516e+00
4.790692300819653915e-01 1.825833279446245516e+00 1.000000000000000000e+00 1.000000000000000021e-08 7.477123864129461284e-01 2.686431563309807480e+00
7.477123864129461284e-01 2.686431563309807480e+00 1.000000000000000000e+00 1.000000000000000021e-08 1.107638831252335088e+00 3.599264448393890259e+00
1.107638831252335088e+00 3.599264448393890259e+00 1.000000000000000000e+00 9.999000000000000110e-01 1.570796326794896558e+00 4.818501609856200574e+00
3.437476955312181864e-02 -1.435400416418663311e-03 1.000000000000000000e+00 1.000000000000000021e-08 3.338417032745455426e-02 -9.905992256672652499e-03
3.338417032745455426e-02 -9.905992256672652499e-03 2.000000000000000000e+00 1.000000000000000021e-08 -3.600804176016673963e-02 -6.939221208762129667e-01
-3.600804176016673963e-02 -6.939221208762129667e-01 0.000000000000000000e+00 1.000000000000000021e-08 -4.062221265719302005e-02 -4.614170897026281803e-02
-4.062221265719302005e-02 -4.614170897026281803e-02 0.000000000000000000e+00 1.000000000000000021e-08 4.061496683068484964e-02 8.123717948787786414e-01
4.061496683068484964e-02 8.123717948787786414e-01 0.000000000000000000e+00 1.000000000000000021e-08 2.275467120996956805e-01 1.869317452690108183e+00
2.275467120996956805e-01 1.869317452690108183e+00 0.000000000000000000e+00 1.000000000000000021e-08 5.291789767650945109e-01 3.016322646653987860e+00
5.291789767650945109e-01 3.016322646653987860e+00 1.000000000000000000e+00 1.000000000000000021e-08 9.102327407669470460e-01 3.810537640018525796e+00
9.102327407669470460e-01 3.810537640018525796e+00 1.000000000000000000e+00 1.000000000000000021e-08 1.405000711683300540e+00 4.947679709163535833e+00
1.405000711683300540e+00 4.947679709163535833e+00 0.000000000000000000e+00 9.999000000000000110e-01 1.570796326794896558e+00 5.000000000000000000e+00
1.363555981600931416e-02 2.339380946091120655e-02 0.000000000000000000e+00 1.000000000000000021e-08 9.139248887048070924e-02 7.775692905447140202e-01
9.139248887048070924e-02 7.775692905447140202e-01 0.000000000000000000e+00 1.000000000000000021e-08 2.884827244354905007e-01 1.970902355650097970e+00
2.884827244354905007e-01 1.970902355650097970e+00 0.000000000000000000e+00 1.000000000000000021e-08 6.121405496114604716e-01 3.236578251759699487e+00
6.121405496114604716e-01 3.236578251759699487e+00 0.000000000000000000e+00 1.000000000000000021e-08 1.100984739709328419e+00 4.888441900978679477e+00
1.100984739709328419e+00 4.888441900978679477e+00 1.000000000000000000e+00 9.999000000000000110e-01 1.570796326794896558e+00 5.000000000000000000e+00
-7.279753002313818500e-02 8.555057185255095231e-02 0.000000000000000000e+00 1.000000000000000021e-08 -6.858797752907208611e-04 7.211165024784745858e-01
-6.858797752907208611e-04 7.211165024784745858e-01 0.000000000000000000e+00 1.000000000000000021e-08 1.714398682583582745e-01 1.721257480336489731e+00
1.714398682583582745e-01 1.721257480336489731e+00 1.000000000000000000e+00 1.000000000000000021e-08 3.575961581438680259e-01 1.861562898855097403e+00
3.575961581438680259e-01 1.861562898855097403e+00 2.000000000000000000e+00 1.000000000000000021e-08 5.322466506955796373e-01 1.746504925517115669e+00
5.322466506955796373e-01 1.746504925517115669e+00 1.000000000000000000e+00 1.000000000000000021e-08 7.797699384514198417e-01 2.475232877558402489e+00
7.797699384514198417e-01 2.475232877558402489e+00 0.000000000000000000e+00 1.000000000000000021e-08 1.194912467647620380e+00 4.151425291962004493e+00
1.194912467647620380e+00 4.151425291962004493e+00 1.000000000000000000e+00 9.999000000000000110e-01 1.570796326794896558e+00 5.000000000000000000e+00
1.194748979202828881e-03 -2.534767295618307187e-02 2.000000000000000000e+00 1.000000000000000021e-08 -8.440692668236546292e-02 -8.560167566156827723e-01
-8.440692668236546292e-02 -8.560167566156827723e-01 2.000000000000000000e+00 1.000000000000000021e-08 -2.878451818600309409e-01 -2.034382551776654502e+00
-2.878451818600309409e-01 -2.034382551776654502e+00 2.000000000000000000e+00 1.000000000000000021e-08 -6.257082763177264084e-01 -3.378630944576953787e+00
-6.257082763177264084e-01 -3.378630944576953787e+00 1.000000000000000000e+00 1.000000000000000021e-08 -1.061199894182605519e+00 -4.354916178648791103e+00
-1.061199894182605519e+00 -4.354916178648791103e+00 0.000000000000000000e+00 9.999000000000000110e-01 -1.570796326794896558e+00 -5.000000000000000000e+00
-6.467348084773763550e-02 2.610596971057298557e-02 0.000000000000000000e+00 1.000000000000000021e-08 -2.801396662413482841e-03 6.187208418532414989e-01
-2.801396662413482841e-03 6.187208418532414989e-01 2.000000000000000000e+00 1.000000000000000021e-08 -2.465896946072292789e-02 -2.185757279830944366e-01
-2.465896946072292789e-02 -2.185757279830944366e-01 0.000000000000000000e+00 1.000000000000000021e-08 5.152402922724768491e-02 7.618299868797060448e-01
5.152402922724768491e-02 7.618299868797060448e-01 1.000000000000000000e+00 1.000000000000000021e-08 1.239817092790874986e-01 7.245768005183981231e-01
1.239817092790874986e-01 7.245768005183981231e-01 0.000000000000000000e+00 1.000000000000000021e-08 3.128249089560893870e-01 1.888431996770018495e+00
3.128249089560893870e-01 1.888431996770018495e+00 0.000000000000000000e+00 1.000000000000000021e-08 6.254714053435365129e-01 3.126464963874470815e+00
6.254714053435365129e-01 3.126464963874470815e+00 1.000000000000000000e+00 1.000000000000000021e-08 1.012732839495297021e+00 3.872614341517604863e+00
1.012732839495297021e+00 3.872614341517604863e+00 2.000000000000000000e+00 1.000000000000000021e-08 1.483781774785144059e+00 4.710489352898471260e+00
1.483781774785144059e+00 4.710489352898471260e+00 0.000000000000000000e+00 9.999000000000000110e-01 1.570796326794896558e+00 5.000000000000000000e+00
-5.347805094830446193e-03 8.716530115480702889e-02 0.000000000000000000e+00 1.000000000000000021e-08 7.490815796984962027e-02 8.025596306468005814e-01
7.490815796984962027e-02 8.025596306468005814e-01 0.000000000000000000e+00 1.000000000000000021e-08 2.469172708413651385e-01 1.720091128715155016e+00
2.469172708413651385e-01 1.720091128715155016e+00 1.000000000000000000e+00 1.000000000000000021e-08 4.622866302174952757e-01 2.153693593761301095e+00
4.622866302174952757e-01 2.153693593761301095e+00 0.000000000000000000e+00 1.000000000000000021e-08 8.280990135213557313e-01 3.658123833038605000e+00
8.280990135213557313e-01 3.658123833038605000e+00 2.000000000000000000e+00 1.000000000000000021e-08 1.247423948631994683e+00 4.193249351106389078e+00
1.247423948631994683e+00 4.193249351106389078e+00 2.000000000000000000e+00 9.999000000000000110e-01 1.570796326794896558e+00 5.000000000000000000e+00
5.009779734163546938e-02 2.180370440207073102e-02 0.000000000000000000e+00 1.000000000000000021e-08 1.331937104555342422e-01 8.309591311389877832e-01
1.331937104555342422e-01 8.309591311389877832e-01 1.000000000000000000e+00 1.000000000000000021e-08 2.290532347516058276e-01 9.585952429607156322e-01
