-6.013892075306635776e-03 -4.440629743729601620e-02 2.000000000000000000e+00 1.000000000000000021e-08 -1.061824521615540029e-01 -1.001685600862473713e+00
-1.061824521615540029e-01 -1.001685600862473713e+00 2.000000000000000000e+00 1.000000000000000021e-08 -3.189889059038579777e-01 -2.128064537423039582e+00
-3.189889059038579777e-01 -2.128064537423039582e+00 2.000000000000000000e+00 1.000000000000000021e-08 -6.695014812164372664e-01 -3.505125753125793331e+00
-6.695014812164372664e-01 -3.505125753125793331e+00 0.000000000000000000e+00 1.000000000000000021e-08 -1.040230554309632849e+00 -3.707290730931956269e+00
-1.040230554309632849e+00 -3.707290730931956269e+00 2.000000000000000000e+00 1.000000000000000021e-08 -1.570519478901041932e+00 -5.000000000000000000e+00
-1.570519478901041932e+00 -5.000000000000000000e+00 1.000000000000000000e+00 9.999000000000000110e-01 -1.570796326794896558e+00 -5.000000000000000000e+00
3.463577335384362965e-02 6.449249385935273970e-03 2.000000000000000000e+00 1.000000000000000021e-08 -5.645412650830262946e-02 -9.108989986214625079e-01
-5.645412650830262946e-02 -9.108989986214625079e-01 1.000000000000000000e+00 1.000000000000000021e-08 -1.640582493633422900e-01 -1.076041228550396633e+00
-1.640582493633422900e-01 -1.076041228550396633e+00 1.000000000000000000e+00 1.000000000000000021e-08 -2.910174156269305090e-01 -1.269591662635882079e+00
-2.910174156269305090e-01 -1.269591662635882079e+00 1.000000000000000000e+00 1.000000000000000021e-08 -4.651416246044774438e-01 -1.741242089775469237e+00
-4.651416246044774438e-01 -1.741242089775469237e+00 2.000000000000000000e+00 1.000000000000000021e-08 -7.736670905937623743e-01 -3.085254659892848750e+00
-7.736670905937623743e-01 -3.085254659892848750e+00 2.000000000000000000e+00 1.000000000000000021e-08 -1.254437070619373040e+00 -4.807699800256106215e+00
-1.254437070619373040e+00 -4.807699800256106215e+00 0.000000000000000000e+00 9.999000000000000110e-01 -1.570796326794896558e+00 -5.000000000000000000e+00
8.487481082767757423e-02 5.407653714681309037e-02 2.000000000000000000e+00 1.000000000000000021e-08 2.635074710458713831e-02 -5.852406372309043592e-01
2.635074710458713831e-02 -5.852406372309043592e-01 0.000000000000000000e+00 1.000000000000000021e-08 6.516719597375693340e-02 3.881644886916979509e-01
6.516719597375693340e-02 3.881644886916979509e-01 2.000000000000000000e+00 1.000000000000000021e-08 1.837506569046191973e-02 -4.679213028329500812e-01
1.837506569046191973e-02 -4.679213028329500812e-01 1.000000000000000000e+00 1.000000000000000021e-08 -3.901789973308854298e-02 -5.739296542355045716e-01
-3.901789973308854298e-02 -5.739296542355045716e-01 0.000000000000000000e+00 1.000000000000000021e-08 -9.015156084091653643e-03 3.000274364899688795e-01
-9.015156084091653643e-03 3.000274364899688795e-01 1.000000000000000000e+00 1.000000000000000021e-08 2.125285496871905794e-02 3.026801105281071158e-01
2.125285496871905794e-02 3.026801105281071158e-01 2.000000000000000000e+00 1.000000000000000021e-08 -1.870562497871026270e-02 -3.995847994742932063e-01
-1.870562497871026270e-02 -3.995847994742932063e-01 0.000000000000000000e+00 1.000000000000000021e-08 1.870194192591656535e-02 3.740756690462682665e-01
1.870194192591656535e-02 3.740756690462682665e-01 2.000000000000000000e+00 1.000000000000000021e-08 -1.978246531957178478e-02 -3.848440724548834457e-01
-1.978246531957178478e-02 -3.848440724548834457e-01 2.000000000000000000e+00 1.000000000000000021e-08 -1.424337391820852394e-01 -1.226512738625134658e+00
-1.424337391820852394e-01 -1.226512738625134658e+00 2.000000000000000000e+00 1.000000000000000021e-08 -3.628455635108025490e-01 -2.204118243287172874e+00
-3.628455635108025490e-01 -2.204118243287172874e+00 0.000000000000000000e+00 1.000000000000000021e-08 -5.715458059318229145e-01 -2.087002424210203433e+00
-5.715458059318229145e-01 -2.087002424210203433e+00 1.000000000000000000e+00 1.000000000000000021e-08 -8.597766239232709218e-01 -2.882308179914479851e+00
-8.597766239232709218e-01 -2.882308179914479851e+00 1.000000000000000000e+00 1.000000000000000021e-08 -1.264051987381948461e+00 -4.042753634586774503e+00
-1.264051987381948461e+00 -4.042753634586774503e+00 1.000000000000000000e+00 9.999000000000000110e-01 -1.570796326794896558e+00 -5.000000000000000000e+00
4.063123152333181221e-02 -3.803030059804246577e-02 2.000000000000000000e+00 1.000000000000000021e-08 -3.709277875609647002e-02 -7.772401027942827945e-01
-3.709277875609647002e-02 -7.772401027942827945e-01 1.000000000000000000e+00 1.000000000000000021e-08 -1.194042996368743365e-01 -8.231152088077786644e-01
-1.194042996368743365e-01 -8.231152088077786644e-01 0.000000000000000000e+00 1.000000000000000021e-08 -1.339964188123756728e-01 -1.459211917550132798e-01
-1.339964188123756728e-01 -1.459211917550132798e-01 1.000000000000000000e+00 1.000000000000000021e-08 -1.598909624913016081e-01 -2.589454367892592979e-01
-1.598909624913016081e-01 -2.589454367892592979e-01 0.000000000000000000e+00 1.000000000000000021e-08 -1.112550583057899112e-01 4.863590418551170247e-01
-1.112550583057899112e-01 4.863590418551170247e-01 1.000000000000000000e+00 1.000000000000000021e-08 -7.102312030462248904e-02 4.023193800116742214e-01
-7.102312030462248904e-02 4.023193800116742214e-01 1.000000000000000000e+00 1.000000000000000021e-08 -5.681565274065331073e-02 1.420746756396917831e-01
-5.681565274065331073e-02 1.420746756396917831e-01 2.000000000000000000e+00 1.000000000000000021e-08 -1.462125848071848810e-01 -8.939693206653156476e-01
-1.462125848071848810e-01 -8.939693206653156476e-01 2.000000000000000000e+00 1.000000000000000021e-08 -3.503663148899719415e-01 -2.041537300827870549e+00
-3.503663148899719415e-01 -2.041537300827870549e+00 2.000000000000000000e+00 1.000000000000000021e-08 -6.779296067369144918e-01 -3.275632918469425725e+00
-6.779296067369144918e-01 -3.275632918469425725e+00 2.000000000000000000e+00 1.000000000000000021e-08 -1.172272972149599468e+00 -4.943433654126849319e+00
-1.172272972149599468e+00 -4.943433654126849319e+00 0.000000000000000000e+00 9.999000000000000110e-01 -1.570796326794896558e+00 -5.000000000000000000e+00
8.074183294722753201e-02 -2.382882814163346519e-02 0.000000000000000000e+00 1.000000000000000021e-08 1.919437610783078507e-01 1.112019281310802965e+00
1.919437610783078507e-01 1.112019281310802965e+00 0.000000000000000000e+00 1.000000000000000021e-08 4.192579055027040313e-01 2.273141444243961917e+00
4.192579055027040313e-01 2.273141444243961917e+00 2.000000000000000000e+00 1.000000000000000021e-08 6.272603409890139536e-01 2.080024354863098779e+00
6.272603409890139536e-01 2.080024354863098779e+00 1.000000000000000000e+00 1.000000000000000021e-08 9.341407940884143279e-01 3.068804530994003521e+00
9.341407940884143279e-01 3.068804530994003521e+00 0.000000000000000000e+00 1.000000000000000021e-08 1.414769440365531317e+00 4.806286462771170775e+00
1.414769440365531317e+00 4.806286462771170775e+00 2.000000000000000000e+00 9.999000000000000110e-01 1.570796326794896558e+00 5.000000000000000000e+00
-1.092439027357841423e-02 -1.591795284858390364e-02 0.000000000000000000e+00 1.000000000000000021e-08 7.333420906649583404e-02 8.425859934007424723e-01
7.333420906649583404e-02 8.425859934007424723e-01 1.000000000000000000e+00 1.000000000000000021e-08 1.626947595455257578e-01 8.936055047902990989e-01
1.626947595455257578e-01 8.936055047902990989e-01 2.000000000000000000e+00 1.000000000000000021e-08 1.822267106221991950e-01 1.953195107667342612e-01
1.822267106221991950e-01 1.953195107667342612e-01 2.000000000000000000e+00 1.000000000000000021e-08 1.406741819439822905e-01 -4.155252867821690455e-01
1.406741819439822905e-01 -4.155252867821690455e-01 2.000000000000000000e+00 1.000000000000000021e-08 2.371165199436173210e-02 -1.169625299496205528e+00
2.371165199436173210e-02 -1.169625299496205528e+00 2.000000000000000000e+00 1.000000000000000021e-08 -1.788745511507338348e-01 -2.025862031450955669e+00
-1.788745511507338348e-01 -2.025862031450955669e+00 1.000000000000000000e+00 1.000000000000000021e-08 -4.157376536761179242e-01 -2.368631025253840949e+00
-4.157376536761179242e-01 -2.368631025253840949e+00 0.000000000000000000e+00 1.000000000000000021e-08 -6.375011461527999579e-01 -2.217634924766820781e+00
-6.375011461527999579e-01 -2.217634924766820781e+00 1.000000000000000000e+00 1.000000000000000021e-08 -9.492801019907407545e-01 -3.117789558379407744e+00
-9.492801019907407545e-01 -3.117789558379407744e+00 2.000000000000000000e+00 1.000000000000000021e-08 -1.426885383150385156e+00 -4.776052811596443348e+00
-1.426885383150385156e+00 -4.776052811596443348e+00 0.000000000000000000e+00 9.999000000000000110e-01 -1.570796326794896558e+00 -5.000000000000000000e+00
1.730769047777275249e-02 2.789513145712470277e-04 0.000000000000000000e+00 1.000000000000000021e-08 9.564121108996265219e-02 7.833352061218988860e-01
9.564121108996265219e-02 7.833352061218988860e-01 0.000000000000000000e+00 1.000000000000000021e-08 2.759419614536400833e-01 1.803007503636774089e+00
2.759419614536400833e-01 1.803007503636774089e+00 2.000000000000000000e+00 1.000000000000000021e-08 4.042683872045372828e-01 1.283264257508972106e+00
4.042683872045372828e-01 1.283264257508972106e+00 2.000000000000000000e+00 1.000000000000000021e-08 5.068651111825370759e-01 1.025967239779997486e+00
5.068651111825370759e-01 1.025967239779997486e+00 0.000000000000000000e+00 1.000000000000000021e-08 7.644520713520102095e-01 2.575869601694731337e+00
7.644520713520102095e-01 2.575869601694731337e+00 1.000000000000000000e+00 1.000000000000000021e-08 1.124316249314882832e+00 3.598641779628726667e+00
1.124316249314882832e+00 3.598641779628726667e+00 1.000000000000000000e+00 9.999000000000000110e-01 1.570796326794896558e+00 4.834799506690732329e+00
6.156548855696607203e-02 -7.903783941121990397e-04 2.000000000000000000e+00 1.000000000000000021e-08 -2.441954779277520637e-02 -8.598503634974127285e-01
-2.441954779277520637e-02 -8.598503634974127285e-01 0.000000000000000000e+00 1.000000000000000021e-08 -4.009267139525325707e-02 -1.567312360247804515e-01
-4.009267139525325707e-02 -1.567312360247804515e-01 1.000000000000000000e+00 1.000000000000000021e-08 -7.445250242974073285e-02 -3.435983103448747578e-01
-7.445250242974073285e-02 -3.435983103448747578e-01 1.000000000000000000e+00 1.000000000000000021e-08 -1.223151050118104766e-01 -4.786260258206974094e-01
-1.223151050118104766e-01 -4.786260258206974094e-01 0.000000000000000000e+00 1.000000000000000021e-08 -8.678015626927765291e-02 3.553494874253282920e-01
-8.678015626927765291e-02 3.553494874253282920e-01 1.000000000000000000e+00 1.000000000000000021e-08 -7.099550111629718274e-02 1.578465515298047572e-01
-7.099550111629718274e-02 1.578465515298047572e-01 1.000000000000000000e+00 1.000000000000000021e-08 -5.846525035295366268e-02 1.253025076334352006e-01
-5.846525035295366268e-02 1.253025076334352006e-01 0.000000000000000000e+00 1.000000000000000021e-08 2.012376180102329326e-02 7.858901215397694484e-01
2.012376180102329326e-02 7.858901215397694484e-01 2.000000000000000000e+00 1.000000000000000021e-08 2.559869370889111123e-02 5.474931907867819358e-02
2.559869370889111123e-02 5.474931907867819358e-02 0.000000000000000000e+00 1.000000000000000021e-08 1.155942240931621956e-01 8.999553038427107188e-01
1.155942240931621956e-01 8.999553038427107188e-01 2.000000000000000000e+00 1.000000000000000021e-08 1.224720842617461891e-01 6.877860168583993516e-02
1.224720842617461891e-01 6.877860168583993516e-02 2.000000000000000000e+00 1.000000000000000021e-08 7.799892707393674129e-02 -4.447315718780945337e-01
7.799892707393674129e-02 -4.447315718780945337e-01 0.000000000000000000e+00 1.000000000000000021e-08 1.478696262563321262e-01 6.987069918239537936e-01
1.478696262563321262e-01 6.987069918239537936e-01 2.000000000000000000e+00 1.000000000000000021e-08 1.498732861777128667e-01 2.003659921380740450e-02
1.498732861777128667e-01 2.003659921380740450e-02 1.000000000000000000e+00 1.000000000000000021e-08 1.935182617282399098e-01 4.364497555052704314e-01
1.935182617282399098e-01 4.364497555052704314e-01 0.000000000000000000e+00 1.000000000000000021e-08 3.630608430033871459e-01 1.695425812751472527e+00
3.630608430033871459e-01 1.695425812751472527e+00 1.000000000000000000e+00 1.000000000000000021e-08 5.958723910345026242e-01 2.328115480311154784e+00
5.958723910345026242e-01 2.328115480311154784e+00 1.000000000000000000e+00 1.000000000000000021e-08 9.081157049567796236e-01 3.122433139222769327e+00
9.081157049567796236e-01 3.122433139222769327e+00 2.000000000000000000e+00 1.000000000000000021e-08 1.287420518607079067e+00 3.793048136502994883e+00
1.287420518607079067e+00 3.793048136502994883e+00 0.000000000000000000e+00 9.999000000000000110e-01 1.570796326794896558e+00 5.000000000000000000e+00
4.132847998650253374e-02 8.399722723288863269e-02 0.000000000000000000e+00 1.000000000000000021e-08 1.421828120782017424e-01 1.008543320916992059e+00
1.421828120782017424e-01 1.008543320916992059e+00 2.000000000000000000e+00 1.000000000000000021e-08 1.639451050115965924e-01 2.176229293339484450e-01
1.639451050115965924e-01 2.176229293339484450e-01 1.000000000000000000e+00 1.000000000000000021e-08 1.994205090551847692e-01 3.547540404358816568e-01
1.994205090551847692e-01 3.547540404358816568e-01 0.000000000000000000e+00 1.000000000000000021e-08 3.503499771152799314e-01 1.509294680600951732e+00
3.503499771152799314e-01 1.509294680600951732e+00 2.000000000000000000e+00 1.000000000000000021e-08 4.891196495332722494e-01 1.387696724179922736e+00
4.891196495332722494e-01 1.387696724179922736e+00 2.000000000000000000e+00 1.000000000000000021e-08 6.290874233863108511e-01 1.399677738530386018e+00
6.290874233863108511e-01 1.399677738530386018e+00 0.000000000000000000e+00 1.000000000000000021e-08 9.437031276212670683e-01 3.146157042349561728e+00
9.437031276212670683e-01 3.146157042349561728e+00 0.000000000000000000e+00 1.000000000000000021e-08 1.415752296725231618e+00 4.720491691039645055e+00
1.415752296725231618e+00 4.720491691039645055e+00 2.000000000000000000e+00 9.999000000000000110e-01 1.570796326794896558e+00 5.000000000000000000e+00
-7.003528185698798536e-03 8.196952886999882282e-02 2.000000000000000000e+00 1.000000000000000021e-08 -1.010151118918761332e-01 -9.401158370617732629e-01
-1.010151118918761332e-01 -9.401158370617732629e-01 2.000000000000000000e+00 1.000000000000000021e-08 -2.837209267985802419e-01 -1.827058149067040782e+00
-2.837209267985802419e-01 -1.827058149067040782e+00 0.000000000000000000e+00 1.000000000000000021e-08 -4.137840760555510089e-01 -1.300631492569707781e+00
-4.137840760555510089e-01 -1.300631492569707781e+00 2.000000000000000000e+00 1.000000000000000021e-08 -6.984909017231603068e-01 -2.847068256676092979e+00
-6.984909017231603068e-01 -2.847068256676092979e+00 2.000000000000000000e+00 1.000000000000000021e-08 -1.152592805427371747e+00 -4.541019037042112849e+00
-1.152592805427371747e+00 -4.541019037042112849e+00 0.000000000000000000e+00 9.999000000000000110e-01 -1.570796326794896558e+00 -5.000000000000000000e+00
-5.263492638509885413e-02 -5.006581195683219854e-02 2.000000000000000000e+00 1.000000000000000021e-08 -1.643771192519400404e-01 -1.117421928668411724e+00
-1.643771192519400404e-01 -1.117421928668411724e+00 2.000000000000000000e+00 1.000000000000000021e-08 -3.980163532061064546e-01 -2.336392339541664143e+00
-3.980163532061064546e-01 -2.336392339541664143e+00 1.000000000000000000e+00 1.000000000000000021e-08 -6.979847131149120587e-01 -2.999683599088055708e+00
-6.979847131149120587e-01 -2.999683599088055708e+00 2.000000000000000000e+00 1.000000000000000021e-08 -1.153156199119629299e+00 -4.551714860047173516e+00
-1.153156199119629299e+00 -4.551714860047173516e+00 1.000000000000000000e+00 9.999000000000000110e-01 -1.570796326794896558e+00 -5.000000000000000000e+00
6.092321109298373671e-02 -5.835861936111381293e-02 1.000000000000000000e+00 1.000000000000000021e-08 6.464513392847792694e-02 3.721922835494190923e-02
6.464513392847792694e-02 3.721922835494190923e-02 0.000000000000000000e+00 1.000000000000000021e-08 1.667339031335530186e-01 1.020887692050751028e+00
1.667339031335530186e-01 1.020887692050751028e+00 1.000000000000000000e+00 1.000000000000000021e-08 2.875759016817678870e-01 1.208419985482148462e+00
2.875759016817678870e-01 1.208419985482148462e+00 1.000000000000000000e+00 1.000000000000000021e-08 4.601157738394024976e-01 1.725398721576345995e+00
4.601157738394024976e-01 1.725398721576345995e+00 0.000000000000000000e+00 1.000000000000000021e-08 7.866321166403408283e-01 3.265163428009382862e+00
7.866321166403408283e-01 3.265163428009382862e+00 2.000000000000000000e+00 1.000000000000000021e-08 1.149060518986748214e+00 3.624284023464073190e+00
1.149060518986748214e+00 3.624284023464073190e+00 1.000000000000000000e+00 9.999000000000000110e-01 1.570796326794896558e+00 4.970511186805115500e+00
7.775323057572834651e-02 -2.239445604711041982e-02 1.000000000000000000e+00 1.000000000000000021e-08 8.044372425858488385e-02 2.690493682856536645e-02
8.044372425858488385e-02 2.690493682856536645e-02 1.000000000000000000e+00 1.000000000000000021e-08 1.141638881622085711e-01 3.372016390362367888e-01
1.141638881622085711e-01 3.372016390362367888e-01 0.000000000000000000e+00 1.000000000000000021e-08 2.708899050425914723e-01 1.567260168803829234e+00
2.708899050425914723e-01 1.567260168803829234e+00 1.000000000000000000e+00 1.000000000000000021e-08 4.565554559727870720e-01 1.856655509301955886e+00
4.565554559727870720e-01 1.856655509301955886e+00 0.000000000000000000e+00 1.000000000000000021e-08 7.938556697512000326e-01 3.373002137784128607e+00
7.938556697512000326e-01 3.373002137784128607e+00 2.000000000000000000e+00 1.000000000000000021e-08 1.181663593141416779e+00 3.878079233902167910e+00
1.181663593141416779e+00 3.878079233902167910e+00 0.000000000000000000e+00 9.999000000000000110e-01 1.570796326794896558e+00 5.000000000000000000e+00
8.530913529060087097e-02 -7.869542851281000062e-02 2.000000000000000000e+00 1.000000000000000021e-08 1.449093409961363377e-02 -7.081820119098722888e-01
1.449093409961363377e-02 -7.081820119098722888e-01 2.000000000000000000e+00 1.000000000000000021e-08 -1.430538036050135742e-01 -1.575447377046272024e+00
-1.430538036050135742e-01 -1.575447377046272024e+00 0.000000000000000000e+00 1.000000000000000021e-08 -2.541200059576358417e-01 -1.110662023526222342e+00
-2.541200059576358417e-01 -1.110662023526222342e+00 1.000000000000000000e+00 1.000000000000000021e-08 -3.987986539657377705e-01 -1.446786480081019066e+00
-3.987986539657377705e-01 -1.446786480081019066e+00 2.000000000000000000e+00 1.000000000000000021e-08 -6.819892476746247656e-01 -2.831905937088870395e+00
-6.819892476746247656e-01 -2.831905937088870395e+00 2.000000000000000000e+00 1.000000000000000021e-08 -1.135430994150263828e+00 -4.534417464756390181e+00
-1.135430994150263828e+00 -4.534417464756390181e+00 1.000000000000000000e+00 9.999000000000000110e-01 -1.570796326794896558e+00 -5.000000000000000000e+00
3.672303638920560581e-02 3.942867689233257866e-02 1.000000000000000000e+00 1.000000000000000021e-08 5.599019757836101729e-02 1.926716118915541287e-01
5.599019757836101729e-02 1.926716118915541287e-01 2.000000000000000000e+00 1.000000000000000021e-08 3.040695061335300931e-03 -5.294950251702571498e-01
3.040695061335300931e-03 -5.294950251702571498e-01 2.000000000000000000e+00 1.000000000000000021e-08 -1.442513210120444367e-01 -1.472920160733797390e+00
-1.442513210120444367e-01 -1.472920160733797390e+00 0.000000000000000000e+00 1.000000000000000021e-08 -2.298535050236985566e-01 -8.560218401165410329e-01
-2.298535050236985566e-01 -8.560218401165410329e-01 1.000000000000000000e+00 1.000000000000000021e-08 -3.553259493968763949e-01 -1.254724443731778383e+00
-3.553259493968763949e-01 -1.254724443731778383e+00 0.000000000000000000e+00 1.000000000000000021e-08 -4.738820379041912556e-01 -1.185560885073148496e+00
-4.738820379041912556e-01 -1.185560885073148496e+00 0.000000000000000000e+00 1.000000000000000021e-08 -5.969159590540399352e-01 -1.230339211498486351e+00
-5.969159590540399352e-01 -1.230339211498486351e+00 1.000000000000000000e+00 1.000000000000000021e-08 -8.180938044840625478e-01 -2.211778454300225683e+00
-8.180938044840625478e-01 -2.211778454300225683e+00 0.000000000000000000e+00 1.000000000000000021e-08 -1.105343292555694523e+00 -2.872494880716319088e+00
-1.105343292555694523e+00 -2.872494880716319088e+00 2.000000000000000000e+00 1.000000000000000021e-08 -1.554533805079408415e+00 -4.491905125237138030e+00
-1.554533805079408415e+00 -4.491905125237138030e+00 2.000000000000000000e+00 9.999000000000000110e-01 -1.570796326794896558e+00 -5.000000000000000000e+00
8.069484761843466469e-02 1.144715356200465967e-02 0.000000000000000000e+00 1.000000000000000021e-08 1.872110360830970821e-01 1.065161884646623980e+00
1.872110360830970821e-01 1.065161884646623980e+00 1.000000000000000000e+00 1.000000000000000021e-08 3.130252790490187786e-01 1.258142429659217187e+00
3.130252790490187786e-01 1.258142429659217187e+00 1.000000000000000000e+00 1.000000000000000021e-08 4.940586280020536902e-01 1.810333489530348672e+00
4.940586280020536902e-01 1.810333489530348672e+00 2.000000000000000000e+00 1.000000000000000021e-08 6.787183459502735827e-01 1.846597179482198481e+00
6.787183459502735827e-01 1.846597179482198481e+00 0.000000000000000000e+00 1.000000000000000021e-08 1.025332842862545668e+00 3.466144969122720632e+00
1.025332842862545668e+00 3.466144969122720632e+00 0.000000000000000000e+00 1.000000000000000021e-08 1.533729108572657651e+00 5.000000000000000000e+00
1.533729108572657651e+00 5.000000000000000000e+00 2.000000000000000000e+00 9.999000000000000110e-01 1.570796326794896558e+00 5.000000000000000000e+00
7.359325847766751139e-02 -2.187580632153003288e-02 2.000000000000000000e+00 1.000000000000000021e-08 -2.089062913262443311e-02 -9.448388761029193894e-01
-2.089062913262443311e-02 -9.448388761029193894e-01 0.000000000000000000e+00 1.000000000000000021e-08 -2.179600146615402051e-02 -9.053723335295860153e-03
-2.179600146615402051e-02 -9.053723335295860153e-03 2.000000000000000000e+00 1.000000000000000021e-08 -1.221412546802906063e-01 -1.003452532141365872e+00
-1.221412546802906063e-01 -1.003452532141365872e+00 1.000000000000000000e+00 1.000000000000000021e-08 -2.517625013408225643e-01 -1.296212466605319857e+00
-2.517625013408225643e-01 -1.296212466605319857e+00 1.000000000000000000e+00 1.000000000000000021e-08 -4.200154282309657705e-01 -1.682529268901431951e+00
-4.200154282309657705e-01 -1.682529268901431951e+00 2.000000000000000000e+00 1.000000000000000021e-08 -7.374441753263620836e-01 -3.174287470953962131e+00
-7.374441753263620836e-01 -3.174287470953962131e+00 2.000000000000000000e+00 1.000000000000000021e-08 -1.219045811766303444e+00 -4.816016364399413163e+00
-1.219045811766303444e+00 -4.816016364399413163e+00 1.000000000000000000e+00 9.999000000000000110e-01 -1.570796326794896558e+00 -5.000000000000000000e+00
-7.573658455784303134e-02 8.449382898069882075e-02 1.000000000000000000e+00 1.000000000000000021e-08 -9.007761143316533881e-02 -1.434102687532231024e-01
-9.007761143316533881e-02 -1.434102687532231024e-01 0.000000000000000000e+00 1.000000000000000021e-08 -4.640684138876976367e-02 4.367077004439557375e-01
-4.640684138876976367e-02 4.367077004439557375e-01 1.000000000000000000e+00 1.000000000000000021e-08 -1.767750550989769659e-02 2.872933587887206430e-01
-1.767750550989769659e-02 2.872933587887206430e-01 0.000000000000000000e+00 1.000000000000000021e-08 1.062474509172352255e-01 1.239249564271329040e+00
1.062474509172352255e-01 1.239249564271329040e+00 2.000000000000000000e+00 1.000000000000000021e-08 1.758012142579871706e-01 6.955376334075195066e-01
1.758012142579871706e-01 6.955376334075195066e-01 0.000000000000000000e+00 1.000000000000000021e-08 3.714424100407910379e-01 1.956411957828038783e+00
3.714424100407910379e-01 1.956411957828038783e+00 0.000000000000000000e+00 1.000000000000000021e-08 7.054840940159633478e-01 3.340416839751723099e+00
7.054840940159633478e-01 3.340416839751723099e+00 2.000000000000000000e+00 1.000000000000000021e-08 1.062716784044115848e+00 3.572326900281526108e+00
1.062716784044115848e+00 3.572326900281526108e+00 1.000000000000000000e+00 1.000000000000000021e-08 1.537667779171376425e+00 4.749509951272605335e+00
1.537667779171376425e+00 4.749509951272605335e+00 2.000000000000000000e+00 9.999000000000000110e-01 1.570796326794896558e+00 5.000000000000000000e+00
-6.174984638800375125e-02 2.419398794889381435e-02 0.000000000000000000e+00 1.000000000000000021e-08 3.065169939778090991e-02 9.240154578578465561e-01
3.065169939778090991e-02 9.240154578578465561e-01 0.000000000000000000e+00 1.000000000000000021e-08 2.137100805454810737e-01 1.830583811477001444e+00
2.137100805454810737e-01 1.830583811477001444e+00 1.000000000000000000e+00 1.000000000000000021e-08 4.479452817555935051e-01 2.342352012101124092e+00
4.479452817555935051e-01 2.342352012101124092e+00 1.000000000000000000e+00 1.000000000000000021e-08 7.523972148355750900e-01 3.044519330799816181e+00
7.523972148355750900e-01 3.044519330799816181e+00 2.000000000000000000e+00 1.000000000000000021e-08 1.098009186015096894e+00 3.456119711795218929e+00
1.098009186015096894e+00 3.456119711795218929e+00 2.000000000000000000e+00 1.000000000000000021e-08 1.530780900914330722e+00 4.327717148992337393e+00
1.530780900914330722e+00 4.327717148992337393e+00 1.000000000000000000e+00 9.999000000000000110e-01 1.570796326794896558e+00 5.000000000000000000e+00
-6.476082481445856465e-04 -1.153268948104788083e-02 2.000000000000000000e+00 1.000000000000000021e-08 -9.854473447338382708e-02 -9.789712622523923935e-01
-9.854473447338382708e-02 -9.789712622523923935e-01 1.000000000000000000e+00 1.000000000000000021e-08 -1.970317806169504249e-01 -9.848704614356658116e-01
-1.970317806169504249e-01 -9.848704614356658116e-01 1.000000000000000000e+00 1.000000000000000021e-08 -3.142420817790915755e-01 -1.172103011621411506e+00
-3.142420817790915755e-01 -1.172103011621411506e+00 0.000000000000000000e+00 1.000000000000000021e-08 -4.129544315237169139e-01 -9.871234974462536060e-01
-4.129544315237169139e-01 -9.871234974462536060e-01 1.000000000000000000e+00 1.000000000000000021e-08 -5.635778794630857957e-01 -1.506234479393688819e+00
-5.635778794630857957e-01 -1.506234479393688819e+00 2.000000000000000000e+00 1.000000000000000021e-08 -8.785931577101894208e-01 -3.150152782471035806e+00
-8.785931577101894208e-01 -3.150152782471035806e+00 0.000000000000000000e+00 1.000000000000000021e-08 -1.257677007441786898e+00 -3.790838497315974998e+00
-1.257677007441786898e+00 -3.790838497315974998e+00 2.000000000000000000e+00 9.999000000000000110e-01 -1.570796326794896558e+00 -5.000000000000000000e+00
-4.691954391562658255e-02 4.743153816568387859e-02 0.000000000000000000e+00 1.000000000000000021e-08 5.366005283022623473e-02 1.005795967458528173e+00
5.366005283022623473e-02 1.005795967458528173e+00 1.000000000000000000e+00 1.000000000000000021e-08 1.797159728096888731e-01 1.260559199794626384e+00
1.797159728096888731e-01 1.260559199794626384e+00 0.000000000000000000e+00 1.000000000000000021e-08 4.179454066792817057e-01 2.382294338695928104e+00
4.179454066792817057e-01 2.382294338695928104e+00 1.000000000000000000e+00 1.000000000000000021e-08 7.183239839536420535e-01 3.003785772743603033e+00
7.183239839536420535e-01 3.003785772743603033e+00 2.000000000000000000e+00 1.000000000000000021e-08 1.057998482506811611e+00 3.396744985531694905e+00
1.057998482506811611e+00 3.396744985531694905e+00 1.000000000000000000e+00 1.000000000000000021e-08 1.529298708333204804e+00 4.713002258263930599e+00
1.529298708333204804e+00 4.713002258263930599e+00 2.000000000000000000e+00 9.999000000000000110e-01 1.570796326794896558e+00 5.000000000000000000e+00
-5.738593650988593059e-02 2.402250717014747794e-02 1.000000000000000000e+00 1.000000000000000021e-08 -7.538389951147753121e-02 -1.799796300159159923e-01
-7.538389951147753121e-02 -1.799796300159159923e-01 0.000000000000000000e+00 1.000000000000000021e-08 -3.652872952369976001e-03 7.173102655910755798e-01
-3.652872952369976001e-03 7.173102655910755798e-01 1.000000000000000000e+00 1.000000000000000021e-08 6.492352401145756735e-02 6.857639696382754613e-01
6.492352401145756735e-02 6.857639696382754613e-01 1.000000000000000000e+00 1.000000000000000021e-08 1.599901237055111891e-01 9.506659969405362176e-01
1.599901237055111891e-01 9.506659969405362176e-01 1.000000000000000000e+00 1.000000000000000021e-08 2.731543187560627750e-01 1.131641950505515526e+00
2.731543187560627750e-01 1.131641950505515526e+00 2.000000000000000000e+00 1.000000000000000021e-08 3.527901271104533221e-01 7.963580835439052485e-01
3.527901271104533221e-01 7.963580835439052485e-01 0.000000000000000000e+00 1.000000000000000021e-08 5.675814657371737182e-01 2.147913386267203961e+00
5.675814657371737182e-01 2.147913386267203961e+00 0.000000000000000000e+00 1.000000000000000021e-08 9.290459807684724458e-01 3.614645150312987276e+00
9.290459807684724458e-01 3.614645150312987276e+00 1.000000000000000000e+00 1.000000000000000021e-08 1.405513608507790835e+00 4.764676277393182779e+00
1.405513608507790835e+00 4.764676277393182779e+00 2.000000000000000000e+00 9.999000000000000110e-01 1.570796326794896558e+00 5.000000000000000000e+00
4.195960629235401945e-02 7.320506144720977104e-02 1.000000000000000000e+00 1.000000000000000021e-08 6.966334289171796645e-02 2.770373659936395394e-01
6.966334289171796645e-02 2.770373659936395394e-01 2.000000000000000000e+00 1.000000000000000021e-08 3.518884232750733865e-02 -3.447450056421062503e-01
3.518884232750733865e-02 -3.447450056421062503e-01 0.000000000000000000e+00 1.000000000000000021e-08 8.944453419560978447e-02 5.425569186810244027e-01
8.944453419560978447e-02 5.425569186810244027e-01 1.000000000000000000e+00 1.000000000000000021e-08 1.630580190597255008e-01 7.361348486411570802e-01
1.630580190597255008e-01 7.361348486411570802e-01 0.000000000000000000e+00 1.000000000000000021e-08 3.660870051745154230e-01 2.030289861147899444e+00
3.660870051745154230e-01 2.030289861147899444e+00 2.000000000000000000e+00 1.000000000000000021e-08 5.313551961227787057e-01 1.652681909482633049e+00
5.313551961227787057e-01 1.652681909482633049e+00 2.000000000000000000e+00 1.000000000000000021e-08 7.190449582280997731e-01 1.876897621053211118e+00
7.190449582280997731e-01 1.876897621053211118e+00 1.000000000000000000e+00 1.000000000000000021e-08 1.017996782182699178e+00 2.989518239545994938e+00
1.017996782182699178e+00 2.989518239545994938e+00 0.000000000000000000e+00 1.000000000000000021e-08 1.480279037085108440e+00 4.622822549024092176e+00
1.480279037085108440e+00 4.622822549024092176e+00 2.000000000000000000e+00 9.999000000000000110e-01 1.570796326794896558e+00 5.000000000000000000e+00
-3.176018743968860719e-02 -5.203989288217766851e-02 1.000000000000000000e+00 1.000000000000000021e-08 -5.481578819036772576e-02 -2.305560075067911441e-01
-5.481578819036772576e-02 -2.305560075067911441e-01 0.000000000000000000e+00 1.000000000000000021e-08 1.228797017802758795e-02 6.710375836839531649e-01
1.228797017802758795e-02 6.710375836839531649e-01 2.000000000000000000e+00 1.000000000000000021e-08 -9.749196739399421802e-03 -2.203716691742700906e-01
-9.749196739399421802e-03 -2.203716691742700906e-01 2.000000000000000000e+00 1.000000000000000021e-08 -1.346504585966909473e-01 -1.249012618572915123e+00
-1.346504585966909473e-01 -1.249012618572915123e+00 2.000000000000000000e+00 1.000000000000000021e-08 -3.673082939567514638e-01 -2.326578353600605276e+00
-3.673082939567514638e-01 -2.326578353600605276e+00 1.000000000000000000e+00 1.000000000000000021e-08 -6.685665734104397906e-01 -3.012582794536883490e+00
-6.685665734104397906e-01 -3.012582794536883490e+00 0.000000000000000000e+00 1.000000000000000021e-08 -9.896369856239317642e-01 -3.210704122134918848e+00
-9.896369856239317642e-01 -3.210704122134918848e+00 1.000000000000000000e+00 1.000000000000000021e-08 -1.429635014003775240e+00 -4.399980283798435643e+00
-1.429635014003775240e+00 -4.399980283798435643e+00 1.000000000000000000e+00 9.999000000000000110e-01 -1.570796326794896558e+00 -5.000000000000000000e+00
3.991981161031636638e-02 -2.628946549716846756e-02 2.000000000000000000e+00 1.000000000000000021e-08 -5.144317640599162245e-02 -9.136298801630798883e-01
-5.144317640599162245e-02 -9.136298801630798883e-01 2.000000000000000000e+00 1.000000000000000021e-08 -2.362393488032880629e-01 -1.847961723972964432e+00
-2.362393488032880629e-01 -1.847961723972964432e+00 0.000000000000000000e+00 1.000000000000000021e-08 -3.850564904741571315e-01 -1.488171416708690353e+00
-3.850564904741571315e-01 -1.488171416708690353e+00 0.000000000000000000e+00 1.000000000000000021e-08 -5.237574819211433530e-01 -1.387009914469862215e+00
-5.237574819211433530e-01 -1.387009914469862215e+00 2.000000000000000000e+00 1.000000000000000021e-08 -8.044661709485316781e-01 -2.807086890273883029e+00
-8.044661709485316781e-01 -2.807086890273883029e+00 0.000000000000000000e+00 1.000000000000000021e-08 -1.136881083695368222e+00 -3.324149127468364107e+00
-1.136881083695368222e+00 -3.324149127468364107e+00 0.000000000000000000e+00 1.000000000000000021e-08 -1.569384259508194601e+00 -4.325031758128264237e+00
-1.569384259508194601e+00 -4.325031758128264237e+00 0.000000000000000000e+00 9.999000000000000110e-01 -1.570796326794896558e+00 -5.000000000000000000e+00
-8.996646673264194899e-03 3.285381474434267979e-02 2.000000000000000000e+00 1.000000000000000021e-08 -1.001119742394966788e-01 -9.111532756623248464e-01
-1.001119742394966788e-01 -9.111532756623248464e-01 1.000000000000000000e+00 1.000000000000000021e-08 -1.966407898361183237e-01 -9.652881559662163102e-01
-1.966407898361183237e-01 -9.652881559662163102e-01 1.000000000000000000e+00 1.000000000000000021e-08 -3.225830926116757813e-01 -1.259423027755574465e+00
-3.225830926116757813e-01 -1.259423027755574465e+00 0.000000000000000000e+00 1.000000000000000021e-08 -4.324445810275634461e-01 -1.098614884158876537e+00
-4.324445810275634461e-01 -1.098614884158876537e+00 2.000000000000000000e+00 1.000000000000000021e-08 -6.812981029188784898e-01 -2.488535218913150437e+00
-6.812981029188784898e-01 -2.488535218913150437e+00 1.000000000000000000e+00 1.000000000000000021e-08 -1.039206594483250923e+00 -3.579084915643723441e+00
-1.039206594483250923e+00 -3.579084915643723441e+00 2.000000000000000000e+00 1.000000000000000021e-08 -1.567040111837224581e+00 -5.000000000000000000e+00
-1.567040111837224581e+00 -5.000000000000000000e+00 0.000000000000000000e+00 9.999000000000000110e-01 -1.570796326794896558e+00 -5.000000000000000000e+00
7.535318520385100860e-02 3.380283671890256525e-02 2.000000000000000000e+00 1.000000000000000021e-08 -5.913135174058850585e-03 -8.126632037790985086e-01
-5.913135174058850585e-03 -8.126632037790985086e-01 2.000000000000000000e+00 1.000000000000000021e-08 -1.858301251988868641e-01 -1.799169900248279941e+00
-1.858301251988868641e-01 -1.799169900248279941e+00 2.000000000000000000e+00 1.000000000000000021e-08 -4.833279631208050042e-01 -2.974978379219181068e+00
-4.833279631208050042e-01 -2.974978379219181068e+00 0.000000000000000000e+00 1.000000000000000021e-08 -7.690575049738026525e-01 -2.857295418529976150e+00
-7.690575049738026525e-01 -2.857295418529976150e+00 1.000000000000000000e+00 1.000000000000000021e-08 -1.161416342562901605e+00 -3.923588375890988633e+00
-1.161416342562901605e+00 -3.923588375890988633e+00 2.000000000000000000e+00 9.999000000000000110e-01 -1.570796326794896558e+00 -5.000000000000000000e+00
5.264215771047693615e-04 7.672943448795604970e-02 0.000000000000000000e+00 1.000000000000000021e-08 8.180302403005458578e-02 8.127660245294980879e-01
8.180302403005458578e-02 8.127660245294980879e-01 0.000000000000000000e+00 1.000000000000000021e-08 2.536700727301816061e-01 1.718670487001269898e+00
2.536700727301816061e-01 1.718670487001269898e+00 0.000000000000000000e+00 1.000000000000000021e-08 5.663123601979516142e-01 3.126422874677699859e+00
5.663123601979516142e-01 3.126422874677699859e+00 1.000000000000000000e+00 1.000000000000000021e-08 9.657041667008208208e-01 3.993918065028692510e+00
9.657041667008208208e-01 3.993918065028692510e+00 2.000000000000000000e+00 1.000000000000000021e-08 1.441151756835601150e+00 4.754475901347803735e+00
1.441151756835601150e+00 4.754475901347803735e+00 0.000000000000000000e+00 9.999000000000000110e-01 1.570796326794896558e+00 5.000000000000000000e+00
8.628956839657793421e-02 -1.786281166558203667e-02 0.000000000000000000e+00 1.000000000000000021e-08 1.960262137852735453e-01 1.097366453886956084e+00
1.960262137852735453e-01 1.097366453886956084e+00 2.000000000000000000e+00 1.000000000000000021e-08 2.512509941819171533e-01 5.522478039664362459e-01
2.512509941819171533e-01 5.522478039664362459e-01 1.000000000000000000e+00 1.000000000000000021e-08 3.341385467439199619e-01 8.288755256200281973e-01
3.341385467439199619e-01 8.288755256200281973e-01 2.000000000000000000e+00 1.000000000000000021e-08 4.027103291575772070e-01 6.857178241365724514e-01
4.027103291575772070e-01 6.857178241365724514e-01 0.000000000000000000e+00 1.000000000000000021e-08 6.272099867539164819e-01 2.244996575963392971e+00
6.272099867539164819e-01 2.244996575963392971e+00 0.000000000000000000e+00 1.000000000000000021e-08 1.005652269878170246e+00 3.784422831242537200e+00
1.005652269878170246e+00 3.784422831242537200e+00 1.000000000000000000e+00 1.000000000000000021e-08 1.497994537401609261e+00 4.923422675234390589e+00
1.497994537401609261e+00 4.923422675234390589e+00 2.000000000000000000e+00 9.999000000000000110e-01 1.570796326794896558e+00 5.000000000000000000e+00
2.138609421886662407e-02 4.593920677885157677e-02 2.000000000000000000e+00 1.000000000000000021e-08 -5.668822368957079916e-02 -7.807431790843741837e-01
-5.668822368957079916e-02 -7.807431790843741837e-01 0.000000000000000000e+00 1.000000000000000021e-08 -7.077833228605438787e-02 -1.409010859648358593e-01
-7.077833228605438787e-02 -1.409010859648358593e-01 0.000000000000000000e+00 1.000000000000000021e-08 -8.928065672124743668e-03 6.185026661392963865e-01
-8.928065672124743668e-03 6.185026661392963865e-01 2.000000000000000000e+00 1.000000000000000021e-08 -5.001468974224167197e-02 -4.108662407011692830e-01
-5.001468974224167197e-02 -4.108662407011692830e-01 0.000000000000000000e+00 1.000000000000000021e-08 -1.854363409422472853e-02 3.147105564801694344e-01
-1.854363409422472853e-02 3.147105564801694344e-01 2.000000000000000000e+00 1.000000000000000021e-08 -8.012956736251479473e-02 -6.158593326829006065e-01
-8.012956736251479473e-02 -6.158593326829006065e-01 2.000000000000000000e+00 1.000000000000000021e-08 -2.568979739980897792e-01 -1.767684066355749817e+00
-2.568979739980897792e-01 -1.767684066355749817e+00 2.000000000000000000e+00 1.000000000000000021e-08 -5.720680214483216952e-01 -3.151700474502318716e+00
-5.720680214483216952e-01 -3.151700474502318716e+00 0.000000000000000000e+00 1.000000000000000021e-08 -8.927088436656391846e-01 -3.206408222173174671e+00
-8.927088436656391846e-01 -3.206408222173174671e+00 1.000000000000000000e+00 1.000000000000000021e-08 -1.320680417669613638e+00 -4.279715740039744531e+00
-1.320680417669613638e+00 -4.279715740039744531e+00 1.000000000000000000e+00 9.999000000000000110e-01 -1.570796326794896558e+00 -5.000000000000000000e+00
-2.334168090373957630e-02 1.503726117920255526e-02 2.000000000000000000e+00 1.000000000000000021e-08 -9.984703692560671640e-02 -7.650535602186714357e-01
-9.984703692560671640e-02 -7.650535602186714357e-01 2.000000000000000000e+00 1.000000000000000021e-08 -2.686911082350977309e-01 -1.688440713094910173e+00
-2.686911082350977309e-01 -1.688440713094910173e+00 1.000000000000000000e+00 1.000000000000000021e-08 -4.921463165258941896e-01 -2.234552082907964365e+00
-4.921463165258941896e-01 -2.234552082907964365e+00 1.000000000000000000e+00 1.000000000000000021e-08 -7.759665559300092941e-01 -2.838202394041150711e+00
-7.759665559300092941e-01 -2.838202394041150711e+00 1.000000000000000000e+00 1.000000000000000021e-08 -1.161431415595101768e+00 -3.854648596650923409e+00
-1.161431415595101768e+00 -3.854648596650923409e+00 1.000000000000000000e+00 9.999000000000000110e-01 -1.570796326794896558e+00 -5.000000000000000000e+00
3.782521281007727998e-02 2.167198268567458591e-02 0.000000000000000000e+00 1.000000000000000021e-08 1.329596694237984988e-01 9.513445661372119666e-01
1.329596694237984988e-01 9.513445661372119666e-01 1.000000000000000000e+00 1.000000000000000021e-08 2.656400385724162483e-01 1.326803691486177605e+00
2.656400385724162483e-01 1.326803691486177605e+00 0.000000000000000000e+00 1.000000000000000021e-08 5.326247435460650381e-01 2.669847049736487676e+00
5.326247435460650381e-01 2.669847049736487676e+00 2.000000000000000000e+00 1.000000000000000021e-08 8.008107290283128510e-01 2.681859854822478795e+00
8.008107290283128510e-01 2.681859854822478795e+00 0.000000000000000000e+00 1.000000000000000021e-08 1.233019802761951000e+00 4.322090737336380606e+00
1.233019802761951000e+00 4.322090737336380606e+00 0.000000000000000000e+00 9.999000000000000110e-01 1.570796326794896558e+00 5.000000000000000000e+00
-7.218329408483914467e-02 -3.053155607463366866e-02 1.000000000000000000e+00 1.000000000000000021e-08 -9.798515165876077460e-02 -2.580185757392163270e-01
-9.798515165876077460e-02 -2.580185757392163270e-01 0.000000000000000000e+00 1.000000000000000021e-08 -4.568219894819301741e-02 5.230295271056775164e-01
-4.568219894819301741e-02 5.230295271056775164e-01 1.000000000000000000e+00 1.000000000000000021e-08 -3.779179448717792655e-03 4.190301949947521920e-01
-3.779179448717792655e-03 4.190301949947521920e-01 0.000000000000000000e+00 1.000000000000000021e-08 1.210172029263333476e-01 1.247963823750511292e+00
1.210172029263333476e-01 1.247963823750511292e+00 0.000000000000000000e+00 1.000000000000000021e-08 3.642677735533709216e-01 2.432505706270375878e+00
3.642677735533709216e-01 2.432505706270375878e+00 1.000000000000000000e+00 1.000000000000000021e-08 6.503651856341181592e-01 2.860974120807472154e+00
6.503651856341181592e-01 2.860974120807472154e+00 0.000000000000000000e+00 1.000000000000000021e-08 1.100461808346671067e+00 4.500966227125529073e+00
1.100461808346671067e+00 4.500966227125529073e+00 2.000000000000000000e+00 9.999000000000000110e-01 1.570796326794896558e+00 5.000000000000000000e+00
-3.602613228512416277e-02 -2.314163191371389205e-02 0.000000000000000000e+00 1.000000000000000021e-08 5.077767069073205186e-02 8.680380297585620353e-01
5.077767069073205186e-02 8.680380297585620353e-01 2.000000000000000000e+00 1.000000000000000021e-08 5.587013510023143559e-02 5.092464409499386502e-02
5.587013510023143559e-02 5.092464409499386502e-02 0.000000000000000000e+00 1.000000000000000021e-08 1.734104144192468167e-01 1.175402793190153616e+00
1.734104144192468167e-01 1.175402793190153616e+00 2.000000000000000000e+00 1.000000000000000021e-08 2.408341552469898117e-01 6.742374082774299504e-01
2.408341552469898117e-01 6.742374082774299504e-01 2.000000000000000000e+00 1.000000000000000021e-08 2.671847625770206736e-01 2.635060733003086186e-01
2.671847625770206736e-01 2.635060733003086186e-01 0.000000000000000000e+00 1.000000000000000021e-08 4.268873218278289028e-01 1.597025592508082070e+00
4.268873218278289028e-01 1.597025592508082070e+00 2.000000000000000000e+00 1.000000000000000021e-08 5.705433980530011384e-01 1.436560762251722023e+00
5.705433980530011384e-01 1.436560762251722023e+00 2.000000000000000000e+00 1.000000000000000021e-08 7.227667597588027792e-01 1.522233617058016408e+00
7.227667597588027792e-01 1.522233617058016408e+00 0.000000000000000000e+00 1.000000000000000021e-08 1.030328702087972115e+00 3.075619423291693799e+00
1.030328702087972115e+00 3.075619423291693799e+00 2.000000000000000000e+00 1.000000000000000021e-08 1.420621587933279750e+00 3.902928858453075911e+00
1.420621587933279750e+00 3.902928858453075911e+00 0.000000000000000000e+00 9.999000000000000110e-01 1.570796326794896558e+00 5.000000000000000000e+00
-6.893324254222800429e-02 3.757587395008475661e-02 2.000000000000000000e+00 1.000000000000000021e-08 -1.745443029976304072e-01 -1.056110604554023835e+00
-1.745443029976304072e-01 -1.056110604554023835e+00 0.000000000000000000e+00 1.000000000000000021e-08 -2.191923148211865346e-01 -4.464801182355613296e-01
-2.191923148211865346e-01 -4.464801182355613296e-01 0.000000000000000000e+00 1.000000000000000021e-08 -2.171548042553199387e-01 2.037510565866584855e-02
-2.171548042553199387e-01 2.037510565866584855e-02 1.000000000000000000e+00 1.000000000000000021e-08 -2.546921267680719025e-01 -3.753732251275196941e-01
-2.546921267680719025e-01 -3.753732251275196941e-01 0.000000000000000000e+00 1.000000000000000021e-08 -2.531793478260123686e-01 1.512778942059556098e-02
-2.531793478260123686e-01 1.512778942059556098e-02 0.000000000000000000e+00 1.000000000000000021e-08 -2.020974479122278622e-01 5.108189991378451200e-01
-2.020974479122278622e-01 5.108189991378451200e-01 1.000000000000000000e+00 1.000000000000000021e-08 -1.928291321002992553e-01 9.268315811928601322e-02
-1.928291321002992553e-01 9.268315811928601322e-02 1.000000000000000000e+00 1.000000000000000021e-08 -2.292405309783906442e-01 -3.641139887809139997e-01
-2.292405309783906442e-01 -3.641139887809139997e-01 1.000000000000000000e+00 1.000000000000000021e-08 -2.950405952998968462e-01 -6.580006432150620199e-01
-2.950405952998968462e-01 -6.580006432150620199e-01 1.000000000000000000e+00 1.000000000000000021e-08 -3.956403461687942325e-01 -1.005997508688973641e+00
-3.956403461687942325e-01 -1.005997508688973641e+00 0.000000000000000000e+00 1.000000000000000021e-08 -4.857816202469398270e-01 -9.014127407814561677e-01
-4.857816202469398270e-01 -9.014127407814561677e-01 0.000000000000000000e+00 1.000000000000000021e-08 -5.721382644732919687e-01 -8.635664422635218607e-01
-5.721382644732919687e-01 -8.635664422635218607e-01 1.000000000000000000e+00 1.000000000000000021e-08 -7.544093961598067333e-01 -1.822711316865147868e+00
-7.544093961598067333e-01 -1.822711316865147868e+00 0.000000000000000000e+00 1.000000000000000021e-08 -9.799794613432620816e-01 -2.255700651834553483e+00
-9.799794613432620816e-01 -2.255700651834553483e+00 2.000000000000000000e+00 1.000000000000000021e-08 -1.365941234442090924e+00 -3.859617730988288642e+00
-1.365941234442090924e+00 -3.859617730988288642e+00 1.000000000000000000e+00 9.999000000000000110e-01 -1.570796326794896558e+00 -5.000000000000000000e+00
6.305971553174083422e-03 -7.151044854879784474e-02 1.000000000000000000e+00 1.000000000000000021e-08 6.890529594725097566e-03 5.845580415510143180e-03
6.890529594725097566e-03 5.845580415510143180e-03 2.000000000000000000e+00 1.000000000000000021e-08 -9.524023948994389532e-02 -1.021307690846689820e+00
-9.524023948994389532e-02 -1.021307690846689820e+00 1.000000000000000000e+00 1.000000000000000021e-08 -2.168847417062474692e-01 -1.216445022163035627e+00
-2.168847417062474692e-01 -1.216445022163035627e+00 1.000000000000000000e+00 1.000000000000000021e-08 -3.876055975913614837e-01 -1.707208558851139868e+00
-3.876055975913614837e-01 -1.707208558851139868e+00 0.000000000000000000e+00 1.000000000000000021e-08 -5.317558295872713003e-01 -1.441502319959098388e+00
-5.317558295872713003e-01 -1.441502319959098388e+00 1.000000000000000000e+00 1.000000000000000021e-08 -7.462175437860156801e-01 -2.144617141987443354e+00
-7.462175437860156801e-01 -2.144617141987443354e+00 2.000000000000000000e+00 1.000000000000000021e-08 -1.116369624676302630e+00 -3.701520808902868609e+00
-1.116369624676302630e+00 -3.701520808902868609e+00 1.000000000000000000e+00 9.999000000000000110e-01 -1.570796326794896558e+00 -4.961176525022822581e+00
-8.008560628292456240e-02 -8.645601664275961995e-02 1.000000000000000000e+00 1.000000000000000021e-08 -1.020565310975905526e-01 -2.197092481466599301e-01
-1.020565310975905526e-01 -2.197092481466599301e-01 1.000000000000000000e+00 1.000000000000000021e-08 -1.400152171920671651e-01 -3.795868609447661246e-01
-1.400152171920671651e-01 -3.795868609447661246e-01 2.000000000000000000e+00 1.000000000000000021e-08 -2.750287957856925591e-01 -1.350135785936253940e+00
-2.750287957856925591e-01 -1.350135785936253940e+00 0.000000000000000000e+00 1.000000000000000021e-08 -3.587695617614693466e-01 -8.374076597577675418e-01
-3.587695617614693466e-01 -8.374076597577675418e-01 0.000000000000000000e+00 1.000000000000000021e-08 -4.349797895506649081e-01 -7.621022778919555041e-01
-4.349797895506649081e-01 -7.621022778919555041e-01 0.000000000000000000e+00 1.000000000000000021e-08 -4.899800119926324138e-01 -5.500022244196747234e-01
-4.899800119926324138e-01 -5.500022244196747234e-01 2.000000000000000000e+00 1.000000000000000021e-08 -6.843256642611761364e-01 -1.943456522685436560e+00
-6.843256642611761364e-01 -1.943456522685436560e+00 2.000000000000000000e+00 1.000000000000000021e-08 -1.042882218607458888e+00 -3.585565543462827520e+00
-1.042882218607458888e+00 -3.585565543462827520e+00 1.000000000000000000e+00 1.000000000000000021e-08 -1.522460242714883671e+00 -4.795780241074247385e+00
-1.522460242714883671e+00 -4.795780241074247385e+00 0.000000000000000000e+00 9.999000000000000110e-01 -1.570796326794896558e+00 -5.000000000000000000e+00
-3.125125220495668377e-02 -2.562894398875857280e-02 0.000000000000000000e+00 1.000000000000000021e-08 6.058811001630685922e-02 9.183936222126353188e-01
6.058811001630685922e-02 9.183936222126353188e-01 1.000000000000000000e+00 1.000000000000000021e-08 1.488082302172351046e-01 8.822012020092824258e-01
1.488082302172351046e-01 8.822012020092824258e-01 1.000000000000000000e+00 1.000000000000000021e-08 2.745824441526340531e-01 1.257742139353989375e+00
2.745824441526340531e-01 1.257742139353989375e+00 1.000000000000000000e+00 1.000000000000000021e-08 4.611851598725186241e-01 1.866027157198845821e+00
4.611851598725186241e-01 1.866027157198845821e+00 2.000000000000000000e+00 1.000000000000000021e-08 6.581356536404544544e-01 1.969504937679357859e+00
6.581356536404544544e-01 1.969504937679357859e+00 1.000000000000000000e+00 1.000000000000000021e-08 9.564225770143153227e-01 2.982869233738608017e+00
9.564225770143153227e-01 2.982869233738608017e+00 0.000000000000000000e+00 1.000000000000000021e-08 1.426491232651303287e+00 4.700686556369879199e+00
1.426491232651303287e+00 4.700686556369879199e+00 0.000000000000000000e+00 9.999000000000000110e-01 1.570796326794896558e+00 5.000000000000000000e+00
7.284057328440168844e-02 -8.468120205227656905e-02 1.000000000000000000e+00 1.000000000000000021e-08 8.672262394869756363e-02 1.388205066429587520e-01
8.672262394869756363e-02 1.388205066429587520e-01 2.000000000000000000e+00 1.000000000000000021e-08 2.878096271992394706e-02 -5.794166122877361103e-01
2.878096271992394706e-02 -5.794166122877361103e-01 2.000000000000000000e+00 1.000000000000000021e-08 -9.967343800361416761e-02 -1.284544007235381091e+00
-9.967343800361416761e-02 -1.284544007235381091e+00 0.000000000000000000e+00 1.000000000000000021e-08 -1.686824906891345455e-01 -6.900905268552038896e-01
-1.686824906891345455e-01 -6.900905268552038896e-01 2.000000000000000000e+00 1.000000000000000021e-08 -3.653421844659231477e-01 -1.966596937767886022e+00
-3.653421844659231477e-01 -1.966596937767886022e+00 1.000000000000000000e+00 1.000000000000000021e-08 -6.141314648500084683e-01 -2.487892803840852540e+00
-6.141314648500084683e-01 -2.487892803840852540e+00 2.000000000000000000e+00 1.000000000000000021e-08 -1.016477965297912789e+00 -4.023465004479042761e+00
-1.016477965297912789e+00 -4.023465004479042761e+00 1.000000000000000000e+00 1.000000000000000021e-08 -1.530190376122267049e+00 -5.000000000000000000e+00
-1.530190376122267049e+00 -5.000000000000000000e+00 0.000000000000000000e+00 9.999000000000000110e-01 -1.570796326794896558e+00 -5.000000000000000000e+00
6.100000410171665249e-03 3.245073369481984299e-02 2.000000000000000000e+00 1.000000000000000021e-08 -8.223176751643847260e-02 -8.833176792661013854e-01
-8.223176751643847260e-02 -8.833176792661013854e-01 1.000000000000000000e+00 1.000000000000000021e-08 -2.007586266458939450e-01 -1.185268591294554863e+00
-2.007586266458939450e-01 -1.185268591294554863e+00 2.000000000000000000e+00 1.000000000000000021e-08 -4.219011773654414710e-01 -2.211425507195475149e+00
-4.219011773654414710e-01 -2.211425507195475149e+00 2.000000000000000000e+00 1.000000000000000021e-08 -7.964178341919025961e-01 -3.745166568264611584e+00
-7.964178341919025961e-01 -3.745166568264611584e+00 0.000000000000000000e+00 1.000000000000000021e-08 -1.215029955344344881e+00 -4.186121211524421959e+00
-1.215029955344344881e+00 -4.186121211524421959e+00 1.000000000000000000e+00 9.999000000000000110e-01 -1.570796326794896558e+00 -5.000000000000000000e+00
-3.162243785565128917e-04 6.775492292293650021e-02 1.000000000000000000e+00 1.000000000000000021e-08 2.261120107556490941e-02 2.292742545412141952e-01
2.261120107556490941e-02 2.292742545412141952e-01 1.000000000000000000e+00 1.000000000000000021e-08 3.715269146259077976e-02 1.454149038702586827e-01
3.715269146259077976e-02 1.454149038702586827e-01 0.000000000000000000e+00 1.000000000000000021e-08 1.610832495175330559e-01 1.239305580549422636e+00
1.610832495175330559e-01 1.239305580549422636e+00 0.000000000000000000e+00 1.000000000000000021e-08 3.961907631220560333e-01 2.351075136045229996e+00
3.961907631220560333e-01 2.351075136045229996e+00 2.000000000000000000e+00 1.000000000000000021e-08 6.192253509169369785e-01 2.230345877948809896e+00
6.192253509169369785e-01 2.230345877948809896e+00 1.000000000000000000e+00 1.000000000000000021e-08 9.331346497195787126e-01 3.139092988026416897e+00
9.331346497195787126e-01 3.139092988026416897e+00 0.000000000000000000e+00 1.000000000000000021e-08 1.409796245835881257e+00 4.766615961163025439e+00
1.409796245835881257e+00 4.766615961163025439e+00 0.000000000000000000e+00 9.999000000000000110e-01 1.570796326794896558e+00 5.000000000000000000e+00
-5.139455377853741069e-02 6.191842490234139573e-02 2.000000000000000000e+00 1.000000000000000021e-08 -1.565882324705007433e-01 -1.051936786919633438e+00
-1.565882324705007433e-01 -1.051936786919633438e+00 1.000000000000000000e+00 1.000000000000000021e-08 -2.739005760121163147e-01 -1.173123435416155491e+00
-2.739005760121163147e-01 -1.173123435416155491e+00 2.000000000000000000e+00 1.000000000000000021e-08 -5.118941553666006561e-01 -2.379935793544843303e+00
-5.118941553666006561e-01 -2.379935793544843303e+00 2.000000000000000000e+00 1.000000000000000021e-08 -9.129145803666360859e-01 -4.010204250000354520e+00
-9.129145803666360859e-01 -4.010204250000354520e+00 2.000000000000000000e+00 1.000000000000000021e-08 -1.479481242742047176e+00 -5.000000000000000000e+00
-1.479481242742047176e+00 -5.000000000000000000e+00 1.000000000000000000e+00 9.999000000000000110e-01 -1.570796326794896558e+00 -5.000000000000000000e+00
3.064709562185210373e-02 5.367416746202335887e-02 0.000000000000000000e+00 1.000000000000000021e-08 1.129814220365448485e-01 8.233432641469273783e-01
1.129814220365448485e-01 8.233432641469273783e-01 2.000000000000000000e+00 1.000000000000000021e-08 1.240869957210417318e-01 1.110557368449688331e-01
1.240869957210417318e-01 1.110557368449688331e-01 0.000000000000000000e+00 1.000000000000000021e-08 2.428162155045076598e-01 1.187292197834659113e+00
2.428162155045076598e-01 1.187292197834659113e+00 0.000000000000000000e+00 1.000000000000000021e-08 4.792265131669853906e-01 2.364102976624777419e+00
4.792265131669853906e-01 2.364102976624777419e+00 2.000000000000000000e+00 1.000000000000000021e-08 7.179745998061642931e-01 2.387480866391789025e+00
7.179745998061642931e-01 2.387480866391789025e+00 0.000000000000000000e+00 1.000000000000000021e-08 1.128377403809296187e+00 4.104028040031318270e+00
1.128377403809296187e+00 4.104028040031318270e+00 2.000000000000000000e+00 9.999000000000000110e-01 1.570796326794896558e+00 4.999385533202324261e+00
-3.672813948259051609e-03 -2.921794273416246368e-02 1.000000000000000000e+00 1.000000000000000021e-08 -2.339244147155837908e-02 -1.971962752329932678e-01
-2.339244147155837908e-02 -1.971962752329932678e-01 1.000000000000000000e+00 1.000000000000000021e-08 -4.316260216159857610e-02 -1.977016069004019772e-01
-4.316260216159857610e-02 -1.977016069004019772e-01 1.000000000000000000e+00 1.000000000000000021e-08 -8.762998983703772227e-02 -4.446738767543914062e-01
-8.762998983703772227e-02 -4.446738767543914062e-01 2.000000000000000000e+00 1.000000000000000021e-08 -2.316938220715037411e-01 -1.440638322344659938e+00
-2.316938220715037411e-01 -1.440638322344659938e+00 2.000000000000000000e+00 1.000000000000000021e-08 -5.074926990887232980e-01 -2.757988770172195458e+00
-5.074926990887232980e-01 -2.757988770172195458e+00 0.000000000000000000e+00 1.000000000000000021e-08 -7.978026973665872656e-01 -2.903099982778639898e+00
-7.978026973665872656e-01 -2.903099982778639898e+00 2.000000000000000000e+00 1.000000000000000021e-08 -1.258915567539523161e+00 -4.611128701729358070e+00
-1.258915567539523161e+00 -4.611128701729358070e+00 1.000000000000000000e+00 9.999000000000000110e-01 -1.570796326794896558e+00 -5.000000000000000000e+00
6.928638654645180583e-02 -6.882304252220675100e-02 2.000000000000000000e+00 1.000000000000000021e-08 -1.200457531070424355e-02 -8.129096185715604106e-01
-1.200457531070424355e-02 -8.129096185715604106e-01 0.000000000000000000e+00 1.000000000000000021e-08 -1.728057424201260087e-02 -5.275998931308356621e-02
-1.728057424201260087e-02 -5.275998931308356621e-02 2.000000000000000000e+00 1.000000000000000021e-08 -1.280060384268170703e-01 -1.107254641848044674e+00
-1.280060384268170703e-01 -1.107254641848044674e+00 0.000000000000000000e+00 1.000000000000000021e-08 -1.594655518840361885e-01 -3.145951345721911263e-01
-1.594655518840361885e-01 -3.145951345721911263e-01 1.000000000000000000e+00 1.000000000000000021e-08 -2.074414339914325556e-01 -4.797588210739637260e-01
-2.074414339914325556e-01 -4.797588210739637260e-01 0.000000000000000000e+00 1.000000000000000021e-08 -2.036716974986662321e-01 3.769736492766329050e-02
-2.036716974986662321e-01 3.769736492766329050e-02 0.000000000000000000e+00 1.000000000000000021e-08 -1.487194983895750444e-01 5.495219910909117100e-01
-1.487194983895750444e-01 5.495219910909117100e-01 0.000000000000000000e+00 1.000000000000000021e-08 -3.957475648941838342e-02 1.091447419001566610e+00
-3.957475648941838342e-02 1.091447419001566610e+00 0.000000000000000000e+00 1.000000000000000021e-08 1.611708539956900055e-01 2.007456104851083722e+00
1.611708539956900055e-01 2.007456104851083722e+00 1.000000000000000000e+00 1.000000000000000021e-08 3.853034559392624070e-01 2.241326019435723627e+00
3.853034559392624070e-01 2.241326019435723627e+00 1.000000000000000000e+00 1.000000000000000021e-08 6.760379054924341435e-01 2.907344495531716699e+00
6.760379054924341435e-01 2.907344495531716699e+00 2.000000000000000000e+00 1.000000000000000021e-08 9.907654516404158507e-01 3.147275461479817071e+00
9.907654516404158507e-01 3.147275461479817071e+00 0.000000000000000000e+00 1.000000000000000021e-08 1.465965949250656486e+00 4.752004976102405465e+00
1.465965949250656486e+00 4.752004976102405465e+00 0.000000000000000000e+00 9.999000000000000110e-01 1.570796326794896558e+00 5.000000000000000000e+00
-6.554775766333845177e-02 1.626904554755274901e-02 1.000000000000000000e+00 1.000000000000000021e-08 -7.360193232474705749e-02 -8.054174661408609881e-02
-7.360193232474705749e-02 -8.054174661408609881e-02 2.000000000000000000e+00 1.000000000000000021e-08 -1.945289311944429778e-01 -1.209269988696959119e+00
-1.945289311944429778e-01 -1.209269988696959119e+00 2.000000000000000000e+00 1.000000000000000021e-08 -4.488613033294209242e-01 -2.543323721349779465e+00
-4.488613033294209242e-01 -2.543323721349779465e+00 0.000000000000000000e+00 1.000000000000000021e-08 -6.912230689933678285e-01 -2.423617656639469597e+00
-6.912230689933678285e-01 -2.423617656639469597e+00 1.000000000000000000e+00 1.000000000000000021e-08 -1.026110872799324669e+00 -3.348878038059568407e+00
-1.026110872799324669e+00 -3.348878038059568407e+00 2.000000000000000000e+00 1.000000000000000021e-08 -1.525543321590482115e+00 -4.994324487911574018e+00
-1.525543321590482115e+00 -4.994324487911574018e+00 2.000000000000000000e+00 9.999000000000000110e-01 -1.570796326794896558e+00 -5.000000000000000000e+00
-4.693830212401563229e-02 4.667661912323910894e-02 2.000000000000000000e+00 1.000000000000000021e-08 -1.221194659187557346e-01 -7.518116379474009126e-01
-1.221194659187557346e-01 -7.518116379474009126e-01 0.000000000000000000e+00 1.000000000000000021e-08 -1.207331982116533892e-01 1.386267707102339930e-02
-1.207331982116533892e-01 1.386267707102339930e-02 1.000000000000000000e+00 1.000000000000000021e-08 -1.280237478799999828e-01 -7.290549668346596457e-02
-1.280237478799999828e-01 -7.290549668346596457e-02 2.000000000000000000e+00 1.000000000000000021e-08 -2.494992067217569609e-01 -1.214754588417569670e+00
-2.494992067217569609e-01 -1.214754588417569670e+00 0.000000000000000000e+00 1.000000000000000021e-08 -3.261069881151774652e-01 -7.660778139342050430e-01
-3.261069881151774652e-01 -7.660778139342050430e-01 2.000000000000000000e+00 1.000000000000000021e-08 -5.343614993261573964e-01 -2.082545112109799312e+00
-5.343614993261573964e-01 -2.082545112109799312e+00 2.000000000000000000e+00 1.000000000000000021e-08 -8.850746080749389844e-01 -3.507131087487816323e+00
-8.850746080749389844e-01 -3.507131087487816323e+00 0.000000000000000000e+00 1.000000000000000021e-08 -1.302026962938919619e+00 -4.169523548639806343e+00
-1.302026962938919619e+00 -4.169523548639806343e+00 2.000000000000000000e+00 9.999000000000000110e-01 -1.570796326794896558e+00 -5.000000000000000000e+00
-6.029956139763187339e-02 -2.695185748094147682e-02 2.000000000000000000e+00 1.000000000000000021e-08 -1.472404867810007678e-01 -8.694092538336890552e-01
-1.472404867810007678e-01 -8.694092538336890552e-01 0.000000000000000000e+00 1.000000000000000021e-08 -1.553900114790912890e-01 -8.149524698090515606e-02
-1.553900114790912890e-01 -8.149524698090515606e-02 1.000000000000000000e+00 1.000000000000000021e-08 -1.947091120053193736e-01 -3.931910052622806795e-01
-1.947091120053193736e-01 -3.931910052622806795e-01 2.000000000000000000e+00 1.000000000000000021e-08 -3.417362803730839005e-01 -1.470271683677645047e+00
-3.417362803730839005e-01 -1.470271683677645047e+00 2.000000000000000000e+00 1.000000000000000021e-08 -6.380160928598499481e-01 -2.962798124867660921e+00
-6.380160928598499481e-01 -2.962798124867660921e+00 2.000000000000000000e+00 1.000000000000000021e-08 -1.098130687361616342e+00 -4.601145945017663053e+00
-1.098130687361616342e+00 -4.601145945017663053e+00 0.000000000000000000e+00 9.999000000000000110e-01 -1.570796326794896558e+00 -5.000000000000000000e+00
-4.644795616868474530e-02 -1.691093619633161210e-02 2.000000000000000000e+00 1.000000000000000021e-08 -1.326392642475235917e-01 -8.619130807883884637e-01
-1.326392642475235917e-01 -8.619130807883884637e-01 0.000000000000000000e+00 1.000000000000000021e-08 -1.534374468018070981e-01 -2.079818255428351748e-01
-1.534374468018070981e-01 -2.079818255428351748e-01 0.000000000000000000e+00 1.000000000000000021e-08 -1.129266936025390272e-01 4.051075319926806806e-01
-1.129266936025390272e-01 4.051075319926806806e-01 1.000000000000000000e+00 1.000000000000000021e-08 -8.980456335862116446e-02 2.312213024391786276e-01
-8.980456335862116446e-02 2.312213024391786276e-01 0.000000000000000000e+00 1.000000000000000021e-08 -4.160874847040016422e-03 8.564368851158113971e-01
-4.160874847040016422e-03 8.564368851158113971e-01 1.000000000000000000e+00 1.000000000000000021e-08 6.678681824168891668e-02 7.094769308872892477e-01
6.678681824168891668e-02 7.094769308872892477e-01 1.000000000000000000e+00 1.000000000000000021e-08 1.334409425385222059e-01 6.665412429683328366e-01
1.334409425385222059e-01 6.665412429683328366e-01 0.000000000000000000e+00 1.000000000000000021e-08 2.994155694869559681e-01 1.659746269484337455e+00
2.994155694869559681e-01 1.659746269484337455e+00 1.000000000000000000e+00 1.000000000000000021e-08 5.283846255223765276e-01 2.289690560354205040e+00
5.283846255223765276e-01 2.289690560354205040e+00 2.000000000000000000e+00 1.000000000000000021e-08 7.683490433603293868e-01 2.399644178379528814e+00
7.683490433603293868e-01 2.399644178379528814e+00 1.000000000000000000e+00 1.000000000000000021e-08 1.112676392666108516e+00 3.443273493057791068e+00
1.112676392666108516e+00 3.443273493057791068e+00 1.000000000000000000e+00 9.999000000000000110e-01 1.570796326794896558e+00 4.788948372982632762e+00
2.028390095303433255e-02 1.093300909209442284e-02 2.000000000000000000e+00 1.000000000000000021e-08 -8.083326752786518243e-02 -1.011171684808995108e+00
-8.083326752786518243e-02 -1.011171684808995108e+00 1.000000000000000000e+00 1.000000000000000021e-08 -1.886857707188205335e-01 -1.078525031909553400e+00
-1.886857707188205335e-01 -1.078525031909553400e+00 1.000000000000000000e+00 1.000000000000000021e-08 -3.223833737748735828e-01 -1.336976030560530271e+00
-3.223833737748735828e-01 -1.336976030560530271e+00 2.000000000000000000e+00 1.000000000000000021e-08 -5.922406214533718627e-01 -2.698572476784982577e+00
-5.922406214533718627e-01 -2.698572476784982577e+00 1.000000000000000000e+00 1.000000000000000021e-08 -9.398639293425449237e-01 -3.476233078891730166e+00
-9.398639293425449237e-01 -3.476233078891730166e+00 0.000000000000000000e+00 1.000000000000000021e-08 -1.348138755160612323e+00 -4.082748258180673773e+00
-1.348138755160612323e+00 -4.082748258180673773e+00 2.000000000000000000e+00 9.999000000000000110e-01 -1.570796326794896558e+00 -5.000000000000000000e+00
-2.111189436944018588e-02 -3.916836975356076389e-02 0.000000000000000000e+00 1.000000000000000021e-08 5.987673833295042297e-02 8.098863270239060608e-01
5.987673833295042297e-02 8.098863270239060608e-01 0.000000000000000000e+00 1.000000000000000021e-08 2.301130301304753212e-01 1.702362917975248857e+00
2.301130301304753212e-01 1.702362917975248857e+00 2.000000000000000000e+00 1.000000000000000021e-08 3.504351632216073376e-01 1.203221330911320219e+00
3.504351632216073376e-01 1.203221330911320219e+00 1.000000000000000000e+00 1.000000000000000021e-08 5.298048185591033299e-01 1.793696553374960034e+00
5.298048185591033299e-01 1.793696553374960034e+00 1.000000000000000000e+00 1.000000000000000021e-08 7.802946196913906896e-01 2.504898011322873153e+00
7.802946196913906896e-01 2.504898011322873153e+00 0.000000000000000000e+00 1.000000000000000021e-08 1.188407257628645297e+00 4.081126379372545188e+00
1.188407257628645297e+00 4.081126379372545188e+00 0.000000000000000000e+00 9.999000000000000110e-01 1.570796326794896558e+00 5.000000000000000000e+00
1.436372328899987103e-02 -3.589624419752590612e-02 0.000000000000000000e+00 1.000000000000000021e-08 8.864422057401867561e-02 7.428049728501879834e-01
8.864422057401867561e-02 7.428049728501879834e-01 2.000000000000000000e+00 1.000000000000000021e-08 9.017884335825576692e-02 1.534622784237094084e-02
9.017884335825576692e-02 1.534622784237094084e-02 0.000000000000000000e+00 1.000000000000000021e-08 2.058937823343082174e-01 1.157149389760524283e+00
2.058937823343082174e-01 1.157149389760524283e+00 0.000000000000000000e+00 1.000000000000000021e-08 4.546195237842045600e-01 2.487257414498963648e+00
4.546195237842045600e-01 2.487257414498963648e+00 2.000000000000000000e+00 1.000000000000000021e-08 6.956037704069868433e-01 2.409842466227822833e+00
6.956037704069868433e-01 2.409842466227822833e+00 1.000000000000000000e+00 1.000000000000000021e-08 1.024074827993818992e+00 3.284710575868321047e+00
1.024074827993818992e+00 3.284710575868321047e+00 1.000000000000000000e+00 1.000000000000000021e-08 1.471002354758687902e+00 4.469275267648688654e+00
1.471002354758687902e+00 4.469275267648688654e+00 2.000000000000000000e+00 9.999000000000000110e-01 1.570796326794896558e+00 5.000000000000000000e+00
-5.705421381456707991e-02 -5.416729869604444692e-02 0.000000000000000000e+00 1.000000000000000021e-08 2.188849357606776486e-02 7.894270739063483644e-01
2.188849357606776486e-02 7.894270739063483644e-01 0.000000000000000000e+00 1.000000000000000021e-08 1.982583264373498910e-01 1.763698328612821165e+00
1.982583264373498910e-01 1.763698328612821165e+00 0.000000000000000000e+00 1.000000000000000021e-08 5.086399447780699523e-01 3.103816183407200668e+00
5.086399447780699523e-01 3.103816183407200668e+00 2.000000000000000000e+00 1.000000000000000021e-08 8.332433565079073734e-01 3.246034117298374433e+00
8.332433565079073734e-01 3.246034117298374433e+00 1.000000000000000000e+00 1.000000000000000021e-08 1.275554084532562360e+00 4.423107280246550310e+00
1.275554084532562360e+00 4.423107280246550310e+00 2.000000000000000000e+00 9.999000000000000110e-01 1.570796326794896558e+00 5.000000000000000000e+00
2.323654402217116902e-02 3.188041788999966542e-02 0.000000000000000000e+00 1.000000000000000021e-08 1.011726527425264727e-01 7.793610872035530157e-01
1.011726527425264727e-01 7.793610872035530157e-01 1.000000000000000000e+00 1.000000000000000021e-08 1.813183321500750622e-01 8.014567940754858677e-01
1.813183321500750622e-01 8.014567940754858677e-01 1.000000000000000000e+00 1.000000000000000021e-08 2.782365935586992856e-01 9.691826140862421779e-01
2.782365935586992856e-01 9.691826140862421779e-01 1.000000000000000000e+00 1.000000000000000021e-08 4.079371644683327802e-01 1.297005709096334947e+00
4.079371644683327802e-01 1.297005709096334947e+00 0.000000000000000000e+00 1.000000000000000021e-08 6.759845373536286228e-01 2.680473728852958537e+00
6.759845373536286228e-01 2.680473728852958537e+00 0.000000000000000000e+00 1.000000000000000021e-08 1.105271459351161223e+00 4.292869219975326445e+00
1.105271459351161223e+00 4.292869219975326445e+00 2.000000000000000000e+00 9.999000000000000110e-01 1.570796326794896558e+00 5.000000000000000000e+00
-6.411829699827284457e-02 -7.124542292445949776e-02 1.000000000000000000e+00 1.000000000000000021e-08 -7.496910394117803356e-02 -1.085080694290518899e-01
-7.496910394117803356e-02 -1.085080694290518899e-01 0.000000000000000000e+00 1.000000000000000021e-08 -1.574252577034702949e-02 5.922657817083100129e-01
-1.574252577034702949e-02 5.922657817083100129e-01 2.000000000000000000e+00 1.000000000000000021e-08 -6.244065366842090070e-02 -4.669812789807387121e-01
-6.244065366842090070e-02 -4.669812789807387121e-01 1.000000000000000000e+00 1.000000000000000021e-08 -1.024158967963117589e-01 -3.997524312789085266e-01
-1.024158967963117589e-01 -3.997524312789085266e-01 2.000000000000000000e+00 1.000000000000000021e-08 -2.406306280900637473e-01 -1.382147312937519912e+00
-2.406306280900637473e-01 -1.382147312937519912e+00 2.000000000000000000e+00 1.000000000000000021e-08 -5.096849861187071618e-01 -2.690543580286433478e+00
-5.096849861187071618e-01 -2.690543580286433478e+00 0.000000000000000000e+00 1.000000000000000021e-08 -7.825267592852922505e-01 -2.728417731665850443e+00
-7.825267592852922505e-01 -2.728417731665850443e+00 0.000000000000000000e+00 1.000000000000000021e-08 -1.107700472743615716e+00 -3.251737134583235100e+00
-1.107700472743615716e+00 -3.251737134583235100e+00 2.000000000000000000e+00 9.999000000000000110e-01 -1.570796326794896558e+00 -4.934517069333204553e+00
-2.238287247095581411e-02 -1.616093733251413450e-02 1.000000000000000000e+00 1.000000000000000021e-08 -3.464529008714301028e-02 -1.226241761618719339e-01
-3.464529008714301028e-02 -1.226241761618719339e-01 0.000000000000000000e+00 1.000000000000000021e-08 2.585711952695540772e-02 6.050240961409841800e-01
2.585711952695540772e-02 6.050240961409841800e-01 2.000000000000000000e+00 1.000000000000000021e-08 -1.725528095048545901e-03 -2.758264762200395293e-01
-1.725528095048545901e-03 -2.758264762200395293e-01 0.000000000000000000e+00 1.000000000000000021e-08 5.859898553071267446e-02 6.032451362576121134e-01
5.859898553071267446e-02 6.032451362576121134e-01 0.000000000000000000e+00 1.000000000000000021e-08 2.163608726231690538e-01 1.577618870924563765e+00
2.163608726231690538e-01 1.577618870924563765e+00 2.000000000000000000e+00 1.000000000000000021e-08 3.125080560102271310e-01 9.614718338705804390e-01
3.125080560102271310e-01 9.614718338705804390e-01 1.000000000000000000e+00 1.000000000000000021e-08 4.760567460671246698e-01 1.635486900568975610e+00
4.760567460671246698e-01 1.635486900568975610e+00 1.000000000000000000e+00 1.000000000000000021e-08 7.225527676667062860e-01 2.464960215995815496e+00
7.225527676667062860e-01 2.464960215995815496e+00 1.000000000000000000e+00 1.000000000000000021e-08 1.081117246927004505e+00 3.585644792602982633e+00
1.081117246927004505e+00 3.585644792602982633e+00 0.000000000000000000e+00 9.999000000000000110e-01 1.570796326794896558e+00 5.000000000000000000e+00
4.390037924487923127e-02 -8.952762309540774482e-03 1.000000000000000000e+00 1.000000000000000021e-08 5.353258312397520674e-02 9.632203879095975474e-02
5.353258312397520674e-02 9.632203879095975474e-02 2.000000000000000000e+00 1.000000000000000021e-08 -2.127935228547243179e-02 -7.481193540944763853e-01
-2.127935228547243179e-02 -7.481193540944763853e-01 1.000000000000000000e+00 1.000000000000000021e-08 -1.021270269699162403e-01 -8.084767468444380434e-01
-1.021270269699162403e-01 -8.084767468444380434e-01 2.000000000000000000e+00 1.000000000000000021e-08 -2.801002246610069801e-01 -1.779731976910907232e+00
-2.801002246610069801e-01 -1.779731976910907232e+00 0.000000000000000000e+00 1.000000000000000021e-08 -4.107566329347479561e-01 -1.306564082737410093e+00
-4.107566329347479561e-01 -1.306564082737410093e+00 2.000000000000000000e+00 1.000000000000000021e-08 -6.758301144876073252e-01 -2.650734815528593025e+00
-6.758301144876073252e-01 -2.650734815528593025e+00 0.000000000000000000e+00 1.000000000000000021e-08 -9.754616768204025234e-01 -2.996315623327951982e+00
-9.754616768204025234e-01 -2.996315623327951982e+00 1.000000000000000000e+00 1.000000000000000021e-08 -1.404645054963472806e+00 -4.291833781430701933e+00
-1.404645054963472806e+00 -4.291833781430701933e+00 2.000000000000000000e+00 9.999000000000000110e-01 -1.570796326794896558e+00 -5.000000000000000000e+00
2.588087672053577051e-02 2.443511069080040940e-02 2.000000000000000000e+00 1.000000000000000021e-08 -5.487943386898118392e-02 -8.076031058951694819e-01
-5.487943386898118392e-02 -8.076031058951694819e-01 2.000000000000000000e+00 1.000000000000000021e-08 -2.348131052509137562e-01 -1.799336713819325695e+00
-2.348131052509137562e-01 -1.799336713819325695e+00 2.000000000000000000e+00 1.000000000000000021e-08 -5.299053724228111051e-01 -2.950922671718972712e+00
-5.299053724228111051e-01 -2.950922671718972712e+00 1.000000000000000000e+00 1.000000000000000021e-08 -9.050842470089757175e-01 -3.751788745861645680e+00
-9.050842470089757175e-01 -3.751788745861645680e+00 2.000000000000000000e+00 1.000000000000000021e-08 -1.435339201704548540e+00 -5.000000000000000000e+00
-1.435339201704548540e+00 -5.000000000000000000e+00 2.000000000000000000e+00 9.999000000000000110e-01 -1.570796326794896558e+00 -5.000000000000000000e+00
-5.376403835651553942e-02 -8.289585593907553007e-02 2.000000000000000000e+00 1.000000000000000021e-08 -1.695804508494607732e-01 -1.158164124929452310e+00
-1.695804508494607732e-01 -1.158164124929452310e+00 1.000000000000000000e+00 1.000000000000000021e-08 -3.063248379468521687e-01 -1.367443870973914066e+00
-3.063248379468521687e-01 -1.367443870973914066e+00 1.000000000000000000e+00 1.000000000000000021e-08 -5.041543181068292023e-01 -1.978294801599770336e+00
-5.041543181068292023e-01 -1.978294801599770336e+00 2.000000000000000000e+00 1.000000000000000021e-08 -8.402177584435067681e-01 -3.360634403366775658e+00
-8.402177584435067681e-01 -3.360634403366775658e+00 0.000000000000000000e+00 1.000000000000000021e-08 -1.240841172742628284e+00 -4.006234142991215386e+00
-1.240841172742628284e+00 -4.006234142991215386e+00 2.000000000000000000e+00 9.999000000000000110e-01 -1.570796326794896558e+00 -5.000000000000000000e+00
