-4.222384694017869422e-02 -2.502885191107981702e-02 2.000000000000000000e+00 1.000000000000000021e-08 -1.393879756846007623e-01 -9.716412874442205139e-01
-1.393879756846007623e-01 -9.716412874442205139e-01 2.000000000000000000e+00 1.000000000000000021e-08 -3.608564804547648164e-01 -2.214685047701640208e+00
-3.608564804547648164e-01 -2.214685047701640208e+00 1.000000000000000000e+00 1.000000000000000021e-08 -6.241097873716709987e-01 -2.632533069169062045e+00
-6.241097873716709987e-01 -2.632533069169062045e+00 1.000000000000000000e+00 1.000000000000000021e-08 -9.648191561947381256e-01 -3.407093688230670381e+00
-9.648191561947381256e-01 -3.407093688230670381e+00 2.000000000000000000e+00 1.000000000000000021e-08 -1.474103155802819920e+00 -5.000000000000000000e+00
-1.474103155802819920e+00 -5.000000000000000000e+00 0.000000000000000000e+00 9.999000000000000110e-01 -1.570796326794896558e+00 -5.000000000000000000e+00
6.724332720969908306e-03 -7.404790298244429136e-02 2.000000000000000000e+00 1.000000000000000021e-08 -1.014708259981900451e-01 -1.081951587191599451e+00
-1.014708259981900451e-01 -1.081951587191599451e+00 1.000000000000000000e+00 1.000000000000000021e-08 -2.385101092037788806e-01 -1.370392832055888244e+00
-2.385101092037788806e-01 -1.370392832055888244e+00 2.000000000000000000e+00 1.000000000000000021e-08 -5.016837958596259694e-01 -2.631736866558471277e+00
-5.016837958596259694e-01 -2.631736866558471277e+00 1.000000000000000000e+00 1.000000000000000021e-08 -8.305091759112176453e-01 -3.288253800515916758e+00
-8.305091759112176453e-01 -3.288253800515916758e+00 2.000000000000000000e+00 1.000000000000000021e-08 -1.323364949376510946e+00 -4.928557734652932787e+00
-1.323364949376510946e+00 -4.928557734652932787e+00 2.000000000000000000e+00 9.999000000000000110e-01 -1.570796326794896558e+00 -5.000000000000000000e+00
-3.635161461102164038e-02 1.390914831824900666e-02 1.000000000000000000e+00 1.000000000000000021e-08 -2.981928451177814215e-02 6.532330099243496835e-02
-2.981928451177814215e-02 6.532330099243496835e-02 0.000000000000000000e+00 1.000000000000000021e-08 6.347443844405153968e-02 9.329372295582968322e-01
6.347443844405153968e-02 9.329372295582968322e-01 2.000000000000000000e+00 1.000000000000000021e-08 8.073399120880891955e-02 1.725955276475737987e-01
8.073399120880891955e-02 1.725955276475737987e-01 1.000000000000000000e+00 1.000000000000000021e-08 1.287744522831486549e-01 4.804046107433973534e-01
1.287744522831486549e-01 4.804046107433973534e-01 1.000000000000000000e+00 1.000000000000000021e-08 2.077445407301633518e-01 7.897008844701469688e-01
2.077445407301633518e-01 7.897008844701469688e-01 1.000000000000000000e+00 1.000000000000000021e-08 3.274171055428979349e-01 1.196725648127346053e+00
3.274171055428979349e-01 1.196725648127346053e+00 0.000000000000000000e+00 1.000000000000000021e-08 5.872822651888678358e-01 2.598651596459699675e+00
5.872822651888678358e-01 2.598651596459699675e+00 2.000000000000000000e+00 1.000000000000000021e-08 8.557121345004772284e-01 2.684298693116093482e+00
8.557121345004772284e-01 2.684298693116093482e+00 2.000000000000000000e+00 1.000000000000000021e-08 1.182661920481004936e+00 3.269497859805277074e+00
1.182661920481004936e+00 3.269497859805277074e+00 0.000000000000000000e+00 9.999000000000000110e-01 1.570796326794896558e+00 4.896410000838846699e+00
-9.587855949683889850e-03 2.835288844163591504e-02 2.000000000000000000e+00 1.000000000000000021e-08 -8.198619582186203458e-02 -7.239833987217814126e-01
-8.198619582186203458e-02 -7.239833987217814126e-01 0.000000000000000000e+00 1.000000000000000021e-08 -6.662883713127291940e-02 1.535735869058911796e-01
-6.662883713127291940e-02 1.535735869058911796e-01 2.000000000000000000e+00 1.000000000000000021e-08 -1.372676185730476173e-01 -7.063878144177468954e-01
-1.372676185730476173e-01 -7.063878144177468954e-01 2.000000000000000000e+00 1.000000000000000021e-08 -3.129867671805952045e-01 -1.757191486075475817e+00
-3.129867671805952045e-01 -1.757191486075475817e+00 2.000000000000000000e+00 1.000000000000000021e-08 -6.249590617780522717e-01 -3.119722945974570116e+00
-6.249590617780522717e-01 -3.119722945974570116e+00 2.000000000000000000e+00 1.000000000000000021e-08 -1.080440013629942575e+00 -4.554809518518902145e+00
-1.080440013629942575e+00 -4.554809518518902145e+00 2.000000000000000000e+00 9.999000000000000110e-01 -1.570796326794896558e+00 -5.000000000000000000e+00
-1.652313476994363844e-02 9.426493714749222680e-03 1.000000000000000000e+00 1.000000000000000021e-08 -1.841244136414454252e-02 -1.889306594200903730e-02
-1.841244136414454252e-02 -1.889306594200903730e-02 1.000000000000000000e+00 1.000000000000000021e-08 -1.463134840583318712e-02 3.781092958311355057e-02
-1.463134840583318712e-02 3.781092958311355057e-02 1.000000000000000000e+00 1.000000000000000021e-08 -5.792270810094382605e-03 8.839077595738804860e-02
-5.792270810094382605e-03 8.839077595738804860e-02 0.000000000000000000e+00 1.000000000000000021e-08 8.099245349126418803e-02 8.678472430135856230e-01
8.099245349126418803e-02 8.678472430135856230e-01 0.000000000000000000e+00 1.000000000000000021e-08 2.669545667576538883e-01 1.859621132663896947e+00
2.669545667576538883e-01 1.859621132663896947e+00 2.000000000000000000e+00 1.000000000000000021e-08 4.194494625882370098e-01 1.524948958305830882e+00
4.194494625882370098e-01 1.524948958305830882e+00 0.000000000000000000e+00 1.000000000000000021e-08 7.209774352892536209e-01 3.015279727010165889e+00
7.209774352892536209e-01 3.015279727010165889e+00 2.000000000000000000e+00 1.000000000000000021e-08 1.063656351961320912e+00 3.426789166720674018e+00
1.063656351961320912e+00 3.426789166720674018e+00 0.000000000000000000e+00 9.999000000000000110e-01 1.570796326794896558e+00 5.000000000000000000e+00
-7.019273123438325712e-02 -1.769262405081947764e-02 1.000000000000000000e+00 1.000000000000000021e-08 -6.716008526067554496e-02 3.032645973707712855e-02
-6.716008526067554496e-02 3.032645973707712855e-02 0.000000000000000000e+00 1.000000000000000021e-08 9.249675414446434374e-03 7.640976067512197378e-01
9.249675414446434374e-03 7.640976067512197378e-01 0.000000000000000000e+00 1.000000000000000021e-08 1.740910109379929516e-01 1.648413355235465172e+00
1.740910109379929516e-01 1.648413355235465172e+00 1.000000000000000000e+00 1.000000000000000021e-08 3.765260759714464944e-01 2.024350650334535207e+00
3.765260759714464944e-01 2.024350650334535207e+00 1.000000000000000000e+00 1.000000000000000021e-08 6.249704394820678743e-01 2.484443635106214021e+00
6.249704394820678743e-01 2.484443635106214021e+00 1.000000000000000000e+00 1.000000000000000021e-08 9.507961572524425975e-01 3.258257177703747232e+00
9.507961572524425975e-01 3.258257177703747232e+00 2.000000000000000000e+00 1.000000000000000021e-08 1.351694192655851001e+00 4.008980354034083149e+00
1.351694192655851001e+00 4.008980354034083149e+00 1.000000000000000000e+00 9.999000000000000110e-01 1.570796326794896558e+00 5.000000000000000000e+00
-8.048228450715391724e-02 7.615740179004530652e-02 0.000000000000000000e+00 1.000000000000000021e-08 -1.062439023326366971e-03 7.941984548382754472e-01
-1.062439023326366971e-03 7.941984548382754472e-01 2.000000000000000000e+00 1.000000000000000021e-08 -9.171661533913600187e-03 -8.109222510587232868e-02
-9.171661533913600187e-03 -8.109222510587232868e-02 1.000000000000000000e+00 1.000000000000000021e-08 -3.110811865096623635e-02 -2.193645711705263235e-01
-3.110811865096623635e-02 -2.193645711705263235e-01 2.000000000000000000e+00 1.000000000000000021e-08 -1.488406312694061928e-01 -1.177325126184399551e+00
-1.488406312694061928e-01 -1.177325126184399551e+00 0.000000000000000000e+00 1.000000000000000021e-08 -2.197702865538156136e-01 -7.092965528440942080e-01
-2.197702865538156136e-01 -7.092965528440942080e-01 0.000000000000000000e+00 1.000000000000000021e-08 -2.391935477769277507e-01 -1.942326122311213155e-01
-2.391935477769277507e-01 -1.942326122311213155e-01 2.000000000000000000e+00 1.000000000000000021e-08 -3.899637659623681474e-01 -1.507702181854404078e+00
-3.899637659623681474e-01 -1.507702181854404078e+00 0.000000000000000000e+00 1.000000000000000021e-08 -5.368668622156922421e-01 -1.469030962533241169e+00
-5.368668622156922421e-01 -1.469030962533241169e+00 0.000000000000000000e+00 1.000000000000000021e-08 -6.901273688377684845e-01 -1.532605066220762424e+00
-6.901273688377684845e-01 -1.532605066220762424e+00 2.000000000000000000e+00 1.000000000000000021e-08 -1.014561801596784552e+00 -3.244344327590161114e+00
-1.014561801596784552e+00 -3.244344327590161114e+00 2.000000000000000000e+00 1.000000000000000021e-08 -1.496175626316122331e+00 -4.816138247193377353e+00
-1.496175626316122331e+00 -4.816138247193377353e+00 2.000000000000000000e+00 9.999000000000000110e-01 -1.570796326794896558e+00 -5.000000000000000000e+00
1.377174842814519670e-02 7.468670135027498380e-02 1.000000000000000000e+00 1.000000000000000021e-08 2.124814213553367567e-02 7.476393707388478971e-02
2.124814213553367567e-02 7.476393707388478971e-02 1.000000000000000000e+00 1.000000000000000021e-08 4.132476598915792165e-02 2.007662385362424529e-01
4.132476598915792165e-02 2.007662385362424529e-01 2.000000000000000000e+00 1.000000000000000021e-08 -2.521613710474579495e-02 -6.654090309390371383e-01
-2.521613710474579495e-02 -6.654090309390371383e-01 2.000000000000000000e+00 1.000000000000000021e-08 -1.858489965616802742e-01 -1.606328594569344625e+00
-1.858489965616802742e-01 -1.606328594569344625e+00 2.000000000000000000e+00 1.000000000000000021e-08 -4.568961769031935072e-01 -2.710471803415132719e+00
-4.568961769031935072e-01 -2.710471803415132719e+00 0.000000000000000000e+00 1.000000000000000021e-08 -7.264622298011840229e-01 -2.695660528979905823e+00
-7.264622298011840229e-01 -2.695660528979905823e+00 2.000000000000000000e+00 1.000000000000000021e-08 -1.162667784324543430e+00 -4.362055545233593179e+00
-1.162667784324543430e+00 -4.362055545233593179e+00 0.000000000000000000e+00 9.999000000000000110e-01 -1.570796326794896558e+00 -5.000000000000000000e+00
-6.098232752671113588e-02 -3.747053699476269456e-02 2.000000000000000000e+00 1.000000000000000021e-08 -1.730040834351753709e-01 -1.120217559084642378e+00
-1.730040834351753709e-01 -1.120217559084642378e+00 2.000000000000000000e+00 1.000000000000000021e-08 -4.074337674791683739e-01 -2.344296840439930030e+00
-4.074337674791683739e-01 -2.344296840439930030e+00 0.000000000000000000e+00 1.000000000000000021e-08 -6.159186450878457730e-01 -2.084848776086774436e+00
-6.159186450878457730e-01 -2.084848776086774436e+00 1.000000000000000000e+00 1.000000000000000021e-08 -9.092069738945862678e-01 -2.932883288067404504e+00
-9.092069738945862678e-01 -2.932883288067404504e+00 2.000000000000000000e+00 1.000000000000000021e-08 -1.362332797609491886e+00 -4.531258237149055290e+00
-1.362332797609491886e+00 -4.531258237149055290e+00 2.000000000000000000e+00 9.999000000000000110e-01 -1.570796326794896558e+00 -5.000000000000000000e+00
-5.399882468167516852e-02 7.362413385038282798e-02 1.000000000000000000e+00 1.000000000000000021e-08 -5.884862204678918685e-02 -4.849797365114016934e-02
-5.884862204678918685e-02 -4.849797365114016934e-02 2.000000000000000000e+00 1.000000000000000021e-08 -1.595448305066153871e-01 -1.006962084598261864e+00
-1.595448305066153871e-01 -1.006962084598261864e+00 2.000000000000000000e+00 1.000000000000000021e-08 -3.669216337681496243e-01 -2.073768032615342261e+00
-3.669216337681496243e-01 -2.073768032615342261e+00 2.000000000000000000e+00 1.000000000000000021e-08 -7.287853790944363030e-01 -3.618637453262866011e+00
-7.287853790944363030e-01 -3.618637453262866011e+00 0.000000000000000000e+00 1.000000000000000021e-08 -1.133295952768792025e+00 -4.045105736743557223e+00
-1.133295952768792025e+00 -4.045105736743557223e+00 1.000000000000000000e+00 9.999000000000000110e-01 -1.570796326794896558e+00 -5.000000000000000000e+00
5.257916166808535019e-02 1.110743251597273371e-02 1.000000000000000000e+00 1.000000000000000021e-08 6.591528086548469056e-02 1.333611919739934315e-01
6.591528086548469056e-02 1.333611919739934315e-01 0.000000000000000000e+00 1.000000000000000021e-08 1.645859192307578267e-01 9.867063836527311116e-01
1.645859192307578267e-01 9.867063836527311116e-01 0.000000000000000000e+00 1.000000000000000021e-08 3.616191308975115204e-01 1.970332116667537159e+00
3.616191308975115204e-01 1.970332116667537159e+00 0.000000000000000000e+00 1.000000000000000021e-08 6.937036311059252558e-01 3.320845002084137132e+00
6.937036311059252558e-01 3.320845002084137132e+00 0.000000000000000000e+00 1.000000000000000021e-08 1.179488515986089947e+00 4.857848848801645580e+00
1.179488515986089947e+00 4.857848848801645580e+00 0.000000000000000000e+00 9.999000000000000110e-01 1.570796326794896558e+00 5.000000000000000000e+00
-4.626411993114118437e-02 2.764804119786606895e-02 2.000000000000000000e+00 1.000000000000000021e-08 -1.476310387160802984e-01 -1.013669187849391085e+00
-1.476310387160802984e-01 -1.013669187849391085e+00 2.000000000000000000e+00 1.000000000000000021e-08 -3.557340678973682779e-01 -2.081030291812879796e+00
-3.557340678973682779e-01 -2.081030291812879796e+00 0.000000000000000000e+00 1.000000000000000021e-08 -5.321867961446415940e-01 -1.764527282472733605e+00
-5.321867961446415940e-01 -1.764527282472733605e+00 0.000000000000000000e+00 1.000000000000000021e-08 -7.095782914273570663e-01 -1.773914952827154279e+00
-7.095782914273570663e-01 -1.773914952827154279e+00 0.000000000000000000e+00 1.000000000000000021e-08 -9.269009032561491557e-01 -2.173226118287920450e+00
-9.269009032561491557e-01 -2.173226118287920450e+00 0.000000000000000000e+00 1.000000000000000021e-08 -1.225448466661152036e+00 -2.985475634050028138e+00
-1.225448466661152036e+00 -2.985475634050028138e+00 0.000000000000000000e+00 9.999000000000000110e-01 -1.570796326794896558e+00 -4.139909655411243783e+00
7.498707939063846417e-02 -6.355427935740462497e-02 2.000000000000000000e+00 1.000000000000000021e-08 -1.326168708405740804e-02 -8.824876647469587221e-01
-1.326168708405740804e-02 -8.824876647469587221e-01 0.000000000000000000e+00 1.000000000000000021e-08 -4.734004915529794327e-04 1.278828659250442756e-01
-4.734004915529794327e-04 1.278828659250442756e-01 1.000000000000000000e+00 1.000000000000000021e-08 1.583619331080608761e-02 1.630959380235906808e-01
1.583619331080608761e-02 1.630959380235906808e-01 2.000000000000000000e+00 1.000000000000000021e-08 -5.991414757144106207e-02 -7.575034088224714690e-01
-5.991414757144106207e-02 -7.575034088224714690e-01 0.000000000000000000e+00 1.000000000000000021e-08 -5.488033074946586237e-02 5.033816821975201083e-02
-5.488033074946586237e-02 5.033816821975201083e-02 2.000000000000000000e+00 1.000000000000000021e-08 -1.369923592862495043e-01 -8.211202853678364333e-01
-1.369923592862495043e-01 -8.211202853678364333e-01 2.000000000000000000e+00 1.000000000000000021e-08 -3.130861112903648436e-01 -1.760937520041153226e+00
-3.130861112903648436e-01 -1.760937520041153226e+00 1.000000000000000000e+00 1.000000000000000021e-08 -5.235612211107735225e-01 -2.104751098204086457e+00
-5.235612211107735225e-01 -2.104751098204086457e+00 0.000000000000000000e+00 1.000000000000000021e-08 -7.397980499676619637e-01 -2.162368288568883745e+00
-7.397980499676619637e-01 -2.162368288568883745e+00 2.000000000000000000e+00 1.000000000000000021e-08 -1.108595210239718298e+00 -3.687971602720562458e+00
-1.108595210239718298e+00 -3.687971602720562458e+00 1.000000000000000000e+00 9.999000000000000110e-01 -1.570796326794896558e+00 -4.945491615490616333e+00
-2.710784895160432695e-02 6.319377288121826031e-02 1.000000000000000000e+00 1.000000000000000021e-08 -3.056947235511794578e-02 -3.461623403513618136e-02
-3.056947235511794578e-02 -3.461623403513618136e-02 0.000000000000000000e+00 1.000000000000000021e-08 5.490116221803077734e-02 8.547063457314871826e-01
5.490116221803077734e-02 8.547063457314871826e-01 2.000000000000000000e+00 1.000000000000000021e-08 4.419051465029517900e-02 -1.071064756773559834e-01
4.419051465029517900e-02 -1.071064756773559834e-01 2.000000000000000000e+00 1.000000000000000021e-08 -3.690117372172405097e-02 -8.109168837201922164e-01
-3.690117372172405097e-02 -8.109168837201922164e-01 2.000000000000000000e+00 1.000000000000000021e-08 -2.148575608874967457e-01 -1.779563871657726892e+00
-2.148575608874967457e-01 -1.779563871657726892e+00 0.000000000000000000e+00 1.000000000000000021e-08 -3.293985273641075739e-01 -1.145409664766108282e+00
-3.293985273641075739e-01 -1.145409664766108282e+00 2.000000000000000000e+00 1.000000000000000021e-08 -5.637731222275864651e-01 -2.343745948634788689e+00
-5.637731222275864651e-01 -2.343745948634788689e+00 2.000000000000000000e+00 1.000000000000000021e-08 -9.416640803311131513e-01 -3.778909581035266640e+00
-9.416640803311131513e-01 -3.778909581035266640e+00 1.000000000000000000e+00 1.000000000000000021e-08 -1.428815251571686984e+00 -4.871511712405738770e+00
-1.428815251571686984e+00 -4.871511712405738770e+00 2.000000000000000000e+00 9.999000000000000110e-01 -1.570796326794896558e+00 -5.000000000000000000e+00
1.115229184139275576e-03 6.191213730461513076e-02 2.000000000000000000e+00 1.000000000000000021e-08 -7.114222420713764428e-02 -7.225745339127690459e-01
-7.114222420713764428e-02 -7.225745339127690459e-01 2.000000000000000000e+00 1.000000000000000021e-08 -2.526201809020987010e-01 -1.814779566949610512e+00
-2.526201809020987010e-01 -1.814779566949610512e+00 2.000000000000000000e+00 1.000000000000000021e-08 -5.758983672947958210e-01 -3.232781863926970978e+00
-5.758983672947958210e-01 -3.232781863926970978e+00 1.000000000000000000e+00 1.000000000000000021e-08 -9.699789415070535492e-01 -3.940805742122576838e+00
-9.699789415070535492e-01 -3.940805742122576838e+00 0.000000000000000000e+00 1.000000000000000021e-08 -1.438526028111272170e+00 -4.685470866042185989e+00
-1.438526028111272170e+00 -4.685470866042185989e+00 1.000000000000000000e+00 9.999000000000000110e-01 -1.570796326794896558e+00 -5.000000000000000000e+00
7.289522056350845880e-02 -5.646748452595543033e-02 0.000000000000000000e+00 1.000000000000000021e-08 1.808638368575461730e-01 1.079686162940377114e+00
1.808638368575461730e-01 1.079686162940377114e+00 2.000000000000000000e+00 1.000000000000000021e-08 2.405473621624766578e-01 5.968352530493048480e-01
2.405473621624766578e-01 5.968352530493048480e-01 2.000000000000000000e+00 1.000000000000000021e-08 2.482062898582174382e-01 7.658927695740780361e-02
2.482062898582174382e-01 7.658927695740780361e-02 1.000000000000000000e+00 1.000000000000000021e-08 2.840445089478321750e-01 3.583821908961471459e-01
2.840445089478321750e-01 3.583821908961471459e-01 0.000000000000000000e+00 1.000000000000000021e-08 4.579289119021329735e-01 1.738844029543007874e+00
4.579289119021329735e-01 1.738844029543007874e+00 1.000000000000000000e+00 1.000000000000000021e-08 7.110843714307619745e-01 2.531554595286289455e+00
7.110843714307619745e-01 2.531554595286289455e+00 0.000000000000000000e+00 1.000000000000000021e-08 1.128389440748198469e+00 4.173050693174364945e+00
1.128389440748198469e+00 4.173050693174364945e+00 2.000000000000000000e+00 9.999000000000000110e-01 1.570796326794896558e+00 5.000000000000000000e+00
1.860210220185554847e-02 6.768975678706112831e-02 2.000000000000000000e+00 1.000000000000000021e-08 -5.115794564070650502e-02 -6.976004784256204516e-01
-5.115794564070650502e-02 -6.976004784256204516e-01 1.000000000000000000e+00 1.000000000000000021e-08 -1.151379838927120980e-01 -6.398003825200557770e-01
-1.151379838927120980e-01 -6.398003825200557770e-01 1.000000000000000000e+00 1.000000000000000021e-08 -1.990606521557474473e-01 -8.392266826303534932e-01
-1.990606521557474473e-01 -8.392266826303534932e-01 0.000000000000000000e+00 1.000000000000000021e-08 -2.144151181868463873e-01 -1.535446603109894559e-01
-2.144151181868463873e-01 -1.535446603109894559e-01 1.000000000000000000e+00 1.000000000000000021e-08 -2.773681691798072779e-01 -6.295305099296090168e-01
-2.773681691798072779e-01 -6.295305099296090168e-01 2.000000000000000000e+00 1.000000000000000021e-08 -4.851269926407756339e-01 -2.077588234609683671e+00
-4.851269926407756339e-01 -2.077588234609683671e+00 1.000000000000000000e+00 1.000000000000000021e-08 -7.725393104075015671e-01 -2.874123177667259554e+00
-7.725393104075015671e-01 -2.874123177667259554e+00 2.000000000000000000e+00 1.000000000000000021e-08 -1.229934533090978110e+00 -4.573952226834764545e+00
-1.229934533090978110e+00 -4.573952226834764545e+00 1.000000000000000000e+00 9.999000000000000110e-01 -1.570796326794896558e+00 -5.000000000000000000e+00
7.812227987274480978e-02 -1.800136091849264403e-02 2.000000000000000000e+00 1.000000000000000021e-08 1.430004091808961819e-03 -7.669227578093583686e-01
1.430004091808961819e-03 -7.669227578093583686e-01 0.000000000000000000e+00 1.000000000000000021e-08 8.500822095085597274e-03 7.070818003276635455e-02
8.500822095085597274e-03 7.070818003276635455e-02 2.000000000000000000e+00 1.000000000000000021e-08 -7.129962810396568706e-02 -7.980045019905127601e-01
-7.129962810396568706e-02 -7.980045019905127601e-01 2.000000000000000000e+00 1.000000000000000021e-08 -2.605969874274217668e-01 -1.892973593234560603e+00
-2.605969874274217668e-01 -1.892973593234560603e+00 0.000000000000000000e+00 1.000000000000000021e-08 -4.003633258115895099e-01 -1.397663383841677209e+00
-4.003633258115895099e-01 -1.397663383841677209e+00 0.000000000000000000e+00 1.000000000000000021e-08 -5.317503546617897703e-01 -1.313870288502002159e+00
-5.317503546617897703e-01 -1.313870288502002159e+00 1.000000000000000000e+00 1.000000000000000021e-08 -7.527953013472963306e-01 -2.210449466855065381e+00
-7.527953013472963306e-01 -2.210449466855065381e+00 2.000000000000000000e+00 1.000000000000000021e-08 -1.150437904761162589e+00 -3.976426034138662136e+00
-1.150437904761162589e+00 -3.976426034138662136e+00 0.000000000000000000e+00 9.999000000000000110e-01 -1.570796326794896558e+00 -4.942443011159665112e+00
-2.086720269062156477e-02 7.106874997981285635e-02 0.000000000000000000e+00 1.000000000000000021e-08 5.804842968521563285e-02 7.891563237583718582e-01
5.804842968521563285e-02 7.891563237583718582e-01 1.000000000000000000e+00 1.000000000000000021e-08 1.362918526520037199e-01 7.824342296678806763e-01
1.362918526520037199e-01 7.824342296678806763e-01 1.000000000000000000e+00 1.000000000000000021e-08 2.511164065013742897e-01 1.148245538493705808e+00
2.511164065013742897e-01 1.148245538493705808e+00 0.000000000000000000e+00 1.000000000000000021e-08 4.886280673552239051e-01 2.375116608538496266e+00
4.886280673552239051e-01 2.375116608538496266e+00 1.000000000000000000e+00 1.000000000000000021e-08 8.044270989327917398e-01 3.157990315775678791e+00
8.044270989327917398e-01 3.157990315775678791e+00 2.000000000000000000e+00 1.000000000000000021e-08 1.171731569311217358e+00 3.673044703784256182e+00
1.171731569311217358e+00 3.673044703784256182e+00 2.000000000000000000e+00 9.999000000000000110e-01 1.570796326794896558e+00 4.711111048456624317e+00
-3.204573277815327137e-02 -6.888174855319140200e-02 2.000000000000000000e+00 1.000000000000000021e-08 -1.479568871255901585e-01 -1.159111543474368844e+00
-1.479568871255901585e-01 -1.159111543474368844e+00 2.000000000000000000e+00 1.000000000000000021e-08 -3.800088835428779843e-01 -2.320519964172878424e+00
-3.800088835428779843e-01 -2.320519964172878424e+00 2.000000000000000000e+00 1.000000000000000021e-08 -7.489313685906187068e-01 -3.689224850477407003e+00
-7.489313685906187068e-01 -3.689224850477407003e+00 0.000000000000000000e+00 1.000000000000000021e-08 -1.166883237903879156e+00 -4.179518693132603602e+00
-1.166883237903879156e+00 -4.179518693132603602e+00 2.000000000000000000e+00 9.999000000000000110e-01 -1.570796326794896558e+00 -5.000000000000000000e+00
-1.313697012625790993e-02 5.788290891157983620e-02 1.000000000000000000e+00 1.000000000000000021e-08 -2.486272991100569457e-02 -1.172575978474778152e-01
-2.486272991100569457e-02 -1.172575978474778152e-01 2.000000000000000000e+00 1.000000000000000021e-08 -1.365192639787422557e-01 -1.116565340677365459e+00
-1.365192639787422557e-01 -1.116565340677365459e+00 1.000000000000000000e+00 1.000000000000000021e-08 -2.544316083087531655e-01 -1.179123443300108987e+00
-2.544316083087531655e-01 -1.179123443300108987e+00 0.000000000000000000e+00 1.000000000000000021e-08 -3.305875015301841247e-01 -7.615589322143093698e-01
-3.305875015301841247e-01 -7.615589322143093698e-01 0.000000000000000000e+00 1.000000000000000021e-08 -3.828257450650286442e-01 -5.223824353484449734e-01
-3.828257450650286442e-01 -5.223824353484449734e-01 0.000000000000000000e+00 1.000000000000000021e-08 -4.314767297824712022e-01 -4.865098471744253583e-01
-4.314767297824712022e-01 -4.865098471744253583e-01 1.000000000000000000e+00 1.000000000000000021e-08 -5.351628572795387173e-01 -1.036861274970674707e+00
-5.351628572795387173e-01 -1.036861274970674707e+00 1.000000000000000000e+00 1.000000000000000021e-08 -7.266603379896225956e-01 -1.914974807100838561e+00
-7.266603379896225956e-01 -1.914974807100838561e+00 2.000000000000000000e+00 1.000000000000000021e-08 -1.088564383169474681e+00 -3.619040451798521296e+00
-1.088564383169474681e+00 -3.619040451798521296e+00 1.000000000000000000e+00 9.999000000000000110e-01 -1.570796326794896558e+00 -4.903800461411617739e+00
-2.396818457669740166e-02 6.352765534935650438e-02 0.000000000000000000e+00 1.000000000000000021e-08 6.631848537176353309e-02 9.028666994846092919e-01
6.631848537176353309e-02 9.028666994846092919e-01 2.000000000000000000e+00 1.000000000000000021e-08 7.549317272626784869e-02 9.174687354504318382e-02
7.549317272626784869e-02 9.174687354504318382e-02 1.000000000000000000e+00 1.000000000000000021e-08 1.098108002415432993e-01 3.431762751527545618e-01
1.098108002415432993e-01 3.431762751527545618e-01 2.000000000000000000e+00 1.000000000000000021e-08 7.950839459460881664e-02 -3.030240564693448824e-01
7.950839459460881664e-02 -3.030240564693448824e-01 1.000000000000000000e+00 1.000000000000000021e-08 4.935154035787302912e-02 -3.015685423673578613e-01
4.935154035787302912e-02 -3.015685423673578613e-01 1.000000000000000000e+00 1.000000000000000021e-08 1.473752707958676106e-02 -3.461401327828626528e-01
1.473752707958676106e-02 -3.461401327828626528e-01 2.000000000000000000e+00 1.000000000000000021e-08 -1.063778020707858429e-01 -1.211153291503725971e+00
-1.063778020707858429e-01 -1.211153291503725971e+00 0.000000000000000000e+00 1.000000000000000021e-08 -1.696187196677936826e-01 -6.324091759700785076e-01
-1.696187196677936826e-01 -6.324091759700785076e-01 1.000000000000000000e+00 1.000000000000000021e-08 -2.499272792252182629e-01 -8.030855955742457475e-01
-2.499272792252182629e-01 -8.030855955742457475e-01 2.000000000000000000e+00 1.000000000000000021e-08 -4.540442426152958566e-01 -2.041169633900775882e+00
-4.540442426152958566e-01 -2.041169633900775882e+00 1.000000000000000000e+00 1.000000000000000021e-08 -7.367616630224456120e-01 -2.827174204071497776e+00
-7.367616630224456120e-01 -2.827174204071497776e+00 2.000000000000000000e+00 1.000000000000000021e-08 -1.186161871662042122e+00 -4.494002086395964213e+00
-1.186161871662042122e+00 -4.494002086395964213e+00 2.000000000000000000e+00 9.999000000000000110e-01 -1.570796326794896558e+00 -5.000000000000000000e+00
-3.235395479010480524e-02 5.074228797687958814e-02 1.000000000000000000e+00 1.000000000000000021e-08 -3.374555610808722961e-02 -1.391601317982424368e-02
-3.374555610808722961e-02 -1.391601317982424368e-02 0.000000000000000000e+00 1.000000000000000021e-08 3.187527465685327521e-02 6.562083076494050760e-01
3.187527465685327521e-02 6.562083076494050760e-01 2.000000000000000000e+00 1.000000000000000021e-08 3.893447289958287816e-04 -3.148592992785744782e-01
3.893447289958287816e-04 -3.148592992785744782e-01 0.000000000000000000e+00 1.000000000000000021e-08 4.347928255979039563e-02 4.308993783079456685e-01
4.347928255979039563e-02 4.308993783079456685e-01 0.000000000000000000e+00 1.000000000000000021e-08 1.938905387840303973e-01 1.504112562242399864e+00
1.938905387840303973e-01 1.504112562242399864e+00 2.000000000000000000e+00 1.000000000000000021e-08 2.941931440981654378e-01 1.003026053141350182e+00
2.941931440981654378e-01 1.003026053141350182e+00 0.000000000000000000e+00 1.000000000000000021e-08 5.185199207623734097e-01 2.243267766642079941e+00
5.185199207623734097e-01 2.243267766642079941e+00 1.000000000000000000e+00 1.000000000000000021e-08 8.317903263890966681e-01 3.132704056267232140e+00
8.317903263890966681e-01 3.132704056267232140e+00 2.000000000000000000e+00 1.000000000000000021e-08 1.208520764905492095e+00 3.767304385163953828e+00
1.208520764905492095e+00 3.767304385163953828e+00 0.000000000000000000e+00 9.999000000000000110e-01 1.570796326794896558e+00 5.000000000000000000e+00
-3.237093249811241746e-02 -4.259906726540563238e-02 0.000000000000000000e+00 1.000000000000000021e-08 4.701772480068566740e-02 7.938865729879808208e-01
4.701772480068566740e-02 7.938865729879808208e-01 1.000000000000000000e+00 1.000000000000000021e-08 1.367745932002762399e-01 8.975686839959057250e-01
1.367745932002762399e-01 8.975686839959057250e-01 1.000000000000000000e+00 1.000000000000000021e-08 2.452657975684454650e-01 1.084912043681692140e+00
2.452657975684454650e-01 1.084912043681692140e+00 1.000000000000000000e+00 1.000000000000000021e-08 3.917446144902154703e-01 1.464788169217700053e+00
3.917446144902154703e-01 1.464788169217700053e+00 0.000000000000000000e+00 1.000000000000000021e-08 6.663141604483238112e-01 2.745695459581082964e+00
6.663141604483238112e-01 2.745695459581082964e+00 2.000000000000000000e+00 1.000000000000000021e-08 9.681583919247486181e-01 3.018442314764247847e+00
9.681583919247486181e-01 3.018442314764247847e+00 1.000000000000000000e+00 1.000000000000000021e-08 1.389390885066890569e+00 4.212324931421420615e+00
1.389390885066890569e+00 4.212324931421420615e+00 1.000000000000000000e+00 9.999000000000000110e-01 1.570796326794896558e+00 5.000000000000000000e+00
-5.885425804844233999e-02 2.338251589594180294e-02 1.000000000000000000e+00 1.000000000000000021e-08 -7.347999718190123541e-02 -1.462573913345889542e-01
-7.347999718190123541e-02 -1.462573913345889542e-01 2.000000000000000000e+00 1.000000000000000021e-08 -2.046246012206791587e-01 -1.311446040387779233e+00
-2.046246012206791587e-01 -1.311446040387779233e+00 2.000000000000000000e+00 1.000000000000000021e-08 -4.418699304181057386e-01 -2.372453291974265355e+00
-4.418699304181057386e-01 -2.372453291974265355e+00 2.000000000000000000e+00 1.000000000000000021e-08 -8.328476100837960416e-01 -3.909776796656903031e+00
-8.328476100837960416e-01 -3.909776796656903031e+00 0.000000000000000000e+00 1.000000000000000021e-08 -1.269001751421982904e+00 -4.361541413381868182e+00
-1.269001751421982904e+00 -4.361541413381868182e+00 1.000000000000000000e+00 9.999000000000000110e-01 -1.570796326794896558e+00 -5.000000000000000000e+00
-4.154417769455327758e-02 6.376348211663777216e-03 1.000000000000000000e+00 1.000000000000000021e-08 -4.700775976776230825e-02 -5.463582073209030665e-02
-4.700775976776230825e-02 -5.463582073209030665e-02 2.000000000000000000e+00 1.000000000000000021e-08 -1.506191257346836676e-01 -1.036113659669213538e+00
-1.506191257346836676e-01 -1.036113659669213538e+00 0.000000000000000000e+00 1.000000000000000021e-08 -1.858949304996345142e-01 -3.527580476495085771e-01
-1.858949304996345142e-01 -3.527580476495085771e-01 2.000000000000000000e+00 1.000000000000000021e-08 -3.241632504376438240e-01 -1.382683199380093431e+00
-3.241632504376438240e-01 -1.382683199380093431e+00 2.000000000000000000e+00 1.000000000000000021e-08 -5.853027128128931444e-01 -2.611394623752492539e+00
-5.853027128128931444e-01 -2.611394623752492539e+00 1.000000000000000000e+00 1.000000000000000021e-08 -9.207901363098738301e-01 -3.354874234969806412e+00
-9.207901363098738301e-01 -3.354874234969806412e+00 2.000000000000000000e+00 1.000000000000000021e-08 -1.420958253471618971e+00 -5.000000000000000000e+00
-1.420958253471618971e+00 -5.000000000000000000e+00 2.000000000000000000e+00 9.999000000000000110e-01 -1.570796326794896558e+00 -5.000000000000000000e+00
-6.236548887057134782e-02 -3.823201587118230105e-02 0.000000000000000000e+00 1.000000000000000021e-08 2.858582291679490073e-02 9.095131178736624022e-01
2.858582291679490073e-02 9.095131178736624022e-01 0.000000000000000000e+00 1.000000000000000021e-08 2.170086273151959899e-01 1.884228043984010892e+00
2.170086273151959899e-01 1.884228043984010892e+00 1.000000000000000000e+00 1.000000000000000021e-08 4.566540235831383354e-01 2.396453962679423011e+00
4.566540235831383354e-01 2.396453962679423011e+00 0.000000000000000000e+00 1.000000000000000021e-08 8.415351317019719168e-01 3.848811081188336036e+00
8.415351317019719168e-01 3.848811081188336036e+00 2.000000000000000000e+00 1.000000000000000021e-08 1.276599957683972830e+00 4.350648259820008690e+00
1.276599957683972830e+00 4.350648259820008690e+00 0.000000000000000000e+00 9.999000000000000110e-01 1.570796326794896558e+00 5.000000000000000000e+00
6.901533562963955981e-02 8.078288483399488629e-02 1.000000000000000000e+00 1.000000000000000021e-08 7.906187505305781182e-02 1.004653942341824646e-01
7.906187505305781182e-02 1.004653942341824646e-01 0.000000000000000000e+00 1.000000000000000021e-08 1.944998112135908619e-01 1.154379361605330390e+00
1.944998112135908619e-01 1.154379361605330390e+00 1.000000000000000000e+00 1.000000000000000021e-08 3.305405465732784709e-01 1.360407353596876368e+00
3.305405465732784709e-01 1.360407353596876368e+00 2.000000000000000000e+00 1.000000000000000021e-08 4.384209843989642086e-01 1.078804378256857488e+00
4.384209843989642086e-01 1.078804378256857488e+00 2.000000000000000000e+00 1.000000000000000021e-08 5.495923786110750164e-01 1.111713942121107745e+00
5.495923786110750164e-01 1.111713942121107745e+00 0.000000000000000000e+00 1.000000000000000021e-08 8.088399794514402608e-01 2.592476008403651999e+00
8.088399794514402608e-01 2.592476008403651999e+00 2.000000000000000000e+00 1.000000000000000021e-08 1.114413939278746213e+00 3.055739598273058633e+00
1.114413939278746213e+00 3.055739598273058633e+00 1.000000000000000000e+00 1.000000000000000021e-08 1.555579257828621387e+00 4.411653185498750851e+00
1.555579257828621387e+00 4.411653185498750851e+00 2.000000000000000000e+00 9.999000000000000110e-01 1.570796326794896558e+00 5.000000000000000000e+00
-6.663968388586434533e-02 -6.743953407174213543e-02 2.000000000000000000e+00 1.000000000000000021e-08 -1.652124856744354997e-01 -9.857280178857115160e-01
-1.652124856744354997e-01 -9.857280178857115160e-01 0.000000000000000000e+00 1.000000000000000021e-08 -2.061605072566459751e-01 -4.094802158221046984e-01
-2.061605072566459751e-01 -4.094802158221046984e-01 0.000000000000000000e+00 1.000000000000000021e-08 -2.020917650276688460e-01 4.068742228977134667e-02
-2.020917650276688460e-01 4.068742228977134667e-02 2.000000000000000000e+00 1.000000000000000021e-08 -3.298236715406446806e-01 -1.277319065129758346e+00
-3.298236715406446806e-01 -1.277319065129758346e+00 2.000000000000000000e+00 1.000000000000000021e-08 -5.836858575736838528e-01 -2.538621860330390945e+00
-5.836858575736838528e-01 -2.538621860330390945e+00 2.000000000000000000e+00 1.000000000000000021e-08 -9.915198521555068645e-01 -4.078339945818230561e+00
-9.915198521555068645e-01 -4.078339945818230561e+00 1.000000000000000000e+00 1.000000000000000021e-08 -1.512449961406040266e+00 -5.000000000000000000e+00
-1.512449961406040266e+00 -5.000000000000000000e+00 2.000000000000000000e+00 9.999000000000000110e-01 -1.570796326794896558e+00 -5.000000000000000000e+00
-5.839682295590660488e-02 -1.152331151299083867e-02 1.000000000000000000e+00 1.000000000000000021e-08 -8.478694585872117995e-02 -2.639012290281457784e-01
-8.478694585872117995e-02 -2.639012290281457784e-01 1.000000000000000000e+00 1.000000000000000021e-08 -1.167100415949743619e-01 -3.192309573625317087e-01
-1.167100415949743619e-01 -3.192309573625317087e-01 2.000000000000000000e+00 1.000000000000000021e-08 -2.691806478334424213e-01 -1.524706062384680205e+00
-2.691806478334424213e-01 -1.524706062384680205e+00 2.000000000000000000e+00 1.000000000000000021e-08 -5.549000454193500076e-01 -2.857193975859074975e+00
-5.549000454193500076e-01 -2.857193975859074975e+00 1.000000000000000000e+00 1.000000000000000021e-08 -9.223206281620348612e-01 -3.674205827426848980e+00
-9.223206281620348612e-01 -3.674205827426848980e+00 1.000000000000000000e+00 1.000000000000000021e-08 -1.394541639654958587e+00 -4.722210114929236369e+00
-1.394541639654958587e+00 -4.722210114929236369e+00 2.000000000000000000e+00 9.999000000000000110e-01 -1.570796326794896558e+00 -5.000000000000000000e+00
2.914257947185586867e-02 -8.375527208253849554e-02 2.000000000000000000e+00 1.000000000000000021e-08 -7.327644340249109267e-02 -1.024190228743469655e+00
-7.327644340249109267e-02 -1.024190228743469655e+00 0.000000000000000000e+00 1.000000000000000021e-08 -1.138098320549773557e-01 -4.053338865248626854e-01
-1.138098320549773557e-01 -4.053338865248626854e-01 1.000000000000000000e+00 1.000000000000000021e-08 -1.849103167659726654e-01 -7.110048471099530421e-01
-1.849103167659726654e-01 -7.110048471099530421e-01 0.000000000000000000e+00 1.000000000000000021e-08 -2.057484795042128500e-01 -2.083816273824018461e-01
-2.057484795042128500e-01 -2.083816273824018461e-01 0.000000000000000000e+00 1.000000000000000021e-08 -1.841502992194168631e-01 2.159818028479597585e-01
-1.841502992194168631e-01 2.159818028479597585e-01 0.000000000000000000e+00 1.000000000000000021e-08 -9.366853914094107336e-02 9.048176007847578139e-01
-9.366853914094107336e-02 9.048176007847578139e-01 1.000000000000000000e+00 1.000000000000000021e-08 -1.212198244854821583e-02 8.154655669239285753e-01
-1.212198244854821583e-02 8.154655669239285753e-01 2.000000000000000000e+00 1.000000000000000021e-08 -3.470526060803532514e-02 -2.258327815948710793e-01
-3.470526060803532514e-02 -2.258327815948710793e-01 0.000000000000000000e+00 1.000000000000000021e-08 1.521024264272958365e-02 4.991550325076490324e-01
1.521024264272958365e-02 4.991550325076490324e-01 2.000000000000000000e+00 1.000000000000000021e-08 -1.346771618368030471e-02 -2.867795882640988836e-01
-1.346771618368030471e-02 -2.867795882640988836e-01 2.000000000000000000e+00 1.000000000000000021e-08 -1.341011181847146794e-01 -1.206334020010343622e+00
-1.341011181847146794e-01 -1.206334020010343622e+00 1.000000000000000000e+00 1.000000000000000021e-08 -2.666810710543894292e-01 -1.325799528696747664e+00
-2.666810710543894292e-01 -1.325799528696747664e+00 1.000000000000000000e+00 1.000000000000000021e-08 -4.497263233848461939e-01 -1.830452523304567425e+00
-4.497263233848461939e-01 -1.830452523304567425e+00 1.000000000000000000e+00 1.000000000000000021e-08 -7.053571293984994828e-01 -2.556308060136533111e+00
-7.053571293984994828e-01 -2.556308060136533111e+00 1.000000000000000000e+00 1.000000000000000021e-08 -1.050287311331499884e+00 -3.449301819330003127e+00
-1.050287311331499884e+00 -3.449301819330003127e+00 2.000000000000000000e+00 1.000000000000000021e-08 -1.557317855827121456e+00 -5.000000000000000000e+00
-1.557317855827121456e+00 -5.000000000000000000e+00 0.000000000000000000e+00 9.999000000000000110e-01 -1.570796326794896558e+00 -5.000000000000000000e+00
5.710822304964075641e-02 -1.302894363597523371e-02 1.000000000000000000e+00 1.000000000000000021e-08 7.268500891824578036e-02 1.557678586860501979e-01
7.268500891824578036e-02 1.557678586860501979e-01 0.000000000000000000e+00 1.000000000000000021e-08 1.972815265341712476e-01 1.245965176159254506e+00
1.972815265341712476e-01 1.245965176159254506e+00 0.000000000000000000e+00 1.000000000000000021e-08 4.314873738903119982e-01 2.342058473561407617e+00
4.314873738903119982e-01 2.342058473561407617e+00 1.000000000000000000e+00 1.000000000000000021e-08 7.317200381189461478e-01 3.002326642286340608e+00
7.317200381189461478e-01 3.002326642286340608e+00 2.000000000000000000e+00 1.000000000000000021e-08 1.062479072449445283e+00 3.307590343304991354e+00
1.062479072449445283e+00 3.307590343304991354e+00 2.000000000000000000e+00 1.000000000000000021e-08 1.488199459036706696e+00 4.257203865872614124e+00
1.488199459036706696e+00 4.257203865872614124e+00 1.000000000000000000e+00 9.999000000000000110e-01 1.570796326794896558e+00 5.000000000000000000e+00
7.301228498229650477e-02 -3.187882794079748700e-02 0.000000000000000000e+00 1.000000000000000021e-08 1.592403796586693288e-01 8.622809467637283509e-01
1.592403796586693288e-01 8.622809467637283509e-01 2.000000000000000000e+00 1.000000000000000021e-08 1.884189628006804063e-01 2.917858314201108305e-01
1.884189628006804063e-01 2.917858314201108305e-01 0.000000000000000000e+00 1.000000000000000021e-08 3.239856380144070513e-01 1.355666752137266506e+00
3.239856380144070513e-01 1.355666752137266506e+00 2.000000000000000000e+00 1.000000000000000021e-08 4.407320835742780663e-01 1.167464455598709927e+00
4.407320835742780663e-01 1.167464455598709927e+00 1.000000000000000000e+00 1.000000000000000021e-08 6.401561009598180085e-01 1.994240173855399201e+00
6.401561009598180085e-01 1.994240173855399201e+00 1.000000000000000000e+00 1.000000000000000021e-08 9.203804827659980425e-01 2.802243818061800340e+00
9.203804827659980425e-01 2.802243818061800340e+00 1.000000000000000000e+00 1.000000000000000021e-08 1.313779419603455345e+00 3.933989368374573026e+00
1.313779419603455345e+00 3.933989368374573026e+00 0.000000000000000000e+00 9.999000000000000110e-01 1.570796326794896558e+00 5.000000000000000000e+00
9.359629535141376910e-03 9.253897250086698389e-03 1.000000000000000000e+00 1.000000000000000021e-08 1.754046337922116755e-02 8.180833844079787864e-02
1.754046337922116755e-02 8.180833844079787864e-02 2.000000000000000000e+00 1.000000000000000021e-08 -7.326634591120101403e-02 -9.080680929042217464e-01
-7.326634591120101403e-02 -9.080680929042217464e-01 1.000000000000000000e+00 1.000000000000000021e-08 -1.856478354045438817e-01 -1.123814894933428787e+00
-1.856478354045438817e-01 -1.123814894933428787e+00 1.000000000000000000e+00 1.000000000000000021e-08 -3.252766387773107781e-01 -1.396288033727668854e+00
-3.252766387773107781e-01 -1.396288033727668854e+00 1.000000000000000000e+00 1.000000000000000021e-08 -5.289229896173197609e-01 -2.036463508400089495e+00
-5.289229896173197609e-01 -2.036463508400089495e+00 2.000000000000000000e+00 1.000000000000000021e-08 -8.816454562502724634e-01 -3.527224666329527025e+00
-8.816454562502724634e-01 -3.527224666329527025e+00 2.000000000000000000e+00 1.000000000000000021e-08 -1.406036936520134617e+00 -5.000000000000000000e+00
-1.406036936520134617e+00 -5.000000000000000000e+00 1.000000000000000000e+00 9.999000000000000110e-01 -1.570796326794896558e+00 -5.000000000000000000e+00
-3.248210215436338200e-02 7.650707259377746705e-02 0.000000000000000000e+00 1.000000000000000021e-08 5.639176934686154774e-02 8.887387150122492141e-01
5.639176934686154774e-02 8.887387150122492141e-01 2.000000000000000000e+00 1.000000000000000021e-08 7.759276764119910075e-02 2.120099829433754746e-01
7.759276764119910075e-02 2.120099829433754746e-01 0.000000000000000000e+00 1.000000000000000021e-08 1.846871377823239291e-01 1.070943701411248172e+00
1.846871377823239291e-01 1.070943701411248172e+00 1.000000000000000000e+00 1.000000000000000021e-08 3.077640646225872079e-01 1.230769268402633010e+00
3.077640646225872079e-01 1.230769268402633010e+00 2.000000000000000000e+00 1.000000000000000021e-08 3.865972198568208285e-01 7.883315523423359839e-01
3.865972198568208285e-01 7.883315523423359839e-01 1.000000000000000000e+00 1.000000000000000021e-08 5.182204982004707805e-01 1.316232783436499520e+00
5.182204982004707805e-01 1.316232783436499520e+00 2.000000000000000000e+00 1.000000000000000021e-08 6.546973354097562758e-01 1.364768372092854509e+00
6.546973354097562758e-01 1.364768372092854509e+00 1.000000000000000000e+00 1.000000000000000021e-08 8.773744401277339122e-01 2.226771047179776364e+00
8.773744401277339122e-01 2.226771047179776364e+00 1.000000000000000000e+00 1.000000000000000021e-08 1.223968416355072586e+00 3.465939762273386293e+00
1.223968416355072586e+00 3.465939762273386293e+00 2.000000000000000000e+00 9.999000000000000110e-01 1.570796326794896558e+00 4.540332136452510881e+00
3.394915904928231393e-02 -4.433242172421879290e-03 1.000000000000000000e+00 1.000000000000000021e-08 4.853512170257064107e-02 1.458596265328832575e-01
4.853512170257064107e-02 1.458596265328832575e-01 0.000000000000000000e+00 1.000000000000000021e-08 1.754286355215965432e-01 1.268935138190258938e+00
1.754286355215965432e-01 1.268935138190258938e+00 2.000000000000000000e+00 1.000000000000000021e-08 2.448419447070563360e-01 6.941330918545980389e-01
2.448419447070563360e-01 6.941330918545980389e-01 0.000000000000000000e+00 1.000000000000000021e-08 4.426741294823290929e-01 1.978321847752727125e+00
4.426741294823290929e-01 1.978321847752727125e+00 2.000000000000000000e+00 1.000000000000000021e-08 6.232199964737421549e-01 1.805458669914130621e+00
6.232199964737421549e-01 1.805458669914130621e+00 2.000000000000000000e+00 1.000000000000000021e-08 8.220973165861800158e-01 1.988773201124378609e+00
8.220973165861800158e-01 1.988773201124378609e+00 0.000000000000000000e+00 1.000000000000000021e-08 1.198249688738203922e+00 3.761523721520238617e+00
1.198249688738203922e+00 3.761523721520238617e+00 2.000000000000000000e+00 9.999000000000000110e-01 1.570796326794896558e+00 4.812744353527292240e+00
-5.532756055391670202e-02 -6.269863197302431856e-02 1.000000000000000000e+00 1.000000000000000021e-08 -7.484008378183597265e-02 -1.951252322791927063e-01
-7.484008378183597265e-02 -1.951252322791927063e-01 2.000000000000000000e+00 1.000000000000000021e-08 -1.897640453085121248e-01 -1.149239615266761438e+00
-1.897640453085121248e-01 -1.149239615266761438e+00 1.000000000000000000e+00 1.000000000000000021e-08 -3.329427981832207006e-01 -1.431787528747085592e+00
-3.329427981832207006e-01 -1.431787528747085592e+00 2.000000000000000000e+00 1.000000000000000021e-08 -5.985074660735338892e-01 -2.655646678903131885e+00
-5.985074660735338892e-01 -2.655646678903131885e+00 1.000000000000000000e+00 1.000000000000000021e-08 -9.570352610858915421e-01 -3.585277950123576307e+00
-9.570352610858915421e-01 -3.585277950123576307e+00 2.000000000000000000e+00 1.000000000000000021e-08 -1.473799082784835957e+00 -5.000000000000000000e+00
-1.473799082784835957e+00 -5.000000000000000000e+00 1.000000000000000000e+00 9.999000000000000110e-01 -1.570796326794896558e+00 -5.000000000000000000e+00
-6.411475511267406002e-02 5.607475352845671390e-02 0.000000000000000000e+00 1.000000000000000021e-08 1.531367311890166616e-02 7.942842823157572063e-01
1.531367311890166616e-02 7.942842823157572063e-01 0.000000000000000000e+00 1.000000000000000021e-08 1.978803695894235104e-01 1.825666964705218387e+00
1.978803695894235104e-01 1.825666964705218387e+00 1.000000000000000000e+00 1.000000000000000021e-08 3.972281989936143343e-01 1.993478294041908017e+00
3.972281989936143343e-01 1.993478294041908017e+00 2.000000000000000000e+00 1.000000000000000021e-08 5.918737393502065958e-01 1.946455403565922726e+00
5.918737393502065958e-01 1.946455403565922726e+00 1.000000000000000000e+00 1.000000000000000021e-08 8.868396212787355015e-01 2.949658819285289724e+00
8.868396212787355015e-01 2.949658819285289724e+00 0.000000000000000000e+00 1.000000000000000021e-08 1.354958358119213502e+00 4.681187368404779114e+00
1.354958358119213502e+00 4.681187368404779114e+00 2.000000000000000000e+00 9.999000000000000110e-01 1.570796326794896558e+00 5.000000000000000000e+00
6.395687655243884051e-02 -8.635043163609468220e-02 2.000000000000000000e+00 1.000000000000000021e-08 -1.300097904370182966e-02 -7.695785559614066740e-01
-1.300097904370182966e-02 -7.695785559614066740e-01 2.000000000000000000e+00 1.000000000000000021e-08 -1.688599634382868531e-01 -1.558589843945850095e+00
-1.688599634382868531e-01 -1.558589843945850095e+00 2.000000000000000000e+00 1.000000000000000021e-08 -4.330880456107938370e-01 -2.642280821725069728e+00
-4.330880456107938370e-01 -2.642280821725069728e+00 2.000000000000000000e+00 1.000000000000000021e-08 -8.279860731047528066e-01 -3.948980274939589030e+00
-8.279860731047528066e-01 -3.948980274939589030e+00 2.000000000000000000e+00 1.000000000000000021e-08 -1.384850394818323283e+00 -5.000000000000000000e+00
-1.384850394818323283e+00 -5.000000000000000000e+00 1.000000000000000000e+00 9.999000000000000110e-01 -1.570796326794896558e+00 -5.000000000000000000e+00
7.293722286605582028e-04 6.830117632557614060e-02 0.000000000000000000e+00 1.000000000000000021e-08 9.511330179223505266e-02 9.438392956357448682e-01
9.511330179223505266e-02 9.438392956357448682e-01 1.000000000000000000e+00 1.000000000000000021e-08 1.959186312965345289e-01 1.008053295042994790e+00
1.959186312965345289e-01 1.008053295042994790e+00 2.000000000000000000e+00 1.000000000000000021e-08 2.407386088990421946e-01 4.481997760250765461e-01
2.407386088990421946e-01 4.481997760250765461e-01 0.000000000000000000e+00 1.000000000000000021e-08 4.083387335396931883e-01 1.676001246406509715e+00
4.083387335396931883e-01 1.676001246406509715e+00 2.000000000000000000e+00 1.000000000000000021e-08 5.494151151078927597e-01 1.410763815681995270e+00
5.494151151078927597e-01 1.410763815681995270e+00 0.000000000000000000e+00 1.000000000000000021e-08 8.509785667977427526e-01 3.015634516898499484e+00
8.509785667977427526e-01 3.015634516898499484e+00 1.000000000000000000e+00 1.000000000000000021e-08 1.263481153354499842e+00 4.125025865567571337e+00
1.263481153354499842e+00 4.125025865567571337e+00 2.000000000000000000e+00 9.999000000000000110e-01 1.570796326794896558e+00 5.000000000000000000e+00
-4.467031696894641080e-02 -3.561328684288807972e-02 0.000000000000000000e+00 1.000000000000000021e-08 4.334993505954230775e-02 8.802025202848871022e-01
4.334993505954230775e-02 8.802025202848871022e-01 1.000000000000000000e+00 1.000000000000000021e-08 1.542092202026944248e-01 1.108592851431521087e+00
1.542092202026944248e-01 1.108592851431521087e+00 1.000000000000000000e+00 1.000000000000000021e-08 2.828122581816422398e-01 1.286030379789477873e+00
2.828122581816422398e-01 1.286030379789477873e+00 0.000000000000000000e+00 1.000000000000000021e-08 5.502863716203127975e-01 2.674741134386705355e+00
5.502863716203127975e-01 2.674741134386705355e+00 0.000000000000000000e+00 1.000000000000000021e-08 9.758856378629345851e-01 4.255992662426217876e+00
9.758856378629345851e-01 4.255992662426217876e+00 0.000000000000000000e+00 1.000000000000000021e-08 1.562773179027191262e+00 5.000000000000000000e+00
1.562773179027191262e+00 5.000000000000000000e+00 1.000000000000000000e+00 9.999000000000000110e-01 1.570796326794896558e+00 5.000000000000000000e+00
-2.657915510512932553e-02 -5.743888678295436256e-02 1.000000000000000000e+00 1.000000000000000021e-08 -3.303914340434854074e-02 -6.459988299219215913e-02
-3.303914340434854074e-02 -6.459988299219215913e-02 1.000000000000000000e+00 1.000000000000000021e-08 -6.078456171894676408e-02 -2.774541831459821917e-01
-6.078456171894676408e-02 -2.774541831459821917e-01 2.000000000000000000e+00 1.000000000000000021e-08 -2.040987656901815384e-01 -1.433142039712347771e+00
-2.040987656901815384e-01 -1.433142039712347771e+00 2.000000000000000000e+00 1.000000000000000021e-08 -4.592571898056342916e-01 -2.551584241154527533e+00
-4.592571898056342916e-01 -2.551584241154527533e+00 2.000000000000000000e+00 1.000000000000000021e-08 -8.554032779991374014e-01 -3.961460881935030098e+00
-8.554032779991374014e-01 -3.961460881935030098e+00 1.000000000000000000e+00 1.000000000000000021e-08 -1.352982158493582387e+00 -4.975788804944449417e+00
-1.352982158493582387e+00 -4.975788804944449417e+00 1.000000000000000000e+00 9.999000000000000110e-01 -1.570796326794896558e+00 -5.000000000000000000e+00
3.946138023838621778e-02 4.539139891105962998e-02 2.000000000000000000e+00 1.000000000000000021e-08 -3.744992140445584095e-02 -7.691130164284205595e-01
-3.744992140445584095e-02 -7.691130164284205595e-01 0.000000000000000000e+00 1.000000000000000021e-08 -4.857024134043440300e-02 -1.112031993597856205e-01
-4.857024134043440300e-02 -1.112031993597856205e-01 1.000000000000000000e+00 1.000000000000000021e-08 -6.428034216769307196e-02 -1.571010082725866341e-01
-6.428034216769307196e-02 -1.571010082725866341e-01 0.000000000000000000e+00 1.000000000000000021e-08 1.393418600840654054e-02 7.821452817609960695e-01
1.393418600840654054e-02 7.821452817609960695e-01 0.000000000000000000e+00 1.000000000000000021e-08 1.957849437881655219e-01 1.818507577797589647e+00
1.957849437881655219e-01 1.818507577797589647e+00 0.000000000000000000e+00 1.000000000000000021e-08 4.965458934320275963e-01 3.007609496438620411e+00
4.965458934320275963e-01 3.007609496438620411e+00 0.000000000000000000e+00 1.000000000000000021e-08 9.387134478968308660e-01 4.421675544648032030e+00
9.387134478968308660e-01 4.421675544648032030e+00 0.000000000000000000e+00 1.000000000000000021e-08 1.537735018395944842e+00 5.000000000000000000e+00
1.537735018395944842e+00 5.000000000000000000e+00 0.000000000000000000e+00 9.999000000000000110e-01 1.570796326794896558e+00 5.000000000000000000e+00
-5.462216935938245949e-02 -5.683202991635823847e-02 0.000000000000000000e+00 1.000000000000000021e-08 1.178067370367486683e-02 6.640284306305732631e-01
1.178067370367486683e-02 6.640284306305732631e-01 1.000000000000000000e+00 1.000000000000000021e-08 9.115316932213235468e-02 7.937249561845749479e-01
9.115316932213235468e-02 7.937249561845749479e-01 0.000000000000000000e+00 1.000000000000000021e-08 2.906664272718858522e-01 1.995132579497534531e+00
2.906664272718858522e-01 1.995132579497534531e+00 0.000000000000000000e+00 1.000000000000000021e-08 6.355003709509525756e-01 3.448339436790667456e+00
6.355003709509525756e-01 3.448339436790667456e+00 1.000000000000000000e+00 1.000000000000000021e-08 1.063252758509200424e+00 4.277523875582478041e+00
1.063252758509200424e+00 4.277523875582478041e+00 1.000000000000000000e+00 9.999000000000000110e-01 1.570796326794896558e+00 5.000000000000000000e+00
7.081757137295348337e-02 -4.212221554582951111e-02 2.000000000000000000e+00 1.000000000000000021e-08 7.634038470757137373e-03 -6.318353290219633767e-01
7.634038470757137373e-03 -6.318353290219633767e-01 0.000000000000000000e+00 1.000000000000000021e-08 2.269262413809326057e-02 1.505858566733612180e-01
2.269262413809326057e-02 1.505858566733612180e-01 0.000000000000000000e+00 1.000000000000000021e-08 1.232722098651512499e-01 1.005795857270579852e+00
1.232722098651512499e-01 1.005795857270579852e+00 2.000000000000000000e+00 1.000000000000000021e-08 1.414458755361779341e-01 1.817366567102668418e-01
1.414458755361779341e-01 1.817366567102668418e-01 2.000000000000000000e+00 1.000000000000000021e-08 9.393448672578035008e-02 -4.751138881039758122e-01
9.393448672578035008e-02 -4.751138881039758122e-01 0.000000000000000000e+00 1.000000000000000021e-08 1.642852024729112292e-01 7.035071574713087639e-01
1.642852024729112292e-01 7.035071574713087639e-01 2.000000000000000000e+00 1.000000000000000021e-08 1.638267839942281479e-01 -4.584184786830869385e-03
1.638267839942281479e-01 -4.584184786830869385e-03 2.000000000000000000e+00 1.000000000000000021e-08 1.205020208131658277e-01 -4.332476318106232571e-01
1.205020208131658277e-01 -4.332476318106232571e-01 2.000000000000000000e+00 1.000000000000000021e-08 1.778912201508667246e-02 -1.027128987980791441e+00
1.778912201508667246e-02 -1.027128987980791441e+00 1.000000000000000000e+00 1.000000000000000021e-08 -7.808483371130089945e-02 -9.587395572638756081e-01
-7.808483371130089945e-02 -9.587395572638756081e-01 0.000000000000000000e+00 1.000000000000000021e-08 -9.271663787569406345e-02 -1.463180416439316955e-01
-9.271663787569406345e-02 -1.463180416439316955e-01 1.000000000000000000e+00 1.000000000000000021e-08 -1.326593622829472241e-01 -3.994272440725317175e-01
-1.326593622829472241e-01 -3.994272440725317175e-01 0.000000000000000000e+00 1.000000000000000021e-08 -9.698526093233833523e-02 3.567410135060888887e-01
-9.698526093233833523e-02 3.567410135060888887e-01 0.000000000000000000e+00 1.000000000000000021e-08 9.327837437581532054e-03 1.063130983699198673e+00
9.327837437581532054e-03 1.063130983699198673e+00 2.000000000000000000e+00 1.000000000000000021e-08 1.295903219799691107e-02 3.631194760415379363e-02
1.295903219799691107e-02 3.631194760415379363e-02 1.000000000000000000e+00 1.000000000000000021e-08 1.856509254359194755e-02 5.606060345595034050e-02
1.856509254359194755e-02 5.606060345595034050e-02 0.000000000000000000e+00 1.000000000000000021e-08 1.063496222694743365e-01 8.778452972588237646e-01
1.063496222694743365e-01 8.778452972588237646e-01 1.000000000000000000e+00 1.000000000000000021e-08 2.283433629220724681e-01 1.219937406525981149e+00
2.283433629220724681e-01 1.219937406525981149e+00 1.000000000000000000e+00 1.000000000000000021e-08 3.916146817275537595e-01 1.632713188054813136e+00
3.916146817275537595e-01 1.632713188054813136e+00 2.000000000000000000e+00 1.000000000000000021e-08 5.364469230840205327e-01 1.448322413564667066e+00
5.364469230840205327e-01 1.448322413564667066e+00 2.000000000000000000e+00 1.000000000000000021e-08 7.029127324559201195e-01 1.664658093718995202e+00
7.029127324559201195e-01 1.664658093718995202e+00 2.000000000000000000e+00 1.000000000000000021e-08 9.126581559134832045e-01 2.097454234575630849e+00
9.126581559134832045e-01 2.097454234575630849e+00 1.000000000000000000e+00 1.000000000000000021e-08 1.235467815671519753e+00 3.228096597580364602e+00
1.235467815671519753e+00 3.228096597580364602e+00 0.000000000000000000e+00 9.999000000000000110e-01 1.570796326794896558e+00 4.819863951751123921e+00
-7.367118310269482606e-02 3.502678827168538567e-02 0.000000000000000000e+00 1.000000000000000021e-08 1.298528322080488850e-02 8.665646632349971457e-01
1.298528322080488850e-02 8.665646632349971457e-01 2.000000000000000000e+00 1.000000000000000021e-08 3.505789131609537979e-03 -9.479494089195350526e-02
3.505789131609537979e-03 -9.479494089195350526e-02 1.000000000000000000e+00 1.000000000000000021e-08 1.066197724526320861e-02 7.156188113653669247e-02
1.066197724526320861e-02 7.156188113653669247e-02 2.000000000000000000e+00 1.000000000000000021e-08 -8.185996273350684693e-02 -9.252193997877004028e-01
-8.185996273350684693e-02 -9.252193997877004028e-01 1.000000000000000000e+00 1.000000000000000021e-08 -1.750240890051695530e-01 -9.316412627166270610e-01
-1.750240890051695530e-01 -9.316412627166270610e-01 0.000000000000000000e+00 1.000000000000000021e-08 -2.165282885331488716e-01 -4.150419952797932410e-01
-2.165282885331488716e-01 -4.150419952797932410e-01 1.000000000000000000e+00 1.000000000000000021e-08 -2.930321033504962314e-01 -7.650381481734738198e-01
-2.930321033504962314e-01 -7.650381481734738198e-01 2.000000000000000000e+00 1.000000000000000021e-08 -4.866354024995976912e-01 -1.936032991491014599e+00
-4.866354024995976912e-01 -1.936032991491014599e+00 0.000000000000000000e+00 1.000000000000000021e-08 -6.716081648975880114e-01 -1.849727623979903424e+00
-6.716081648975880114e-01 -1.849727623979903424e+00 2.000000000000000000e+00 1.000000000000000021e-08 -1.019930226963518649e+00 -3.483220620659307265e+00
-1.019930226963518649e+00 -3.483220620659307265e+00 1.000000000000000000e+00 1.000000000000000021e-08 -1.485534799626594404e+00 -4.656045726630757997e+00
-1.485534799626594404e+00 -4.656045726630757997e+00 2.000000000000000000e+00 9.999000000000000110e-01 -1.570796326794896558e+00 -5.000000000000000000e+00
7.470347300783745925e-02 -6.136894836190742025e-03 2.000000000000000000e+00 1.000000000000000021e-08 8.605074655372621506e-03 -6.609839835246483775e-01
8.605074655372621506e-03 -6.609839835246483775e-01 0.000000000000000000e+00 1.000000000000000021e-08 4.515572453767584260e-02 3.655064988230322109e-01
4.515572453767584260e-02 3.655064988230322109e-01 2.000000000000000000e+00 1.000000000000000021e-08 5.781807538809795310e-03 -3.937391699886604313e-01
5.781807538809795310e-03 -3.937391699886604313e-01 1.000000000000000000e+00 1.000000000000000021e-08 -4.586703064304163691e-02 -5.164883818185143083e-01
-4.586703064304163691e-02 -5.164883818185143083e-01 2.000000000000000000e+00 1.000000000000000021e-08 -1.917605131697856513e-01 -1.458934825267439894e+00
-1.917605131697856513e-01 -1.458934825267439894e+00 1.000000000000000000e+00 1.000000000000000021e-08 -3.705193225251197653e-01 -1.787588093553340807e+00
-3.705193225251197653e-01 -1.787588093553340807e+00 0.000000000000000000e+00 1.000000000000000021e-08 -5.176263409216994571e-01 -1.471070183965797362e+00
-5.176263409216994571e-01 -1.471070183965797362e+00 0.000000000000000000e+00 1.000000000000000021e-08 -6.828766879389398525e-01 -1.652503470172403288e+00
-6.828766879389398525e-01 -1.652503470172403288e+00 1.000000000000000000e+00 1.000000000000000021e-08 -9.443729057089472745e-01 -2.614962177700073997e+00
-9.443729057089472745e-01 -2.614962177700073997e+00 0.000000000000000000e+00 1.000000000000000021e-08 -1.272231510374189023e+00 -3.278586046652417707e+00
-1.272231510374189023e+00 -3.278586046652417707e+00 0.000000000000000000e+00 9.999000000000000110e-01 -1.570796326794896558e+00 -4.449682219282166784e+00
3.185102669730056901e-02 3.213781169826275541e-02 2.000000000000000000e+00 1.000000000000000021e-08 -4.121274347142138417e-02 -7.306377016872195318e-01
-4.121274347142138417e-02 -7.306377016872195318e-01 2.000000000000000000e+00 1.000000000000000021e-08 -2.053194549586925266e-01 -1.641067114872711397e+00
-2.053194549586925266e-01 -1.641067114872711397e+00 1.000000000000000000e+00 1.000000000000000021e-08 -4.185753154157224043e-01 -2.132558604570298666e+00
-4.185753154157224043e-01 -2.132558604570298666e+00 0.000000000000000000e+00 1.000000000000000021e-08 -6.077150235275922130e-01 -1.891397081118697754e+00
-6.077150235275922130e-01 -1.891397081118697754e+00 0.000000000000000000e+00 1.000000000000000021e-08 -8.070437442400364425e-01 -1.993287207124441851e+00
-8.070437442400364425e-01 -1.993287207124441851e+00 1.000000000000000000e+00 1.000000000000000021e-08 -1.112632112616376956e+00 -3.055883683763405134e+00
-1.112632112616376956e+00 -3.055883683763405134e+00 0.000000000000000000e+00 1.000000000000000021e-08 -1.513134040574896755e+00 -4.005019279585198433e+00
-1.513134040574896755e+00 -4.005019279585198433e+00 1.000000000000000000e+00 9.999000000000000110e-01 -1.570796326794896558e+00 -5.000000000000000000e+00
-7.658288997453867319e-02 8.585046450127116480e-02 2.000000000000000000e+00 1.000000000000000021e-08 -1.614967325625377148e-01 -8.491384258799904439e-01
-1.614967325625377148e-01 -8.491384258799904439e-01 1.000000000000000000e+00 1.000000000000000021e-08 -2.859520776810258180e-01 -1.244553451184880810e+00
-2.859520776810258180e-01 -1.244553451184880810e+00 0.000000000000000000e+00 1.000000000000000021e-08 -3.856795530550796713e-01 -9.972747537405385332e-01
-3.856795530550796713e-01 -9.972747537405385332e-01 2.000000000000000000e+00 1.000000000000000021e-08 -6.363234737786300776e-01 -2.506439207235503730e+00
-6.363234737786300776e-01 -2.506439207235503730e+00 2.000000000000000000e+00 1.000000000000000021e-08 -1.035880853618028397e+00 -3.995573798393983633e+00
-1.035880853618028397e+00 -3.995573798393983633e+00 1.000000000000000000e+00 1.000000000000000021e-08 -1.561902732318573683e+00 -5.000000000000000000e+00
-1.561902732318573683e+00 -5.000000000000000000e+00 0.000000000000000000e+00 9.999000000000000110e-01 -1.570796326794896558e+00 -5.000000000000000000e+00
2.017003069540758420e-03 -4.093014463512298362e-02 1.000000000000000000e+00 1.000000000000000021e-08 -1.927924299928337332e-02 -2.129624606882412896e-01
-1.927924299928337332e-02 -2.129624606882412896e-01 1.000000000000000000e+00 1.000000000000000021e-08 -5.152607640523070714e-02 -3.224683340594733383e-01
-5.152607640523070714e-02 -3.224683340594733383e-01 0.000000000000000000e+00 1.000000000000000021e-08 -1.998467241228707447e-02 3.154140399294363406e-01
-1.998467241228707447e-02 3.154140399294363406e-01 0.000000000000000000e+00 1.000000000000000021e-08 8.259499724055473224e-02 1.025796696528417984e+00
8.259499724055473224e-02 1.025796696528417984e+00 0.000000000000000000e+00 1.000000000000000021e-08 2.775214313146658895e-01 1.949264340741111212e+00
2.775214313146658895e-01 1.949264340741111212e+00 1.000000000000000000e+00 1.000000000000000021e-08 5.263640204895965180e-01 2.488425891749306285e+00
5.263640204895965180e-01 2.488425891749306285e+00 1.000000000000000000e+00 1.000000000000000021e-08 8.538183745897893751e-01 3.274543541001929015e+00
8.538183745897893751e-01 3.274543541001929015e+00 1.000000000000000000e+00 1.000000000000000021e-08 1.298433096264327347e+00 4.446147216745378827e+00
1.298433096264327347e+00 4.446147216745378827e+00 0.000000000000000000e+00 9.999000000000000110e-01 1.570796326794896558e+00 5.000000000000000000e+00
5.454636018788986546e-03 -4.779383867923195361e-02 1.000000000000000000e+00 1.000000000000000021e-08 1.268590757734175227e-02 7.231271558552765377e-02
1.268590757734175227e-02 7.231271558552765377e-02 2.000000000000000000e+00 1.000000000000000021e-08 -7.666641400949793239e-02 -8.935232158683967807e-01
-7.666641400949793239e-02 -8.935232158683967807e-01 1.000000000000000000e+00 1.000000000000000021e-08 -1.791826459834575669e-01 -1.025162319739596484e+00
-1.791826459834575669e-01 -1.025162319739596484e+00 0.000000000000000000e+00 1.000000000000000021e-08 -2.234172106112388145e-01 -4.423456462778123655e-01
-2.234172106112388145e-01 -4.423456462778123655e-01 2.000000000000000000e+00 1.000000000000000021e-08 -3.852984641116206088e-01 -1.618812535003817832e+00
-3.852984641116206088e-01 -1.618812535003817832e+00 1.000000000000000000e+00 1.000000000000000021e-08 -6.159351379646991198e-01 -2.306366738530785110e+00
-6.159351379646991198e-01 -2.306366738530785110e+00 1.000000000000000000e+00 1.000000000000000021e-08 -9.299084430046753447e-01 -3.139733050399761360e+00
-9.299084430046753447e-01 -3.139733050399761360e+00 1.000000000000000000e+00 1.000000000000000021e-08 -1.357054240494776964e+00 -4.271457974901015753e+00
-1.357054240494776964e+00 -4.271457974901015753e+00 1.000000000000000000e+00 9.999000000000000110e-01 -1.570796326794896558e+00 -5.000000000000000000e+00
6.297067282602925031e-02 2.968798273561562215e-02 1.000000000000000000e+00 1.000000000000000021e-08 6.873464243395126239e-02 5.763969607922009297e-02
6.873464243395126239e-02 5.763969607922009297e-02 2.000000000000000000e+00 1.000000000000000021e-08 8.539687037578985729e-03 -6.019495539637227388e-01
8.539687037578985729e-03 -6.019495539637227388e-01 0.000000000000000000e+00 1.000000000000000021e-08 3.876664530288888300e-02 3.022695826530990004e-01
3.876664530288888300e-02 3.022695826530990004e-01 2.000000000000000000e+00 1.000000000000000021e-08 1.273617068739622826e-03 -3.749302823414926156e-01
1.273617068739622826e-03 -3.749302823414926156e-01 1.000000000000000000e+00 1.000000000000000021e-08 -5.067061740151893728e-02 -5.194423447025855456e-01
-5.067061740151893728e-02 -5.194423447025855456e-01 1.000000000000000000e+00 1.000000000000000021e-08 -1.039859801773966308e-01 -5.331536277587768380e-01
-1.039859801773966308e-01 -5.331536277587768380e-01 2.000000000000000000e+00 1.000000000000000021e-08 -2.644861555168138700e-01 -1.605001753394172059e+00
-2.644861555168138700e-01 -1.605001753394172059e+00 0.000000000000000000e+00 1.000000000000000021e-08 -3.890475623384297421e-01 -1.245614068216158943e+00
-3.890475623384297421e-01 -1.245614068216158943e+00 0.000000000000000000e+00 1.000000000000000021e-08 -5.128132735111853302e-01 -1.237657111727555659e+00
-5.128132735111853302e-01 -1.237657111727555659e+00 1.000000000000000000e+00 1.000000000000000021e-08 -7.132206598383609153e-01 -2.004073863271755407e+00
-7.132206598383609153e-01 -2.004073863271755407e+00 1.000000000000000000e+00 1.000000000000000021e-08 -1.004095183389701385e+00 -2.908745235513404026e+00
-1.004095183389701385e+00 -2.908745235513404026e+00 0.000000000000000000e+00 1.000000000000000021e-08 -1.371753558884945434e+00 -3.676583754952439165e+00
-1.371753558884945434e+00 -3.676583754952439165e+00 1.000000000000000000e+00 9.999000000000000110e-01 -1.570796326794896558e+00 -5.000000000000000000e+00
7.306843988253881872e-03 7.967264681836569440e-02 0.000000000000000000e+00 1.000000000000000021e-08 1.128492420553643405e-01 1.055423980671104545e+00
1.128492420553643405e-01 1.055423980671104545e+00 1.000000000000000000e+00 1.000000000000000021e-08 2.510126307580156091e-01 1.381633887026512575e+00
2.510126307580156091e-01 1.381633887026512575e+00 2.000000000000000000e+00 1.000000000000000021e-08 3.372493671572210916e-01 8.623673639920550471e-01
3.372493671572210916e-01 8.623673639920550471e-01 1.000000000000000000e+00 1.000000000000000021e-08 4.772103612400446226e-01 1.399609940828235199e+00
4.772103612400446226e-01 1.399609940828235199e+00 1.000000000000000000e+00 1.000000000000000021e-08 6.776809263495409130e-01 2.004705651094962349e+00
6.776809263495409130e-01 2.004705651094962349e+00 2.000000000000000000e+00 1.000000000000000021e-08 9.017056124679948548e-01 2.240246861184539195e+00
9.017056124679948548e-01 2.240246861184539195e+00 2.000000000000000000e+00 1.000000000000000021e-08 1.192910439647092646e+00 2.912048271790978582e+00
1.192910439647092646e+00 2.912048271790978582e+00 0.000000000000000000e+00 9.999000000000000110e-01 1.570796326794896558e+00 4.589120679550928728e+00
7.227002462397420779e-02 2.274636821201455814e-02 0.000000000000000000e+00 1.000000000000000021e-08 1.592475273594129992e-01 8.697750273543880528e-01
1.592475273594129992e-01 8.697750273543880528e-01 2.000000000000000000e+00 1.000000000000000021e-08 1.989569694755914941e-01 3.970944211617850605e-01
1.989569694755914941e-01 3.970944211617850605e-01 1.000000000000000000e+00 1.000000000000000021e-08 2.815103257975402062e-01 8.255335632194873430e-01
2.815103257975402062e-01 8.255335632194873430e-01 0.000000000000000000e+00 1.000000000000000021e-08 5.069675171144035764e-01 2.254571913168633479e+00
5.069675171144035764e-01 2.254571913168633479e+00 1.000000000000000000e+00 1.000000000000000021e-08 8.096511539184437778e-01 3.026836368040402014e+00
8.096511539184437778e-01 3.026836368040402014e+00 0.000000000000000000e+00 1.000000000000000021e-08 1.265380661098149950e+00 4.557295071797062391e+00
1.265380661098149950e+00 4.557295071797062391e+00 0.000000000000000000e+00 9.999000000000000110e-01 1.570796326794896558e+00 5.000000000000000000e+00
4.811420111529310373e-02 -6.651406184541046318e-02 0.000000000000000000e+00 1.000000000000000021e-08 1.276263366658431653e-01 7.951213555055004489e-01
1.276263366658431653e-01 7.951213555055004489e-01 0.000000000000000000e+00 1.000000000000000021e-08 3.291852150478670191e-01 2.015588783820238206e+00
3.291852150478670191e-01 2.015588783820238206e+00 1.000000000000000000e+00 1.000000000000000021e-08 5.898080312542660630e-01 2.606228162063990439e+00
5.898080312542660630e-01 2.606228162063990439e+00 0.000000000000000000e+00 1.000000000000000021e-08 1.016873802625889667e+00 4.270657713716237147e+00
1.016873802625889667e+00 4.270657713716237147e+00 2.000000000000000000e+00 1.000000000000000021e-08 1.526513651664443305e+00 5.000000000000000000e+00
1.526513651664443305e+00 5.000000000000000000e+00 0.000000000000000000e+00 9.999000000000000110e-01 1.570796326794896558e+00 5.000000000000000000e+00
1.269302287842012308e-02 6.342835280137280873e-02 2.000000000000000000e+00 1.000000000000000021e-08 -6.706943946605489759e-02 -7.976246234447501582e-01
-6.706943946605489759e-02 -7.976246234447501582e-01 0.000000000000000000e+00 1.000000000000000021e-08 -7.173139235709258266e-02 -4.661952891037679514e-02
-7.173139235709258266e-02 -4.661952891037679514e-02 2.000000000000000000e+00 1.000000000000000021e-08 -1.706383895179988675e-01 -9.890699716090629590e-01
-1.706383895179988675e-01 -9.890699716090629590e-01 1.000000000000000000e+00 1.000000000000000021e-08 -2.854494136491820822e-01 -1.148110241311831814e+00
-2.854494136491820822e-01 -1.148110241311831814e+00 0.000000000000000000e+00 1.000000000000000021e-08 -3.771190384956335517e-01 -9.166962484645143627e-01
-3.771190384956335517e-01 -9.166962484645143627e-01 1.000000000000000000e+00 1.000000000000000021e-08 -5.322821114875788684e-01 -1.551630729919453611e+00
-5.322821114875788684e-01 -1.551630729919453611e+00 0.000000000000000000e+00 1.000000000000000021e-08 -7.051086059406289630e-01 -1.728264944530500502e+00
-7.051086059406289630e-01 -1.728264944530500502e+00 0.000000000000000000e+00 1.000000000000000021e-08 -9.255975977424761858e-01 -2.204889918018471562e+00
-9.255975977424761858e-01 -2.204889918018471562e+00 1.000000000000000000e+00 1.000000000000000021e-08 -1.258799161715718151e+00 -3.332015639732419654e+00
-1.258799161715718151e+00 -3.332015639732419654e+00 1.000000000000000000e+00 9.999000000000000110e-01 -1.570796326794896558e+00 -4.673470045036589582e+00
-7.860017257580176331e-03 8.359988009469278281e-03 1.000000000000000000e+00 1.000000000000000021e-08 -2.354340368385249294e-02 -1.568338642627231660e-01
-2.354340368385249294e-02 -1.568338642627231660e-01 2.000000000000000000e+00 1.000000000000000021e-08 -1.157485702892922796e-01 -9.220516660543978116e-01
-1.157485702892922796e-01 -9.220516660543978116e-01 2.000000000000000000e+00 1.000000000000000021e-08 -3.283824985531645924e-01 -2.126339282638722850e+00
-3.283824985531645924e-01 -2.126339282638722850e+00 0.000000000000000000e+00 1.000000000000000021e-08 -5.236830586467491333e-01 -1.953005600935845187e+00
-5.236830586467491333e-01 -1.953005600935845187e+00 1.000000000000000000e+00 1.000000000000000021e-08 -8.077678733004151068e-01 -2.840848146536659513e+00
-8.077678733004151068e-01 -2.840848146536659513e+00 1.000000000000000000e+00 1.000000000000000021e-08 -1.199343633334647441e+00 -3.915757600342323119e+00
-1.199343633334647441e+00 -3.915757600342323119e+00 1.000000000000000000e+00 9.999000000000000110e-01 -1.570796326794896558e+00 -5.000000000000000000e+00
2.842717093942846371e-02 8.256799710199552722e-02 1.000000000000000000e+00 1.000000000000000021e-08 2.890865140609304509e-02 4.814804666645813858e-03
2.890865140609304509e-02 4.814804666645813858e-03 2.000000000000000000e+00 1.000000000000000021e-08 -4.699925339639769717e-02 -7.590790480249073324e-01
-4.699925339639769717e-02 -7.590790480249073324e-01 0.000000000000000000e+00 1.000000000000000021e-08 -5.846674905661547461e-02 -1.146749566021777467e-01
-5.846674905661547461e-02 -1.146749566021777467e-01 0.000000000000000000e+00 1.000000000000000021e-08 -1.500481662456421006e-04 5.831670089036983251e-01
-1.500481662456421006e-04 5.831670089036983251e-01 1.000000000000000000e+00 1.000000000000000021e-08 7.437722811886099405e-02 7.452727628510663616e-01
7.437722811886099405e-02 7.452727628510663616e-01 2.000000000000000000e+00 1.000000000000000021e-08 6.850145784294818518e-02 -5.875770275912806095e-02
6.850145784294818518e-02 -5.875770275912806095e-02 2.000000000000000000e+00 1.000000000000000021e-08 -3.056008625304885984e-02 -9.906154409599703392e-01
-3.056008625304885984e-02 -9.906154409599703392e-01 2.000000000000000000e+00 1.000000000000000021e-08 -2.145086997993166378e-01 -1.839486135462677918e+00
-2.145086997993166378e-01 -1.839486135462677918e+00 1.000000000000000000e+00 1.000000000000000021e-08 -4.246766963969926811e-01 -2.101679965976760656e+00
-4.246766963969926811e-01 -2.101679965976760656e+00 1.000000000000000000e+00 1.000000000000000021e-08 -6.885094715647657182e-01 -2.638327751677730149e+00
-6.885094715647657182e-01 -2.638327751677730149e+00 2.000000000000000000e+00 1.000000000000000021e-08 -1.109056965324254573e+00 -4.205474937594887663e+00
-1.109056965324254573e+00 -4.205474937594887663e+00 1.000000000000000000e+00 9.999000000000000110e-01 -1.570796326794896558e+00 -5.000000000000000000e+00
6.813622190679763380e-02 -1.537418952507609710e-02 0.000000000000000000e+00 1.000000000000000021e-08 1.666747952285754786e-01 9.853857332177784478e-01
