-4.284963563097703154e-03 -2.700689482304447289e-02 2.000000000000000000e+00 1.000000000000000021e-08 -1.048336806351322925e-01 -1.005487170720345880e+00
-1.048336806351322925e-01 -1.005487170720345880e+00 0.000000000000000000e+00 1.000000000000000021e-08 -1.279257739608699873e-01 -2.309209332573769480e-01
-1.279257739608699873e-01 -2.309209332573769480e-01 0.000000000000000000e+00 1.000000000000000021e-08 -9.006388343945860575e-02 3.786189052141137878e-01
-9.006388343945860575e-02 3.786189052141137878e-01 2.000000000000000000e+00 1.000000000000000021e-08 -1.468565304263224069e-01 -5.679264698686378177e-01
-1.468565304263224069e-01 -5.679264698686378177e-01 1.000000000000000000e+00 1.000000000000000021e-08 -2.182477721954531047e-01 -7.139124176913067554e-01
-2.182477721954531047e-01 -7.139124176913067554e-01 1.000000000000000000e+00 1.000000000000000021e-08 -3.105900003659551878e-01 -9.234222817050207199e-01
-3.105900003659551878e-01 -9.234222817050207199e-01 2.000000000000000000e+00 1.000000000000000021e-08 -5.297793758530888741e-01 -2.191893754871336419e+00
-5.297793758530888741e-01 -2.191893754871336419e+00 1.000000000000000000e+00 1.000000000000000021e-08 -8.282355937595087259e-01 -2.984562179064198517e+00
-8.282355937595087259e-01 -2.984562179064198517e+00 0.000000000000000000e+00 1.000000000000000021e-08 -1.176407595144672413e+00 -3.481720013851637319e+00
-1.176407595144672413e+00 -3.481720013851637319e+00 2.000000000000000000e+00 9.999000000000000110e-01 -1.570796326794896558e+00 -5.000000000000000000e+00
8.487408427594557436e-02 7.784330607671351154e-02 2.000000000000000000e+00 1.000000000000000021e-08 1.918246763245937125e-02 -6.569161664348619478e-01
1.918246763245937125e-02 -6.569161664348619478e-01 2.000000000000000000e+00 1.000000000000000021e-08 -1.440050765784522402e-01 -1.631875442109115948e+00
-1.440050765784522402e-01 -1.631875442109115948e+00 2.000000000000000000e+00 1.000000000000000021e-08 -4.159927571440489302e-01 -2.719876805655967011e+00
-4.159927571440489302e-01 -2.719876805655967011e+00 2.000000000000000000e+00 1.000000000000000021e-08 -8.238223381519450550e-01 -4.078295810078961026e+00
-8.238223381519450550e-01 -4.078295810078961026e+00 2.000000000000000000e+00 1.000000000000000021e-08 -1.386734654230604047e+00 -5.000000000000000000e+00
-1.386734654230604047e+00 -5.000000000000000000e+00 0.000000000000000000e+00 9.999000000000000110e-01 -1.570796326794896558e+00 -5.000000000000000000e+00
-5.857615854911825404e-02 2.208358638632629961e-02 2.000000000000000000e+00 1.000000000000000021e-08 -1.438343339797366616e-01 -8.525817543061838810e-01
-1.438343339797366616e-01 -8.525817543061838810e-01 2.000000000000000000e+00 1.000000000000000021e-08 -3.243478271431435855e-01 -1.805134931634069240e+00
-3.243478271431435855e-01 -1.805134931634069240e+00 2.000000000000000000e+00 1.000000000000000021e-08 -6.379436823656690070e-01 -3.135958552225253548e+00
-6.379436823656690070e-01 -3.135958552225253548e+00 2.000000000000000000e+00 1.000000000000000021e-08 -1.102953392208444017e+00 -4.650097098427749209e+00
-1.102953392208444017e+00 -4.650097098427749209e+00 2.000000000000000000e+00 9.999000000000000110e-01 -1.570796326794896558e+00 -5.000000000000000000e+00
6.457005462721676636e-02 3.647171965400104743e-04 1.000000000000000000e+00 1.000000000000000021e-08 6.194046890879003481e-02 -2.629585718426728433e-02
6.194046890879003481e-02 -2.629585718426728433e-02 2.000000000000000000e+00 1.000000000000000021e-08 -1.714058716790042153e-02 -7.908105607669044801e-01
-1.714058716790042153e-02 -7.908105607669044801e-01 2.000000000000000000e+00 1.000000000000000021e-08 -2.014769978429518660e-01 -1.843364106750514209e+00
-2.014769978429518660e-01 -1.843364106750514209e+00 2.000000000000000000e+00 1.000000000000000021e-08 -5.047462559539864779e-01 -3.032692581110346008e+00
-5.047462559539864779e-01 -3.032692581110346008e+00 0.000000000000000000e+00 1.000000000000000021e-08 -8.129477074734617892e-01 -3.082014515194752668e+00
-8.129477074734617892e-01 -3.082014515194752668e+00 0.000000000000000000e+00 1.000000000000000021e-08 -1.176620532998007729e+00 -3.636728255245457841e+00
-1.176620532998007729e+00 -3.636728255245457841e+00 2.000000000000000000e+00 9.999000000000000110e-01 -1.570796326794896558e+00 -5.000000000000000000e+00
4.485139457355354076e-02 7.814763769342560756e-03 2.000000000000000000e+00 1.000000000000000021e-08 -3.936802425898952573e-02 -8.421941883254305816e-01
-3.936802425898952573e-02 -8.421941883254305816e-01 1.000000000000000000e+00 1.000000000000000021e-08 -1.175016609635253090e-01 -7.813363670453578047e-01
-1.175016609635253090e-01 -7.813363670453578047e-01 1.000000000000000000e+00 1.000000000000000021e-08 -2.050323130274875338e-01 -8.753065206396219988e-01
-2.050323130274875338e-01 -8.753065206396219988e-01 0.000000000000000000e+00 1.000000000000000021e-08 -2.261075645805571410e-01 -2.107525155306961828e-01
-2.261075645805571410e-01 -2.107525155306961828e-01 0.000000000000000000e+00 1.000000000000000021e-08 -1.943497906221423044e-01 3.175777395841482553e-01
-1.943497906221423044e-01 3.175777395841482553e-01 0.000000000000000000e+00 1.000000000000000021e-08 -1.022406192024600674e-01 9.210917141968223421e-01
-1.022406192024600674e-01 9.210917141968223421e-01 2.000000000000000000e+00 1.000000000000000021e-08 -1.018066717451257819e-01 4.339474573342827490e-03
-1.018066717451257819e-01 4.339474573342827490e-03 2.000000000000000000e+00 1.000000000000000021e-08 -1.945337642417170609e-01 -9.272709249659126796e-01
-1.945337642417170609e-01 -9.272709249659126796e-01 1.000000000000000000e+00 1.000000000000000021e-08 -3.100260051509728942e-01 -1.154922409092558500e+00
-3.100260051509728942e-01 -1.154922409092558500e+00 0.000000000000000000e+00 1.000000000000000021e-08 -3.982549880944113996e-01 -8.822898294343848313e-01
-3.982549880944113996e-01 -8.822898294343848313e-01 0.000000000000000000e+00 1.000000000000000021e-08 -4.837516917878006972e-01 -8.549670369338928655e-01
-4.837516917878006972e-01 -8.549670369338928655e-01 1.000000000000000000e+00 1.000000000000000021e-08 -6.536546007001452496e-01 -1.699029089123445413e+00
-6.536546007001452496e-01 -1.699029089123445413e+00 0.000000000000000000e+00 1.000000000000000021e-08 -8.493778283894923842e-01 -1.957232276893471790e+00
-8.493778283894923842e-01 -1.957232276893471790e+00 2.000000000000000000e+00 1.000000000000000021e-08 -1.212437344413839657e+00 -3.630595160243471842e+00
-1.212437344413839657e+00 -3.630595160243471842e+00 1.000000000000000000e+00 9.999000000000000110e-01 -1.570796326794896558e+00 -4.952989417957882168e+00
-6.887520523903467584e-02 -4.051468238468149824e-02 2.000000000000000000e+00 1.000000000000000021e-08 -1.751366465310443266e-01 -1.062614412920096507e+00
-1.751366465310443266e-01 -1.062614412920096507e+00 2.000000000000000000e+00 1.000000000000000021e-08 -3.976534040316080931e-01 -2.225167575005637666e+00
-3.976534040316080931e-01 -2.225167575005637666e+00 0.000000000000000000e+00 1.000000000000000021e-08 -6.029678054510689833e-01 -2.053144014194608680e+00
-6.029678054510689833e-01 -2.053144014194608680e+00 2.000000000000000000e+00 1.000000000000000021e-08 -9.714032429498966614e-01 -3.684354374988275893e+00
-9.714032429498966614e-01 -3.684354374988275893e+00 2.000000000000000000e+00 1.000000000000000021e-08 -1.498412169638436708e+00 -5.000000000000000000e+00
-1.498412169638436708e+00 -5.000000000000000000e+00 2.000000000000000000e+00 9.999000000000000110e-01 -1.570796326794896558e+00 -5.000000000000000000e+00
-7.080325233980362676e-02 6.556606730122049864e-02 1.000000000000000000e+00 1.000000000000000021e-08 -6.523085423177832354e-02 5.572398108025310159e-02
-6.523085423177832354e-02 5.572398108025310159e-02 0.000000000000000000e+00 1.000000000000000021e-08 1.600822084231670606e-02 8.123907507409502404e-01
1.600822084231670606e-02 8.123907507409502404e-01 1.000000000000000000e+00 1.000000000000000021e-08 9.021920753822269823e-02 7.421098669590598940e-01
9.021920753822269823e-02 7.421098669590598940e-01 1.000000000000000000e+00 1.000000000000000021e-08 1.903962241633978536e-01 1.001770166251751526e+00
1.903962241633978536e-01 1.001770166251751526e+00 1.000000000000000000e+00 1.000000000000000021e-08 3.369512980896747223e-01 1.465550739262768465e+00
3.369512980896747223e-01 1.465550739262768465e+00 0.000000000000000000e+00 1.000000000000000021e-08 6.232470035357116078e-01 2.862957054460368411e+00
6.232470035357116078e-01 2.862957054460368411e+00 2.000000000000000000e+00 1.000000000000000021e-08 9.333942440923144179e-01 3.101472405566028101e+00
9.333942440923144179e-01 3.101472405566028101e+00 0.000000000000000000e+00 1.000000000000000021e-08 1.414336168889105405e+00 4.809419247967908539e+00
1.414336168889105405e+00 4.809419247967908539e+00 2.000000000000000000e+00 9.999000000000000110e-01 1.570796326794896558e+00 5.000000000000000000e+00
1.181992440175820905e-02 -6.806947130337366592e-02 2.000000000000000000e+00 1.000000000000000021e-08 -7.641068812185326797e-02 -8.823061252361147355e-01
-7.641068812185326797e-02 -8.823061252361147355e-01 0.000000000000000000e+00 1.000000000000000021e-08 -9.931148649546855944e-02 -2.290079837361528314e-01
-9.931148649546855944e-02 -2.290079837361528314e-01 2.000000000000000000e+00 1.000000000000000021e-08 -2.390435201897087858e-01 -1.397320336942402097e+00
-2.390435201897087858e-01 -1.397320336942402097e+00 0.000000000000000000e+00 1.000000000000000021e-08 -3.168866480634766059e-01 -7.784312787376780340e-01
-3.168866480634766059e-01 -7.784312787376780340e-01 2.000000000000000000e+00 1.000000000000000021e-08 -5.239623508039681354e-01 -2.070757027404915629e+00
-5.239623508039681354e-01 -2.070757027404915629e+00 1.000000000000000000e+00 1.000000000000000021e-08 -8.202562297049633688e-01 -2.962938789009952778e+00
-8.202562297049633688e-01 -2.962938789009952778e+00 0.000000000000000000e+00 1.000000000000000021e-08 -1.168777184622655119e+00 -3.485209549176917498e+00
-1.168777184622655119e+00 -3.485209549176917498e+00 1.000000000000000000e+00 9.999000000000000110e-01 -1.570796326794896558e+00 -4.777242315097561587e+00
1.878914530459576196e-02 2.419269093180808489e-02 1.000000000000000000e+00 1.000000000000000021e-08 1.842689484212746767e-02 -3.622504624682939406e-03
1.842689484212746767e-02 -3.622504624682939406e-03 2.000000000000000000e+00 1.000000000000000021e-08 -6.855161301133924634e-02 -8.697850785346670222e-01
-6.855161301133924634e-02 -8.697850785346670222e-01 2.000000000000000000e+00 1.000000000000000021e-08 -2.544716255671357619e-01 -1.859200125557965322e+00
-2.544716255671357619e-01 -1.859200125557965322e+00 2.000000000000000000e+00 1.000000000000000021e-08 -5.803336154906300060e-01 -3.258619899234942885e+00
-5.803336154906300060e-01 -3.258619899234942885e+00 2.000000000000000000e+00 1.000000000000000021e-08 -1.056107972971203735e+00 -4.757743574805737730e+00
-1.056107972971203735e+00 -4.757743574805737730e+00 0.000000000000000000e+00 9.999000000000000110e-01 -1.570796326794896558e+00 -5.000000000000000000e+00
2.199920775365229661e-02 6.542482989850648134e-02 1.000000000000000000e+00 1.000000000000000021e-08 2.139845838090728009e-02 -6.007493727450172183e-03
2.139845838090728009e-02 -6.007493727450172183e-03 1.000000000000000000e+00 1.000000000000000021e-08 2.481658874889829461e-02 3.418130367991013829e-02
2.481658874889829461e-02 3.418130367991013829e-02 0.000000000000000000e+00 1.000000000000000021e-08 1.051961307066260481e-01 8.037954195772775146e-01
1.051961307066260481e-01 8.037954195772775146e-01 2.000000000000000000e+00 1.000000000000000021e-08 1.040608081550789682e-01 -1.135322551547079950e-02
1.040608081550789682e-01 -1.135322551547079950e-02 2.000000000000000000e+00 1.000000000000000021e-08 5.005116560807074816e-02 -5.400964254700821865e-01
5.005116560807074816e-02 -5.400964254700821865e-01 2.000000000000000000e+00 1.000000000000000021e-08 -8.645904998373474259e-02 -1.365102155918054727e+00
-8.645904998373474259e-02 -1.365102155918054727e+00 1.000000000000000000e+00 1.000000000000000021e-08 -2.425015538683098215e-01 -1.560425038845750567e+00
-2.425015538683098215e-01 -1.560425038845750567e+00 1.000000000000000000e+00 1.000000000000000021e-08 -4.240108480810156344e-01 -1.815092942127057629e+00
-4.240108480810156344e-01 -1.815092942127057629e+00 2.000000000000000000e+00 1.000000000000000021e-08 -7.496724324915284843e-01 -3.256615844105128943e+00
-7.496724324915284843e-01 -3.256615844105128943e+00 1.000000000000000000e+00 1.000000000000000021e-08 -1.168337760967010475e+00 -4.186653284754818571e+00
-1.168337760967010475e+00 -4.186653284754818571e+00 0.000000000000000000e+00 9.999000000000000110e-01 -1.570796326794896558e+00 -5.000000000000000000e+00
-5.020612870064853489e-02 -6.106890935769770934e-03 0.000000000000000000e+00 1.000000000000000021e-08 1.677288565829092998e-02 6.697901435893945932e-01
1.677288565829092998e-02 6.697901435893945932e-01 2.000000000000000000e+00 1.000000000000000021e-08 -7.373049998914912168e-03 -2.414593565720584145e-01
-7.373049998914912168e-03 -2.414593565720584145e-01 1.000000000000000000e+00 1.000000000000000021e-08 -2.908762907833441907e-02 -2.171457907941950483e-01
-2.908762907833441907e-02 -2.171457907941950483e-01 0.000000000000000000e+00 1.000000000000000021e-08 3.298341430927049373e-02 6.207104338760490725e-01
3.298341430927049373e-02 6.207104338760490725e-01 1.000000000000000000e+00 1.000000000000000021e-08 1.139927550495883624e-01 8.100934074031785892e-01
1.139927550495883624e-01 8.100934074031785892e-01 2.000000000000000000e+00 1.000000000000000021e-08 1.160459945801902704e-01 2.053239530601902452e-02
1.160459945801902704e-01 2.053239530601902452e-02 1.000000000000000000e+00 1.000000000000000021e-08 1.360403622843087135e-01 1.999436770411842923e-01
1.360403622843087135e-01 1.999436770411842923e-01 2.000000000000000000e+00 1.000000000000000021e-08 9.985617287099410322e-02 -3.618418941331460470e-01
9.985617287099410322e-02 -3.618418941331460470e-01 1.000000000000000000e+00 1.000000000000000021e-08 8.751010764304754941e-02 -1.234606522794655381e-01
8.751010764304754941e-02 -1.234606522794655381e-01 1.000000000000000000e+00 1.000000000000000021e-08 9.042272754270065660e-02 2.912619899653104416e-02
9.042272754270065660e-02 2.912619899653104416e-02 0.000000000000000000e+00 1.000000000000000021e-08 2.094305166338799040e-01 1.190077890911792613e+00
2.094305166338799040e-01 1.190077890911792613e+00 1.000000000000000000e+00 1.000000000000000021e-08 3.755696160180770904e-01 1.661390993841971753e+00
3.755696160180770904e-01 1.661390993841971753e+00 2.000000000000000000e+00 1.000000000000000021e-08 5.279885783165425561e-01 1.524189622984655212e+00
5.279885783165425561e-01 1.524189622984655212e+00 2.000000000000000000e+00 1.000000000000000021e-08 6.931664812700358835e-01 1.651779029534932830e+00
6.931664812700358835e-01 1.651779029534932830e+00 2.000000000000000000e+00 1.000000000000000021e-08 8.840549879732249039e-01 1.908885067031890648e+00
8.840549879732249039e-01 1.908885067031890648e+00 0.000000000000000000e+00 1.000000000000000021e-08 1.244910990498658609e+00 3.608560025254337500e+00
1.244910990498658609e+00 3.608560025254337500e+00 0.000000000000000000e+00 9.999000000000000110e-01 1.570796326794896558e+00 5.000000000000000000e+00
7.955752108916512577e-02 5.995851951823687187e-02 0.000000000000000000e+00 1.000000000000000021e-08 1.824844468177405643e-01 1.029269257285754247e+00
1.824844468177405643e-01 1.029269257285754247e+00 1.000000000000000000e+00 1.000000000000000021e-08 3.272517378061218229e-01 1.447672909883812808e+00
3.272517378061218229e-01 1.447672909883812808e+00 1.000000000000000000e+00 1.000000000000000021e-08 5.233670084810451151e-01 1.961152706749232699e+00
5.233670084810451151e-01 1.961152706749232699e+00 0.000000000000000000e+00 1.000000000000000021e-08 8.860107588964818426e-01 3.626437504154367275e+00
8.860107588964818426e-01 3.626437504154367275e+00 1.000000000000000000e+00 1.000000000000000021e-08 1.364420896888420387e+00 4.784101379919385444e+00
1.364420896888420387e+00 4.784101379919385444e+00 2.000000000000000000e+00 9.999000000000000110e-01 1.570796326794896558e+00 5.000000000000000000e+00
-6.246970737917842409e-02 -2.744046137390538168e-02 1.000000000000000000e+00 1.000000000000000021e-08 -7.935526357179328860e-02 -1.688555619261487006e-01
-7.935526357179328860e-02 -1.688555619261487006e-01 0.000000000000000000e+00 1.000000000000000021e-08 -1.033428687227345988e-02 6.902097669951982040e-01
-1.033428687227345988e-02 6.902097669951982040e-01 2.000000000000000000e+00 1.000000000000000021e-08 -1.536825080718001030e-02 -5.033963934906549031e-02
-1.536825080718001030e-02 -5.033963934906549031e-02 0.000000000000000000e+00 1.000000000000000021e-08 4.889794922375071545e-02 6.426620003093072020e-01
4.889794922375071545e-02 6.426620003093072020e-01 1.000000000000000000e+00 1.000000000000000021e-08 1.089664963055701763e-01 6.006854708181945668e-01
1.089664963055701763e-01 6.006854708181945668e-01 0.000000000000000000e+00 1.000000000000000021e-08 2.689545731272592333e-01 1.599880768216890736e+00
2.689545731272592333e-01 1.599880768216890736e+00 2.000000000000000000e+00 1.000000000000000021e-08 3.913564998935817885e-01 1.224019267663225330e+00
3.913564998935817885e-01 1.224019267663225330e+00 2.000000000000000000e+00 1.000000000000000021e-08 4.904035877311859748e-01 9.904708783760420854e-01
4.904035877311859748e-01 9.904708783760420854e-01 1.000000000000000000e+00 1.000000000000000021e-08 6.711831616540360201e-01 1.807795739228500675e+00
6.711831616540360201e-01 1.807795739228500675e+00 2.000000000000000000e+00 1.000000000000000021e-08 8.790229545551790924e-01 2.078397929011430278e+00
8.790229545551790924e-01 2.078397929011430278e+00 2.000000000000000000e+00 1.000000000000000021e-08 1.151556360168953574e+00 2.725334056137745709e+00
1.151556360168953574e+00 2.725334056137745709e+00 2.000000000000000000e+00 1.000000000000000021e-08 1.527105502147940941e+00 3.755491419789873220e+00
1.527105502147940941e+00 3.755491419789873220e+00 0.000000000000000000e+00 9.999000000000000110e-01 1.570796326794896558e+00 5.000000000000000000e+00
4.876068716744244580e-02 8.585936629295265465e-02 1.000000000000000000e+00 1.000000000000000021e-08 8.030174234120271426e-02 3.154105517376025736e-01
8.030174234120271426e-02 3.154105517376025736e-01 2.000000000000000000e+00 1.000000000000000021e-08 4.168983085784119802e-02 -3.861191148336151624e-01
4.168983085784119802e-02 -3.861191148336151624e-01 2.000000000000000000e+00 1.000000000000000021e-08 -6.620640795303167625e-02 -1.078962388108728687e+00
-6.620640795303167625e-02 -1.078962388108728687e+00 1.000000000000000000e+00 1.000000000000000021e-08 -1.871321968787487411e-01 -1.209257889257170593e+00
-1.871321968787487411e-01 -1.209257889257170593e+00 0.000000000000000000e+00 1.000000000000000021e-08 -2.645696119859406448e-01 -7.743741510719190924e-01
-2.645696119859406448e-01 -7.743741510719190924e-01 0.000000000000000000e+00 1.000000000000000021e-08 -3.143768022093313963e-01 -4.980719022339077373e-01
-3.143768022093313963e-01 -4.980719022339077373e-01 2.000000000000000000e+00 1.000000000000000021e-08 -4.909857763736895087e-01 -1.766089741643581013e+00
-4.909857763736895087e-01 -1.766089741643581013e+00 0.000000000000000000e+00 1.000000000000000021e-08 -6.826732860292149541e-01 -1.916875096555254565e+00
-6.826732860292149541e-01 -1.916875096555254565e+00 0.000000000000000000e+00 1.000000000000000021e-08 -9.087039224673367777e-01 -2.260306364381217570e+00
-9.087039224673367777e-01 -2.260306364381217570e+00 0.000000000000000000e+00 1.000000000000000021e-08 -1.211875443000569152e+00 -3.031715205332324636e+00
-1.211875443000569152e+00 -3.031715205332324636e+00 0.000000000000000000e+00 9.999000000000000110e-01 -1.570796326794896558e+00 -4.163149891461456420e+00
1.888087413799656097e-02 4.114757102819797951e-02 2.000000000000000000e+00 1.000000000000000021e-08 -7.606972290304239714e-02 -9.495059704103895326e-01
-7.606972290304239714e-02 -9.495059704103895326e-01 1.000000000000000000e+00 1.000000000000000021e-08 -1.823525441421281756e-01 -1.062828212390857674e+00
-1.823525441421281756e-01 -1.062828212390857674e+00 2.000000000000000000e+00 1.000000000000000021e-08 -3.929374882485741072e-01 -2.105849441064458816e+00
-3.929374882485741072e-01 -2.105849441064458816e+00 0.000000000000000000e+00 1.000000000000000021e-08 -5.734978084082152927e-01 -1.805603201596411633e+00
-5.734978084082152927e-01 -1.805603201596411633e+00 2.000000000000000000e+00 1.000000000000000021e-08 -8.985025065427943991e-01 -3.250046981345790620e+00
-8.985025065427943991e-01 -3.250046981345790620e+00 1.000000000000000000e+00 1.000000000000000021e-08 -1.336699914827901070e+00 -4.381974082851066044e+00
-1.336699914827901070e+00 -4.381974082851066044e+00 0.000000000000000000e+00 9.999000000000000110e-01 -1.570796326794896558e+00 -5.000000000000000000e+00
-7.159934855602309578e-02 6.549001250620718750e-02 1.000000000000000000e+00 1.000000000000000021e-08 -8.748365207517598552e-02 -1.588430351915288696e-01
-8.748365207517598552e-02 -1.588430351915288696e-01 0.000000000000000000e+00 1.000000000000000021e-08 -1.689176590823589230e-02 7.059188616694008767e-01
-1.689176590823589230e-02 7.059188616694008767e-01 2.000000000000000000e+00 1.000000000000000021e-08 -2.494730566504809594e-02 -8.055539756812202246e-02
-2.494730566504809594e-02 -8.055539756812202246e-02 0.000000000000000000e+00 1.000000000000000021e-08 3.910899484567919443e-02 6.405630051072729314e-01
3.910899484567919443e-02 6.405630051072729314e-01 0.000000000000000000e+00 1.000000000000000021e-08 2.040976624625563673e-01 1.649886676168771604e+00
2.040976624625563673e-01 1.649886676168771604e+00 0.000000000000000000e+00 1.000000000000000021e-08 4.773768302690436505e-01 2.732791678064872443e+00
4.773768302690436505e-01 2.732791678064872443e+00 1.000000000000000000e+00 1.000000000000000021e-08 8.225000295756741409e-01 3.451231993066304682e+00
8.225000295756741409e-01 3.451231993066304682e+00 0.000000000000000000e+00 1.000000000000000021e-08 1.317848246988501781e+00 4.953482174128277293e+00
1.317848246988501781e+00 4.953482174128277293e+00 0.000000000000000000e+00 9.999000000000000110e-01 1.570796326794896558e+00 5.000000000000000000e+00
5.929246973480120642e-02 -5.828273375214701457e-03 1.000000000000000000e+00 1.000000000000000021e-08 5.453666458288834035e-02 -4.755805151912863987e-02
5.453666458288834035e-02 -4.755805151912863987e-02 1.000000000000000000e+00 1.000000000000000021e-08 6.278998151559933572e-02 8.253316932710993981e-02
6.278998151559933572e-02 8.253316932710993981e-02 0.000000000000000000e+00 1.000000000000000021e-08 1.642354330822389796e-01 1.014454515666396217e+00
1.642354330822389796e-01 1.014454515666396217e+00 1.000000000000000000e+00 1.000000000000000021e-08 2.889056217416267613e-01 1.246701886593877706e+00
2.889056217416267613e-01 1.246701886593877706e+00 2.000000000000000000e+00 1.000000000000000021e-08 3.784256571167686767e-01 8.952003537514190423e-01
3.784256571167686767e-01 8.952003537514190423e-01 0.000000000000000000e+00 1.000000000000000021e-08 6.203883655158981547e-01 2.419627083991295002e+00
6.203883655158981547e-01 2.419627083991295002e+00 1.000000000000000000e+00 1.000000000000000021e-08 9.538018356419490917e-01 3.334134701260509814e+00
9.538018356419490917e-01 3.334134701260509814e+00 1.000000000000000000e+00 1.000000000000000021e-08 1.399443799723945503e+00 4.456419640819963668e+00
1.399443799723945503e+00 4.456419640819963668e+00 1.000000000000000000e+00 9.999000000000000110e-01 1.570796326794896558e+00 5.000000000000000000e+00
-5.820343989877034552e-02 -7.159411796773898495e-02 2.000000000000000000e+00 1.000000000000000021e-08 -1.519188904870640289e-01 -9.371545058829369168e-01
-1.519188904870640289e-01 -9.371545058829369168e-01 0.000000000000000000e+00 1.000000000000000021e-08 -1.716440739015784034e-01 -1.972518341451436896e-01
-1.716440739015784034e-01 -1.972518341451436896e-01 1.000000000000000000e+00 1.000000000000000021e-08 -2.234119584185586815e-01 -5.176788451698026705e-01
-2.234119584185586815e-01 -5.176788451698026705e-01 1.000000000000000000e+00 1.000000000000000021e-08 -3.219768387370912643e-01 -9.856488031853258835e-01
-3.219768387370912643e-01 -9.856488031853258835e-01 1.000000000000000000e+00 1.000000000000000021e-08 -4.749938767330659783e-01 -1.530170379959747029e+00
-4.749938767330659783e-01 -1.530170379959747029e+00 2.000000000000000000e+00 1.000000000000000021e-08 -7.919966193541861932e-01 -3.170027426211202037e+00
-7.919966193541861932e-01 -3.170027426211202037e+00 2.000000000000000000e+00 1.000000000000000021e-08 -1.272451935266156742e+00 -4.804553159119704375e+00
-1.272451935266156742e+00 -4.804553159119704375e+00 1.000000000000000000e+00 9.999000000000000110e-01 -1.570796326794896558e+00 -5.000000000000000000e+00
-7.226607394701169140e-02 7.012629785435242624e-02 0.000000000000000000e+00 1.000000000000000021e-08 1.471032746264620827e-02 8.697640140965789968e-01
1.471032746264620827e-02 8.697640140965789968e-01 1.000000000000000000e+00 1.000000000000000021e-08 1.145054664387581272e-01 9.979513897611191897e-01
1.145054664387581272e-01 9.979513897611191897e-01 1.000000000000000000e+00 1.000000000000000021e-08 2.273891120890130790e-01 1.128836456502549490e+00
2.273891120890130790e-01 1.128836456502549490e+00 1.000000000000000000e+00 1.000000000000000021e-08 3.766720572836091963e-01 1.492829451945961061e+00
3.766720572836091963e-01 1.492829451945961061e+00 2.000000000000000000e+00 1.000000000000000021e-08 5.029024402218621459e-01 1.262303829382529718e+00
5.029024402218621459e-01 1.262303829382529718e+00 1.000000000000000000e+00 1.000000000000000021e-08 7.129732325924060810e-01 2.100707923705439129e+00
7.129732325924060810e-01 2.100707923705439129e+00 1.000000000000000000e+00 1.000000000000000021e-08 1.021051228916494358e+00 3.080779963240882324e+00
1.021051228916494358e+00 3.080779963240882324e+00 2.000000000000000000e+00 1.000000000000000021e-08 1.405558659224820373e+00 3.845074303083260592e+00
1.405558659224820373e+00 3.845074303083260592e+00 0.000000000000000000e+00 9.999000000000000110e-01 1.570796326794896558e+00 5.000000000000000000e+00
-6.476627820148571357e-02 -3.448902609113846385e-02 1.000000000000000000e+00 1.000000000000000021e-08 -9.480345291911515537e-02 -3.003717471762944458e-01
-9.480345291911515537e-02 -3.003717471762944458e-01 0.000000000000000000e+00 1.000000000000000021e-08 -5.542112329877024041e-02 3.938232962034491358e-01
-5.542112329877024041e-02 3.938232962034491358e-01 1.000000000000000000e+00 1.000000000000000021e-08 -3.726718037726665933e-02 1.815394292150358524e-01
-3.726718037726665933e-02 1.815394292150358524e-01 0.000000000000000000e+00 1.000000000000000021e-08 6.216856612567096818e-02 9.943574650293762751e-01
6.216856612567096818e-02 9.943574650293762751e-01 1.000000000000000000e+00 1.000000000000000021e-08 1.671352966358151670e-01 1.049667305101441794e+00
1.671352966358151670e-01 1.049667305101441794e+00 0.000000000000000000e+00 1.000000000000000021e-08 3.835812469506620914e-01 2.164459503148469466e+00
3.835812469506620914e-01 2.164459503148469466e+00 2.000000000000000000e+00 1.000000000000000021e-08 5.935970171320499311e-01 2.100157701813878397e+00
5.935970171320499311e-01 2.100157701813878397e+00 2.000000000000000000e+00 1.000000000000000021e-08 8.115985628046893385e-01 2.180015456726394074e+00
8.115985628046893385e-01 2.180015456726394074e+00 0.000000000000000000e+00 1.000000000000000021e-08 1.189370869985827861e+00 3.777723071811384337e+00
1.189370869985827861e+00 3.777723071811384337e+00 0.000000000000000000e+00 9.999000000000000110e-01 1.570796326794896558e+00 5.000000000000000000e+00
1.633086935423510092e-02 -1.692607573552117745e-02 0.000000000000000000e+00 1.000000000000000021e-08 1.096962692006312051e-01 9.336539984639610212e-01
1.096962692006312051e-01 9.336539984639610212e-01 2.000000000000000000e+00 1.000000000000000021e-08 1.201895548861463409e-01 1.049328568551513019e-01
1.201895548861463409e-01 1.049328568551513019e-01 2.000000000000000000e+00 1.000000000000000021e-08 5.180419555487879302e-02 -6.838535933126754784e-01
5.180419555487879302e-02 -6.838535933126754784e-01 1.000000000000000000e+00 1.000000000000000021e-08 -2.154424735440564620e-02 -7.334844290928443922e-01
-2.154424735440564620e-02 -7.334844290928443922e-01 2.000000000000000000e+00 1.000000000000000021e-08 -2.036158393985302295e-01 -1.820715920441245750e+00
-2.036158393985302295e-01 -1.820715920441245750e+00 1.000000000000000000e+00 1.000000000000000021e-08 -4.039327279826931405e-01 -2.003168885841628999e+00
-4.039327279826931405e-01 -2.003168885841628999e+00 1.000000000000000000e+00 1.000000000000000021e-08 -6.828452253749426326e-01 -2.789124973922494810e+00
-6.828452253749426326e-01 -2.789124973922494810e+00 1.000000000000000000e+00 1.000000000000000021e-08 -1.061576992542936804e+00 -3.787317671679940823e+00
-1.061576992542936804e+00 -3.787317671679940823e+00 0.000000000000000000e+00 1.000000000000000021e-08 -1.523096765836123190e+00 -4.615197732931864749e+00
-1.523096765836123190e+00 -4.615197732931864749e+00 1.000000000000000000e+00 9.999000000000000110e-01 -1.570796326794896558e+00 -5.000000000000000000e+00
-2.673661757941037109e-02 4.195344556108490663e-02 2.000000000000000000e+00 1.000000000000000021e-08 -1.124726072482341577e-01 -8.573598966882377548e-01
-1.124726072482341577e-01 -8.573598966882377548e-01 2.000000000000000000e+00 1.000000000000000021e-08 -3.142239611657157705e-01 -2.017513539174816017e+00
-3.142239611657157705e-01 -2.017513539174816017e+00 2.000000000000000000e+00 1.000000000000000021e-08 -6.579338821812262816e-01 -3.437099210155104778e+00
-6.579338821812262816e-01 -3.437099210155104778e+00 1.000000000000000000e+00 1.000000000000000021e-08 -1.094683678657395021e+00 -4.367497964761688500e+00
-1.094683678657395021e+00 -4.367497964761688500e+00 0.000000000000000000e+00 9.999000000000000110e-01 -1.570796326794896558e+00 -5.000000000000000000e+00
7.154914269052693732e-02 6.319428357626395709e-04 0.000000000000000000e+00 1.000000000000000021e-08 1.704266736786608227e-01 9.887753098813386599e-01
1.704266736786608227e-01 9.887753098813386599e-01 1.000000000000000000e+00 1.000000000000000021e-08 3.094669970121998182e-01 1.390403233335389954e+00
3.094669970121998182e-01 1.390403233335389954e+00 0.000000000000000000e+00 1.000000000000000021e-08 5.656640423997483236e-01 2.561970453875484388e+00
5.656640423997483236e-01 2.561970453875484388e+00 2.000000000000000000e+00 1.000000000000000021e-08 8.276739869878355638e-01 2.620099445880871958e+00
8.276739869878355638e-01 2.620099445880871958e+00 0.000000000000000000e+00 1.000000000000000021e-08 1.258563926583114334e+00 4.308899395952787259e+00
1.258563926583114334e+00 4.308899395952787259e+00 1.000000000000000000e+00 9.999000000000000110e-01 1.570796326794896558e+00 5.000000000000000000e+00
-4.002003349055846537e-02 -4.687694193663542036e-02 0.000000000000000000e+00 1.000000000000000021e-08 2.791926274701561628e-02 6.793929623757407610e-01
2.791926274701561628e-02 6.793929623757407610e-01 1.000000000000000000e+00 1.000000000000000021e-08 8.587326877971010464e-02 5.795400603269449391e-01
8.587326877971010464e-02 5.795400603269449391e-01 1.000000000000000000e+00 1.000000000000000021e-08 1.498830432690198000e-01 6.400977448930971203e-01
1.498830432690198000e-01 6.400977448930971203e-01 0.000000000000000000e+00 1.000000000000000021e-08 3.124855634445034003e-01 1.626025201754835559e+00
3.124855634445034003e-01 1.626025201754835559e+00 1.000000000000000000e+00 1.000000000000000021e-08 5.136231225299671133e-01 2.011375590854636908e+00
5.136231225299671133e-01 2.011375590854636908e+00 2.000000000000000000e+00 1.000000000000000021e-08 7.167593652202119969e-01 2.031362426902449059e+00
7.167593652202119969e-01 2.031362426902449059e+00 0.000000000000000000e+00 1.000000000000000021e-08 1.078856039764544361e+00 3.620966745443323198e+00
1.078856039764544361e+00 3.620966745443323198e+00 2.000000000000000000e+00 1.000000000000000021e-08 1.528626280368673207e+00 4.497702406041287126e+00
1.528626280368673207e+00 4.497702406041287126e+00 1.000000000000000000e+00 9.999000000000000110e-01 1.570796326794896558e+00 5.000000000000000000e+00
-6.145416712575865748e-02 3.328834733762213449e-02 1.000000000000000000e+00 1.000000000000000021e-08 -7.041935816187556985e-02 -8.965191036116913759e-02
-7.041935816187556985e-02 -8.965191036116913759e-02 1.000000000000000000e+00 1.000000000000000021e-08 -7.991356646064368130e-02 -9.494208298768111454e-02
-7.991356646064368130e-02 -9.494208298768111454e-02 0.000000000000000000e+00 1.000000000000000021e-08 -3.082375823835073470e-02 4.908980822229294105e-01
-3.082375823835073470e-02 4.908980822229294105e-01 1.000000000000000000e+00 1.000000000000000021e-08 2.436936944422045392e-02 5.519312768257118584e-01
2.436936944422045392e-02 5.519312768257118584e-01 0.000000000000000000e+00 1.000000000000000021e-08 1.768895475656402927e-01 1.525201781214198249e+00
1.768895475656402927e-01 1.525201781214198249e+00 1.000000000000000000e+00 1.000000000000000021e-08 3.617761759561343160e-01 1.848866283904940122e+00
3.617761759561343160e-01 1.848866283904940122e+00 2.000000000000000000e+00 1.000000000000000021e-08 5.144035554634338592e-01 1.526273795072995210e+00
5.144035554634338592e-01 1.526273795072995210e+00 1.000000000000000000e+00 1.000000000000000021e-08 7.326376685487231422e-01 2.182341130852893052e+00
7.326376685487231422e-01 2.182341130852893052e+00 1.000000000000000000e+00 1.000000000000000021e-08 1.057220038984179711e+00 3.245823704354565464e+00
1.057220038984179711e+00 3.245823704354565464e+00 0.000000000000000000e+00 1.000000000000000021e-08 1.547595664105049895e+00 4.903756251208701400e+00
1.547595664105049895e+00 4.903756251208701400e+00 1.000000000000000000e+00 9.999000000000000110e-01 1.570796326794896558e+00 5.000000000000000000e+00
5.137942895150248573e-02 -2.603678170875645126e-02 0.000000000000000000e+00 1.000000000000000021e-08 1.539321334389139873e-01 1.025527044874114946e+00
1.539321334389139873e-01 1.025527044874114946e+00 1.000000000000000000e+00 1.000000000000000021e-08 2.766805932608205065e-01 1.227484598219065193e+00
2.766805932608205065e-01 1.227484598219065193e+00 2.000000000000000000e+00 1.000000000000000021e-08 3.507542253580770431e-01 7.407363209725654762e-01
3.507542253580770431e-01 7.407363209725654762e-01 0.000000000000000000e+00 1.000000000000000021e-08 5.588290024391848743e-01 2.080747770811078201e+00
5.588290024391848743e-01 2.080747770811078201e+00 0.000000000000000000e+00 1.000000000000000021e-08 9.212147984624363684e-01 3.623857960232515385e+00
9.212147984624363684e-01 3.623857960232515385e+00 1.000000000000000000e+00 1.000000000000000021e-08 1.395719581889435457e+00 4.745047834269991327e+00
1.395719581889435457e+00 4.745047834269991327e+00 1.000000000000000000e+00 9.999000000000000110e-01 1.570796326794896558e+00 5.000000000000000000e+00
1.284109366443178177e-02 -1.978163681189076123e-02 2.000000000000000000e+00 1.000000000000000021e-08 -6.793906595972817875e-02 -8.078015962415995288e-01
-6.793906595972817875e-02 -8.078015962415995288e-01 0.000000000000000000e+00 1.000000000000000021e-08 -5.923694060827958130e-02 8.702125351448597446e-02
-5.923694060827958130e-02 8.702125351448597446e-02 0.000000000000000000e+00 1.000000000000000021e-08 2.036684662132118295e-02 7.960378722960075315e-01
2.036684662132118295e-02 7.960378722960075315e-01 2.000000000000000000e+00 1.000000000000000021e-08 7.433659083521386435e-03 -1.293318753779979513e-01
7.433659083521386435e-03 -1.293318753779979513e-01 1.000000000000000000e+00 1.000000000000000021e-08 -8.154276368434743016e-03 -1.558793545195612806e-01
-8.154276368434743016e-03 -1.558793545195612806e-01 0.000000000000000000e+00 1.000000000000000021e-08 6.789288328402631745e-02 7.604715965246106046e-01
6.789288328402631745e-02 7.604715965246106046e-01 2.000000000000000000e+00 1.000000000000000021e-08 6.108980172739734288e-02 -6.803081556628975957e-02
6.108980172739734288e-02 -6.803081556628975957e-02 1.000000000000000000e+00 1.000000000000000021e-08 8.026977061559838200e-02 1.917996888820103774e-01
8.026977061559838200e-02 1.917996888820103774e-01 2.000000000000000000e+00 1.000000000000000021e-08 2.711140648522260277e-02 -5.315836413037577923e-01
2.711140648522260277e-02 -5.315836413037577923e-01 1.000000000000000000e+00 1.000000000000000021e-08 -1.454967536369719538e-02 -4.166108184891979538e-01
-1.454967536369719538e-02 -4.166108184891979538e-01 2.000000000000000000e+00 1.000000000000000021e-08 -1.573981457257593308e-01 -1.428484703620621410e+00
-1.573981457257593308e-01 -1.428484703620621410e+00 0.000000000000000000e+00 1.000000000000000021e-08 -2.553844902545922557e-01 -9.798634452883291379e-01
-2.553844902545922557e-01 -9.798634452883291379e-01 0.000000000000000000e+00 1.000000000000000021e-08 -3.004043126540595909e-01 -4.501982239946733522e-01
-3.004043126540595909e-01 -4.501982239946733522e-01 1.000000000000000000e+00 1.000000000000000021e-08 -3.992393762995396500e-01 -9.883506364548008127e-01
-3.992393762995396500e-01 -9.883506364548008127e-01 0.000000000000000000e+00 1.000000000000000021e-08 -4.961728745535097795e-01 -9.693349825397011843e-01
-4.961728745535097795e-01 -9.693349825397011843e-01 0.000000000000000000e+00 1.000000000000000021e-08 -5.895891303249172211e-01 -9.341625577140741932e-01
-5.895891303249172211e-01 -9.341625577140741932e-01 0.000000000000000000e+00 1.000000000000000021e-08 -7.152714917461151511e-01 -1.256823614211979079e+00
-7.152714917461151511e-01 -1.256823614211979079e+00 1.000000000000000000e+00 1.000000000000000021e-08 -9.330138944332294626e-01 -2.177424026871142893e+00
-9.330138944332294626e-01 -2.177424026871142893e+00 0.000000000000000000e+00 1.000000000000000021e-08 -1.217582529204398245e+00 -2.845686347711688935e+00
-1.217582529204398245e+00 -2.845686347711688935e+00 0.000000000000000000e+00 9.999000000000000110e-01 -1.570796326794896558e+00 -3.956944046109286184e+00
-9.725247573245613536e-03 -7.463932877959361667e-02 1.000000000000000000e+00 1.000000000000000021e-08 -1.286835038527071699e-02 -3.143102812025103110e-02
-1.286835038527071699e-02 -3.143102812025103110e-02 1.000000000000000000e+00 1.000000000000000021e-08 -2.630668178243163180e-02 -1.343833139716091307e-01
-2.630668178243163180e-02 -1.343833139716091307e-01 2.000000000000000000e+00 1.000000000000000021e-08 -1.246816991563966248e-01 -9.837501737396499024e-01
-1.246816991563966248e-01 -9.837501737396499024e-01 2.000000000000000000e+00 1.000000000000000021e-08 -3.267912593605954430e-01 -2.021095602041988126e+00
-3.267912593605954430e-01 -2.021095602041988126e+00 1.000000000000000000e+00 1.000000000000000021e-08 -5.781165063675592908e-01 -2.513252470069638811e+00
-5.781165063675592908e-01 -2.513252470069638811e+00 2.000000000000000000e+00 1.000000000000000021e-08 -9.919676607036276295e-01 -4.138511543360682943e+00
-9.919676607036276295e-01 -4.138511543360682943e+00 2.000000000000000000e+00 9.999000000000000110e-01 -1.570796326794896558e+00 -5.000000000000000000e+00
8.536757051513516048e-02 -1.905206967802821824e-02 0.000000000000000000e+00 1.000000000000000021e-08 1.765030421729439913e-01 9.113547165780884196e-01
1.765030421729439913e-01 9.113547165780884196e-01 0.000000000000000000e+00 1.000000000000000021e-08 3.676971823115536830e-01 1.911941401386097139e+00
3.676971823115536830e-01 1.911941401386097139e+00 0.000000000000000000e+00 1.000000000000000021e-08 6.903444749460917462e-01 3.226472926345380188e+00
6.903444749460917462e-01 3.226472926345380188e+00 0.000000000000000000e+00 1.000000000000000021e-08 1.168687236518412886e+00 4.783427615723211623e+00
1.168687236518412886e+00 4.783427615723211623e+00 0.000000000000000000e+00 9.999000000000000110e-01 1.570796326794896558e+00 5.000000000000000000e+00
-1.689215301742383671e-02 -5.908481105464624683e-02 0.000000000000000000e+00 1.000000000000000021e-08 5.811018063333101002e-02 7.500233365075483771e-01
5.811018063333101002e-02 7.500233365075483771e-01 2.000000000000000000e+00 1.000000000000000021e-08 7.199468990151447478e-02 1.388450926818346476e-01
7.199468990151447478e-02 1.388450926818346476e-01 2.000000000000000000e+00 1.000000000000000021e-08 -4.410710367758238770e-03 -7.640540026927270523e-01
-4.410710367758238770e-03 -7.640540026927270523e-01 1.000000000000000000e+00 1.000000000000000021e-08 -8.982565696530064869e-02 -8.541494659754240715e-01
-8.982565696530064869e-02 -8.541494659754240715e-01 1.000000000000000000e+00 1.000000000000000021e-08 -1.762221191675920062e-01 -8.639646220229136864e-01
-1.762221191675920062e-01 -8.639646220229136864e-01 1.000000000000000000e+00 1.000000000000000021e-08 -2.909278023830326187e-01 -1.147056832154406125e+00
-2.909278023830326187e-01 -1.147056832154406125e+00 2.000000000000000000e+00 1.000000000000000021e-08 -5.321018230382392744e-01 -2.411740206552067001e+00
-5.321018230382392744e-01 -2.411740206552067001e+00 0.000000000000000000e+00 1.000000000000000021e-08 -7.821214928049704529e-01 -2.500196697667310897e+00
-7.821214928049704529e-01 -2.500196697667310897e+00 1.000000000000000000e+00 1.000000000000000021e-08 -1.134748923025729050e+00 -3.526274302207586420e+00
-1.134748923025729050e+00 -3.526274302207586420e+00 0.000000000000000000e+00 9.999000000000000110e-01 -1.570796326794896558e+00 -4.526057947244941815e+00
-7.474133783295219824e-02 2.656154731559088461e-02 2.000000000000000000e+00 1.000000000000000021e-08 -1.886778342711253331e-01 -1.139364964381731182e+00
-1.886778342711253331e-01 -1.139364964381731182e+00 2.000000000000000000e+00 1.000000000000000021e-08 -4.249668954413766131e-01 -2.362890611702512800e+00
-4.249668954413766131e-01 -2.362890611702512800e+00 0.000000000000000000e+00 1.000000000000000021e-08 -6.375049705719076920e-01 -2.125380751305310678e+00
-6.375049705719076920e-01 -2.125380751305310678e+00 1.000000000000000000e+00 1.000000000000000021e-08 -9.441307052460647942e-01 -3.066257346741570355e+00
-9.441307052460647942e-01 -3.066257346741570355e+00 1.000000000000000000e+00 1.000000000000000021e-08 -1.363379718019793740e+00 -4.192490127737289463e+00
-1.363379718019793740e+00 -4.192490127737289463e+00 2.000000000000000000e+00 9.999000000000000110e-01 -1.570796326794896558e+00 -5.000000000000000000e+00
-3.192283720164595939e-02 -1.046199792523347556e-02 1.000000000000000000e+00 1.000000000000000021e-08 -2.599569378072709436e-02 5.927143420918865035e-02
-2.599569378072709436e-02 5.927143420918865035e-02 1.000000000000000000e+00 1.000000000000000021e-08 -1.452141972978383475e-02 1.147427405094325892e-01
-1.452141972978383475e-02 1.147427405094325892e-01 0.000000000000000000e+00 1.000000000000000021e-08 9.237966384351901927e-02 1.069010835733028575e+00
9.237966384351901927e-02 1.069010835733028575e+00 0.000000000000000000e+00 1.000000000000000021e-08 3.073219186016822313e-01 2.149422547581631981e+00
3.073219186016822313e-01 2.149422547581631981e+00 0.000000000000000000e+00 1.000000000000000021e-08 6.601212892625398787e-01 3.527993706608575586e+00
6.601212892625398787e-01 3.527993706608575586e+00 0.000000000000000000e+00 1.000000000000000021e-08 1.172755583762358444e+00 5.000000000000000000e+00
1.172755583762358444e+00 5.000000000000000000e+00 2.000000000000000000e+00 9.999000000000000110e-01 1.570796326794896558e+00 5.000000000000000000e+00
3.681248911223121423e-02 -1.539459658694257091e-02 1.000000000000000000e+00 1.000000000000000021e-08 3.003512147109798150e-02 -6.777367641133233422e-02
3.003512147109798150e-02 -6.777367641133233422e-02 2.000000000000000000e+00 1.000000000000000021e-08 -7.663070110790670686e-02 -1.066658225790046766e+00
-7.663070110790670686e-02 -1.066658225790046766e+00 2.000000000000000000e+00 1.000000000000000021e-08 -2.760019651614545322e-01 -1.993712640535478142e+00
-2.760019651614545322e-01 -1.993712640535478142e+00 2.000000000000000000e+00 1.000000000000000021e-08 -6.145472569434892174e-01 -3.385452917820346741e+00
-6.145472569434892174e-01 -3.385452917820346741e+00 0.000000000000000000e+00 1.000000000000000021e-08 -9.717470749583654310e-01 -3.571998180148761470e+00
-9.717470749583654310e-01 -3.571998180148761470e+00 0.000000000000000000e+00 1.000000000000000021e-08 -1.400379420549305198e+00 -4.286323455909398561e+00
-1.400379420549305198e+00 -4.286323455909398561e+00 1.000000000000000000e+00 9.999000000000000110e-01 -1.570796326794896558e+00 -5.000000000000000000e+00
-2.857157883679122684e-02 -6.510110306608223041e-02 2.000000000000000000e+00 1.000000000000000021e-08 -1.412183722014479503e-01 -1.126467933646567054e+00
-1.412183722014479503e-01 -1.126467933646567054e+00 0.000000000000000000e+00 1.000000000000000021e-08 -1.871478654403238573e-01 -4.592949323887590696e-01
-1.871478654403238573e-01 -4.592949323887590696e-01 0.000000000000000000e+00 1.000000000000000021e-08 -1.668809725366570684e-01 2.026689290366679996e-01
-1.668809725366570684e-01 2.026689290366679996e-01 0.000000000000000000e+00 1.000000000000000021e-08 -9.380661228085591941e-02 7.307436025580114070e-01
-9.380661228085591941e-02 7.307436025580114070e-01 1.000000000000000000e+00 1.000000000000000021e-08 -2.953841622825938151e-02 6.426819605259653789e-01
-2.953841622825938151e-02 6.426819605259653789e-01 1.000000000000000000e+00 1.000000000000000021e-08 4.272963533536169867e-02 7.226805156362107185e-01
4.272963533536169867e-02 7.226805156362107185e-01 1.000000000000000000e+00 1.000000000000000021e-08 1.267945641682155233e-01 8.406492883285381357e-01
1.267945641682155233e-01 8.406492883285381357e-01 1.000000000000000000e+00 1.000000000000000021e-08 2.379818461880007785e-01 1.111872820197852496e+00
2.379818461880007785e-01 1.111872820197852496e+00 0.000000000000000000e+00 1.000000000000000021e-08 4.577790485510455643e-01 2.197972023630447858e+00
4.577790485510455643e-01 2.197972023630447858e+00 2.000000000000000000e+00 1.000000000000000021e-08 6.594570317378454227e-01 2.016779831867998141e+00
6.594570317378454227e-01 2.016779831867998141e+00 2.000000000000000000e+00 1.000000000000000021e-08 8.813584150647888471e-01 2.219013833269434244e+00
8.813584150647888471e-01 2.219013833269434244e+00 1.000000000000000000e+00 1.000000000000000021e-08 1.216314716699323784e+00 3.349563016345349808e+00
1.216314716699323784e+00 3.349563016345349808e+00 0.000000000000000000e+00 9.999000000000000110e-01 1.570796326794896558e+00 4.938412005377330161e+00
3.705367435278224264e-02 -8.148006882618581692e-03 0.000000000000000000e+00 1.000000000000000021e-08 1.189358544691141578e-01 8.188218011633190407e-01
1.189358544691141578e-01 8.188218011633190407e-01 2.000000000000000000e+00 1.000000000000000021e-08 1.217529324335560464e-01 2.817077964441883076e-02
1.217529324335560464e-01 2.817077964441883076e-02 1.000000000000000000e+00 1.000000000000000021e-08 1.608892513245728240e-01 3.913631889101676364e-01
1.608892513245728240e-01 3.913631889101676364e-01 1.000000000000000000e+00 1.000000000000000021e-08 2.220779301424045116e-01 6.118867881783169871e-01
2.220779301424045116e-01 6.118867881783169871e-01 2.000000000000000000e+00 1.000000000000000021e-08 2.459500472652201841e-01 2.387211712281566145e-01
2.459500472652201841e-01 2.387211712281566145e-01 2.000000000000000000e+00 1.000000000000000021e-08 2.143313468532503097e-01 -3.161870041196986891e-01
2.143313468532503097e-01 -3.161870041196986891e-01 0.000000000000000000e+00 1.000000000000000021e-08 3.005610590654692604e-01 8.622971221221892302e-01
3.005610590654692604e-01 8.622971221221892302e-01 1.000000000000000000e+00 1.000000000000000021e-08 4.458732853472112123e-01 1.453122262817419408e+00
4.458732853472112123e-01 1.453122262817419408e+00 2.000000000000000000e+00 1.000000000000000021e-08 5.934540128038001683e-01 1.475807274565889449e+00
5.934540128038001683e-01 1.475807274565889449e+00 2.000000000000000000e+00 1.000000000000000021e-08 7.755411637634922473e-01 1.820871509596920346e+00
7.755411637634922473e-01 1.820871509596920346e+00 2.000000000000000000e+00 1.000000000000000021e-08 1.017553497639636761e+00 2.420123338761445364e+00
1.017553497639636761e+00 2.420123338761445364e+00 0.000000000000000000e+00 1.000000000000000021e-08 1.428239376669505400e+00 4.106858790298686834e+00
1.428239376669505400e+00 4.106858790298686834e+00 0.000000000000000000e+00 9.999000000000000110e-01 1.570796326794896558e+00 5.000000000000000000e+00
-4.397165337822851044e-02 -3.351050356695944865e-03 0.000000000000000000e+00 1.000000000000000021e-08 4.927974202891307470e-02 9.325139540714157960e-01
4.927974202891307470e-02 9.325139540714157960e-01 2.000000000000000000e+00 1.000000000000000021e-08 5.573123024864282821e-02 6.451488219729750728e-02
5.573123024864282821e-02 6.451488219729750728e-02 0.000000000000000000e+00 1.000000000000000021e-08 1.643900345542168018e-01 1.086588043055739750e+00
1.643900345542168018e-01 1.086588043055739750e+00 1.000000000000000000e+00 1.000000000000000021e-08 3.022007687570406609e-01 1.378107342028238591e+00
3.022007687570406609e-01 1.378107342028238591e+00 0.000000000000000000e+00 1.000000000000000021e-08 5.650276332812333990e-01 2.628268645241927715e+00
5.650276332812333990e-01 2.628268645241927715e+00 1.000000000000000000e+00 1.000000000000000021e-08 9.000634468810289057e-01 3.350358135997954179e+00
9.000634468810289057e-01 3.350358135997954179e+00 0.000000000000000000e+00 1.000000000000000021e-08 1.392052975958764538e+00 4.919895290777355434e+00
1.392052975958764538e+00 4.919895290777355434e+00 1.000000000000000000e+00 9.999000000000000110e-01 1.570796326794896558e+00 5.000000000000000000e+00
8.602418987958911079e-02 -1.467529439225367417e-02 1.000000000000000000e+00 1.000000000000000021e-08 1.104171688534315715e-01 2.439297897384245517e-01
1.104171688534315715e-01 2.439297897384245517e-01 1.000000000000000000e+00 1.000000000000000021e-08 1.609351860150816937e-01 5.051801716165011946e-01
1.609351860150816937e-01 5.051801716165011946e-01 0.000000000000000000e+00 1.000000000000000021e-08 3.362530958495775213e-01 1.753179098344957998e+00
3.362530958495775213e-01 1.753179098344957998e+00 0.000000000000000000e+00 1.000000000000000021e-08 6.446834961890227644e-01 3.084304003394452209e+00
6.446834961890227644e-01 3.084304003394452209e+00 0.000000000000000000e+00 1.000000000000000021e-08 1.115409475580396270e+00 4.707259793913735280e+00
1.115409475580396270e+00 4.707259793913735280e+00 2.000000000000000000e+00 9.999000000000000110e-01 1.570796326794896558e+00 5.000000000000000000e+00
-6.851865669269366355e-02 5.088083959839283243e-02 0.000000000000000000e+00 1.000000000000000021e-08 2.253177268602521433e-02 9.105042937871887787e-01
2.253177268602521433e-02 9.105042937871887787e-01 1.000000000000000000e+00 1.000000000000000021e-08 1.281232514597168415e-01 1.055914787736916161e+00
1.281232514597168415e-01 1.055914787736916161e+00 0.000000000000000000e+00 1.000000000000000021e-08 3.359895143933992467e-01 2.078662629336823997e+00
3.359895143933992467e-01 2.078662629336823997e+00 2.000000000000000000e+00 1.000000000000000021e-08 5.235978667278367027e-01 1.876083523344374671e+00
5.235978667278367027e-01 1.876083523344374671e+00 2.000000000000000000e+00 1.000000000000000021e-08 7.063414621014896255e-01 1.827435953736529672e+00
7.063414621014896255e-01 1.827435953736529672e+00 1.000000000000000000e+00 1.000000000000000021e-08 9.973005416719862293e-01 2.909590795704965593e+00
9.973005416719862293e-01 2.909590795704965593e+00 1.000000000000000000e+00 1.000000000000000021e-08 1.407448907537422134e+00 4.101483658654358599e+00
1.407448907537422134e+00 4.101483658654358599e+00 2.000000000000000000e+00 9.999000000000000110e-01 1.570796326794896558e+00 5.000000000000000000e+00
-7.600307593460947642e-03 6.724289124707144572e-02 2.000000000000000000e+00 1.000000000000000021e-08 -9.751836964134234786e-02 -8.991806204788139745e-01
-9.751836964134234786e-02 -8.991806204788139745e-01 2.000000000000000000e+00 1.000000000000000021e-08 -2.867516475609409032e-01 -1.892332779195985637e+00
-2.867516475609409032e-01 -1.892332779195985637e+00 0.000000000000000000e+00 1.000000000000000021e-08 -4.260393515597347136e-01 -1.392877039987938215e+00
-4.260393515597347136e-01 -1.392877039987938215e+00 0.000000000000000000e+00 1.000000000000000021e-08 -5.400451552282405920e-01 -1.140058036685059006e+00
-5.400451552282405920e-01 -1.140058036685059006e+00 1.000000000000000000e+00 1.000000000000000021e-08 -7.520498849828606280e-01 -2.120047297546200138e+00
-7.520498849828606280e-01 -2.120047297546200138e+00 1.000000000000000000e+00 1.000000000000000021e-08 -1.069999802411972345e+00 -3.179499174291116947e+00
-1.069999802411972345e+00 -3.179499174291116947e+00 1.000000000000000000e+00 1.000000000000000021e-08 -1.515413307982585556e+00 -4.454135055706132107e+00
-1.515413307982585556e+00 -4.454135055706132107e+00 2.000000000000000000e+00 9.999000000000000110e-01 -1.570796326794896558e+00 -5.000000000000000000e+00
3.855008365721460106e-02 -3.545003063098003948e-02 2.000000000000000000e+00 1.000000000000000021e-08 -4.642684885985086385e-02 -8.497693251706546214e-01
-4.642684885985086385e-02 -8.497693251706546214e-01 0.000000000000000000e+00 1.000000000000000021e-08 -5.017527316793509579e-02 -3.748424308084230550e-02
-5.017527316793509579e-02 -3.748424308084230550e-02 1.000000000000000000e+00 1.000000000000000021e-08 -5.439345404457267275e-02 -4.218180876637578347e-02
-5.439345404457267275e-02 -4.218180876637578347e-02 2.000000000000000000e+00 1.000000000000000021e-08 -1.479983074598623105e-01 -9.360485341528963499e-01
-1.479983074598623105e-01 -9.360485341528963499e-01 2.000000000000000000e+00 1.000000000000000021e-08 -3.454809023224768572e-01 -1.974825948626145022e+00
-3.454809023224768572e-01 -1.974825948626145022e+00 1.000000000000000000e+00 1.000000000000000021e-08 -6.070890634819556819e-01 -2.616081611594787582e+00
-6.070890634819556819e-01 -2.616081611594787582e+00 2.000000000000000000e+00 1.000000000000000021e-08 -1.038779572803237183e+00 -4.316905093212813682e+00
-1.038779572803237183e+00 -4.316905093212813682e+00 1.000000000000000000e+00 9.999000000000000110e-01 -1.570796326794896558e+00 -5.000000000000000000e+00
2.007745588755251165e-02 2.550345241044473313e-02 2.000000000000000000e+00 1.000000000000000021e-08 -7.673699217289220442e-02 -9.681444806044471330e-01
-7.673699217289220442e-02 -9.681444806044471330e-01 0.000000000000000000e+00 1.000000000000000021e-08 -9.526278301882104560e-02 -1.852579084592884673e-01
-9.526278301882104560e-02 -1.852579084592884673e-01 0.000000000000000000e+00 1.000000000000000021e-08 -4.884379926322977156e-02 4.641898375559126988e-01
-4.884379926322977156e-02 4.641898375559126988e-01 2.000000000000000000e+00 1.000000000000000021e-08 -1.004464343431050732e-01 -5.160263507987529197e-01
-1.004464343431050732e-01 -5.160263507987529197e-01 2.000000000000000000e+00 1.000000000000000021e-08 -2.717983454304322977e-01 -1.713519110873272133e+00
-2.717983454304322977e-01 -1.713519110873272133e+00 1.000000000000000000e+00 1.000000000000000021e-08 -4.862853646583153999e-01 -2.144870192278831134e+00
-4.862853646583153999e-01 -2.144870192278831134e+00 0.000000000000000000e+00 1.000000000000000021e-08 -7.149767115630097924e-01 -2.286913469046943703e+00
-7.149767115630097924e-01 -2.286913469046943703e+00 2.000000000000000000e+00 1.000000000000000021e-08 -1.110201508858588593e+00 -3.952247972955786892e+00
-1.110201508858588593e+00 -3.952247972955786892e+00 0.000000000000000000e+00 9.999000000000000110e-01 -1.570796326794896558e+00 -4.913424280151306611e+00
-4.812338629965813575e-02 -9.303633073849300328e-03 1.000000000000000000e+00 1.000000000000000021e-08 -6.714288266639870106e-02 -1.901949636674056254e-01
-6.714288266639870106e-02 -1.901949636674056254e-01 1.000000000000000000e+00 1.000000000000000021e-08 -1.141045938367365453e-01 -4.696171117033784426e-01
-1.141045938367365453e-01 -4.696171117033784426e-01 1.000000000000000000e+00 1.000000000000000021e-08 -1.925437662408940320e-01 -7.843917240415749781e-01
-1.925437662408940320e-01 -7.843917240415749781e-01 2.000000000000000000e+00 1.000000000000000021e-08 -3.735653120286863693e-01 -1.810215457877923262e+00
-3.735653120286863693e-01 -1.810215457877923262e+00 1.000000000000000000e+00 1.000000000000000021e-08 -6.078335707134308041e-01 -2.342682586847444348e+00
-6.078335707134308041e-01 -2.342682586847444348e+00 2.000000000000000000e+00 1.000000000000000021e-08 -9.930497818115737729e-01 -3.852162110981429688e+00
-9.930497818115737729e-01 -3.852162110981429688e+00 1.000000000000000000e+00 1.000000000000000021e-08 -1.501349571625751000e+00 -5.000000000000000000e+00
-1.501349571625751000e+00 -5.000000000000000000e+00 1.000000000000000000e+00 9.999000000000000110e-01 -1.570796326794896558e+00 -5.000000000000000000e+00
-4.669763009704407108e-02 6.462945721318162640e-02 1.000000000000000000e+00 1.000000000000000021e-08 -5.918983578721653815e-02 -1.249220569017246291e-01
-5.918983578721653815e-02 -1.249220569017246291e-01 2.000000000000000000e+00 1.000000000000000021e-08 -1.623029909889731059e-01 -1.031131552017565678e+00
-1.623029909889731059e-01 -1.031131552017565678e+00 1.000000000000000000e+00 1.000000000000000021e-08 -2.945317299926404342e-01 -1.322287390036673171e+00
-2.945317299926404342e-01 -1.322287390036673171e+00 1.000000000000000000e+00 1.000000000000000021e-08 -4.606906407955998484e-01 -1.661589108029594364e+00
-4.606906407955998484e-01 -1.661589108029594364e+00 2.000000000000000000e+00 1.000000000000000021e-08 -7.694871492218122722e-01 -3.087965084262123572e+00
-7.694871492218122722e-01 -3.087965084262123572e+00 2.000000000000000000e+00 1.000000000000000021e-08 -1.239826097707083852e+00 -4.703389484852715796e+00
-1.239826097707083852e+00 -4.703389484852715796e+00 2.000000000000000000e+00 9.999000000000000110e-01 -1.570796326794896558e+00 -5.000000000000000000e+00
7.997289193350209935e-02 2.060912628677984484e-02 2.000000000000000000e+00 1.000000000000000021e-08 1.389393124719530415e-02 -6.607896068630679798e-01
1.389393124719530415e-02 -6.607896068630679798e-01 2.000000000000000000e+00 1.000000000000000021e-08 -1.225396020785570056e-01 -1.364335333257522986e+00
-1.225396020785570056e-01 -1.364335333257522986e+00 2.000000000000000000e+00 1.000000000000000021e-08 -3.634384551298644461e-01 -2.408988530513074267e+00
-3.634384551298644461e-01 -2.408988530513074267e+00 1.000000000000000000e+00 1.000000000000000021e-08 -6.771441807485194531e-01 -3.137057256186549292e+00
-6.771441807485194531e-01 -3.137057256186549292e+00 2.000000000000000000e+00 1.000000000000000021e-08 -1.143666461473088924e+00 -4.665222807245694270e+00
-1.143666461473088924e+00 -4.665222807245694270e+00 2.000000000000000000e+00 9.999000000000000110e-01 -1.570796326794896558e+00 -5.000000000000000000e+00
-2.045356000071065633e-02 7.202009044851970243e-02 1.000000000000000000e+00 1.000000000000000021e-08 -2.432808959273042096e-02 -3.874529592019765323e-02
-2.432808959273042096e-02 -3.874529592019765323e-02 0.000000000000000000e+00 1.000000000000000021e-08 4.108218734538153505e-02 6.541027693811194421e-01
4.108218734538153505e-02 6.541027693811194421e-01 0.000000000000000000e+00 1.000000000000000021e-08 2.187543636329485897e-01 1.776721762875670629e+00
2.187543636329485897e-01 1.776721762875670629e+00 1.000000000000000000e+00 1.000000000000000021e-08 4.211055111624520397e-01 2.023511475295034501e+00
4.211055111624520397e-01 2.023511475295034501e+00 0.000000000000000000e+00 1.000000000000000021e-08 7.680287925076783040e-01 3.469232813452261865e+00
7.680287925076783040e-01 3.469232813452261865e+00 0.000000000000000000e+00 1.000000000000000021e-08 1.270567121576035685e+00 5.000000000000000000e+00
1.270567121576035685e+00 5.000000000000000000e+00 1.000000000000000000e+00 9.999000000000000110e-01 1.570796326794896558e+00 5.000000000000000000e+00
-8.519045837568338386e-02 -3.838855918403467904e-02 1.000000000000000000e+00 1.000000000000000021e-08 -1.191382785783639126e-01 -3.394782020268052869e-01
-1.191382785783639126e-01 -3.394782020268052869e-01 1.000000000000000000e+00 1.000000000000000021e-08 -1.796577178718377354e-01 -6.051943929347382012e-01
-1.796577178718377354e-01 -6.051943929347382012e-01 0.000000000000000000e+00 1.000000000000000021e-08 -1.923014555615132903e-01 -1.264373768967556044e-01
-1.923014555615132903e-01 -1.264373768967556044e-01 2.000000000000000000e+00 1.000000000000000021e-08 -3.180657112384301932e-01 -1.257642556769169140e+00
-3.180657112384301932e-01 -1.257642556769169140e+00 0.000000000000000000e+00 1.000000000000000021e-08 -4.261846912180549118e-01 -1.081189799796246964e+00
-4.261846912180549118e-01 -1.081189799796246964e+00 0.000000000000000000e+00 1.000000000000000021e-08 -5.372819299202787890e-01 -1.110972387022238328e+00
-5.372819299202787890e-01 -1.110972387022238328e+00 2.000000000000000000e+00 1.000000000000000021e-08 -8.132484480053860931e-01 -2.759665180851072375e+00
-8.132484480053860931e-01 -2.759665180851072375e+00 1.000000000000000000e+00 1.000000000000000021e-08 -1.188973976233597130e+00 -3.757255282282110809e+00
-1.188973976233597130e+00 -3.757255282282110809e+00 0.000000000000000000e+00 9.999000000000000110e-01 -1.570796326794896558e+00 -4.773898118712744498e+00
-2.565874578691680619e-02 2.454862460199970509e-02 1.000000000000000000e+00 1.000000000000000021e-08 -3.477719162138646208e-02 -9.118445834469655897e-02
-3.477719162138646208e-02 -9.118445834469655897e-02 2.000000000000000000e+00 1.000000000000000021e-08 -1.494290862557116628e-01 -1.146518946343251910e+00
-1.494290862557116628e-01 -1.146518946343251910e+00 0.000000000000000000e+00 1.000000000000000021e-08 -2.187691807668598609e-01 -6.934009451114817590e-01
-2.187691807668598609e-01 -6.934009451114817590e-01 0.000000000000000000e+00 1.000000000000000021e-08 -2.455437485972122857e-01 -2.677456783035240817e-01
-2.455437485972122857e-01 -2.677456783035240817e-01 1.000000000000000000e+00 1.000000000000000021e-08 -3.139477929258244204e-01 -6.840404432861215689e-01
-3.139477929258244204e-01 -6.840404432861215689e-01 2.000000000000000000e+00 1.000000000000000021e-08 -5.161614127620152148e-01 -2.022136198361907500e+00
-5.161614127620152148e-01 -2.022136198361907500e+00 2.000000000000000000e+00 1.000000000000000021e-08 -8.617338577151085754e-01 -3.455724449530933384e+00
-8.617338577151085754e-01 -3.455724449530933384e+00 1.000000000000000000e+00 1.000000000000000021e-08 -1.318425280009513090e+00 -4.566914222944045143e+00
-1.318425280009513090e+00 -4.566914222944045143e+00 0.000000000000000000e+00 9.999000000000000110e-01 -1.570796326794896558e+00 -5.000000000000000000e+00
-5.469616100764646688e-02 -7.967805237817487951e-02 1.000000000000000000e+00 1.000000000000000021e-08 -5.668121520813090841e-02 -1.985054200484439452e-02
-5.668121520813090841e-02 -1.985054200484439452e-02 1.000000000000000000e+00 1.000000000000000021e-08 -7.341818935350075126e-02 -1.673697414536984285e-01
-7.341818935350075126e-02 -1.673697414536984285e-01 0.000000000000000000e+00 1.000000000000000021e-08 -4.533305057079217715e-03 6.888488429642153354e-01
-4.533305057079217715e-03 6.888488429642153354e-01 0.000000000000000000e+00 1.000000000000000021e-08 1.559326487872436107e-01 1.604659538443228062e+00
1.559326487872436107e-01 1.604659538443228062e+00 0.000000000000000000e+00 1.000000000000000021e-08 4.316308104525113376e-01 2.756981616652677047e+00
4.316308104525113376e-01 2.756981616652677047e+00 0.000000000000000000e+00 1.000000000000000021e-08 8.566572011721356184e-01 4.250263907196242030e+00
8.566572011721356184e-01 4.250263907196242030e+00 2.000000000000000000e+00 1.000000000000000021e-08 1.328427984650074389e+00 4.717707834779388598e+00
1.328427984650074389e+00 4.717707834779388598e+00 2.000000000000000000e+00 9.999000000000000110e-01 1.570796326794896558e+00 5.000000000000000000e+00
-8.076015172199495218e-02 7.169268189255190854e-03 1.000000000000000000e+00 1.000000000000000021e-08 -9.442292543528556237e-02 -1.366277371329061019e-01
-9.442292543528556237e-02 -1.366277371329061019e-01 1.000000000000000000e+00 1.000000000000000021e-08 -1.256465967577004017e-01 -3.122367132241484211e-01
-1.256465967577004017e-01 -3.122367132241484211e-01 1.000000000000000000e+00 1.000000000000000021e-08 -1.734952528328253529e-01 -4.784865607512494567e-01
-1.734952528328253529e-01 -4.784865607512494567e-01 2.000000000000000000e+00 1.000000000000000021e-08 -3.420150947279349540e-01 -1.685198418951096011e+00
-3.420150947279349540e-01 -1.685198418951096011e+00 0.000000000000000000e+00 1.000000000000000021e-08 -4.891968577590304346e-01 -1.471817630310955138e+00
-4.891968577590304346e-01 -1.471817630310955138e+00 0.000000000000000000e+00 1.000000000000000021e-08 -6.412955415085559441e-01 -1.520986837495255539e+00
-6.412955415085559441e-01 -1.520986837495255539e+00 0.000000000000000000e+00 1.000000000000000021e-08 -8.319551776512723595e-01 -1.906596361427164155e+00
-8.319551776512723595e-01 -1.906596361427164155e+00 2.000000000000000000e+00 1.000000000000000021e-08 -1.197211646748945757e+00 -3.652564690976732642e+00
-1.197211646748945757e+00 -3.652564690976732642e+00 1.000000000000000000e+00 9.999000000000000110e-01 -1.570796326794896558e+00 -4.968134314437810062e+00
-3.895947577864308092e-02 5.792682354671645217e-02 0.000000000000000000e+00 1.000000000000000021e-08 6.571762871670308592e-02 1.046771044953461516e+00
6.571762871670308592e-02 1.046771044953461516e+00 2.000000000000000000e+00 1.000000000000000021e-08 9.174862090585723939e-02 2.603099218915415625e-01
9.174862090585723939e-02 2.603099218915415625e-01 2.000000000000000000e+00 1.000000000000000021e-08 3.736116844061273395e-02 -5.438745246524450128e-01
3.736116844061273395e-02 -5.438745246524450128e-01 1.000000000000000000e+00 1.000000000000000021e-08 -1.268169332684441347e-02 -5.004286176745714743e-01
-1.268169332684441347e-02 -5.004286176745714743e-01 2.000000000000000000e+00 1.000000000000000021e-08 -1.616338639267609345e-01 -1.489521705999165224e+00
-1.616338639267609345e-01 -1.489521705999165224e+00 0.000000000000000000e+00 1.000000000000000021e-08 -2.673569134222291699e-01 -1.057230494954682465e+00
-2.673569134222291699e-01 -1.057230494954682465e+00 0.000000000000000000e+00 1.000000000000000021e-08 -3.380810812781254171e-01 -7.072416785589623611e-01
-3.380810812781254171e-01 -7.072416785589623611e-01 2.000000000000000000e+00 1.000000000000000021e-08 -5.543606719955118667e-01 -2.162795907173864940e+00
-5.543606719955118667e-01 -2.162795907173864940e+00 1.000000000000000000e+00 1.000000000000000021e-08 -8.404517374249999007e-01 -2.860910654294880118e+00
-8.404517374249999007e-01 -2.860910654294880118e+00 1.000000000000000000e+00 1.000000000000000021e-08 -1.240404926659671503e+00 -3.999531892346714912e+00
-1.240404926659671503e+00 -3.999531892346714912e+00 0.000000000000000000e+00 9.999000000000000110e-01 -1.570796326794896558e+00 -5.000000000000000000e+00
-7.981304664598294629e-02 -9.161829944205959753e-04 0.000000000000000000e+00 1.000000000000000021e-08 -1.397358232614988316e-02 6.583946431983306313e-01
-1.397358232614988316e-02 6.583946431983306313e-01 0.000000000000000000e+00 1.000000000000000021e-08 1.527827293121453156e-01 1.667563116382951627e+00
1.527827293121453156e-01 1.667563116382951627e+00 2.000000000000000000e+00 1.000000000000000021e-08 2.585331253781717464e-01 1.057503960660264308e+00
2.585331253781717464e-01 1.057503960660264308e+00 0.000000000000000000e+00 1.000000000000000021e-08 4.891834897291316708e-01 2.306503643509599133e+00
4.891834897291316708e-01 2.306503643509599133e+00 0.000000000000000000e+00 1.000000000000000021e-08 8.746185037503109161e-01 3.854350140211791675e+00
8.746185037503109161e-01 3.854350140211791675e+00 0.000000000000000000e+00 1.000000000000000021e-08 1.419775509592967833e+00 5.000000000000000000e+00
1.419775509592967833e+00 5.000000000000000000e+00 1.000000000000000000e+00 9.999000000000000110e-01 1.570796326794896558e+00 5.000000000000000000e+00
-1.072907424016584545e-02 5.641029342150252757e-02 0.000000000000000000e+00 1.000000000000000021e-08 7.013554815535599785e-02 8.086462239552184572e-01
7.013554815535599785e-02 8.086462239552184572e-01 2.000000000000000000e+00 1.000000000000000021e-08 6.297227246029275805e-02 -7.163275695063242576e-02
6.297227246029275805e-02 -7.163275695063242576e-02 2.000000000000000000e+00 1.000000000000000021e-08 -1.429721484223209216e-02 -7.726948730252484188e-01
-1.429721484223209216e-02 -7.726948730252484188e-01 2.000000000000000000e+00 1.000000000000000021e-08 -1.761901935127242746e-01 -1.618929786704921714e+00
-1.761901935127242746e-01 -1.618929786704921714e+00 1.000000000000000000e+00 1.000000000000000021e-08 -3.734558091322979223e-01 -1.972656156195736754e+00
-3.734558091322979223e-01 -1.972656156195736754e+00 2.000000000000000000e+00 1.000000000000000021e-08 -6.985401824631574108e-01 -3.250843733308594885e+00
-6.985401824631574108e-01 -3.250843733308594885e+00 1.000000000000000000e+00 1.000000000000000021e-08 -1.126443220781997878e+00 -4.279030383188404230e+00
-1.126443220781997878e+00 -4.279030383188404230e+00 2.000000000000000000e+00 9.999000000000000110e-01 -1.570796326794896558e+00 -5.000000000000000000e+00
5.939116014119880105e-02 3.183243535756875159e-02 1.000000000000000000e+00 1.000000000000000021e-08 7.235574674456317357e-02 1.296458660336436697e-01
7.235574674456317357e-02 1.296458660336436697e-01 0.000000000000000000e+00 1.000000000000000021e-08 1.736889665336106003e-01 1.013332197890474129e+00
1.736889665336106003e-01 1.013332197890474129e+00 0.000000000000000000e+00 1.000000000000000021e-08 3.843641949586162898e-01 2.106752284250056562e+00
3.843641949586162898e-01 2.106752284250056562e+00 2.000000000000000000e+00 1.000000000000000021e-08 5.812374917038932720e-01 1.968732967452769822e+00
5.812374917038932720e-01 1.968732967452769822e+00 2.000000000000000000e+00 1.000000000000000021e-08 8.039643097218320822e-01 2.227268180179388324e+00
8.039643097218320822e-01 2.227268180179388324e+00 0.000000000000000000e+00 1.000000000000000021e-08 1.188764141481908565e+00 3.847998317600764828e+00
1.188764141481908565e+00 3.847998317600764828e+00 2.000000000000000000e+00 9.999000000000000110e-01 1.570796326794896558e+00 4.840709035802868598e+00
7.291886861034843625e-02 3.946938773215006441e-02 1.000000000000000000e+00 1.000000000000000021e-08 7.605108323089543321e-02 3.132214620546991402e-02
7.605108323089543321e-02 3.132214620546991402e-02 2.000000000000000000e+00 1.000000000000000021e-08 -1.299296380136594209e-03 -7.735037961103202742e-01
-1.299296380136594209e-03 -7.735037961103202742e-01 1.000000000000000000e+00 1.000000000000000021e-08 -6.876828248993276105e-02 -6.746898610979616961e-01
-6.876828248993276105e-02 -6.746898610979616961e-01 0.000000000000000000e+00 1.000000000000000021e-08 -7.593161221518003601e-02 -7.163329725247280511e-02
-7.593161221518003601e-02 -7.163329725247280511e-02 1.000000000000000000e+00 1.000000000000000021e-08 -9.913120871783241694e-02 -2.319959650265237816e-01
-9.913120871783241694e-02 -2.319959650265237816e-01 1.000000000000000000e+00 1.000000000000000021e-08 -1.564293854830106634e-01 -5.729817676517825475e-01
-1.564293854830106634e-01 -5.729817676517825475e-01 2.000000000000000000e+00 1.000000000000000021e-08 -3.101221536212807051e-01 -1.536927681382699973e+00
-3.101221536212807051e-01 -1.536927681382699973e+00 0.000000000000000000e+00 1.000000000000000021e-08 -4.210343440239555091e-01 -1.109121904026748151e+00
-4.210343440239555091e-01 -1.109121904026748151e+00 0.000000000000000000e+00 1.000000000000000021e-08 -5.341488324969992929e-01 -1.131144884730438172e+00
-5.341488324969992929e-01 -1.131144884730438172e+00 1.000000000000000000e+00 1.000000000000000021e-08 -7.378833238719268994e-01 -2.037344913749276287e+00
-7.378833238719268994e-01 -2.037344913749276287e+00 2.000000000000000000e+00 1.000000000000000021e-08 -1.094697365653342969e+00 -3.568140417814161136e+00
-1.094697365653342969e+00 -3.568140417814161136e+00 1.000000000000000000e+00 9.999000000000000110e-01 -1.570796326794896558e+00 -4.827168671574927572e+00
4.666552898314328679e-02 3.598130526672452256e-02 1.000000000000000000e+00 1.000000000000000021e-08 4.207353229838729780e-02 -4.591996684755991764e-02
4.207353229838729780e-02 -4.591996684755991764e-02 2.000000000000000000e+00 1.000000000000000021e-08 -4.547801794700530309e-02 -8.755155024539259534e-01
-4.547801794700530309e-02 -8.755155024539259534e-01 0.000000000000000000e+00 1.000000000000000021e-08 -3.570973978312061425e-02 9.768278163884691612e-02
-3.570973978312061425e-02 9.768278163884691612e-02 2.000000000000000000e+00 1.000000000000000021e-08 -1.196110182144264900e-01 -8.390127843130587015e-01
-1.196110182144264900e-01 -8.390127843130587015e-01 1.000000000000000000e+00 1.000000000000000021e-08 -2.103495330024644505e-01 -9.073851478803796056e-01
-2.103495330024644505e-01 -9.073851478803796056e-01 2.000000000000000000e+00 1.000000000000000021e-08 -4.264647816258833046e-01 -2.161152486234188430e+00
-4.264647816258833046e-01 -2.161152486234188430e+00 1.000000000000000000e+00 1.000000000000000021e-08 -7.178715298556002100e-01 -2.914067482297169054e+00
-7.178715298556002100e-01 -2.914067482297169054e+00 2.000000000000000000e+00 1.000000000000000021e-08 -1.164523568104128159e+00 -4.466520382485279939e+00
-1.164523568104128159e+00 -4.466520382485279939e+00 2.000000000000000000e+00 9.999000000000000110e-01 -1.570796326794896558e+00 -5.000000000000000000e+00
-4.711214176346247007e-02 -1.901110646378849009e-02 2.000000000000000000e+00 1.000000000000000021e-08 -1.317916889628127919e-01 -8.467954719935033570e-01
-1.317916889628127919e-01 -8.467954719935033570e-01 0.000000000000000000e+00 1.000000000000000021e-08 -1.672882242836616351e-01 -3.549653532084883212e-01
-1.672882242836616351e-01 -3.549653532084883212e-01 0.000000000000000000e+00 1.000000000000000021e-08 -1.514012384912396258e-01 1.588698579242200370e-01
-1.514012384912396258e-01 1.588698579242200370e-01 2.000000000000000000e+00 1.000000000000000021e-08 -2.324269081235598999e-01 -8.102566963232027408e-01
-2.324269081235598999e-01 -8.102566963232027408e-01 0.000000000000000000e+00 1.000000000000000021e-08 -2.599080189849999334e-01 -2.748111086144000570e-01
-2.599080189849999334e-01 -2.748111086144000570e-01 2.000000000000000000e+00 1.000000000000000021e-08 -4.305033998122573813e-01 -1.705953808272574701e+00
-4.305033998122573813e-01 -1.705953808272574701e+00 2.000000000000000000e+00 1.000000000000000021e-08 -7.398049873176426594e-01 -3.093015875053852781e+00
-7.398049873176426594e-01 -3.093015875053852781e+00 0.000000000000000000e+00 1.000000000000000021e-08 -1.099368994752397022e+00 -3.595640074347543624e+00
-1.099368994752397022e+00 -3.595640074347543624e+00 1.000000000000000000e+00 9.999000000000000110e-01 -1.570796326794896558e+00 -4.856720762674880731e+00
-3.432103736671596877e-02 -1.141128827223373936e-02 2.000000000000000000e+00 1.000000000000000021e-08 -1.122507653598389665e-01 -7.792972799312299914e-01
-1.122507653598389665e-01 -7.792972799312299914e-01 0.000000000000000000e+00 1.000000000000000021e-08 -1.201415908491699214e-01 -7.890825489330954845e-02
-1.201415908491699214e-01 -7.890825489330954845e-02 2.000000000000000000e+00 1.000000000000000021e-08 -2.527906483411578309e-01 -1.326490574919878762e+00
-2.527906483411578309e-01 -1.326490574919878762e+00 2.000000000000000000e+00 1.000000000000000021e-08 -5.083042255256295938e-01 -2.555135771844717407e+00
-5.083042255256295938e-01 -2.555135771844717407e+00 1.000000000000000000e+00 1.000000000000000021e-08 -8.432303894530834842e-01 -3.349261639274538016e+00
-8.432303894530834842e-01 -3.349261639274538016e+00 1.000000000000000000e+00 1.000000000000000021e-08 -1.292216226420440872e+00 -4.489858369673574323e+00
-1.292216226420440872e+00 -4.489858369673574323e+00 1.000000000000000000e+00 9.999000000000000110e-01 -1.570796326794896558e+00 -5.000000000000000000e+00
-5.024760572093008026e-02 -7.726398895816873058e-02 0.000000000000000000e+00 1.000000000000000021e-08 2.059075739812588068e-02 7.083836311905595817e-01
2.059075739812588068e-02 7.083836311905595817e-01 0.000000000000000000e+00 1.000000000000000021e-08 2.000111755489506482e-01 1.794204181508247675e+00
