6.246374440597007860e-02 -2.681568544231124201e-03 0.000000000000000000e+00 1.000000000000000021e-08 1.457415319292617029e-01 8.327778752329161316e-01
1.457415319292617029e-01 8.327778752329161316e-01 1.000000000000000000e+00 1.000000000000000021e-08 2.497237260307383355e-01 1.039821941014766438e+00
2.497237260307383355e-01 1.039821941014766438e+00 1.000000000000000000e+00 1.000000000000000021e-08 4.115308167830532549e-01 1.618070907523148749e+00
4.115308167830532549e-01 1.618070907523148749e+00 0.000000000000000000e+00 1.000000000000000021e-08 7.191743218555159967e-01 3.076435050724627640e+00
7.191743218555159967e-01 3.076435050724627640e+00 2.000000000000000000e+00 1.000000000000000021e-08 1.055740779280381236e+00 3.365664574248652841e+00
1.055740779280381236e+00 3.365664574248652841e+00 2.000000000000000000e+00 1.000000000000000021e-08 1.479494667820191456e+00 4.237538885398102195e+00
1.479494667820191456e+00 4.237538885398102195e+00 2.000000000000000000e+00 9.999000000000000110e-01 1.570796326794896558e+00 5.000000000000000000e+00
3.600759113680650214e-02 6.213517394591822757e-02 0.000000000000000000e+00 1.000000000000000021e-08 1.482876432318078197e-01 1.122800520950012926e+00
1.482876432318078197e-01 1.122800520950012926e+00 0.000000000000000000e+00 1.000000000000000021e-08 3.886837128858328105e-01 2.403960696540250019e+00
3.886837128858328105e-01 2.403960696540250019e+00 1.000000000000000000e+00 1.000000000000000021e-08 6.976459555455024608e-01 3.089622426596696059e+00
6.976459555455024608e-01 3.089622426596696059e+00 2.000000000000000000e+00 1.000000000000000021e-08 1.049702051581445250e+00 3.520560960359429004e+00
1.049702051581445250e+00 3.520560960359429004e+00 1.000000000000000000e+00 1.000000000000000021e-08 1.527000509814961937e+00 4.772984582335165982e+00
1.527000509814961937e+00 4.772984582335165982e+00 2.000000000000000000e+00 9.999000000000000110e-01 1.570796326794896558e+00 5.000000000000000000e+00
4.277508325324973215e-02 3.018047323134064042e-02 0.000000000000000000e+00 1.000000000000000021e-08 1.261156586442084282e-01 8.334057539095869327e-01
1.261156586442084282e-01 8.334057539095869327e-01 1.000000000000000000e+00 1.000000000000000021e-08 2.273515651027065432e-01 1.012359064584980928e+00
2.273515651027065432e-01 1.012359064584980928e+00 0.000000000000000000e+00 1.000000000000000021e-08 4.475117057684868671e-01 2.201601406657803128e+00
4.475117057684868671e-01 2.201601406657803128e+00 0.000000000000000000e+00 1.000000000000000021e-08 8.189874375746604152e-01 3.714757318061735258e+00
8.189874375746604152e-01 3.714757318061735258e+00 2.000000000000000000e+00 1.000000000000000021e-08 1.232661193892500062e+00 4.136737563178395582e+00
1.232661193892500062e+00 4.136737563178395582e+00 1.000000000000000000e+00 9.999000000000000110e-01 1.570796326794896558e+00 5.000000000000000000e+00
-1.155135507444897576e-02 3.989454191630281005e-02 0.000000000000000000e+00 1.000000000000000021e-08 9.552563478524117579e-02 1.070769898596901415e+00
9.552563478524117579e-02 1.070769898596901415e+00 2.000000000000000000e+00 1.000000000000000021e-08 1.163883726559529069e-01 2.086273787071173391e-01
1.163883726559529069e-01 2.086273787071173391e-01 0.000000000000000000e+00 1.000000000000000021e-08 2.512965758517946013e-01 1.349082031958417138e+00
2.512965758517946013e-01 1.349082031958417138e+00 0.000000000000000000e+00 1.000000000000000021e-08 5.032233311105678286e-01 2.519267552587732606e+00
5.032233311105678286e-01 2.519267552587732606e+00 1.000000000000000000e+00 1.000000000000000021e-08 8.361965259217216673e-01 3.329731948111537498e+00
8.361965259217216673e-01 3.329731948111537498e+00 2.000000000000000000e+00 1.000000000000000021e-08 1.231446397213344479e+00 3.952498712916226786e+00
1.231446397213344479e+00 3.952498712916226786e+00 0.000000000000000000e+00 9.999000000000000110e-01 1.570796326794896558e+00 5.000000000000000000e+00
-4.669719999457347392e-02 7.465294926286072941e-04 1.000000000000000000e+00 1.000000000000000021e-08 -4.811095461213268920e-02 -1.413754617559215797e-02
-4.811095461213268920e-02 -1.413754617559215797e-02 1.000000000000000000e+00 1.000000000000000021e-08 -6.620380107952018867e-02 -1.809284646738750224e-01
-6.620380107952018867e-02 -1.809284646738750224e-01 2.000000000000000000e+00 1.000000000000000021e-08 -1.989380479211197983e-01 -1.327342468415996013e+00
-1.989380479211197983e-01 -1.327342468415996013e+00 0.000000000000000000e+00 1.000000000000000021e-08 -2.762090565770924377e-01 -7.727100865597261725e-01
-2.762090565770924377e-01 -7.727100865597261725e-01 1.000000000000000000e+00 1.000000000000000021e-08 -4.078192000403308981e-01 -1.316101434632384937e+00
-4.078192000403308981e-01 -1.316101434632384937e+00 0.000000000000000000e+00 1.000000000000000021e-08 -5.239333473100151739e-01 -1.161141472696843202e+00
-5.239333473100151739e-01 -1.161141472696843202e+00 2.000000000000000000e+00 1.000000000000000021e-08 -8.011043704253715259e-01 -2.771710231153562631e+00
-8.011043704253715259e-01 -2.771710231153562631e+00 1.000000000000000000e+00 1.000000000000000021e-08 -1.185801476662503795e+00 -3.846971062371323136e+00
-1.185801476662503795e+00 -3.846971062371323136e+00 1.000000000000000000e+00 9.999000000000000110e-01 -1.570796326794896558e+00 -5.000000000000000000e+00
-1.336237300331506728e-02 -1.294506048355295418e-02 1.000000000000000000e+00 1.000000000000000021e-08 -1.738062314125696922e-02 -4.018250137941903333e-02
-1.738062314125696922e-02 -4.018250137941903333e-02 1.000000000000000000e+00 1.000000000000000021e-08 -2.985559827471703093e-02 -1.247497513346005893e-01
-2.985559827471703093e-02 -1.247497513346005893e-01 2.000000000000000000e+00 1.000000000000000021e-08 -1.345933640933214825e-01 -1.047377658186044336e+00
-1.345933640933214825e-01 -1.047377658186044336e+00 1.000000000000000000e+00 1.000000000000000021e-08 -2.596073380396885510e-01 -1.250139739463670630e+00
-2.596073380396885510e-01 -1.250139739463670630e+00 0.000000000000000000e+00 1.000000000000000021e-08 -3.340822936480835059e-01 -7.447495560839497708e-01
-3.340822936480835059e-01 -7.447495560839497708e-01 1.000000000000000000e+00 1.000000000000000021e-08 -4.587919040191861253e-01 -1.247096103711026194e+00
-4.587919040191861253e-01 -1.247096103711026194e+00 1.000000000000000000e+00 1.000000000000000021e-08 -6.570771453623314162e-01 -1.982852413431453353e+00
-6.570771453623314162e-01 -1.982852413431453353e+00 0.000000000000000000e+00 1.000000000000000021e-08 -8.968116366211629220e-01 -2.397344912588315502e+00
-8.968116366211629220e-01 -2.397344912588315502e+00 0.000000000000000000e+00 1.000000000000000021e-08 -1.208485280872503731e+00 -3.116736442513407646e+00
-1.208485280872503731e+00 -3.116736442513407646e+00 0.000000000000000000e+00 9.999000000000000110e-01 -1.570796326794896558e+00 -4.228742716609771968e+00
-7.832972638380852892e-02 -3.105395021976975478e-02 2.000000000000000000e+00 1.000000000000000021e-08 -1.897973990190466864e-01 -1.114676726352381575e+00
-1.897973990190466864e-01 -1.114676726352381575e+00 0.000000000000000000e+00 1.000000000000000021e-08 -2.516212205557029069e-01 -6.182382153665622049e-01
-2.516212205557029069e-01 -6.182382153665622049e-01 1.000000000000000000e+00 1.000000000000000021e-08 -3.452788158883691727e-01 -9.365759533266628800e-01
-3.452788158883691727e-01 -9.365759533266628800e-01 2.000000000000000000e+00 1.000000000000000021e-08 -5.783465102863099006e-01 -2.330676943979407056e+00
-5.783465102863099006e-01 -2.330676943979407056e+00 1.000000000000000000e+00 1.000000000000000021e-08 -9.065130648530226321e-01 -3.281665545667126427e+00
-9.065130648530226321e-01 -3.281665545667126427e+00 1.000000000000000000e+00 1.000000000000000021e-08 -1.348523849965770349e+00 -4.420107851127476728e+00
-1.348523849965770349e+00 -4.420107851127476728e+00 0.000000000000000000e+00 9.999000000000000110e-01 -1.570796326794896558e+00 -5.000000000000000000e+00
-2.040873335437961428e-02 -8.103105745900217316e-02 2.000000000000000000e+00 1.000000000000000021e-08 -1.302969461530117390e-01 -1.098882127986321233e+00
-1.302969461530117390e-01 -1.098882127986321233e+00 0.000000000000000000e+00 1.000000000000000021e-08 -1.726206030747788889e-01 -4.232365692176713878e-01
-1.726206030747788889e-01 -4.232365692176713878e-01 2.000000000000000000e+00 1.000000000000000021e-08 -3.240502420459174804e-01 -1.514296389711385915e+00
-3.240502420459174804e-01 -1.514296389711385915e+00 2.000000000000000000e+00 1.000000000000000021e-08 -6.058935908789739866e-01 -2.818433488330564174e+00
-6.058935908789739866e-01 -2.818433488330564174e+00 1.000000000000000000e+00 1.000000000000000021e-08 -9.812661316012514234e-01 -3.753725407222774813e+00
-9.812661316012514234e-01 -3.753725407222774813e+00 1.000000000000000000e+00 1.000000000000000021e-08 -1.475274545969557760e+00 -4.940084143683062479e+00
-1.475274545969557760e+00 -4.940084143683062479e+00 2.000000000000000000e+00 9.999000000000000110e-01 -1.570796326794896558e+00 -5.000000000000000000e+00
7.135393516322496854e-02 4.925236225525665701e-02 2.000000000000000000e+00 1.000000000000000021e-08 -6.282682292156727133e-03 -7.763661745538169567e-01
-6.282682292156727133e-03 -7.763661745538169567e-01 0.000000000000000000e+00 1.000000000000000021e-08 -5.721322361481417755e-03 5.613599306753092044e-03
-5.721322361481417755e-03 5.613599306753092044e-03 2.000000000000000000e+00 1.000000000000000021e-08 -9.495912750729293417e-02 -8.923780514581151069e-01
-9.495912750729293417e-02 -8.923780514581151069e-01 0.000000000000000000e+00 1.000000000000000021e-08 -1.021455651221710448e-01 -7.186437614878105062e-02
-1.021455651221710448e-01 -7.186437614878105062e-02 2.000000000000000000e+00 1.000000000000000021e-08 -2.213189766329076158e-01 -1.191734115107365710e+00
-2.213189766329076158e-01 -1.191734115107365710e+00 2.000000000000000000e+00 1.000000000000000021e-08 -4.519544299505384721e-01 -2.306354533176308674e+00
-4.519544299505384721e-01 -2.306354533176308674e+00 2.000000000000000000e+00 1.000000000000000021e-08 -8.290302303728481759e-01 -3.770758004223096815e+00
-8.290302303728481759e-01 -3.770758004223096815e+00 2.000000000000000000e+00 1.000000000000000021e-08 -1.372665969441469347e+00 -5.000000000000000000e+00
-1.372665969441469347e+00 -5.000000000000000000e+00 0.000000000000000000e+00 9.999000000000000110e-01 -1.570796326794896558e+00 -5.000000000000000000e+00
6.542980945644503998e-02 -4.542228900014944060e-02 1.000000000000000000e+00 1.000000000000000021e-08 7.825324213487597214e-02 1.282343267843092383e-01
7.825324213487597214e-02 1.282343267843092383e-01 2.000000000000000000e+00 1.000000000000000021e-08 2.239879352932451495e-02 -5.585444860555145441e-01
2.239879352932451495e-02 -5.585444860555145441e-01 1.000000000000000000e+00 1.000000000000000021e-08 -4.234234710376344468e-02 -6.474114063308795686e-01
-4.234234710376344468e-02 -6.474114063308795686e-01 2.000000000000000000e+00 1.000000000000000021e-08 -1.892716129751956522e-01 -1.469292658714322020e+00
-1.892716129751956522e-01 -1.469292658714322020e+00 0.000000000000000000e+00 1.000000000000000021e-08 -2.696644816402013478e-01 -8.039286866500569007e-01
-2.696644816402013478e-01 -8.039286866500569007e-01 1.000000000000000000e+00 1.000000000000000021e-08 -3.985791669484017863e-01 -1.289146853082004274e+00
-3.985791669484017863e-01 -1.289146853082004274e+00 1.000000000000000000e+00 1.000000000000000021e-08 -5.831344105570794856e-01 -1.845552436086777437e+00
-5.831344105570794856e-01 -1.845552436086777437e+00 1.000000000000000000e+00 1.000000000000000021e-08 -8.566730152860843051e-01 -2.735386047290047973e+00
-8.566730152860843051e-01 -2.735386047290047973e+00 2.000000000000000000e+00 1.000000000000000021e-08 -1.289789564688124557e+00 -4.331165494020401852e+00
-1.289789564688124557e+00 -4.331165494020401852e+00 1.000000000000000000e+00 9.999000000000000110e-01 -1.570796326794896558e+00 -5.000000000000000000e+00
2.298140506027002150e-02 -4.473230260528458097e-02 0.000000000000000000e+00 1.000000000000000021e-08 9.636504180177940526e-02 7.338363674150938376e-01
9.636504180177940526e-02 7.338363674150938376e-01 2.000000000000000000e+00 1.000000000000000021e-08 1.129797618156822836e-01 1.661472001390288389e-01
1.129797618156822836e-01 1.661472001390288389e-01 0.000000000000000000e+00 1.000000000000000021e-08 2.288543572065862008e-01 1.158745953909039006e+00
2.288543572065862008e-01 1.158745953909039006e+00 2.000000000000000000e+00 1.000000000000000021e-08 3.100478867358393842e-01 8.119352952925316114e-01
3.100478867358393842e-01 8.119352952925316114e-01 1.000000000000000000e+00 1.000000000000000021e-08 4.487960950964824947e-01 1.387482083606430994e+00
4.487960950964824947e-01 1.387482083606430994e+00 1.000000000000000000e+00 1.000000000000000021e-08 6.472433303687576966e-01 1.984472352722752131e+00
6.472433303687576966e-01 1.984472352722752131e+00 0.000000000000000000e+00 1.000000000000000021e-08 9.991498928549745751e-01 3.519065624862168562e+00
9.991498928549745751e-01 3.519065624862168562e+00 1.000000000000000000e+00 1.000000000000000021e-08 1.477729208556521456e+00 4.785793157015467258e+00
1.477729208556521456e+00 4.785793157015467258e+00 0.000000000000000000e+00 9.999000000000000110e-01 1.570796326794896558e+00 5.000000000000000000e+00
3.808545038519997594e-02 6.374352111289863232e-02 0.000000000000000000e+00 1.000000000000000021e-08 1.405043249263618899e-01 1.024188745411618973e+00
1.405043249263618899e-01 1.024188745411618973e+00 2.000000000000000000e+00 1.000000000000000021e-08 1.922140728727181613e-01 5.170974794635627703e-01
1.922140728727181613e-01 5.170974794635627703e-01 1.000000000000000000e+00 1.000000000000000021e-08 2.704705645228996924e-01 7.825649165018151443e-01
2.704705645228996924e-01 7.825649165018151443e-01 0.000000000000000000e+00 1.000000000000000021e-08 4.709492443701978059e-01 2.004786798472981246e+00
4.709492443701978059e-01 2.004786798472981246e+00 2.000000000000000000e+00 1.000000000000000021e-08 6.539703030719804522e-01 1.830210587017826240e+00
6.539703030719804522e-01 1.830210587017826240e+00 2.000000000000000000e+00 1.000000000000000021e-08 8.560486819509789402e-01 2.020783788789984214e+00
8.560486819509789402e-01 2.020783788789984214e+00 2.000000000000000000e+00 1.000000000000000021e-08 1.111734388768707005e+00 2.556857068177280645e+00
1.111734388768707005e+00 2.556857068177280645e+00 1.000000000000000000e+00 1.000000000000000021e-08 1.495561451787413620e+00 3.838270630187064825e+00
1.495561451787413620e+00 3.838270630187064825e+00 2.000000000000000000e+00 9.999000000000000110e-01 1.570796326794896558e+00 5.000000000000000000e+00
-6.108889592946699365e-02 -2.907934877929076872e-02 2.000000000000000000e+00 1.000000000000000021e-08 -1.710806702485845876e-01 -1.099917743191175967e+00
-1.710806702485845876e-01 -1.099917743191175967e+00 2.000000000000000000e+00 1.000000000000000021e-08 -3.954142003072094735e-01 -2.243335300586248859e+00
-3.954142003072094735e-01 -2.243335300586248859e+00 0.000000000000000000e+00 1.000000000000000021e-08 -5.886186543053337772e-01 -1.932044539981242703e+00
-5.886186543053337772e-01 -1.932044539981242703e+00 2.000000000000000000e+00 1.000000000000000021e-08 -9.351892931325751501e-01 -3.465706388272413285e+00
-9.351892931325751501e-01 -3.465706388272413285e+00 2.000000000000000000e+00 1.000000000000000021e-08 -1.447535421496472630e+00 -5.000000000000000000e+00
-1.447535421496472630e+00 -5.000000000000000000e+00 2.000000000000000000e+00 9.999000000000000110e-01 -1.570796326794896558e+00 -5.000000000000000000e+00
2.378831956911712717e-02 4.311679170866818123e-02 1.000000000000000000e+00 1.000000000000000021e-08 2.849333103089902314e-02 4.705011461781897358e-02
2.849333103089902314e-02 4.705011461781897358e-02 2.000000000000000000e+00 1.000000000000000021e-08 -5.354842067928174826e-02 -8.204175171018076584e-01
-5.354842067928174826e-02 -8.204175171018076584e-01 1.000000000000000000e+00 1.000000000000000021e-08 -1.364724884493413726e-01 -8.292406777005962848e-01
-1.364724884493413726e-01 -8.292406777005962848e-01 2.000000000000000000e+00 1.000000000000000021e-08 -3.344778476661788291e-01 -1.980053592168374177e+00
-3.344778476661788291e-01 -1.980053592168374177e+00 1.000000000000000000e+00 1.000000000000000021e-08 -5.834144821536977332e-01 -2.489366344875188819e+00
-5.834144821536977332e-01 -2.489366344875188819e+00 2.000000000000000000e+00 1.000000000000000021e-08 -9.777586229976642507e-01 -3.943441408439665619e+00
-9.777586229976642507e-01 -3.943441408439665619e+00 2.000000000000000000e+00 1.000000000000000021e-08 -1.534463731833603628e+00 -5.000000000000000000e+00
-1.534463731833603628e+00 -5.000000000000000000e+00 1.000000000000000000e+00 9.999000000000000110e-01 -1.570796326794896558e+00 -5.000000000000000000e+00
5.380677282021302521e-03 6.302060120860816794e-02 1.000000000000000000e+00 1.000000000000000021e-08 6.757518056868964951e-03 1.376840774847662430e-02
6.757518056868964951e-03 1.376840774847662430e-02 1.000000000000000000e+00 1.000000000000000021e-08 -1.999355662719567994e-03 -8.756873719588532945e-02
-1.999355662719567994e-03 -8.756873719588532945e-02 0.000000000000000000e+00 1.000000000000000021e-08 9.309484846685056603e-02 9.509420412957012569e-01
9.309484846685056603e-02 9.509420412957012569e-01 0.000000000000000000e+00 1.000000000000000021e-08 3.007246042551794396e-01 2.076297557883288736e+00
3.007246042551794396e-01 2.076297557883288736e+00 1.000000000000000000e+00 1.000000000000000021e-08 5.445613729408939063e-01 2.438367686857144889e+00
5.445613729408939063e-01 2.438367686857144889e+00 0.000000000000000000e+00 1.000000000000000021e-08 9.524251447573595097e-01 4.078637718164655368e+00
9.524251447573595097e-01 4.078637718164655368e+00 1.000000000000000000e+00 1.000000000000000021e-08 1.475740090583610886e+00 5.000000000000000000e+00
1.475740090583610886e+00 5.000000000000000000e+00 1.000000000000000000e+00 9.999000000000000110e-01 1.570796326794896558e+00 5.000000000000000000e+00
9.312870847283973019e-03 7.667836602723646089e-03 0.000000000000000000e+00 1.000000000000000021e-08 1.073786459893391332e-01 9.806577514205516710e-01
1.073786459893391332e-01 9.806577514205516710e-01 2.000000000000000000e+00 1.000000000000000021e-08 1.187713701083743245e-01 1.139272411903519133e-01
1.187713701083743245e-01 1.139272411903519133e-01 2.000000000000000000e+00 1.000000000000000021e-08 7.768261695529082855e-02 -4.108875315308350151e-01
7.768261695529082855e-02 -4.108875315308350151e-01 1.000000000000000000e+00 1.000000000000000021e-08 4.114907764215944286e-02 -3.653353931313138570e-01
4.114907764215944286e-02 -3.653353931313138570e-01 1.000000000000000000e+00 1.000000000000000021e-08 -4.117363254875272549e-03 -4.526644089703471541e-01
-4.117363254875272549e-03 -4.526644089703471541e-01 1.000000000000000000e+00 1.000000000000000021e-08 -4.161509514760308726e-02 -3.749773189272781471e-01
-4.161509514760308726e-02 -3.749773189272781471e-01 1.000000000000000000e+00 1.000000000000000021e-08 -1.029083752640810867e-01 -6.129328011647798835e-01
-1.029083752640810867e-01 -6.129328011647798835e-01 0.000000000000000000e+00 1.000000000000000021e-08 -1.106046393329796762e-01 -7.696264068898583943e-02
-1.106046393329796762e-01 -7.696264068898583943e-02 1.000000000000000000e+00 1.000000000000000021e-08 -1.540243192868289424e-01 -4.341967995384925505e-01
-1.540243192868289424e-01 -4.341967995384925505e-01 2.000000000000000000e+00 1.000000000000000021e-08 -3.249444102384319577e-01 -1.709200909516030098e+00
-3.249444102384319577e-01 -1.709200909516030098e+00 0.000000000000000000e+00 1.000000000000000021e-08 -4.636095993850373187e-01 -1.386651891466053277e+00
-4.636095993850373187e-01 -1.386651891466053277e+00 1.000000000000000000e+00 1.000000000000000021e-08 -6.859662918048778923e-01 -2.223566924198405736e+00
-6.859662918048778923e-01 -2.223566924198405736e+00 0.000000000000000000e+00 1.000000000000000021e-08 -9.539871720007471190e-01 -2.680208801958691822e+00
-9.539871720007471190e-01 -2.680208801958691822e+00 2.000000000000000000e+00 1.000000000000000021e-08 -1.391668438272212427e+00 -4.376812662714653079e+00
-1.391668438272212427e+00 -4.376812662714653079e+00 2.000000000000000000e+00 9.999000000000000110e-01 -1.570796326794896558e+00 -5.000000000000000000e+00
-4.398736052133493668e-02 3.092933206020893888e-02 0.000000000000000000e+00 1.000000000000000021e-08 5.586716714211335810e-02 9.985452766344828923e-01
5.586716714211335810e-02 9.985452766344828923e-01 1.000000000000000000e+00 1.000000000000000021e-08 1.810511067537305951e-01 1.251839396116172454e+00
1.810511067537305951e-01 1.251839396116172454e+00 1.000000000000000000e+00 1.000000000000000021e-08 3.275414580817180843e-01 1.464903513279874669e+00
3.275414580817180843e-01 1.464903513279874669e+00 0.000000000000000000e+00 1.000000000000000021e-08 6.218858350750620101e-01 2.943443769933439036e+00
6.218858350750620101e-01 2.943443769933439036e+00 2.000000000000000000e+00 1.000000000000000021e-08 9.464715220748808333e-01 3.245856869998188010e+00
9.464715220748808333e-01 3.245856869998188010e+00 2.000000000000000000e+00 1.000000000000000021e-08 1.336551449892699805e+00 3.900799278178189056e+00
1.336551449892699805e+00 3.900799278178189056e+00 2.000000000000000000e+00 9.999000000000000110e-01 1.570796326794896558e+00 5.000000000000000000e+00
-5.208501901053536054e-02 8.466921583899804371e-02 2.000000000000000000e+00 1.000000000000000021e-08 -1.556405321317699264e-01 -1.035555131212345659e+00
-1.556405321317699264e-01 -1.035555131212345659e+00 1.000000000000000000e+00 1.000000000000000021e-08 -2.808755830328661385e-01 -1.252350509010962121e+00
-2.808755830328661385e-01 -1.252350509010962121e+00 2.000000000000000000e+00 1.000000000000000021e-08 -5.346985479562704757e-01 -2.538229649234042817e+00
-5.346985479562704757e-01 -2.538229649234042817e+00 1.000000000000000000e+00 1.000000000000000021e-08 -8.781538908972876811e-01 -3.434553429410171166e+00
-8.781538908972876811e-01 -3.434553429410171166e+00 2.000000000000000000e+00 1.000000000000000021e-08 -1.382338569958753371e+00 -5.000000000000000000e+00
-1.382338569958753371e+00 -5.000000000000000000e+00 1.000000000000000000e+00 9.999000000000000110e-01 -1.570796326794896558e+00 -5.000000000000000000e+00
6.379736703875568682e-02 -2.062570451069705574e-02 1.000000000000000000e+00 1.000000000000000021e-08 6.667152378416883740e-02 2.874156745413148500e-02
6.667152378416883740e-02 2.874156745413148500e-02 2.000000000000000000e+00 1.000000000000000021e-08 -9.075856731097523000e-03 -7.574738051526634930e-01
-9.075856731097523000e-03 -7.574738051526634930e-01 2.000000000000000000e+00 1.000000000000000021e-08 -1.732503406408892332e-01 -1.641744839097917019e+00
-1.732503406408892332e-01 -1.641744839097917019e+00 2.000000000000000000e+00 1.000000000000000021e-08 -4.517638220640844970e-01 -2.785134814231952305e+00
-4.517638220640844970e-01 -2.785134814231952305e+00 2.000000000000000000e+00 1.000000000000000021e-08 -8.602870694026947263e-01 -4.085232473386101404e+00
-8.602870694026947263e-01 -4.085232473386101404e+00 2.000000000000000000e+00 1.000000000000000021e-08 -1.416912650707131238e+00 -5.000000000000000000e+00
-1.416912650707131238e+00 -5.000000000000000000e+00 1.000000000000000000e+00 9.999000000000000110e-01 -1.570796326794896558e+00 -5.000000000000000000e+00
-2.388623239536552534e-02 7.762130687298764153e-02 1.000000000000000000e+00 1.000000000000000021e-08 -2.381366914226274931e-02 7.256325310277533802e-04
-2.381366914226274931e-02 7.256325310277533802e-04 1.000000000000000000e+00 1.000000000000000021e-08 -2.509768565665460374e-02 -1.284016514391855129e-02
-2.509768565665460374e-02 -1.284016514391855129e-02 0.000000000000000000e+00 1.000000000000000021e-08 6.413025252835734269e-02 8.922793818501193464e-01
6.413025252835734269e-02 8.922793818501193464e-01 2.000000000000000000e+00 1.000000000000000021e-08 6.705926209471585464e-02 2.929009566358509176e-02
6.705926209471585464e-02 2.929009566358509176e-02 0.000000000000000000e+00 1.000000000000000021e-08 1.526700838549651384e-01 8.561082176024927826e-01
1.526700838549651384e-01 8.561082176024927826e-01 1.000000000000000000e+00 1.000000000000000021e-08 2.482995255911588928e-01 9.562944173619374322e-01
2.482995255911588928e-01 9.562944173619374322e-01 2.000000000000000000e+00 1.000000000000000021e-08 3.068435117918427713e-01 5.854398620068388404e-01
3.068435117918427713e-01 5.854398620068388404e-01 0.000000000000000000e+00 1.000000000000000021e-08 4.904818102719218920e-01 1.836382984800791096e+00
4.904818102719218920e-01 1.836382984800791096e+00 0.000000000000000000e+00 1.000000000000000021e-08 8.236612649726272606e-01 3.331794547007053353e+00
8.236612649726272606e-01 3.331794547007053353e+00 0.000000000000000000e+00 1.000000000000000021e-08 1.308620624884567984e+00 4.849593599119407905e+00
1.308620624884567984e+00 4.849593599119407905e+00 1.000000000000000000e+00 9.999000000000000110e-01 1.570796326794896558e+00 5.000000000000000000e+00
5.866458334076242453e-02 -3.319736747968166785e-03 0.000000000000000000e+00 1.000000000000000021e-08 1.469468165592797970e-01 8.828223321851736971e-01
1.469468165592797970e-01 8.828223321851736971e-01 0.000000000000000000e+00 1.000000000000000021e-08 3.628214937364386827e-01 2.158746771771588691e+00
3.628214937364386827e-01 2.158746771771588691e+00 2.000000000000000000e+00 1.000000000000000021e-08 5.473395743537771141e-01 1.845180806173384536e+00
5.473395743537771141e-01 1.845180806173384536e+00 2.000000000000000000e+00 1.000000000000000021e-08 7.294784416175164043e-01 1.821388672637392681e+00
7.294784416175164043e-01 1.821388672637392681e+00 1.000000000000000000e+00 1.000000000000000021e-08 1.023356628691222570e+00 2.938781870737062096e+00
1.023356628691222570e+00 2.938781870737062096e+00 1.000000000000000000e+00 1.000000000000000021e-08 1.438973693130300546e+00 4.156170644390779323e+00
1.438973693130300546e+00 4.156170644390779323e+00 1.000000000000000000e+00 9.999000000000000110e-01 1.570796326794896558e+00 5.000000000000000000e+00
5.246531458249986679e-02 -3.868467028928591900e-02 0.000000000000000000e+00 1.000000000000000021e-08 1.494613616420468472e-01 9.699604705954697481e-01
1.494613616420468472e-01 9.699604705954697481e-01 2.000000000000000000e+00 1.000000000000000021e-08 1.932118625735020356e-01 4.375050093145519403e-01
1.932118625735020356e-01 4.375050093145519403e-01 1.000000000000000000e+00 1.000000000000000021e-08 2.802702301655516370e-01 8.705836759204960140e-01
2.802702301655516370e-01 8.705836759204960140e-01 2.000000000000000000e+00 1.000000000000000021e-08 3.293199392701908756e-01 4.904970910463926081e-01
3.293199392701908756e-01 4.904970910463926081e-01 2.000000000000000000e+00 1.000000000000000021e-08 3.358087544019808801e-01 6.488815131790004465e-02
3.358087544019808801e-01 6.488815131790004465e-02 0.000000000000000000e+00 1.000000000000000021e-08 4.914499039172610662e-01 1.556411495152801860e+00
4.914499039172610662e-01 1.556411495152801860e+00 0.000000000000000000e+00 1.000000000000000021e-08 7.970716240757094173e-01 3.056217201584482623e+00
7.970716240757094173e-01 3.056217201584482623e+00 1.000000000000000000e+00 1.000000000000000021e-08 1.201939096170832499e+00 4.048674720951229489e+00
1.201939096170832499e+00 4.048674720951229489e+00 0.000000000000000000e+00 9.999000000000000110e-01 1.570796326794896558e+00 5.000000000000000000e+00
3.205239243290193552e-02 6.174155492420840829e-02 0.000000000000000000e+00 1.000000000000000021e-08 1.245398845069835975e-01 9.248749207408165640e-01
1.245398845069835975e-01 9.248749207408165640e-01 0.000000000000000000e+00 1.000000000000000021e-08 3.192276716392773994e-01 1.946877871322937992e+00
3.192276716392773994e-01 1.946877871322937992e+00 1.000000000000000000e+00 1.000000000000000021e-08 5.690474150456714675e-01 2.498197434063940126e+00
5.690474150456714675e-01 2.498197434063940126e+00 2.000000000000000000e+00 1.000000000000000021e-08 8.400861636098280183e-01 2.710387485641565508e+00
8.400861636098280183e-01 2.710387485641565508e+00 0.000000000000000000e+00 1.000000000000000021e-08 1.284521109003343486e+00 4.444349453935155125e+00
1.284521109003343486e+00 4.444349453935155125e+00 2.000000000000000000e+00 9.999000000000000110e-01 1.570796326794896558e+00 5.000000000000000000e+00
3.705075440859141589e-02 1.842522137961908474e-02 1.000000000000000000e+00 1.000000000000000021e-08 2.882608567730845714e-02 -8.224668731282958056e-02
2.882608567730845714e-02 -8.224668731282958056e-02 0.000000000000000000e+00 1.000000000000000021e-08 1.090177671522420261e-01 8.019168147493356269e-01
1.090177671522420261e-01 8.019168147493356269e-01 0.000000000000000000e+00 1.000000000000000021e-08 2.830073609651785893e-01 1.739895938129365494e+00
2.830073609651785893e-01 1.739895938129365494e+00 1.000000000000000000e+00 1.000000000000000021e-08 4.894407672661784670e-01 2.064334063009998665e+00
4.894407672661784670e-01 2.064334063009998665e+00 1.000000000000000000e+00 1.000000000000000021e-08 7.659348906114831212e-01 2.764941233453046543e+00
7.659348906114831212e-01 2.764941233453046543e+00 1.000000000000000000e+00 1.000000000000000021e-08 1.144987517635610574e+00 3.790526270241274531e+00
1.144987517635610574e+00 3.790526270241274531e+00 1.000000000000000000e+00 9.999000000000000110e-01 1.570796326794896558e+00 5.000000000000000000e+00
1.962028783079291724e-02 -6.040297177614548096e-02 1.000000000000000000e+00 1.000000000000000021e-08 2.233924259051031647e-02 2.718954759717399916e-02
2.233924259051031647e-02 2.718954759717399916e-02 1.000000000000000000e+00 1.000000000000000021e-08 4.178565607636888779e-02 1.944641348585856577e-01
4.178565607636888779e-02 1.944641348585856577e-01 0.000000000000000000e+00 1.000000000000000021e-08 1.427472709525588745e-01 1.009616148761899757e+00
1.427472709525588745e-01 1.009616148761899757e+00 0.000000000000000000e+00 1.000000000000000021e-08 3.592154938115547091e-01 2.164682228589958513e+00
3.592154938115547091e-01 2.164682228589958513e+00 2.000000000000000000e+00 1.000000000000000021e-08 5.466612469016768339e-01 1.874457530901220803e+00
5.466612469016768339e-01 1.874457530901220803e+00 2.000000000000000000e+00 1.000000000000000021e-08 7.424321482842307640e-01 1.957709013825539301e+00
7.424321482842307640e-01 1.957709013825539301e+00 0.000000000000000000e+00 1.000000000000000021e-08 1.096669013339205634e+00 3.542368650549749809e+00
1.096669013339205634e+00 3.542368650549749809e+00 0.000000000000000000e+00 9.999000000000000110e-01 1.570796326794896558e+00 5.000000000000000000e+00
-4.889406926211394694e-02 3.807986853817543760e-02 2.000000000000000000e+00 1.000000000000000021e-08 -1.299642272273807964e-01 -8.107015796526683138e-01
-1.299642272273807964e-01 -8.107015796526683138e-01 0.000000000000000000e+00 1.000000000000000021e-08 -1.395497933803492852e-01 -9.585566152968494347e-02
-1.395497933803492852e-01 -9.585566152968494347e-02 2.000000000000000000e+00 1.000000000000000021e-08 -2.538703738170164925e-01 -1.143205804366671963e+00
-2.538703738170164925e-01 -1.143205804366671963e+00 2.000000000000000000e+00 1.000000000000000021e-08 -5.103531210973719645e-01 -2.564827472803554720e+00
-5.103531210973719645e-01 -2.564827472803554720e+00 1.000000000000000000e+00 1.000000000000000021e-08 -8.542666081930767596e-01 -3.439134870957047063e+00
-8.542666081930767596e-01 -3.439134870957047063e+00 0.000000000000000000e+00 1.000000000000000021e-08 -1.247059533103288764e+00 -3.927929249102120490e+00
-1.247059533103288764e+00 -3.927929249102120490e+00 0.000000000000000000e+00 9.999000000000000110e-01 -1.570796326794896558e+00 -5.000000000000000000e+00
6.162863791268166636e-02 8.246277133853201213e-02 1.000000000000000000e+00 1.000000000000000021e-08 7.275441830381290664e-02 1.112578039113123335e-01
7.275441830381290664e-02 1.112578039113123335e-01 0.000000000000000000e+00 1.000000000000000021e-08 1.684180060981221305e-01 9.566358779430923498e-01
1.684180060981221305e-01 9.566358779430923498e-01 1.000000000000000000e+00 1.000000000000000021e-08 3.037436756869997811e-01 1.353256695888776395e+00
3.037436756869997811e-01 1.353256695888776395e+00 0.000000000000000000e+00 1.000000000000000021e-08 5.847023520657994577e-01 2.809586763787995878e+00
5.847023520657994577e-01 2.809586763787995878e+00 2.000000000000000000e+00 1.000000000000000021e-08 8.927571339907809378e-01 3.080547819249815245e+00
8.927571339907809378e-01 3.080547819249815245e+00 0.000000000000000000e+00 1.000000000000000021e-08 1.370507283238147744e+00 4.777501492473668065e+00
1.370507283238147744e+00 4.777501492473668065e+00 2.000000000000000000e+00 9.999000000000000110e-01 1.570796326794896558e+00 5.000000000000000000e+00
6.321647415740129505e-02 -4.508452002302672235e-02 2.000000000000000000e+00 1.000000000000000021e-08 -2.612131385294817754e-02 -8.933778801034946149e-01
-2.612131385294817754e-02 -8.933778801034946149e-01 2.000000000000000000e+00 1.000000000000000021e-08 -1.952621289658645898e-01 -1.691408151129163873e+00
-1.952621289658645898e-01 -1.691408151129163873e+00 2.000000000000000000e+00 1.000000000000000021e-08 -4.891979777763373893e-01 -2.939358488104727662e+00
-4.891979777763373893e-01 -2.939358488104727662e+00 1.000000000000000000e+00 1.000000000000000021e-08 -8.404984374610109388e-01 -3.513004596846734717e+00
-8.404984374610109388e-01 -3.513004596846734717e+00 2.000000000000000000e+00 1.000000000000000021e-08 -1.362481888357781390e+00 -5.000000000000000000e+00
-1.362481888357781390e+00 -5.000000000000000000e+00 1.000000000000000000e+00 9.999000000000000110e-01 -1.570796326794896558e+00 -5.000000000000000000e+00
1.755791036258566931e-02 2.210328445696472036e-02 0.000000000000000000e+00 1.000000000000000021e-08 9.770751402438945799e-02 8.014960366180378104e-01
9.770751402438945799e-02 8.014960366180378104e-01 0.000000000000000000e+00 1.000000000000000021e-08 2.669741865802151004e-01 1.692666725558255925e+00
2.669741865802151004e-01 1.692666725558255925e+00 2.000000000000000000e+00 1.000000000000000021e-08 4.035898921886542645e-01 1.366157056084391863e+00
4.035898921886542645e-01 1.366157056084391863e+00 0.000000000000000000e+00 1.000000000000000021e-08 6.852065052326159478e-01 2.816166130439616389e+00
6.852065052326159478e-01 2.816166130439616389e+00 0.000000000000000000e+00 1.000000000000000021e-08 1.115677047051156556e+00 4.304705418185404753e+00
1.115677047051156556e+00 4.304705418185404753e+00 1.000000000000000000e+00 9.999000000000000110e-01 1.570796326794896558e+00 5.000000000000000000e+00
3.390291500690180426e-02 7.344410630074843516e-02 2.000000000000000000e+00 1.000000000000000021e-08 -4.560082864890288579e-02 -7.950374365580468172e-01
-4.560082864890288579e-02 -7.950374365580468172e-01 0.000000000000000000e+00 1.000000000000000021e-08 -3.707083039561727411e-02 8.529998253285608900e-02
-3.707083039561727411e-02 8.529998253285608900e-02 1.000000000000000000e+00 1.000000000000000021e-08 -3.732917975558830426e-02 -2.583493599710273703e-03
-3.732917975558830426e-02 -2.583493599710273703e-03 2.000000000000000000e+00 1.000000000000000021e-08 -1.459158620986205634e-01 -1.085866823430322370e+00
-1.459158620986205634e-01 -1.085866823430322370e+00 1.000000000000000000e+00 1.000000000000000021e-08 -2.925390017178086111e-01 -1.466231396191880476e+00
-2.925390017178086111e-01 -1.466231396191880476e+00 0.000000000000000000e+00 1.000000000000000021e-08 -4.032637669812749737e-01 -1.107247652634663293e+00
-4.032637669812749737e-01 -1.107247652634663293e+00 1.000000000000000000e+00 1.000000000000000021e-08 -5.861778608753085429e-01 -1.829140938940335914e+00
-5.861778608753085429e-01 -1.829140938940335914e+00 2.000000000000000000e+00 1.000000000000000021e-08 -9.209559706207108842e-01 -3.347781097454023858e+00
-9.209559706207108842e-01 -3.347781097454023858e+00 0.000000000000000000e+00 1.000000000000000021e-08 -1.325792163552462322e+00 -4.048361929317513486e+00
-1.325792163552462322e+00 -4.048361929317513486e+00 0.000000000000000000e+00 9.999000000000000110e-01 -1.570796326794896558e+00 -5.000000000000000000e+00
-3.337544068674164893e-02 6.123422343835692450e-02 2.000000000000000000e+00 1.000000000000000021e-08 -1.277098561309914504e-01 -9.433441544424978620e-01
-1.277098561309914504e-01 -9.433441544424978620e-01 0.000000000000000000e+00 1.000000000000000021e-08 -1.512575845795377238e-01 -2.354772844854627900e-01
-1.512575845795377238e-01 -2.354772844854627900e-01 1.000000000000000000e+00 1.000000000000000021e-08 -1.869508323652932513e-01 -3.569324778575551083e-01
-1.869508323652932513e-01 -3.569324778575551083e-01 0.000000000000000000e+00 1.000000000000000021e-08 -1.725607932869699379e-01 1.439003907832330231e-01
-1.725607932869699379e-01 1.439003907832330231e-01 1.000000000000000000e+00 1.000000000000000021e-08 -2.024625457909312864e-01 -2.990175250396134299e-01
-2.024625457909312864e-01 -2.990175250396134299e-01 0.000000000000000000e+00 1.000000000000000021e-08 -1.950391424495918902e-01 7.423403341339390726e-02
-1.950391424495918902e-01 7.423403341339390726e-02 0.000000000000000000e+00 1.000000000000000021e-08 -1.454521010880713838e-01 4.958704136152049524e-01
-1.454521010880713838e-01 4.958704136152049524e-01 1.000000000000000000e+00 1.000000000000000021e-08 -1.283377213251191695e-01 1.711437976295221430e-01
-1.283377213251191695e-01 1.711437976295221430e-01 0.000000000000000000e+00 1.000000000000000021e-08 -4.298784667730767839e-02 8.534987464781148558e-01
-4.298784667730767839e-02 8.534987464781148558e-01 0.000000000000000000e+00 1.000000000000000021e-08 1.188433399124148304e-01 1.618311865897225088e+00
1.188433399124148304e-01 1.618311865897225088e+00 2.000000000000000000e+00 1.000000000000000021e-08 2.026915676174689818e-01 8.384822770505415690e-01
2.026915676174689818e-01 8.384822770505415690e-01 1.000000000000000000e+00 1.000000000000000021e-08 3.129663384095937029e-01 1.102747707921247322e+00
3.129663384095937029e-01 1.102747707921247322e+00 1.000000000000000000e+00 1.000000000000000021e-08 4.811969925451806684e-01 1.682306541355869323e+00
4.811969925451806684e-01 1.682306541355869323e+00 2.000000000000000000e+00 1.000000000000000021e-08 6.391736096708512394e-01 1.579766171256705487e+00
6.391736096708512394e-01 1.579766171256705487e+00 1.000000000000000000e+00 1.000000000000000021e-08 8.830341655114929411e-01 2.438605558406417018e+00
8.830341655114929411e-01 2.438605558406417018e+00 0.000000000000000000e+00 1.000000000000000021e-08 1.299860624612973581e+00 4.168264591014805731e+00
1.299860624612973581e+00 4.168264591014805731e+00 1.000000000000000000e+00 9.999000000000000110e-01 1.570796326794896558e+00 5.000000000000000000e+00
-3.984710026558673651e-02 7.429407367585584565e-02 1.000000000000000000e+00 1.000000000000000021e-08 -3.614610871989371033e-02 3.700991545693024104e-02
-3.614610871989371033e-02 3.700991545693024104e-02 0.000000000000000000e+00 1.000000000000000021e-08 4.304410349211365561e-02 7.919021221200736038e-01
4.304410349211365561e-02 7.919021221200736038e-01 0.000000000000000000e+00 1.000000000000000021e-08 2.020334355389533099e-01 1.589893320468396487e+00
2.020334355389533099e-01 1.589893320468396487e+00 1.000000000000000000e+00 1.000000000000000021e-08 3.873406187100567610e-01 1.853071831711034623e+00
3.873406187100567610e-01 1.853071831711034623e+00 0.000000000000000000e+00 1.000000000000000021e-08 7.295529919841590161e-01 3.422123732741021662e+00
7.295529919841590161e-01 3.422123732741021662e+00 1.000000000000000000e+00 1.000000000000000021e-08 1.174607875563900672e+00 4.450548835797416558e+00
1.174607875563900672e+00 4.450548835797416558e+00 2.000000000000000000e+00 9.999000000000000110e-01 1.570796326794896558e+00 5.000000000000000000e+00
-1.098672044079380961e-03 -2.762727572115252286e-02 1.000000000000000000e+00 1.000000000000000021e-08 -1.573962090104565059e-02 -1.464094885696626824e-01
-1.573962090104565059e-02 -1.464094885696626824e-01 0.000000000000000000e+00 1.000000000000000021e-08 3.987298415035679666e-02 5.561260505140244170e-01
3.987298415035679666e-02 5.561260505140244170e-01 1.000000000000000000e+00 1.000000000000000021e-08 9.502810182980336862e-02 5.515511767944656363e-01
9.502810182980336862e-02 5.515511767944656363e-01 2.000000000000000000e+00 1.000000000000000021e-08 8.934297039785624173e-02 -5.685131431947121339e-02
8.934297039785624173e-02 -5.685131431947121339e-02 1.000000000000000000e+00 1.000000000000000021e-08 1.007093359355051981e-01 1.136636553764895641e-01
1.007093359355051981e-01 1.136636553764895641e-01 0.000000000000000000e+00 1.000000000000000021e-08 2.113993662497402060e-01 1.106900303142350106e+00
2.113993662497402060e-01 1.106900303142350106e+00 1.000000000000000000e+00 1.000000000000000021e-08 3.534275193446544394e-01 1.420281530949141890e+00
3.534275193446544394e-01 1.420281530949141890e+00 0.000000000000000000e+00 1.000000000000000021e-08 6.490900735886551143e-01 2.956625542440006083e+00
6.490900735886551143e-01 2.956625542440006083e+00 2.000000000000000000e+00 1.000000000000000021e-08 9.584654644330923290e-01 3.093753908444372591e+00
9.584654644330923290e-01 3.093753908444372591e+00 2.000000000000000000e+00 1.000000000000000021e-08 1.350410102111643029e+00 3.919446376785506558e+00
1.350410102111643029e+00 3.919446376785506558e+00 1.000000000000000000e+00 9.999000000000000110e-01 1.570796326794896558e+00 5.000000000000000000e+00
5.176144521307272234e-02 -8.656823987542394683e-02 1.000000000000000000e+00 1.000000000000000021e-08 5.237507752845158016e-02 6.136323153788592055e-03
5.237507752845158016e-02 6.136323153788592055e-03 1.000000000000000000e+00 1.000000000000000021e-08 7.641047319746009647e-02 2.403539566900851354e-01
7.641047319746009647e-02 2.403539566900851354e-01 1.000000000000000000e+00 1.000000000000000021e-08 1.215852395323211710e-01 4.517476633486107729e-01
1.215852395323211710e-01 4.517476633486107729e-01 2.000000000000000000e+00 1.000000000000000021e-08 8.643134664890844698e-02 -3.515389288341272400e-01
8.643134664890844698e-02 -3.515389288341272400e-01 2.000000000000000000e+00 1.000000000000000021e-08 -1.100468746277176446e-02 -9.743603411168020312e-01
-1.100468746277176446e-02 -9.743603411168020312e-01 1.000000000000000000e+00 1.000000000000000021e-08 -1.142490326402762629e-01 -1.032443451775044929e+00
-1.142490326402762629e-01 -1.032443451775044929e+00 2.000000000000000000e+00 1.000000000000000021e-08 -3.285141164047971629e-01 -2.142650837645208917e+00
-3.285141164047971629e-01 -2.142650837645208917e+00 1.000000000000000000e+00 1.000000000000000021e-08 -6.035086638925792890e-01 -2.749945474877821816e+00
-6.035086638925792890e-01 -2.749945474877821816e+00 1.000000000000000000e+00 1.000000000000000021e-08 -9.533586212811326899e-01 -3.498499573885533565e+00
-9.533586212811326899e-01 -3.498499573885533565e+00 2.000000000000000000e+00 1.000000000000000021e-08 -1.461045856386649300e+00 -5.000000000000000000e+00
-1.461045856386649300e+00 -5.000000000000000000e+00 1.000000000000000000e+00 9.999000000000000110e-01 -1.570796326794896558e+00 -5.000000000000000000e+00
1.509550393649812527e-03 8.658563873506086583e-02 1.000000000000000000e+00 1.000000000000000021e-08 -6.094157497985312928e-03 -7.603707891635125282e-02
-6.094157497985312928e-03 -7.603707891635125282e-02 1.000000000000000000e+00 1.000000000000000021e-08 -2.655904299784064143e-02 -2.046488549985532868e-01
-2.655904299784064143e-02 -2.046488549985532868e-01 1.000000000000000000e+00 1.000000000000000021e-08 -5.188232101411468372e-02 -2.532327801627404229e-01
-5.188232101411468372e-02 -2.532327801627404229e-01 2.000000000000000000e+00 1.000000000000000021e-08 -1.706454506922490399e-01 -1.187631296781343604e+00
-1.706454506922490399e-01 -1.187631296781343604e+00 2.000000000000000000e+00 1.000000000000000021e-08 -3.957960574967484546e-01 -2.251506068044994091e+00
-3.957960574967484546e-01 -2.251506068044994091e+00 0.000000000000000000e+00 1.000000000000000021e-08 -5.921378979490248273e-01 -1.963418404522764282e+00
-5.921378979490248273e-01 -1.963418404522764282e+00 1.000000000000000000e+00 1.000000000000000021e-08 -8.843656383497622286e-01 -2.922277404007373569e+00
-8.843656383497622286e-01 -2.922277404007373569e+00 1.000000000000000000e+00 1.000000000000000021e-08 -1.282299412493665081e+00 -3.979337741439029408e+00
-1.282299412493665081e+00 -3.979337741439029408e+00 0.000000000000000000e+00 9.999000000000000110e-01 -1.570796326794896558e+00 -5.000000000000000000e+00
3.012230693212269994e-02 9.994033121708319894e-03 0.000000000000000000e+00 1.000000000000000021e-08 1.178120751819344836e-01 8.768976824981178364e-01
1.178120751819344836e-01 8.768976824981178364e-01 2.000000000000000000e+00 1.000000000000000021e-08 1.272892160433624631e-01 9.477140861427990615e-02
1.272892160433624631e-01 9.477140861427990615e-02 1.000000000000000000e+00 1.000000000000000021e-08 1.566842481659642683e-01 2.939503212260179965e-01
1.566842481659642683e-01 2.939503212260179965e-01 1.000000000000000000e+00 1.000000000000000021e-08 2.043721746338767464e-01 4.768792646791247813e-01
2.043721746338767464e-01 4.768792646791247813e-01 1.000000000000000000e+00 1.000000000000000021e-08 2.989452208038035907e-01 9.457304616992682211e-01
2.989452208038035907e-01 9.457304616992682211e-01 0.000000000000000000e+00 1.000000000000000021e-08 5.124664127335427644e-01 2.135211919297391514e+00
5.124664127335427644e-01 2.135211919297391514e+00 2.000000000000000000e+00 1.000000000000000021e-08 7.265879376347275098e-01 2.141215249011847011e+00
7.265879376347275098e-01 2.141215249011847011e+00 2.000000000000000000e+00 1.000000000000000021e-08 9.749986683786090458e-01 2.484107307438815582e+00
9.749986683786090458e-01 2.484107307438815582e+00 1.000000000000000000e+00 1.000000000000000021e-08 1.345607845082580356e+00 3.706091767039712437e+00
1.345607845082580356e+00 3.706091767039712437e+00 1.000000000000000000e+00 9.999000000000000110e-01 1.570796326794896558e+00 5.000000000000000000e+00
-5.723203837605932154e-02 -5.100115864926800524e-02 1.000000000000000000e+00 1.000000000000000021e-08 -8.050645880561149714e-02 -2.327442042955217283e-01
-8.050645880561149714e-02 -2.327442042955217283e-01 1.000000000000000000e+00 1.000000000000000021e-08 -1.049091764119422787e-01 -2.440271760633077325e-01
-1.049091764119422787e-01 -2.440271760633077325e-01 0.000000000000000000e+00 1.000000000000000021e-08 -5.028862340067304093e-02 5.462055301126923501e-01
-5.028862340067304093e-02 5.462055301126923501e-01 2.000000000000000000e+00 1.000000000000000021e-08 -1.054643216955043483e-01 -5.517569829483129906e-01
-1.054643216955043483e-01 -5.517569829483129906e-01 0.000000000000000000e+00 1.000000000000000021e-08 -9.606765045663653857e-02 9.396671238867815301e-02
-9.606765045663653857e-02 9.396671238867815301e-02 0.000000000000000000e+00 1.000000000000000021e-08 -6.304891972469583994e-03 8.976275848416694902e-01
-6.304891972469583994e-03 8.976275848416694902e-01 1.000000000000000000e+00 1.000000000000000021e-08 8.321739880245650200e-02 8.952229077492608322e-01
8.321739880245650200e-02 8.952229077492608322e-01 2.000000000000000000e+00 1.000000000000000021e-08 9.109036452780866489e-02 7.872965725352165656e-02
9.109036452780866489e-02 7.872965725352165656e-02 0.000000000000000000e+00 1.000000000000000021e-08 1.881909042281907363e-01 9.710053970038206028e-01
1.881909042281907363e-01 9.710053970038206028e-01 0.000000000000000000e+00 1.000000000000000021e-08 4.171082307068099126e-01 2.289173264786191986e+00
4.171082307068099126e-01 2.289173264786191986e+00 0.000000000000000000e+00 1.000000000000000021e-08 7.974174604476325090e-01 3.803092297408226408e+00
7.974174604476325090e-01 3.803092297408226408e+00 0.000000000000000000e+00 1.000000000000000021e-08 1.329547357505428629e+00 5.000000000000000000e+00
1.329547357505428629e+00 5.000000000000000000e+00 2.000000000000000000e+00 9.999000000000000110e-01 1.570796326794896558e+00 5.000000000000000000e+00
-4.126703114492027979e-02 -5.955414972849282923e-02 2.000000000000000000e+00 1.000000000000000021e-08 -1.560823267242142098e-01 -1.148152955792939300e+00
-1.560823267242142098e-01 -1.148152955792939300e+00 2.000000000000000000e+00 1.000000000000000021e-08 -3.952486059733263946e-01 -2.391662792491121792e+00
-3.952486059733263946e-01 -2.391662792491121792e+00 0.000000000000000000e+00 1.000000000000000021e-08 -6.250763912489033514e-01 -2.298277852755769235e+00
-6.250763912489033514e-01 -2.298277852755769235e+00 0.000000000000000000e+00 1.000000000000000021e-08 -8.774418000503314552e-01 -2.523654088014280816e+00
-8.774418000503314552e-01 -2.523654088014280816e+00 2.000000000000000000e+00 1.000000000000000021e-08 -1.290487070445155648e+00 -4.130452703948241044e+00
-1.290487070445155648e+00 -4.130452703948241044e+00 0.000000000000000000e+00 9.999000000000000110e-01 -1.570796326794896558e+00 -5.000000000000000000e+00
-7.469808123268527333e-02 -8.450376589788519133e-02 0.000000000000000000e+00 1.000000000000000021e-08 -1.965915845690928421e-02 5.503892277577598913e-01
-1.965915845690928421e-02 5.503892277577598913e-01 0.000000000000000000e+00 1.000000000000000021e-08 1.366194117842522426e-01 1.562785702411614963e+00
1.366194117842522426e-01 1.562785702411614963e+00 1.000000000000000000e+00 1.000000000000000021e-08 3.088631929517408059e-01 1.722437811674885300e+00
3.088631929517408059e-01 1.722437811674885300e+00 2.000000000000000000e+00 1.000000000000000021e-08 4.446994319664738793e-01 1.358362390147330956e+00
4.446994319664738793e-01 1.358362390147330956e+00 2.000000000000000000e+00 1.000000000000000021e-08 5.789558689792349000e-01 1.342564370127609541e+00
5.789558689792349000e-01 1.342564370127609541e+00 0.000000000000000000e+00 1.000000000000000021e-08 8.649745672275039876e-01 2.860186982482690432e+00
8.649745672275039876e-01 2.860186982482690432e+00 2.000000000000000000e+00 1.000000000000000021e-08 1.219290585039523478e+00 3.543160178120195347e+00
1.219290585039523478e+00 3.543160178120195347e+00 1.000000000000000000e+00 9.999000000000000110e-01 1.570796326794896558e+00 4.933577429078940035e+00
-5.666768113017868480e-02 5.044596034204698598e-02 2.000000000000000000e+00 1.000000000000000021e-08 -1.510185613905734303e-01 -9.435088026039474274e-01
-1.510185613905734303e-01 -9.435088026039474274e-01 2.000000000000000000e+00 1.000000000000000021e-08 -3.548012099448397683e-01 -2.037826485542663324e+00
-3.548012099448397683e-01 -2.037826485542663324e+00 2.000000000000000000e+00 1.000000000000000021e-08 -6.942298673282494281e-01 -3.394286573834095933e+00
-6.942298673282494281e-01 -3.394286573834095933e+00 1.000000000000000000e+00 1.000000000000000021e-08 -1.128001078887850728e+00 -4.337712115596011664e+00
-1.128001078887850728e+00 -4.337712115596011664e+00 1.000000000000000000e+00 9.999000000000000110e-01 -1.570796326794896558e+00 -5.000000000000000000e+00
-7.757900930566706543e-02 -5.987733189500962783e-02 0.000000000000000000e+00 1.000000000000000021e-08 -5.174858943833515745e-03 7.240415036183354136e-01
-5.174858943833515745e-03 7.240415036183354136e-01 2.000000000000000000e+00 1.000000000000000021e-08 -2.453409759810980598e-02 -1.935923865427628954e-01
-2.453409759810980598e-02 -1.935923865427628954e-01 2.000000000000000000e+00 1.000000000000000021e-08 -1.499069009027098331e-01 -1.253728033046000112e+00
-1.499069009027098331e-01 -1.253728033046000112e+00 0.000000000000000000e+00 1.000000000000000021e-08 -2.169009589489460654e-01 -6.699405804623624894e-01
-2.169009589489460654e-01 -6.699405804623624894e-01 1.000000000000000000e+00 1.000000000000000021e-08 -3.368762822575630533e-01 -1.199753233086169990e+00
-3.368762822575630533e-01 -1.199753233086169990e+00 0.000000000000000000e+00 1.000000000000000021e-08 -4.217154040074664323e-01 -8.483912174990337896e-01
-4.217154040074664323e-01 -8.483912174990337896e-01 2.000000000000000000e+00 1.000000000000000021e-08 -6.412087728830915268e-01 -2.194933688756250945e+00
-6.412087728830915268e-01 -2.194933688756250945e+00 2.000000000000000000e+00 1.000000000000000021e-08 -1.025400216976021461e+00 -3.841914440929299346e+00
-1.025400216976021461e+00 -3.841914440929299346e+00 1.000000000000000000e+00 1.000000000000000021e-08 -1.525415206185119832e+00 -5.000000000000000000e+00
-1.525415206185119832e+00 -5.000000000000000000e+00 2.000000000000000000e+00 9.999000000000000110e-01 -1.570796326794896558e+00 -5.000000000000000000e+00
8.174111895340065159e-02 7.171682183608722727e-02 1.000000000000000000e+00 1.000000000000000021e-08 8.728476991981934385e-02 5.543650966418688097e-02
8.728476991981934385e-02 5.543650966418688097e-02 1.000000000000000000e+00 1.000000000000000021e-08 1.142221185020423774e-01 2.693734858222303630e-01
1.142221185020423774e-01 2.693734858222303630e-01 0.000000000000000000e+00 1.000000000000000021e-08 2.329752701424264161e-01 1.187531516403840470e+00
2.329752701424264161e-01 1.187531516403840470e+00 1.000000000000000000e+00 1.000000000000000021e-08 3.803289163761439662e-01 1.473536462337175390e+00
3.803289163761439662e-01 1.473536462337175390e+00 0.000000000000000000e+00 1.000000000000000021e-08 6.617790631929816314e-01 2.814501468168376874e+00
6.617790631929816314e-01 2.814501468168376874e+00 2.000000000000000000e+00 1.000000000000000021e-08 9.719749722977503170e-01 3.101959091047686634e+00
9.719749722977503170e-01 3.101959091047686634e+00 0.000000000000000000e+00 1.000000000000000021e-08 1.442120126842481032e+00 4.701451545447307367e+00
1.442120126842481032e+00 4.701451545447307367e+00 2.000000000000000000e+00 9.999000000000000110e-01 1.570796326794896558e+00 5.000000000000000000e+00
2.952716753615240719e-02 3.361516206867172507e-02 2.000000000000000000e+00 1.000000000000000021e-08 -6.208935530432325989e-02 -9.161652284047565598e-01
-6.208935530432325989e-02 -9.161652284047565598e-01 2.000000000000000000e+00 1.000000000000000021e-08 -2.373582694902650059e-01 -1.752689141859417488e+00
-2.373582694902650059e-01 -1.752689141859417488e+00 1.000000000000000000e+00 1.000000000000000021e-08 -4.435838247086102415e-01 -2.062255552183452245e+00
-4.435838247086102415e-01 -2.062255552183452245e+00 2.000000000000000000e+00 1.000000000000000021e-08 -8.065864992724782745e-01 -3.630026745638680552e+00
-8.065864992724782745e-01 -3.630026745638680552e+00 0.000000000000000000e+00 1.000000000000000021e-08 -1.210387741157287200e+00 -4.038012418848088814e+00
-1.210387741157287200e+00 -4.038012418848088814e+00 1.000000000000000000e+00 9.999000000000000110e-01 -1.570796326794896558e+00 -5.000000000000000000e+00
-3.911724681414895793e-02 -5.966931414284203095e-02 2.000000000000000000e+00 1.000000000000000021e-08 -1.434948886186335482e-01 -1.043776418044845888e+00
-1.434948886186335482e-01 -1.043776418044845888e+00 1.000000000000000000e+00 1.000000000000000021e-08 -2.823982457420955439e-01 -1.389033571234619791e+00
-2.823982457420955439e-01 -1.389033571234619791e+00 1.000000000000000000e+00 1.000000000000000021e-08 -4.543052226956054707e-01 -1.719069769535099157e+00
-4.543052226956054707e-01 -1.719069769535099157e+00 1.000000000000000000e+00 1.000000000000000021e-08 -7.115026170039379094e-01 -2.571973943083324166e+00
-7.115026170039379094e-01 -2.571973943083324166e+00 2.000000000000000000e+00 1.000000000000000021e-08 -1.129082213909607058e+00 -4.175795969056691703e+00
-1.129082213909607058e+00 -4.175795969056691703e+00 0.000000000000000000e+00 9.999000000000000110e-01 -1.570796326794896558e+00 -5.000000000000000000e+00
-7.676443552793275893e-02 -1.407651868310593780e-02 1.000000000000000000e+00 1.000000000000000021e-08 -8.707393360398252291e-02 -1.030949807604976537e-01
-8.707393360398252291e-02 -1.030949807604976537e-01 2.000000000000000000e+00 1.000000000000000021e-08 -1.971958716896592412e-01 -1.101219380856767183e+00
-1.971958716896592412e-01 -1.101219380856767183e+00 0.000000000000000000e+00 1.000000000000000021e-08 -2.534545543664163403e-01 -5.625868267675707690e-01
-2.534545543664163403e-01 -5.625868267675707690e-01 0.000000000000000000e+00 1.000000000000000021e-08 -2.782495878263900879e-01 -2.479503345997371988e-01
-2.782495878263900879e-01 -2.479503345997371988e-01 0.000000000000000000e+00 1.000000000000000021e-08 -2.788884946546162369e-01 -6.389068282261295417e-03
-2.788884946546162369e-01 -6.389068282261295417e-03 0.000000000000000000e+00 1.000000000000000021e-08 -2.547427258138730832e-01 2.414576884074313146e-01
-2.547427258138730832e-01 2.414576884074313146e-01 0.000000000000000000e+00 1.000000000000000021e-08 -1.999473765817276205e-01 5.479534923214546271e-01
-1.999473765817276205e-01 5.479534923214546271e-01 1.000000000000000000e+00 1.000000000000000021e-08 -1.906455382426241463e-01 9.301838339103485342e-02
-1.906455382426241463e-01 9.301838339103485342e-02 2.000000000000000000e+00 1.000000000000000021e-08 -3.098419052378361127e-01 -1.191963669952119442e+00
-3.098419052378361127e-01 -1.191963669952119442e+00 2.000000000000000000e+00 1.000000000000000021e-08 -5.725912756962368011e-01 -2.627493704584006551e+00
-5.725912756962368011e-01 -2.627493704584006551e+00 1.000000000000000000e+00 1.000000000000000021e-08 -9.053848966724228342e-01 -3.327936209761860109e+00
-9.053848966724228342e-01 -3.327936209761860109e+00 2.000000000000000000e+00 1.000000000000000021e-08 -1.397071320012448270e+00 -4.916864233400254136e+00
-1.397071320012448270e+00 -4.916864233400254136e+00 2.000000000000000000e+00 9.999000000000000110e-01 -1.570796326794896558e+00 -5.000000000000000000e+00
-5.447243367019682925e-04 7.603362822247204666e-02 2.000000000000000000e+00 1.000000000000000021e-08 -9.025060366213363827e-02 -8.970587932543166998e-01
-9.025060366213363827e-02 -8.970587932543166998e-01 2.000000000000000000e+00 1.000000000000000021e-08 -2.842289522595256024e-01 -1.939783485973919586e+00
-2.842289522595256024e-01 -1.939783485973919586e+00 2.000000000000000000e+00 1.000000000000000021e-08 -6.167019699185787296e-01 -3.324730176590530828e+00
-6.167019699185787296e-01 -3.324730176590530828e+00 0.000000000000000000e+00 1.000000000000000021e-08 -9.694718094337075875e-01 -3.527698395151287691e+00
-9.694718094337075875e-01 -3.527698395151287691e+00 1.000000000000000000e+00 1.000000000000000021e-08 -1.448750408056561634e+00 -4.792785986228540906e+00
-1.448750408056561634e+00 -4.792785986228540906e+00 1.000000000000000000e+00 9.999000000000000110e-01 -1.570796326794896558e+00 -5.000000000000000000e+00
-7.320898863516006605e-02 8.119740226631717156e-03 2.000000000000000000e+00 1.000000000000000021e-08 -1.856927272606740953e-01 -1.124837386255140403e+00
-1.856927272606740953e-01 -1.124837386255140403e+00 1.000000000000000000e+00 1.000000000000000021e-08 -3.288546349093584009e-01 -1.431619076486842834e+00
-3.288546349093584009e-01 -1.431619076486842834e+00 1.000000000000000000e+00 1.000000000000000021e-08 -5.278661548173292362e-01 -1.990115199079708130e+00
-5.278661548173292362e-01 -1.990115199079708130e+00 0.000000000000000000e+00 1.000000000000000021e-08 -7.280028395156845633e-01 -2.001366846983553049e+00
-7.280028395156845633e-01 -2.001366846983553049e+00 0.000000000000000000e+00 1.000000000000000021e-08 -9.641562851833594960e-01 -2.361534456676749549e+00
-9.641562851833594960e-01 -2.361534456676749549e+00 2.000000000000000000e+00 1.000000000000000021e-08 -1.375620368998982102e+00 -4.114640838156226721e+00
-1.375620368998982102e+00 -4.114640838156226721e+00 0.000000000000000000e+00 9.999000000000000110e-01 -1.570796326794896558e+00 -5.000000000000000000e+00
9.146431881677449804e-03 7.121040745361699453e-02 0.000000000000000000e+00 1.000000000000000021e-08 9.425959551560413041e-02 8.511316363392668061e-01
9.425959551560413041e-02 8.511316363392668061e-01 1.000000000000000000e+00 1.000000000000000021e-08 1.783731529938095695e-01 8.411355747820543627e-01
1.783731529938095695e-01 8.411355747820543627e-01 0.000000000000000000e+00 1.000000000000000021e-08 3.716183577784067382e-01 1.932452047845971466e+00
3.716183577784067382e-01 1.932452047845971466e+00 1.000000000000000000e+00 1.000000000000000021e-08 6.257865467858159114e-01 2.541681890074091399e+00
6.257865467858159114e-01 2.541681890074091399e+00 1.000000000000000000e+00 1.000000000000000021e-08 9.634431428262032471e-01 3.376565960403873135e+00
9.634431428262032471e-01 3.376565960403873135e+00 1.000000000000000000e+00 1.000000000000000021e-08 1.424847434256018897e+00 4.614042914298155829e+00
1.424847434256018897e+00 4.614042914298155829e+00 0.000000000000000000e+00 9.999000000000000110e-01 1.570796326794896558e+00 5.000000000000000000e+00
-1.635631992046337677e-02 6.882361904380615569e-02 0.000000000000000000e+00 1.000000000000000021e-08 7.203330509156234684e-02 8.838962501202571875e-01
7.203330509156234684e-02 8.838962501202571875e-01 0.000000000000000000e+00 1.000000000000000021e-08 2.543145413662711296e-01 1.822812362747087578e+00
2.543145413662711296e-01 1.822812362747087578e+00 1.000000000000000000e+00 1.000000000000000021e-08 4.950730503873973509e-01 2.407585090211262102e+00
4.950730503873973509e-01 2.407585090211262102e+00 0.000000000000000000e+00 1.000000000000000021e-08 8.985407371969593715e-01 4.034676868095619540e+00
8.985407371969593715e-01 4.034676868095619540e+00 1.000000000000000000e+00 1.000000000000000021e-08 1.419347086912684741e+00 5.000000000000000000e+00
1.419347086912684741e+00 5.000000000000000000e+00 1.000000000000000000e+00 9.999000000000000110e-01 1.570796326794896558e+00 5.000000000000000000e+00
6.761195343515757905e-02 -5.160359137915127709e-02 2.000000000000000000e+00 1.000000000000000021e-08 2.816109361356303187e-03 -6.479584407380127864e-01
2.816109361356303187e-03 -6.479584407380127864e-01 1.000000000000000000e+00 1.000000000000000021e-08 -4.541263634934065291e-02 -4.822874571069695193e-01
-4.541263634934065291e-02 -4.822874571069695193e-01 2.000000000000000000e+00 1.000000000000000021e-08 -1.855073833905203917e-01 -1.400947470411797458e+00
-1.855073833905203917e-01 -1.400947470411797458e+00 0.000000000000000000e+00 1.000000000000000021e-08 -2.558647937546121853e-01 -7.035741036409177696e-01
-2.558647937546121853e-01 -7.035741036409177696e-01 0.000000000000000000e+00 1.000000000000000021e-08 -2.944214937472011684e-01 -3.855669999258897196e-01
-2.944214937472011684e-01 -3.855669999258897196e-01 0.000000000000000000e+00 1.000000000000000021e-08 -2.920148188368344444e-01 2.406674910366735087e-02
-2.920148188368344444e-01 2.406674910366735087e-02 2.000000000000000000e+00 1.000000000000000021e-08 -4.263042293407502958e-01 -1.342894105039158070e+00
-4.263042293407502958e-01 -1.342894105039158070e+00 0.000000000000000000e+00 1.000000000000000021e-08 -5.505105580890059525e-01 -1.242063287482556122e+00
-5.505105580890059525e-01 -1.242063287482556122e+00 2.000000000000000000e+00 1.000000000000000021e-08 -8.202037363757862520e-01 -2.696931782867802774e+00
-8.202037363757862520e-01 -2.696931782867802774e+00 1.000000000000000000e+00 1.000000000000000021e-08 -1.205886977040449004e+00 -3.856832406646628186e+00
-1.205886977040449004e+00 -3.856832406646628186e+00 2.000000000000000000e+00 9.999000000000000110e-01 -1.570796326794896558e+00 -5.000000000000000000e+00
-2.345341638304772672e-02 -1.023356382209764277e-02 0.000000000000000000e+00 1.000000000000000021e-08 5.324412770301761855e-02 7.669754408606533902e-01
5.324412770301761855e-02 7.669754408606533902e-01 2.000000000000000000e+00 1.000000000000000021e-08 5.496332695864360879e-02 1.719199255625991629e-02
5.496332695864360879e-02 1.719199255625991629e-02 1.000000000000000000e+00 1.000000000000000021e-08 6.697472625614751818e-02 1.201139929750391355e-01
6.697472625614751818e-02 1.201139929750391355e-01 2.000000000000000000e+00 1.000000000000000021e-08 8.766160177547513421e-03 -5.820856607859999921e-01
8.766160177547513421e-03 -5.820856607859999921e-01 0.000000000000000000e+00 1.000000000000000021e-08 4.541487864561651044e-02 3.664871846806899702e-01
4.541487864561651044e-02 3.664871846806899702e-01 1.000000000000000000e+00 1.000000000000000021e-08 9.978215079121406650e-02 5.436727214559755605e-01
9.978215079121406650e-02 5.436727214559755605e-01 2.000000000000000000e+00 1.000000000000000021e-08 8.370404405511457091e-02 -1.607810673609949559e-01
8.370404405511457091e-02 -1.607810673609949559e-01 2.000000000000000000e+00 1.000000000000000021e-08 -8.017935791444733007e-03 -9.172197984655929837e-01
-8.017935791444733007e-03 -9.172197984655929837e-01 1.000000000000000000e+00 1.000000000000000021e-08 -1.174973791442073395e-01 -1.094794433527626065e+00
-1.174973791442073395e-01 -1.094794433527626065e+00 0.000000000000000000e+00 1.000000000000000021e-08 -1.712689130785082781e-01 -5.377153393430091910e-01
-1.712689130785082781e-01 -5.377153393430091910e-01 2.000000000000000000e+00 1.000000000000000021e-08 -3.552365925215049125e-01 -1.839676794429966122e+00
-3.552365925215049125e-01 -1.839676794429966122e+00 0.000000000000000000e+00 1.000000000000000021e-08 -5.003332232654734701e-01 -1.450966307439685465e+00
-5.003332232654734701e-01 -1.450966307439685465e+00 1.000000000000000000e+00 1.000000000000000021e-08 -7.280997313577312058e-01 -2.277665080922576912e+00
-7.280997313577312058e-01 -2.277665080922576912e+00 2.000000000000000000e+00 1.000000000000000021e-08 -1.116431495715064948e+00 -3.883317643573336753e+00
-1.116431495715064948e+00 -3.883317643573336753e+00 0.000000000000000000e+00 9.999000000000000110e-01 -1.570796326794896558e+00 -4.811215784553057873e+00
-4.791219304167468329e-02 2.172998067646522702e-04 1.000000000000000000e+00 1.000000000000000021e-08 -5.642665933361462605e-02 -8.514466291939942755e-02
-5.642665933361462605e-02 -8.514466291939942755e-02 2.000000000000000000e+00 1.000000000000000021e-08 -1.462904215831952737e-01 -8.986376224958065873e-01
-1.462904215831952737e-01 -8.986376224958065873e-01 2.000000000000000000e+00 1.000000000000000021e-08 -3.528042131884381316e-01 -2.065137916052428579e+00
-3.528042131884381316e-01 -2.065137916052428579e+00 0.000000000000000000e+00 1.000000000000000021e-08 -5.337096648434300761e-01 -1.809054516549919889e+00
-5.337096648434300761e-01 -1.809054516549919889e+00 1.000000000000000000e+00 1.000000000000000021e-08 -7.865013856534410763e-01 -2.527917208100109114e+00
-7.865013856534410763e-01 -2.527917208100109114e+00 0.000000000000000000e+00 1.000000000000000021e-08 -1.090852496781759218e+00 -3.043511111283182302e+00
-1.090852496781759218e+00 -3.043511111283182302e+00 2.000000000000000000e+00 1.000000000000000021e-08 -1.561103893603560389e+00 -4.702513968218012153e+00
-1.561103893603560389e+00 -4.702513968218012153e+00 2.000000000000000000e+00 9.999000000000000110e-01 -1.570796326794896558e+00 -5.000000000000000000e+00
3.098433375769340387e-03 8.909496863760621443e-03 1.000000000000000000e+00 1.000000000000000021e-08 1.307661692235284265e-02 9.978183546583500874e-02
1.307661692235284265e-02 9.978183546583500874e-02 2.000000000000000000e+00 1.000000000000000021e-08 -7.049417165721504064e-02 -8.357078857956787843e-01
-7.049417165721504064e-02 -8.357078857956787843e-01 0.000000000000000000e+00 1.000000000000000021e-08 -7.465498960370504922e-02 -4.160817946490003028e-02
-7.465498960370504922e-02 -4.160817946490003028e-02 1.000000000000000000e+00 1.000000000000000021e-08 -8.349101192479076172e-02 -8.836022321085708342e-02
-8.349101192479076172e-02 -8.836022321085708342e-02 2.000000000000000000e+00 1.000000000000000021e-08 -2.069079146701302829e-01 -1.234169027453395184e+00
-2.069079146701302829e-01 -1.234169027453395184e+00 1.000000000000000000e+00 1.000000000000000021e-08 -3.737088936873739220e-01 -1.668009790172436002e+00
-3.737088936873739220e-01 -1.668009790172436002e+00 2.000000000000000000e+00 1.000000000000000021e-08 -6.888734936390032981e-01 -3.151645999516293539e+00
-6.888734936390032981e-01 -3.151645999516293539e+00 1.000000000000000000e+00 1.000000000000000021e-08 -1.106555842854247906e+00 -4.176823492152445638e+00
-1.106555842854247906e+00 -4.176823492152445638e+00 1.000000000000000000e+00 9.999000000000000110e-01 -1.570796326794896558e+00 -5.000000000000000000e+00
-7.369193797540088409e-02 3.197200801719406876e-02 1.000000000000000000e+00 1.000000000000000021e-08 -9.876550347116416773e-02 -2.507356549576328919e-01
-9.876550347116416773e-02 -2.507356549576328919e-01 2.000000000000000000e+00 1.000000000000000021e-08 -2.371206644289007570e-01 -1.383551609577365893e+00
-2.371206644289007570e-01 -1.383551609577365893e+00 2.000000000000000000e+00 1.000000000000000021e-08 -5.003559980075367175e-01 -2.632353335786359771e+00
-5.003559980075367175e-01 -2.632353335786359771e+00 2.000000000000000000e+00 1.000000000000000021e-08 -9.088047273385206903e-01 -4.084487293309838840e+00
-9.088047273385206903e-01 -4.084487293309838840e+00 1.000000000000000000e+00 1.000000000000000021e-08 -1.430208252149063330e+00 -5.000000000000000000e+00
-1.430208252149063330e+00 -5.000000000000000000e+00 0.000000000000000000e+00 9.999000000000000110e-01 -1.570796326794896558e+00 -5.000000000000000000e+00
1.822306052261201542e-02 -1.359440702002085756e-02 2.000000000000000000e+00 1.000000000000000021e-08 -8.290041876737561100e-02 -1.011234792899876167e+00
-8.290041876737561100e-02 -1.011234792899876167e+00 1.000000000000000000e+00 1.000000000000000021e-08 -1.806633314829640957e-01 -9.776291271558846807e-01
-1.806633314829640957e-01 -9.776291271558846807e-01 2.000000000000000000e+00 1.000000000000000021e-08 -3.847424851261047607e-01 -2.040791536431406872e+00
-3.847424851261047607e-01 -2.040791536431406872e+00 2.000000000000000000e+00 1.000000000000000021e-08 -7.433541279339711538e-01 -3.586116428078663709e+00
-7.433541279339711538e-01 -3.586116428078663709e+00 1.000000000000000000e+00 1.000000000000000021e-08 -1.204603863288150389e+00 -4.612497353541791689e+00
-1.204603863288150389e+00 -4.612497353541791689e+00 2.000000000000000000e+00 9.999000000000000110e-01 -1.570796326794896558e+00 -5.000000000000000000e+00
-5.489792854714707626e-02 -1.086697356897199478e-02 2.000000000000000000e+00 1.000000000000000021e-08 -1.485183557455433123e-01 -9.362042719839622773e-01
-1.485183557455433123e-01 -9.362042719839622773e-01 0.000000000000000000e+00 1.000000000000000021e-08 -1.765307431961681273e-01 -2.801238745062482050e-01
-1.765307431961681273e-01 -2.801238745062482050e-01 2.000000000000000000e+00 1.000000000000000021e-08 -3.102895101767627617e-01 -1.337587669805946344e+00
-3.102895101767627617e-01 -1.337587669805946344e+00 0.000000000000000000e+00 1.000000000000000021e-08 -4.106723223345938867e-01 -1.003828121578311361e+00
-4.106723223345938867e-01 -1.003828121578311361e+00 2.000000000000000000e+00 1.000000000000000021e-08 -6.472333140090955617e-01 -2.365609916745016417e+00
-6.472333140090955617e-01 -2.365609916745016417e+00 0.000000000000000000e+00 1.000000000000000021e-08 -9.081798505758167384e-01 -2.609465365667212211e+00
-9.081798505758167384e-01 -2.609465365667212211e+00 2.000000000000000000e+00 1.000000000000000021e-08 -1.330349756290480467e+00 -4.221699057146635958e+00
-1.330349756290480467e+00 -4.221699057146635958e+00 0.000000000000000000e+00 9.999000000000000110e-01 -1.570796326794896558e+00 -5.000000000000000000e+00
5.524933761768720253e-03 5.969860254671692512e-02 0.000000000000000000e+00 1.000000000000000021e-08 1.032161501835336392e-01 9.769121642176490372e-01
1.032161501835336392e-01 9.769121642176490372e-01 0.000000000000000000e+00 1.000000000000000021e-08 3.187798456180571671e-01 2.155636954345235168e+00
3.187798456180571671e-01 2.155636954345235168e+00 1.000000000000000000e+00 1.000000000000000021e-08 5.950236263202559606e-01 2.762437807021988601e+00
5.950236263202559606e-01 2.762437807021988601e+00 1.000000000000000000e+00 1.000000000000000021e-08 9.479561341093594162e-01 3.529325077891035001e+00
9.479561341093594162e-01 3.529325077891035001e+00 0.000000000000000000e+00 1.000000000000000021e-08 1.456503524873584254e+00 5.000000000000000000e+00
1.456503524873584254e+00 5.000000000000000000e+00 1.000000000000000000e+00 9.999000000000000110e-01 1.570796326794896558e+00 5.000000000000000000e+00
-7.039038304336420193e-02 6.273578951573180462e-02 1.000000000000000000e+00 1.000000000000000021e-08 -8.036871593183300688e-02 -9.978332888468799400e-02
-8.036871593183300688e-02 -9.978332888468799400e-02 2.000000000000000000e+00 1.000000000000000021e-08 -2.065100244582753208e-01 -1.261413085264423195e+00
-2.065100244582753208e-01 -1.261413085264423195e+00 2.000000000000000000e+00 1.000000000000000021e-08 -4.482481636771315503e-01 -2.417381392188562295e+00
-4.482481636771315503e-01 -2.417381392188562295e+00 2.000000000000000000e+00 1.000000000000000021e-08 -8.401751251923081920e-01 -3.919269615151766750e+00
-8.401751251923081920e-01 -3.919269615151766750e+00 1.000000000000000000e+00 1.000000000000000021e-08 -1.337484518345666284e+00 -4.973093931533581369e+00
-1.337484518345666284e+00 -4.973093931533581369e+00 2.000000000000000000e+00 9.999000000000000110e-01 -1.570796326794896558e+00 -5.000000000000000000e+00
-6.441796257350561328e-02 7.695101083973769629e-02 0.000000000000000000e+00 1.000000000000000021e-08 2.488896378127286590e-02 8.930692635477847086e-01
2.488896378127286590e-02 8.930692635477847086e-01 0.000000000000000000e+00 1.000000000000000021e-08 2.137635460325502390e-01 1.888745822512773564e+00
2.137635460325502390e-01 1.888745822512773564e+00 2.000000000000000000e+00 1.000000000000000021e-08 3.359848716113855160e-01 1.222213255788352715e+00
3.359848716113855160e-01 1.222213255788352715e+00 1.000000000000000000e+00 1.000000000000000021e-08 5.154549372674648300e-01 1.794700656560793695e+00
5.154549372674648300e-01 1.794700656560793695e+00 2.000000000000000000e+00 1.000000000000000021e-08 7.106610060829914310e-01 1.952060688155266455e+00
7.106610060829914310e-01 1.952060688155266455e+00 2.000000000000000000e+00 1.000000000000000021e-08 9.401185135154414008e-01 2.294575074324499475e+00
9.401185135154414008e-01 2.294575074324499475e+00 0.000000000000000000e+00 1.000000000000000021e-08 1.329662923129962149e+00 3.895444096145206814e+00
1.329662923129962149e+00 3.895444096145206814e+00 2.000000000000000000e+00 9.999000000000000110e-01 1.570796326794896558e+00 5.000000000000000000e+00
-2.969081816732496021e-03 4.588816476635112357e-02 0.000000000000000000e+00 1.000000000000000021e-08 8.688593356340554297e-02 8.985501538013803691e-01
8.688593356340554297e-02 8.985501538013803691e-01 1.000000000000000000e+00 1.000000000000000021e-08 2.039952158306874153e-01 1.171092822672818778e+00
2.039952158306874153e-01 1.171092822672818778e+00 1.000000000000000000e+00 1.000000000000000021e-08 3.682458652500329999e-01 1.642506494193455735e+00
3.682458652500329999e-01 1.642506494193455735e+00 0.000000000000000000e+00 1.000000000000000021e-08 6.698311726584624815e-01 3.015853074084294594e+00
6.698311726584624815e-01 3.015853074084294594e+00 0.000000000000000000e+00 1.000000000000000021e-08 1.117232765652501847e+00 4.474015929940392766e+00
1.117232765652501847e+00 4.474015929940392766e+00 0.000000000000000000e+00 9.999000000000000110e-01 1.570796326794896558e+00 5.000000000000000000e+00
4.815626368318316752e-02 -6.559763146265155942e-02 2.000000000000000000e+00 1.000000000000000021e-08 -2.915964213836545749e-02 -7.731590582154861391e-01
-2.915964213836545749e-02 -7.731590582154861391e-01 1.000000000000000000e+00 1.000000000000000021e-08 -1.065808429556318881e-01 -7.742120081726642233e-01
-1.065808429556318881e-01 -7.742120081726642233e-01 1.000000000000000000e+00 1.000000000000000021e-08 -2.192495860455360990e-01 -1.126687430899041997e+00
-2.192495860455360990e-01 -1.126687430899041997e+00 1.000000000000000000e+00 1.000000000000000021e-08 -3.518001195011615234e-01 -1.325505334556253967e+00
-3.518001195011615234e-01 -1.325505334556253967e+00 0.000000000000000000e+00 1.000000000000000021e-08 -4.604222827433004928e-01 -1.086221632421389804e+00
-4.604222827433004928e-01 -1.086221632421389804e+00 2.000000000000000000e+00 1.000000000000000021e-08 -7.318120567815672439e-01 -2.713897740382667401e+00
-7.318120567815672439e-01 -2.713897740382667401e+00 0.000000000000000000e+00 1.000000000000000021e-08 -1.048715866424497989e+00 -3.169038096429308116e+00
-1.048715866424497989e+00 -3.169038096429308116e+00 2.000000000000000000e+00 1.000000000000000021e-08 -1.537383006819602160e+00 -4.886671403951041270e+00
