5.862256767514253258e-02 -5.365023823757990307e-02 0.000000000000000000e+00 1.000000000000000021e-08 1.638783007943159231e-01 1.052557331191733780e+00
1.638783007943159231e-01 1.052557331191733780e+00 2.000000000000000000e+00 1.000000000000000021e-08 2.028793682707474011e-01 3.900106747643148353e-01
2.028793682707474011e-01 3.900106747643148353e-01 2.000000000000000000e+00 1.000000000000000021e-08 2.071675211514359682e-01 4.288152880688572699e-02
2.071675211514359682e-01 4.288152880688572699e-02 0.000000000000000000e+00 1.000000000000000021e-08 3.157385129976229554e-01 1.085709918461869705e+00
3.157385129976229554e-01 1.085709918461869705e+00 2.000000000000000000e+00 1.000000000000000021e-08 3.794086483487635331e-01 6.367013535114058875e-01
3.794086483487635331e-01 6.367013535114058875e-01 2.000000000000000000e+00 1.000000000000000021e-08 4.335210285602512648e-01 5.411238021148773170e-01
4.335210285602512648e-01 5.411238021148773170e-01 2.000000000000000000e+00 1.000000000000000021e-08 4.775772146347856961e-01 4.405618607453440916e-01
4.775772146347856961e-01 4.405618607453440916e-01 0.000000000000000000e+00 1.000000000000000021e-08 6.749347314776241724e-01 1.973575168428385318e+00
6.749347314776241724e-01 1.973575168428385318e+00 2.000000000000000000e+00 1.000000000000000021e-08 9.023239481514453431e-01 2.273892166738211262e+00
9.023239481514453431e-01 2.273892166738211262e+00 1.000000000000000000e+00 1.000000000000000021e-08 1.250834271752249816e+00 3.485103236008044281e+00
1.250834271752249816e+00 3.485103236008044281e+00 0.000000000000000000e+00 9.999000000000000110e-01 1.570796326794896558e+00 5.000000000000000000e+00
3.597751594873055403e-02 8.339987578326173157e-02 2.000000000000000000e+00 1.000000000000000021e-08 -4.702808185140205932e-02 -8.300559780013260225e-01
-4.702808185140205932e-02 -8.300559780013260225e-01 0.000000000000000000e+00 1.000000000000000021e-08 -4.162881822079404076e-02 5.399263630608019948e-02
-4.162881822079404076e-02 5.399263630608019948e-02 0.000000000000000000e+00 1.000000000000000021e-08 3.633334450360461293e-02 7.796216272439865369e-01
3.633334450360461293e-02 7.796216272439865369e-01 2.000000000000000000e+00 1.000000000000000021e-08 2.955787684223092071e-02 -6.775467661373690831e-02
2.955787684223092071e-02 -6.775467661373690831e-02 2.000000000000000000e+00 1.000000000000000021e-08 -4.847342614888501544e-02 -7.803130299111592505e-01
-4.847342614888501544e-02 -7.803130299111592505e-01 1.000000000000000000e+00 1.000000000000000021e-08 -1.293641451294054168e-01 -8.089071898052040410e-01
-1.293641451294054168e-01 -8.089071898052040410e-01 2.000000000000000000e+00 1.000000000000000021e-08 -3.141428941812402509e-01 -1.847787490518348230e+00
-3.141428941812402509e-01 -1.847787490518348230e+00 1.000000000000000000e+00 1.000000000000000021e-08 -5.389680643977226016e-01 -2.248251702164823840e+00
-5.389680643977226016e-01 -2.248251702164823840e+00 1.000000000000000000e+00 1.000000000000000021e-08 -8.584919300346673943e-01 -3.195238656369448371e+00
-8.584919300346673943e-01 -3.195238656369448371e+00 2.000000000000000000e+00 1.000000000000000021e-08 -1.348142729227446601e+00 -4.896507991927792958e+00
-1.348142729227446601e+00 -4.896507991927792958e+00 0.000000000000000000e+00 9.999000000000000110e-01 -1.570796326794896558e+00 -5.000000000000000000e+00
3.750336509589011214e-02 -6.720599999240053912e-02 2.000000000000000000e+00 1.000000000000000021e-08 -3.830335985166410939e-02 -7.580672494755421598e-01
-3.830335985166410939e-02 -7.580672494755421598e-01 2.000000000000000000e+00 1.000000000000000021e-08 -2.113097896370407236e-01 -1.730064297853765920e+00
-2.113097896370407236e-01 -1.730064297853765920e+00 0.000000000000000000e+00 1.000000000000000021e-08 -3.434313629258098910e-01 -1.321215732887691452e+00
-3.434313629258098910e-01 -1.321215732887691452e+00 2.000000000000000000e+00 1.000000000000000021e-08 -6.196137326118600352e-01 -2.761823696860500554e+00
-6.196137326118600352e-01 -2.761823696860500554e+00 1.000000000000000000e+00 1.000000000000000021e-08 -9.865971647879390183e-01 -3.669834321760788942e+00
-9.865971647879390183e-01 -3.669834321760788942e+00 2.000000000000000000e+00 1.000000000000000021e-08 -1.510040594799847646e+00 -5.000000000000000000e+00
-1.510040594799847646e+00 -5.000000000000000000e+00 0.000000000000000000e+00 9.999000000000000110e-01 -1.570796326794896558e+00 -5.000000000000000000e+00
-6.689701078012248725e-02 5.684913936012430530e-02 2.000000000000000000e+00 1.000000000000000021e-08 -1.705017830915419863e-01 -1.036047723114194907e+00
-1.705017830915419863e-01 -1.036047723114194907e+00 1.000000000000000000e+00 1.000000000000000021e-08 -2.857267222380789340e-01 -1.152249391465369088e+00
-2.857267222380789340e-01 -1.152249391465369088e+00 2.000000000000000000e+00 1.000000000000000021e-08 -5.367639024480945764e-01 -2.510371802100156202e+00
-5.367639024480945764e-01 -2.510371802100156202e+00 1.000000000000000000e+00 1.000000000000000021e-08 -8.673679670589080626e-01 -3.306040646108133974e+00
-8.673679670589080626e-01 -3.306040646108133974e+00 2.000000000000000000e+00 1.000000000000000021e-08 -1.366960863886654165e+00 -4.995928968277461024e+00
-1.366960863886654165e+00 -4.995928968277461024e+00 2.000000000000000000e+00 9.999000000000000110e-01 -1.570796326794896558e+00 -5.000000000000000000e+00
5.642930062441106620e-02 -6.403444289122783850e-02 0.000000000000000000e+00 1.000000000000000021e-08 1.425161806706131962e-01 8.608688004620211887e-01
1.425161806706131962e-01 8.608688004620211887e-01 1.000000000000000000e+00 1.000000000000000021e-08 2.548115343324612869e-01 1.122953536618480630e+00
2.548115343324612869e-01 1.122953536618480630e+00 1.000000000000000000e+00 1.000000000000000021e-08 3.950251059691389788e-01 1.402135716366777141e+00
3.950251059691389788e-01 1.402135716366777141e+00 0.000000000000000000e+00 1.000000000000000021e-08 6.873137614696658293e-01 2.922886555005268061e+00
6.873137614696658293e-01 2.922886555005268061e+00 2.000000000000000000e+00 1.000000000000000021e-08 1.002734957262590321e+00 3.154211957929243582e+00
1.002734957262590321e+00 3.154211957929243582e+00 2.000000000000000000e+00 1.000000000000000021e-08 1.399669972130629603e+00 3.969350148680393708e+00
1.399669972130629603e+00 3.969350148680393708e+00 1.000000000000000000e+00 9.999000000000000110e-01 1.570796326794896558e+00 5.000000000000000000e+00
1.100437159308860491e-02 5.661859490210956886e-02 2.000000000000000000e+00 1.000000000000000021e-08 -6.551590701283037388e-02 -7.652027860591897879e-01
-6.551590701283037388e-02 -7.652027860591897879e-01 1.000000000000000000e+00 1.000000000000000021e-08 -1.567186512027660683e-01 -9.120274418993568055e-01
-1.567186512027660683e-01 -9.120274418993568055e-01 0.000000000000000000e+00 1.000000000000000021e-08 -1.908220329663375125e-01 -3.410338176357144979e-01
-1.908220329663375125e-01 -3.410338176357144979e-01 2.000000000000000000e+00 1.000000000000000021e-08 -3.320844679429963975e-01 -1.412624349766588683e+00
-3.320844679429963975e-01 -1.412624349766588683e+00 1.000000000000000000e+00 1.000000000000000021e-08 -5.430138620578398578e-01 -2.109293941148434826e+00
-5.430138620578398578e-01 -2.109293941148434826e+00 2.000000000000000000e+00 1.000000000000000021e-08 -9.129389260331861600e-01 -3.699250639753462799e+00
-9.129389260331861600e-01 -3.699250639753462799e+00 0.000000000000000000e+00 1.000000000000000021e-08 -1.339103772919184143e+00 -4.261648468859979388e+00
-1.339103772919184143e+00 -4.261648468859979388e+00 0.000000000000000000e+00 9.999000000000000110e-01 -1.570796326794896558e+00 -5.000000000000000000e+00
-7.235806891214821568e-02 -1.072209729046440588e-02 2.000000000000000000e+00 1.000000000000000021e-08 -1.574965155175087339e-01 -8.513844660536051823e-01
-1.574965155175087339e-01 -8.513844660536051823e-01 1.000000000000000000e+00 1.000000000000000021e-08 -2.652179852953864825e-01 -1.077214697778777319e+00
-2.652179852953864825e-01 -1.077214697778777319e+00 1.000000000000000000e+00 1.000000000000000021e-08 -4.244137407201782342e-01 -1.591957554247917184e+00
-4.244137407201782342e-01 -1.591957554247917184e+00 1.000000000000000000e+00 1.000000000000000021e-08 -6.612285360410987689e-01 -2.368147953209204903e+00
-6.612285360410987689e-01 -2.368147953209204903e+00 2.000000000000000000e+00 1.000000000000000021e-08 -1.062257699845095660e+00 -4.010291638039968021e+00
-1.062257699845095660e+00 -4.010291638039968021e+00 2.000000000000000000e+00 9.999000000000000110e-01 -1.570796326794896558e+00 -5.000000000000000000e+00
-3.757138540245053698e-03 -4.062698233630639838e-02 1.000000000000000000e+00 1.000000000000000021e-08 3.592499400116837965e-03 7.349637940361891664e-02
3.592499400116837965e-03 7.349637940361891664e-02 0.000000000000000000e+00 1.000000000000000021e-08 1.077229923479018914e-01 1.041304929477850472e+00
1.077229923479018914e-01 1.041304929477850472e+00 1.000000000000000000e+00 1.000000000000000021e-08 2.409917391112558760e-01 1.332687467633539846e+00
2.409917391112558760e-01 1.332687467633539846e+00 1.000000000000000000e+00 1.000000000000000021e-08 4.182583882761902183e-01 1.772666491649343312e+00
4.182583882761902183e-01 1.772666491649343312e+00 1.000000000000000000e+00 1.000000000000000021e-08 6.726723260804985394e-01 2.544139378043082544e+00
6.726723260804985394e-01 2.544139378043082544e+00 1.000000000000000000e+00 1.000000000000000021e-08 1.026587230706974996e+00 3.539149046264764120e+00
1.026587230706974996e+00 3.539149046264764120e+00 2.000000000000000000e+00 1.000000000000000021e-08 1.462876949707845320e+00 4.362897190008704129e+00
1.462876949707845320e+00 4.362897190008704129e+00 0.000000000000000000e+00 9.999000000000000110e-01 1.570796326794896558e+00 5.000000000000000000e+00
-8.085987121532103167e-03 6.455218371641806285e-02 0.000000000000000000e+00 1.000000000000000021e-08 9.325804033909501634e-02 1.013440274606271174e+00
9.325804033909501634e-02 1.013440274606271174e+00 0.000000000000000000e+00 1.000000000000000021e-08 2.925281092209041089e-01 1.992700688818091148e+00
2.925281092209041089e-01 1.992700688818091148e+00 1.000000000000000000e+00 1.000000000000000021e-08 5.257192456448900320e-01 2.331911364239858564e+00
5.257192456448900320e-01 2.331911364239858564e+00 1.000000000000000000e+00 1.000000000000000021e-08 8.457690159910336014e-01 3.200497703461435250e+00
8.457690159910336014e-01 3.200497703461435250e+00 1.000000000000000000e+00 1.000000000000000021e-08 1.281777038348994813e+00 4.360080223579611669e+00
1.281777038348994813e+00 4.360080223579611669e+00 0.000000000000000000e+00 9.999000000000000110e-01 1.570796326794896558e+00 5.000000000000000000e+00
3.293198676554927318e-02 6.118273023160425428e-04 2.000000000000000000e+00 1.000000000000000021e-08 -3.577881630736198804e-02 -6.871080307291125289e-01
-3.577881630736198804e-02 -6.871080307291125289e-01 2.000000000000000000e+00 1.000000000000000021e-08 -2.095928383758711155e-01 -1.738140220685091109e+00
-2.095928383758711155e-01 -1.738140220685091109e+00 0.000000000000000000e+00 1.000000000000000021e-08 -3.350326356542556727e-01 -1.254397972783845905e+00
-3.350326356542556727e-01 -1.254397972783845905e+00 0.000000000000000000e+00 1.000000000000000021e-08 -4.381594179371700593e-01 -1.031267822829144087e+00
-4.381594179371700593e-01 -1.031267822829144087e+00 1.000000000000000000e+00 1.000000000000000021e-08 -6.164444228870592513e-01 -1.782850049498891920e+00
-6.164444228870592513e-01 -1.782850049498891920e+00 2.000000000000000000e+00 1.000000000000000021e-08 -9.505920365788302906e-01 -3.341476136917710171e+00
-9.505920365788302906e-01 -3.341476136917710171e+00 1.000000000000000000e+00 1.000000000000000021e-08 -1.411025036343179773e+00 -4.604329997643494821e+00
-1.411025036343179773e+00 -4.604329997643494821e+00 0.000000000000000000e+00 9.999000000000000110e-01 -1.570796326794896558e+00 -5.000000000000000000e+00
8.897297130653850777e-03 -6.343216406244335526e-02 1.000000000000000000e+00 1.000000000000000021e-08 1.068658318791661233e-02 1.789286057262762242e-02
1.068658318791661233e-02 1.789286057262762242e-02 0.000000000000000000e+00 1.000000000000000021e-08 9.539397546824886220e-02 8.470739228033223878e-01
9.539397546824886220e-02 8.470739228033223878e-01 0.000000000000000000e+00 1.000000000000000021e-08 2.765319135260879135e-01 1.811379380578390208e+00
2.765319135260879135e-01 1.811379380578390208e+00 0.000000000000000000e+00 1.000000000000000021e-08 5.840151887896252170e-01 3.074832752635373367e+00
5.840151887896252170e-01 3.074832752635373367e+00 1.000000000000000000e+00 1.000000000000000021e-08 9.858955551757193625e-01 4.018803663860940567e+00
9.858955551757193625e-01 4.018803663860940567e+00 1.000000000000000000e+00 1.000000000000000021e-08 1.508357114774347529e+00 5.000000000000000000e+00
1.508357114774347529e+00 5.000000000000000000e+00 0.000000000000000000e+00 9.999000000000000110e-01 1.570796326794896558e+00 5.000000000000000000e+00
-6.970391442150646044e-02 5.492267619252937105e-02 0.000000000000000000e+00 1.000000000000000021e-08 2.638514164407158857e-02 9.608905606557804902e-01
2.638514164407158857e-02 9.608905606557804902e-01 0.000000000000000000e+00 1.000000000000000021e-08 2.327934456780202388e-01 2.064083040339486530e+00
2.327934456780202388e-01 2.064083040339486530e+00 1.000000000000000000e+00 1.000000000000000021e-08 4.643182397974862097e-01 2.315247941194659376e+00
4.643182397974862097e-01 2.315247941194659376e+00 2.000000000000000000e+00 1.000000000000000021e-08 6.757937998472162144e-01 2.114755600497299604e+00
6.757937998472162144e-01 2.114755600497299604e+00 2.000000000000000000e+00 1.000000000000000021e-08 9.261571209397752025e-01 2.503633210925589214e+00
9.261571209397752025e-01 2.503633210925589214e+00 1.000000000000000000e+00 1.000000000000000021e-08 1.287351029690336990e+00 3.611939087505618318e+00
1.287351029690336990e+00 3.611939087505618318e+00 0.000000000000000000e+00 9.999000000000000110e-01 1.570796326794896558e+00 5.000000000000000000e+00
2.213997399087883067e-02 3.002787250391800861e-02 2.000000000000000000e+00 1.000000000000000021e-08 -6.221125277272518406e-02 -8.435122676360401472e-01
-6.221125277272518406e-02 -8.435122676360401472e-01 1.000000000000000000e+00 1.000000000000000021e-08 -1.521162889656693662e-01 -8.990503619294418769e-01
-1.521162889656693662e-01 -8.990503619294418769e-01 0.000000000000000000e+00 1.000000000000000021e-08 -1.680493306317183688e-01 -1.593304166604899708e-01
-1.680493306317183688e-01 -1.593304166604899708e-01 2.000000000000000000e+00 1.000000000000000021e-08 -3.160235402619816503e-01 -1.479742096302632426e+00
-3.160235402619816503e-01 -1.479742096302632426e+00 0.000000000000000000e+00 1.000000000000000021e-08 -4.226019413314835993e-01 -1.065784010695019601e+00
-4.226019413314835993e-01 -1.065784010695019601e+00 2.000000000000000000e+00 1.000000000000000021e-08 -6.867719037695104722e-01 -2.641699624380268396e+00
-6.867719037695104722e-01 -2.641699624380268396e+00 1.000000000000000000e+00 1.000000000000000021e-08 -1.057311292930891655e+00 -3.705393891613811164e+00
-1.057311292930891655e+00 -3.705393891613811164e+00 0.000000000000000000e+00 1.000000000000000021e-08 -1.509253427100689438e+00 -4.519421341697976935e+00
-1.509253427100689438e+00 -4.519421341697976935e+00 2.000000000000000000e+00 9.999000000000000110e-01 -1.570796326794896558e+00 -5.000000000000000000e+00
-5.828005878639427872e-02 8.626853046258474433e-02 2.000000000000000000e+00 1.000000000000000021e-08 -1.487607995401807048e-01 -9.048074075378641501e-01
-1.487607995401807048e-01 -9.048074075378641501e-01 2.000000000000000000e+00 1.000000000000000021e-08 -3.394180505102484258e-01 -1.906572509700676932e+00
-3.394180505102484258e-01 -1.906572509700676932e+00 2.000000000000000000e+00 1.000000000000000021e-08 -6.763362483351922361e-01 -3.369181978249437215e+00
-6.763362483351922361e-01 -3.369181978249437215e+00 0.000000000000000000e+00 1.000000000000000021e-08 -1.048084418619150915e+00 -3.717481702839586788e+00
-1.048084418619150915e+00 -3.717481702839586788e+00 1.000000000000000000e+00 1.000000000000000021e-08 -1.548095395804508057e+00 -5.000000000000000000e+00
-1.548095395804508057e+00 -5.000000000000000000e+00 0.000000000000000000e+00 9.999000000000000110e-01 -1.570796326794896558e+00 -5.000000000000000000e+00
-1.028962751739232948e-02 -6.453871510138566719e-03 2.000000000000000000e+00 1.000000000000000021e-08 -9.504608368975918375e-02 -8.475645617236684526e-01
-9.504608368975918375e-02 -8.475645617236684526e-01 0.000000000000000000e+00 1.000000000000000021e-08 -9.664146483189860193e-02 -1.595381142139418174e-02
-9.664146483189860193e-02 -1.595381142139418174e-02 0.000000000000000000e+00 1.000000000000000021e-08 -1.174765025141236152e-02 8.489381458048623763e-01
-1.174765025141236152e-02 8.489381458048623763e-01 2.000000000000000000e+00 1.000000000000000021e-08 -3.353702584194342973e-02 -2.178937559053106821e-01
-3.353702584194342973e-02 -2.178937559053106821e-01 2.000000000000000000e+00 1.000000000000000021e-08 -1.524205295729765819e-01 -1.188835037310331577e+00
-1.524205295729765819e-01 -1.188835037310331577e+00 2.000000000000000000e+00 1.000000000000000021e-08 -3.914133477003329808e-01 -2.389928181273563546e+00
-3.914133477003329808e-01 -2.389928181273563546e+00 0.000000000000000000e+00 1.000000000000000021e-08 -5.969487823682566585e-01 -2.055354346679236777e+00
-5.969487823682566585e-01 -2.055354346679236777e+00 2.000000000000000000e+00 1.000000000000000021e-08 -9.489181779714087606e-01 -3.519693956031520798e+00
-9.489181779714087606e-01 -3.519693956031520798e+00 2.000000000000000000e+00 1.000000000000000021e-08 -1.471488905114806567e+00 -5.000000000000000000e+00
-1.471488905114806567e+00 -5.000000000000000000e+00 0.000000000000000000e+00 9.999000000000000110e-01 -1.570796326794896558e+00 -5.000000000000000000e+00
-3.577136663117780335e-02 -4.830757756464188618e-02 0.000000000000000000e+00 1.000000000000000021e-08 4.807514354369704646e-02 8.384651017487484426e-01
4.807514354369704646e-02 8.384651017487484426e-01 2.000000000000000000e+00 1.000000000000000021e-08 5.764165865193167371e-02 9.566515108234630027e-02
5.764165865193167371e-02 9.566515108234630027e-02 1.000000000000000000e+00 1.000000000000000021e-08 8.748083395770367421e-02 2.983917530577200328e-01
8.748083395770367421e-02 2.983917530577200328e-01 2.000000000000000000e+00 1.000000000000000021e-08 4.530337351862614992e-02 -4.217746043907751874e-01
4.530337351862614992e-02 -4.217746043907751874e-01 2.000000000000000000e+00 1.000000000000000021e-08 -6.262730770164348648e-02 -1.079306812202696308e+00
-6.262730770164348648e-02 -1.079306812202696308e+00 2.000000000000000000e+00 1.000000000000000021e-08 -2.734215835732751732e-01 -2.107942758716316867e+00
-2.734215835732751732e-01 -2.107942758716316867e+00 2.000000000000000000e+00 1.000000000000000021e-08 -6.128282597991225877e-01 -3.394066762258474590e+00
-6.128282597991225877e-01 -3.394066762258474590e+00 0.000000000000000000e+00 1.000000000000000021e-08 -9.792984048406144781e-01 -3.664701450414918682e+00
-9.792984048406144781e-01 -3.664701450414918682e+00 1.000000000000000000e+00 1.000000000000000021e-08 -1.465934003101813321e+00 -4.866355982611989539e+00
-1.465934003101813321e+00 -4.866355982611989539e+00 1.000000000000000000e+00 9.999000000000000110e-01 -1.570796326794896558e+00 -5.000000000000000000e+00
-1.419960684257979763e-02 -2.769361257269373211e-02 0.000000000000000000e+00 1.000000000000000021e-08 5.933839032935642188e-02 7.353799717193622021e-01
5.933839032935642188e-02 7.353799717193622021e-01 0.000000000000000000e+00 1.000000000000000021e-08 2.204334154778503641e-01 1.610950251484939422e+00
2.204334154778503641e-01 1.610950251484939422e+00 2.000000000000000000e+00 1.000000000000000021e-08 3.354458379837110815e-01 1.150124225058606786e+00
3.354458379837110815e-01 1.150124225058606786e+00 0.000000000000000000e+00 1.000000000000000021e-08 5.996984917604362142e-01 2.642526537767250439e+00
5.996984917604362142e-01 2.642526537767250439e+00 0.000000000000000000e+00 1.000000000000000021e-08 1.023512494530493644e+00 4.238140027700573853e+00
1.023512494530493644e+00 4.238140027700573853e+00 1.000000000000000000e+00 1.000000000000000021e-08 1.558671449351809457e+00 5.000000000000000000e+00
1.558671449351809457e+00 5.000000000000000000e+00 0.000000000000000000e+00 9.999000000000000110e-01 1.570796326794896558e+00 5.000000000000000000e+00
4.246352250640364479e-02 1.762444066696122746e-02 1.000000000000000000e+00 1.000000000000000021e-08 5.932959831744442913e-02 1.686607581104078712e-01
5.932959831744442913e-02 1.686607581104078712e-01 2.000000000000000000e+00 1.000000000000000021e-08 5.632158917111801388e-03 -5.369743940033262497e-01
5.632158917111801388e-03 -5.369743940033262497e-01 2.000000000000000000e+00 1.000000000000000021e-08 -1.239086758983979353e-01 -1.295408348155097311e+00
-1.239086758983979353e-01 -1.295408348155097311e+00 2.000000000000000000e+00 1.000000000000000021e-08 -3.732393019781901078e-01 -2.493306260797921503e+00
-3.732393019781901078e-01 -2.493306260797921503e+00 1.000000000000000000e+00 1.000000000000000021e-08 -6.760063000023849300e-01 -3.027669980241948000e+00
-6.760063000023849300e-01 -3.027669980241948000e+00 0.000000000000000000e+00 1.000000000000000021e-08 -1.014965773812253946e+00 -3.389594738098691273e+00
-1.014965773812253946e+00 -3.389594738098691273e+00 0.000000000000000000e+00 1.000000000000000021e-08 -1.439407468349091168e+00 -4.244416945368373106e+00
-1.439407468349091168e+00 -4.244416945368373106e+00 0.000000000000000000e+00 9.999000000000000110e-01 -1.570796326794896558e+00 -5.000000000000000000e+00
-3.470961549349804720e-02 7.985090818730464224e-02 2.000000000000000000e+00 1.000000000000000021e-08 -1.081041754839041774e-01 -7.339455999040612744e-01
-1.081041754839041774e-01 -7.339455999040612744e-01 2.000000000000000000e+00 1.000000000000000021e-08 -2.853677034916412003e-01 -1.772635280077370368e+00
-2.853677034916412003e-01 -1.772635280077370368e+00 0.000000000000000000e+00 1.000000000000000021e-08 -4.371875416502583045e-01 -1.518198381586170820e+00
-4.371875416502583045e-01 -1.518198381586170820e+00 0.000000000000000000e+00 1.000000000000000021e-08 -5.901004417716997352e-01 -1.529129001214414085e+00
-5.901004417716997352e-01 -1.529129001214414085e+00 1.000000000000000000e+00 1.000000000000000021e-08 -8.228415405012552419e-01 -2.327410987295554623e+00
-8.228415405012552419e-01 -2.327410987295554623e+00 1.000000000000000000e+00 1.000000000000000021e-08 -1.171755680508987485e+00 -3.489141400077322430e+00
-1.171755680508987485e+00 -3.489141400077322430e+00 0.000000000000000000e+00 9.999000000000000110e-01 -1.570796326794896558e+00 -4.540387930620609858e+00
3.652969460867903917e-02 -5.785558392690243190e-02 2.000000000000000000e+00 1.000000000000000021e-08 -3.391493526186045715e-02 -7.044462987053949909e-01
-3.391493526186045715e-02 -7.044462987053949909e-01 2.000000000000000000e+00 1.000000000000000021e-08 -2.031770898182334861e-01 -1.692621545563730123e+00
-2.031770898182334861e-01 -1.692621545563730123e+00 2.000000000000000000e+00 1.000000000000000021e-08 -4.812022274085632212e-01 -2.780251375903296740e+00
-4.812022274085632212e-01 -2.780251375903296740e+00 2.000000000000000000e+00 1.000000000000000021e-08 -9.041068493065919087e-01 -4.229046218980286653e+00
-9.041068493065919087e-01 -4.229046218980286653e+00 0.000000000000000000e+00 1.000000000000000021e-08 -1.377254922987405594e+00 -4.731480736808136633e+00
-1.377254922987405594e+00 -4.731480736808136633e+00 0.000000000000000000e+00 9.999000000000000110e-01 -1.570796326794896558e+00 -5.000000000000000000e+00
-3.993696074508414767e-03 -3.164654510994513448e-03 0.000000000000000000e+00 1.000000000000000021e-08 7.135746568315337601e-02 7.535116175766178870e-01
7.135746568315337601e-02 7.535116175766178870e-01 1.000000000000000000e+00 1.000000000000000021e-08 1.524268005062141551e-01 8.106933482306075689e-01
1.524268005062141551e-01 8.106933482306075689e-01 0.000000000000000000e+00 1.000000000000000021e-08 3.433447143752783592e-01 1.909179138690641819e+00
3.433447143752783592e-01 1.909179138690641819e+00 2.000000000000000000e+00 1.000000000000000021e-08 4.969186864911537826e-01 1.535739721158754456e+00
4.969186864911537826e-01 1.535739721158754456e+00 0.000000000000000000e+00 1.000000000000000021e-08 8.140603029551372050e-01 3.171416164639834001e+00
8.140603029551372050e-01 3.171416164639834001e+00 0.000000000000000000e+00 1.000000000000000021e-08 1.291399485262803237e+00 4.773391823076660323e+00
1.291399485262803237e+00 4.773391823076660323e+00 0.000000000000000000e+00 9.999000000000000110e-01 1.570796326794896558e+00 5.000000000000000000e+00
-3.753693408708973223e-02 -3.807167590810332791e-02 0.000000000000000000e+00 1.000000000000000021e-08 3.171830401602626637e-02 6.925523810311599027e-01
3.171830401602626637e-02 6.925523810311599027e-01 2.000000000000000000e+00 1.000000000000000021e-08 1.885773038493423343e-02 -1.286057363109203155e-01
1.885773038493423343e-02 -1.286057363109203155e-01 0.000000000000000000e+00 1.000000000000000021e-08 8.723451916982591370e-02 6.837678878489168444e-01
8.723451916982591370e-02 6.837678878489168444e-01 1.000000000000000000e+00 1.000000000000000021e-08 1.572145826682292968e-01 6.998006349840338869e-01
1.572145826682292968e-01 6.998006349840338869e-01 1.000000000000000000e+00 1.000000000000000021e-08 2.581354339718752167e-01 1.009208513036458976e+00
2.581354339718752167e-01 1.009208513036458976e+00 1.000000000000000000e+00 1.000000000000000021e-08 3.874502481097347184e-01 1.293148141378594573e+00
3.874502481097347184e-01 1.293148141378594573e+00 0.000000000000000000e+00 1.000000000000000021e-08 6.505316284225494128e-01 2.630813803128146944e+00
6.505316284225494128e-01 2.630813803128146944e+00 0.000000000000000000e+00 1.000000000000000021e-08 1.060313472864029771e+00 4.097818444414803807e+00
1.060313472864029771e+00 4.097818444414803807e+00 1.000000000000000000e+00 9.999000000000000110e-01 1.570796326794896558e+00 5.000000000000000000e+00
-4.306729228566758688e-02 -4.477015652327759332e-02 2.000000000000000000e+00 1.000000000000000021e-08 -1.274024735650226836e-01 -8.433518127935508701e-01
-1.274024735650226836e-01 -8.433518127935508701e-01 1.000000000000000000e+00 1.000000000000000021e-08 -2.204365064587897882e-01 -9.303403289376710461e-01
-2.204365064587897882e-01 -9.303403289376710461e-01 0.000000000000000000e+00 1.000000000000000021e-08 -2.569471098083783711e-01 -3.651060334958858844e-01
-2.569471098083783711e-01 -3.651060334958858844e-01 0.000000000000000000e+00 1.000000000000000021e-08 -2.568222118250624297e-01 1.248979833159247210e-03
-2.568222118250624297e-01 1.248979833159247210e-03 0.000000000000000000e+00 1.000000000000000021e-08 -2.105780393911542148e-01 4.624417243390819832e-01
-2.105780393911542148e-01 4.624417243390819832e-01 1.000000000000000000e+00 1.000000000000000021e-08 -1.834812257673645308e-01 2.709681362378968394e-01
-1.834812257673645308e-01 2.709681362378968394e-01 1.000000000000000000e+00 1.000000000000000021e-08 -1.741500347885355515e-01 9.331190978828973748e-02
-1.741500347885355515e-01 9.331190978828973748e-02 0.000000000000000000e+00 1.000000000000000021e-08 -9.700221582868898129e-02 7.714781895984657023e-01
-9.700221582868898129e-02 7.714781895984657023e-01 2.000000000000000000e+00 1.000000000000000021e-08 -1.298809969535614228e-01 -3.287878112487243598e-01
-1.298809969535614228e-01 -3.287878112487243598e-01 2.000000000000000000e+00 1.000000000000000021e-08 -2.807359810984663695e-01 -1.508549841449049467e+00
-2.807359810984663695e-01 -1.508549841449049467e+00 2.000000000000000000e+00 1.000000000000000021e-08 -5.604434690610174963e-01 -2.797074879625511379e+00
-5.604434690610174963e-01 -2.797074879625511379e+00 2.000000000000000000e+00 1.000000000000000021e-08 -1.001658288485905324e+00 -4.412148194248877608e+00
-1.001658288485905324e+00 -4.412148194248877608e+00 0.000000000000000000e+00 1.000000000000000021e-08 -1.522680983470688698e+00 -5.000000000000000000e+00
-1.522680983470688698e+00 -5.000000000000000000e+00 2.000000000000000000e+00 9.999000000000000110e-01 -1.570796326794896558e+00 -5.000000000000000000e+00
4.206404494276522882e-02 -4.058634911163098297e-02 0.000000000000000000e+00 1.000000000000000021e-08 1.487493267703181021e-01 1.066852818275528580e+00
1.487493267703181021e-01 1.066852818275528580e+00 2.000000000000000000e+00 1.000000000000000021e-08 1.981424559537268149e-01 4.939312918340871272e-01
1.981424559537268149e-01 4.939312918340871272e-01 2.000000000000000000e+00 1.000000000000000021e-08 2.070004589302402442e-01 8.858002976513440485e-02
2.070004589302402442e-01 8.858002976513440485e-02 2.000000000000000000e+00 1.000000000000000021e-08 1.577715602066714073e-01 -4.922889872356884244e-01
1.577715602066714073e-01 -4.922889872356884244e-01 2.000000000000000000e+00 1.000000000000000021e-08 4.424621652810971362e-02 -1.135253436785616854e+00
4.424621652810971362e-02 -1.135253436785616854e+00 2.000000000000000000e+00 1.000000000000000021e-08 -1.344884859065314520e-01 -1.787347024346411573e+00
-1.344884859065314520e-01 -1.787347024346411573e+00 0.000000000000000000e+00 1.000000000000000021e-08 -2.630201417817058518e-01 -1.285316558751743887e+00
-2.630201417817058518e-01 -1.285316558751743887e+00 2.000000000000000000e+00 1.000000000000000021e-08 -5.090870195286503197e-01 -2.460668777469444457e+00
-5.090870195286503197e-01 -2.460668777469444457e+00 2.000000000000000000e+00 1.000000000000000021e-08 -8.911542173789492871e-01 -3.820671978502989674e+00
-8.911542173789492871e-01 -3.820671978502989674e+00 2.000000000000000000e+00 1.000000000000000021e-08 -1.432409110481142722e+00 -5.000000000000000000e+00
-1.432409110481142722e+00 -5.000000000000000000e+00 1.000000000000000000e+00 9.999000000000000110e-01 -1.570796326794896558e+00 -5.000000000000000000e+00
1.315611288745043017e-02 1.007527413358775409e-02 0.000000000000000000e+00 1.000000000000000021e-08 9.524808426745737244e-02 8.209197138000693394e-01
9.524808426745737244e-02 8.209197138000693394e-01 0.000000000000000000e+00 1.000000000000000021e-08 2.885696171675203869e-01 1.933215329000630422e+00
2.885696171675203869e-01 1.933215329000630422e+00 1.000000000000000000e+00 1.000000000000000021e-08 5.177763890730557872e-01 2.292067719055353336e+00
5.177763890730557872e-01 2.292067719055353336e+00 2.000000000000000000e+00 1.000000000000000021e-08 7.643702528746876279e-01 2.465938638016317963e+00
7.643702528746876279e-01 2.465938638016317963e+00 0.000000000000000000e+00 1.000000000000000021e-08 1.177348825365170937e+00 4.129785724904833089e+00
1.177348825365170937e+00 4.129785724904833089e+00 2.000000000000000000e+00 9.999000000000000110e-01 1.570796326794896558e+00 5.000000000000000000e+00
-2.496052863719779025e-02 4.002823418565470970e-02 1.000000000000000000e+00 1.000000000000000021e-08 -2.218619742137538028e-02 2.774331215822408575e-02
-2.218619742137538028e-02 2.774331215822408575e-02 2.000000000000000000e+00 1.000000000000000021e-08 -1.054408976410184107e-01 -8.325470021964301859e-01
-1.054408976410184107e-01 -8.325470021964301859e-01 1.000000000000000000e+00 1.000000000000000021e-08 -1.982348594744026693e-01 -9.279396183338426418e-01
-1.982348594744026693e-01 -9.279396183338426418e-01 0.000000000000000000e+00 1.000000000000000021e-08 -2.401221092166513360e-01 -4.188724974224866671e-01
-2.401221092166513360e-01 -4.188724974224866671e-01 2.000000000000000000e+00 1.000000000000000021e-08 -3.979910946362047452e-01 -1.578689854195534092e+00
-3.979910946362047452e-01 -1.578689854195534092e+00 1.000000000000000000e+00 1.000000000000000021e-08 -6.133044447492576046e-01 -2.153133501130528593e+00
-6.133044447492576046e-01 -2.153133501130528593e+00 0.000000000000000000e+00 1.000000000000000021e-08 -8.628258917813698137e-01 -2.495214470321122313e+00
-8.628258917813698137e-01 -2.495214470321122313e+00 0.000000000000000000e+00 1.000000000000000021e-08 -1.184924948016429225e+00 -3.220990562350593223e+00
-1.184924948016429225e+00 -3.220990562350593223e+00 0.000000000000000000e+00 9.999000000000000110e-01 -1.570796326794896558e+00 -4.278079233664360714e+00
-7.530605610549453988e-03 1.926050272252250589e-02 2.000000000000000000e+00 1.000000000000000021e-08 -7.981425017266444155e-02 -7.228364456211497924e-01
-7.981425017266444155e-02 -7.228364456211497924e-01 1.000000000000000000e+00 1.000000000000000021e-08 -1.736175199083122567e-01 -9.380326973564780957e-01
-1.736175199083122567e-01 -9.380326973564780957e-01 2.000000000000000000e+00 1.000000000000000021e-08 -3.837797158053026791e-01 -2.101621958969904114e+00
-3.837797158053026791e-01 -2.101621958969904114e+00 2.000000000000000000e+00 1.000000000000000021e-08 -7.248096302424789084e-01 -3.410299144371761848e+00
-7.248096302424789084e-01 -3.410299144371761848e+00 2.000000000000000000e+00 1.000000000000000021e-08 -1.215159731387166930e+00 -4.903501011446879332e+00
-1.215159731387166930e+00 -4.903501011446879332e+00 2.000000000000000000e+00 9.999000000000000110e-01 -1.570796326794896558e+00 -5.000000000000000000e+00
-3.322797860882056170e-02 -9.338353059063064093e-03 2.000000000000000000e+00 1.000000000000000021e-08 -1.214367400046379442e-01 -8.820876139581736997e-01
-1.214367400046379442e-01 -8.820876139581736997e-01 1.000000000000000000e+00 1.000000000000000021e-08 -2.364373292698196127e-01 -1.150005892651816630e+00
-2.364373292698196127e-01 -1.150005892651816630e+00 0.000000000000000000e+00 1.000000000000000021e-08 -2.936409866538439717e-01 -5.720365738402434230e-01
-2.936409866538439717e-01 -5.720365738402434230e-01 2.000000000000000000e+00 1.000000000000000021e-08 -4.791783301379030635e-01 -1.855373434840590807e+00
-4.791783301379030635e-01 -1.855373434840590807e+00 0.000000000000000000e+00 1.000000000000000021e-08 -6.732398999007470630e-01 -1.940615697628439662e+00
-6.732398999007470630e-01 -1.940615697628439662e+00 1.000000000000000000e+00 1.000000000000000021e-08 -9.618994098261863801e-01 -2.886595099254393837e+00
-9.618994098261863801e-01 -2.886595099254393837e+00 1.000000000000000000e+00 1.000000000000000021e-08 -1.367975050884443045e+00 -4.060756410582566645e+00
-1.367975050884443045e+00 -4.060756410582566645e+00 0.000000000000000000e+00 9.999000000000000110e-01 -1.570796326794896558e+00 -5.000000000000000000e+00
-7.718086003912465187e-02 -3.689497763860994511e-02 1.000000000000000000e+00 1.000000000000000021e-08 -8.230109843434720018e-02 -5.120238395222551087e-02
-8.230109843434720018e-02 -5.120238395222551087e-02 2.000000000000000000e+00 1.000000000000000021e-08 -1.751537936260184058e-01 -9.285269519167118624e-01
-1.751537936260184058e-01 -9.285269519167118624e-01 2.000000000000000000e+00 1.000000000000000021e-08 -3.855743292476334627e-01 -2.104205356216150236e+00
-3.855743292476334627e-01 -2.104205356216150236e+00 2.000000000000000000e+00 1.000000000000000021e-08 -7.411619383712664266e-01 -3.555876091236330083e+00
-7.411619383712664266e-01 -3.555876091236330083e+00 2.000000000000000000e+00 1.000000000000000021e-08 -1.261098318034805876e+00 -5.000000000000000000e+00
-1.261098318034805876e+00 -5.000000000000000000e+00 2.000000000000000000e+00 9.999000000000000110e-01 -1.570796326794896558e+00 -5.000000000000000000e+00
-2.472573834697709694e-02 4.261378320056758567e-02 2.000000000000000000e+00 1.000000000000000021e-08 -1.188720603532127662e-01 -9.414632200623566094e-01
-1.188720603532127662e-01 -9.414632200623566094e-01 0.000000000000000000e+00 1.000000000000000021e-08 -1.598424856590407450e-01 -4.097042530582796216e-01
-1.598424856590407450e-01 -4.097042530582796216e-01 1.000000000000000000e+00 1.000000000000000021e-08 -2.181910258879147524e-01 -5.834854022887401293e-01
-2.181910258879147524e-01 -5.834854022887401293e-01 1.000000000000000000e+00 1.000000000000000021e-08 -3.121433434063587975e-01 -9.395231751844403956e-01
-3.121433434063587975e-01 -9.395231751844403956e-01 0.000000000000000000e+00 1.000000000000000021e-08 -3.758838405734427623e-01 -6.374049716708397595e-01
-3.758838405734427623e-01 -6.374049716708397595e-01 0.000000000000000000e+00 1.000000000000000021e-08 -4.323082698690174919e-01 -5.642442929557471842e-01
-4.323082698690174919e-01 -5.642442929557471842e-01 1.000000000000000000e+00 1.000000000000000021e-08 -5.565865857063738709e-01 -1.242783158373564234e+00
-5.565865857063738709e-01 -1.242783158373564234e+00 2.000000000000000000e+00 1.000000000000000021e-08 -8.325843669599344299e-01 -2.759977812535604702e+00
-8.325843669599344299e-01 -2.759977812535604702e+00 1.000000000000000000e+00 1.000000000000000021e-08 -1.229555773121336681e+00 -3.969714061614022071e+00
-1.229555773121336681e+00 -3.969714061614022071e+00 0.000000000000000000e+00 9.999000000000000110e-01 -1.570796326794896558e+00 -5.000000000000000000e+00
-6.056883267700295670e-02 -7.629738320745335645e-02 0.000000000000000000e+00 1.000000000000000021e-08 1.529569684756100501e-02 7.586452952456395060e-01
1.529569684756100501e-02 7.586452952456395060e-01 0.000000000000000000e+00 1.000000000000000021e-08 1.840559313587125101e-01 1.687602345111514968e+00
1.840559313587125101e-01 1.687602345111514968e+00 1.000000000000000000e+00 1.000000000000000021e-08 3.714626221504488957e-01 1.874066907917363967e+00
3.714626221504488957e-01 1.874066907917363967e+00 1.000000000000000000e+00 1.000000000000000021e-08 6.057740123222505879e-01 2.343113901718017367e+00
6.057740123222505879e-01 2.343113901718017367e+00 0.000000000000000000e+00 1.000000000000000021e-08 1.004985436383571518e+00 3.992114240613209297e+00
1.004985436383571518e+00 3.992114240613209297e+00 1.000000000000000000e+00 1.000000000000000021e-08 1.524083710083190546e+00 5.000000000000000000e+00
1.524083710083190546e+00 5.000000000000000000e+00 2.000000000000000000e+00 9.999000000000000110e-01 1.570796326794896558e+00 5.000000000000000000e+00
-3.678626059379658253e-02 -5.645998862576226407e-02 2.000000000000000000e+00 1.000000000000000021e-08 -1.431418808539514087e-01 -1.063556202601548151e+00
-1.431418808539514087e-01 -1.063556202601548151e+00 0.000000000000000000e+00 1.000000000000000021e-08 -1.910119354864522889e-01 -4.787005463250089132e-01
-1.910119354864522889e-01 -4.787005463250089132e-01 2.000000000000000000e+00 1.000000000000000021e-08 -3.541229362169548422e-01 -1.631110007305025533e+00
-3.541229362169548422e-01 -1.631110007305025533e+00 2.000000000000000000e+00 1.000000000000000021e-08 -6.578881824156732616e-01 -3.037652461987184083e+00
-6.578881824156732616e-01 -3.037652461987184083e+00 0.000000000000000000e+00 1.000000000000000021e-08 -9.875653946906145508e-01 -3.296772122749412670e+00
-9.875653946906145508e-01 -3.296772122749412670e+00 1.000000000000000000e+00 1.000000000000000021e-08 -1.444869117157023375e+00 -4.573037224664087574e+00
-1.444869117157023375e+00 -4.573037224664087574e+00 2.000000000000000000e+00 9.999000000000000110e-01 -1.570796326794896558e+00 -5.000000000000000000e+00
4.738508166334103044e-02 6.127856471992383647e-02 2.000000000000000000e+00 1.000000000000000021e-08 -1.851261936577063005e-02 -6.589770102911165495e-01
-1.851261936577063005e-02 -6.589770102911165495e-01 0.000000000000000000e+00 1.000000000000000021e-08 1.148174955193051461e-03 1.966079432096368151e-01
1.148174955193051461e-03 1.966079432096368151e-01 0.000000000000000000e+00 1.000000000000000021e-08 1.012278273332120060e-01 1.000796523780189462e+00
1.012278273332120060e-01 1.000796523780189462e+00 1.000000000000000000e+00 1.000000000000000021e-08 2.206558555295070057e-01 1.194280281962950108e+00
2.206558555295070057e-01 1.194280281962950108e+00 2.000000000000000000e+00 1.000000000000000021e-08 2.790173531249287020e-01 5.836149759542170745e-01
2.790173531249287020e-01 5.836149759542170745e-01 2.000000000000000000e+00 1.000000000000000021e-08 3.117204189613965726e-01 3.270306583646787613e-01
3.117204189613965726e-01 3.270306583646787613e-01 2.000000000000000000e+00 1.000000000000000021e-08 3.181452050285573652e-01 6.424786067160781489e-02
3.181452050285573652e-01 6.424786067160781489e-02 0.000000000000000000e+00 1.000000000000000021e-08 4.530820953848231358e-01 1.349368903562657707e+00
4.530820953848231358e-01 1.349368903562657707e+00 2.000000000000000000e+00 1.000000000000000021e-08 5.833454198208274377e-01 1.302633244360043463e+00
5.833454198208274377e-01 1.302633244360043463e+00 2.000000000000000000e+00 1.000000000000000021e-08 7.384716003711873089e-01 1.551261805503598046e+00
7.384716003711873089e-01 1.551261805503598046e+00 0.000000000000000000e+00 1.000000000000000021e-08 1.053492883106435851e+00 3.150212827352484091e+00
1.053492883106435851e+00 3.150212827352484091e+00 0.000000000000000000e+00 1.000000000000000021e-08 1.538303202450638452e+00 4.848103193442026004e+00
1.538303202450638452e+00 4.848103193442026004e+00 1.000000000000000000e+00 9.999000000000000110e-01 1.570796326794896558e+00 5.000000000000000000e+00
-5.164140277555833575e-02 6.071302061094704938e-02 0.000000000000000000e+00 1.000000000000000021e-08 2.312880083782219848e-02 7.477020361338052590e-01
2.312880083782219848e-02 7.477020361338052590e-01 1.000000000000000000e+00 1.000000000000000021e-08 8.660363615397662085e-02 6.347483531615443209e-01
8.660363615397662085e-02 6.347483531615443209e-01 1.000000000000000000e+00 1.000000000000000021e-08 1.665376850121874919e-01 7.993404885821087102e-01
1.665376850121874919e-01 7.993404885821087102e-01 0.000000000000000000e+00 1.000000000000000021e-08 3.571918994706282380e-01 1.906542144584407739e+00
3.571918994706282380e-01 1.906542144584407739e+00 2.000000000000000000e+00 1.000000000000000021e-08 5.144818191387484640e-01 1.572899196681202261e+00
5.144818191387484640e-01 1.572899196681202261e+00 2.000000000000000000e+00 1.000000000000000021e-08 6.799774633129409551e-01 1.654956441741924689e+00
6.799774633129409551e-01 1.654956441741924689e+00 2.000000000000000000e+00 1.000000000000000021e-08 8.916612945517474742e-01 2.116838312388065191e+00
8.916612945517474742e-01 2.116838312388065191e+00 1.000000000000000000e+00 1.000000000000000021e-08 1.220356712060941540e+00 3.286954175091940211e+00
1.220356712060941540e+00 3.286954175091940211e+00 2.000000000000000000e+00 9.999000000000000110e-01 1.570796326794896558e+00 4.365378534433641988e+00
-7.940484759142166227e-02 2.464109567894313957e-02 1.000000000000000000e+00 1.000000000000000021e-08 -1.050906452581132910e-01 -2.568579766669163433e-01
-1.050906452581132910e-01 -2.568579766669163433e-01 0.000000000000000000e+00 1.000000000000000021e-08 -7.191365605939058214e-02 3.317698919872270613e-01
-7.191365605939058214e-02 3.317698919872270613e-01 0.000000000000000000e+00 1.000000000000000021e-08 4.215210873947579373e-02 1.140657647988663648e+00
4.215210873947579373e-02 1.140657647988663648e+00 2.000000000000000000e+00 1.000000000000000021e-08 8.823534527440782260e-02 4.608323653493202610e-01
8.823534527440782260e-02 4.608323653493202610e-01 0.000000000000000000e+00 1.000000000000000021e-08 2.222399265260308898e-01 1.340045812516230672e+00
2.222399265260308898e-01 1.340045812516230672e+00 0.000000000000000000e+00 1.000000000000000021e-08 4.761202569706191046e-01 2.538803304445881981e+00
4.761202569706191046e-01 2.538803304445881981e+00 0.000000000000000000e+00 1.000000000000000021e-08 8.901561105406259333e-01 4.140358535700068288e+00
8.901561105406259333e-01 4.140358535700068288e+00 0.000000000000000000e+00 1.000000000000000021e-08 1.458127151504835517e+00 5.000000000000000000e+00
1.458127151504835517e+00 5.000000000000000000e+00 2.000000000000000000e+00 9.999000000000000110e-01 1.570796326794896558e+00 5.000000000000000000e+00
1.473593087160090381e-03 -4.397351125356109558e-02 2.000000000000000000e+00 1.000000000000000021e-08 -7.914720397923465101e-02 -8.062079706639473375e-01
-7.914720397923465101e-02 -8.062079706639473375e-01 1.000000000000000000e+00 1.000000000000000021e-08 -1.714407430550456413e-01 -9.229353907581099303e-01
-1.714407430550456413e-01 -9.229353907581099303e-01 2.000000000000000000e+00 1.000000000000000021e-08 -3.702195637655872895e-01 -1.987788207105416260e+00
-3.702195637655872895e-01 -1.987788207105416260e+00 1.000000000000000000e+00 1.000000000000000021e-08 -6.380874369982045824e-01 -2.678678732326172707e+00
-6.380874369982045824e-01 -2.678678732326172707e+00 1.000000000000000000e+00 1.000000000000000021e-08 -9.942643175941021649e-01 -3.561768805958974937e+00
-9.942643175941021649e-01 -3.561768805958974937e+00 0.000000000000000000e+00 1.000000000000000021e-08 -1.421075871085304865e+00 -4.268115534912027442e+00
-1.421075871085304865e+00 -4.268115534912027442e+00 1.000000000000000000e+00 9.999000000000000110e-01 -1.570796326794896558e+00 -5.000000000000000000e+00
-1.141963572975603775e-02 -1.266219094429447620e-02 2.000000000000000000e+00 1.000000000000000021e-08 -1.035931484563708260e-01 -9.217351272661477024e-01
-1.035931484563708260e-01 -9.217351272661477024e-01 2.000000000000000000e+00 1.000000000000000021e-08 -3.002359336417500524e-01 -1.966427851853791875e+00
-3.002359336417500524e-01 -1.966427851853791875e+00 0.000000000000000000e+00 1.000000000000000021e-08 -4.499216338113700142e-01 -1.496857001696199507e+00
-4.499216338113700142e-01 -1.496857001696199507e+00 1.000000000000000000e+00 1.000000000000000021e-08 -6.592355892581980292e-01 -2.093139554468280483e+00
-6.592355892581980292e-01 -2.093139554468280483e+00 1.000000000000000000e+00 1.000000000000000021e-08 -9.741747842664794099e-01 -3.149391950082813807e+00
-9.741747842664794099e-01 -3.149391950082813807e+00 1.000000000000000000e+00 1.000000000000000021e-08 -1.402139608528696790e+00 -4.279648242622174692e+00
-1.402139608528696790e+00 -4.279648242622174692e+00 2.000000000000000000e+00 9.999000000000000110e-01 -1.570796326794896558e+00 -5.000000000000000000e+00
-2.260807435174264773e-03 -8.022995935132644363e-02 1.000000000000000000e+00 1.000000000000000021e-08 -7.071753741258651749e-03 -4.810946306084386281e-02
-7.071753741258651749e-03 -4.810946306084386281e-02 0.000000000000000000e+00 1.000000000000000021e-08 7.671893334981264023e-02 8.379068709107128088e-01
7.671893334981264023e-02 8.379068709107128088e-01 1.000000000000000000e+00 1.000000000000000021e-08 1.768747803488139314e-01 1.001558469990012856e+00
1.768747803488139314e-01 1.001558469990012856e+00 1.000000000000000000e+00 1.000000000000000021e-08 3.235227995393409328e-01 1.466480191905269681e+00
3.235227995393409328e-01 1.466480191905269681e+00 2.000000000000000000e+00 1.000000000000000021e-08 4.442610758613669830e-01 1.207382763220260280e+00
4.442610758613669830e-01 1.207382763220260280e+00 1.000000000000000000e+00 1.000000000000000021e-08 6.356647956090371032e-01 1.914037197476700758e+00
6.356647956090371032e-01 1.914037197476700758e+00 0.000000000000000000e+00 1.000000000000000021e-08 9.790521549590112116e-01 3.433873593499741528e+00
9.790521549590112116e-01 3.433873593499741528e+00 0.000000000000000000e+00 1.000000000000000021e-08 1.483574145528451460e+00 5.000000000000000000e+00
1.483574145528451460e+00 5.000000000000000000e+00 2.000000000000000000e+00 9.999000000000000110e-01 1.570796326794896558e+00 5.000000000000000000e+00
5.533740981415926491e-03 1.010488874638656998e-03 1.000000000000000000e+00 1.000000000000000021e-08 -2.073174409820337065e-03 -7.606915391236263035e-02
-2.073174409820337065e-03 -7.606915391236263035e-02 1.000000000000000000e+00 1.000000000000000021e-08 -2.329844292431653557e-02 -2.122526851449619556e-01
-2.329844292431653557e-02 -2.122526851449619556e-01 1.000000000000000000e+00 1.000000000000000021e-08 -4.619843215169632672e-02 -2.289998922737979115e-01
-4.619843215169632672e-02 -2.289998922737979115e-01 2.000000000000000000e+00 1.000000000000000021e-08 -1.728617854600536519e-01 -1.266633533083573182e+00
-1.728617854600536519e-01 -1.266633533083573182e+00 1.000000000000000000e+00 1.000000000000000021e-08 -3.125776938587748743e-01 -1.397159083987212114e+00
-3.125776938587748743e-01 -1.397159083987212114e+00 2.000000000000000000e+00 1.000000000000000021e-08 -5.731311412251527404e-01 -2.605534473663778883e+00
-5.731311412251527404e-01 -2.605534473663778883e+00 1.000000000000000000e+00 1.000000000000000021e-08 -9.150391762513705451e-01 -3.419080350262178492e+00
-9.150391762513705451e-01 -3.419080350262178492e+00 1.000000000000000000e+00 1.000000000000000021e-08 -1.380261262854119320e+00 -4.652220866027487745e+00
-1.380261262854119320e+00 -4.652220866027487745e+00 0.000000000000000000e+00 9.999000000000000110e-01 -1.570796326794896558e+00 -5.000000000000000000e+00
2.905715764049692992e-02 3.046599377906545128e-02 1.000000000000000000e+00 1.000000000000000021e-08 5.190851874609635208e-02 2.285136110559941869e-01
5.190851874609635208e-02 2.285136110559941869e-01 1.000000000000000000e+00 1.000000000000000021e-08 1.004176355954994604e-01 4.850911684940309998e-01
1.004176355954994604e-01 4.850911684940309998e-01 0.000000000000000000e+00 1.000000000000000021e-08 2.452324440508054926e-01 1.448148084553060322e+00
2.452324440508054926e-01 1.448148084553060322e+00 1.000000000000000000e+00 1.000000000000000021e-08 4.450458074754095605e-01 1.998133634246040735e+00
4.450458074754095605e-01 1.998133634246040735e+00 0.000000000000000000e+00 1.000000000000000021e-08 7.862103008738259291e-01 3.411644933984163686e+00
7.862103008738259291e-01 3.411644933984163686e+00 1.000000000000000000e+00 1.000000000000000021e-08 1.229374918986816390e+00 4.431646181129903717e+00
1.229374918986816390e+00 4.431646181129903717e+00 2.000000000000000000e+00 9.999000000000000110e-01 1.570796326794896558e+00 5.000000000000000000e+00
-6.774208174778811875e-02 3.757146983640879956e-02 0.000000000000000000e+00 1.000000000000000021e-08 6.065519787098946902e-03 7.380760153488706843e-01
6.065519787098946902e-03 7.380760153488706843e-01 2.000000000000000000e+00 1.000000000000000021e-08 -1.264034120621863530e-02 -1.870586099331758012e-01
-1.264034120621863530e-02 -1.870586099331758012e-01 1.000000000000000000e+00 1.000000000000000021e-08 -1.953540027618339697e-02 -6.895059069964760978e-02
-1.953540027618339697e-02 -6.895059069964760978e-02 2.000000000000000000e+00 1.000000000000000021e-08 -1.158451809480061101e-01 -9.630978067182270896e-01
-1.158451809480061101e-01 -9.630978067182270896e-01 1.000000000000000000e+00 1.000000000000000021e-08 -2.455491013654946542e-01 -1.297039204174885496e+00
-2.455491013654946542e-01 -1.297039204174885496e+00 2.000000000000000000e+00 1.000000000000000021e-08 -5.005077646135163150e-01 -2.549586632480216775e+00
-5.005077646135163150e-01 -2.549586632480216775e+00 2.000000000000000000e+00 1.000000000000000021e-08 -9.120964163072624586e-01 -4.115886516937461437e+00
-9.120964163072624586e-01 -4.115886516937461437e+00 0.000000000000000000e+00 1.000000000000000021e-08 -1.385661600134590055e+00 -4.735651838273275516e+00
-1.385661600134590055e+00 -4.735651838273275516e+00 2.000000000000000000e+00 9.999000000000000110e-01 -1.570796326794896558e+00 -5.000000000000000000e+00
8.592145604078936516e-02 7.839904533859015645e-02 2.000000000000000000e+00 1.000000000000000021e-08 1.758701514633552454e-02 -6.833444089445384062e-01
1.758701514633552454e-02 -6.833444089445384062e-01 0.000000000000000000e+00 1.000000000000000021e-08 2.766916901939655421e-02 1.008215387306102828e-01
2.766916901939655421e-02 1.008215387306102828e-01 0.000000000000000000e+00 1.000000000000000021e-08 1.406897204040263583e-01 1.130205513846298082e+00
1.406897204040263583e-01 1.130205513846298082e+00 0.000000000000000000e+00 1.000000000000000021e-08 3.708180120484825815e-01 2.301282916444562066e+00
3.708180120484825815e-01 2.301282916444562066e+00 2.000000000000000000e+00 1.000000000000000021e-08 5.940505647061742334e-01 2.232325526576917074e+00
5.940505647061742334e-01 2.232325526576917074e+00 2.000000000000000000e+00 1.000000000000000021e-08 8.252711137192660917e-01 2.312205490130919028e+00
8.252711137192660917e-01 2.312205490130919028e+00 1.000000000000000000e+00 1.000000000000000021e-08 1.159849855416728914e+00 3.345787416974628226e+00
1.159849855416728914e+00 3.345787416974628226e+00 1.000000000000000000e+00 9.999000000000000110e-01 1.570796326794896558e+00 4.639038397255507817e+00
-5.380215669494845671e-02 -4.310834141544657439e-02 0.000000000000000000e+00 1.000000000000000021e-08 2.102422533472601135e-02 7.482638202967446528e-01
2.102422533472601135e-02 7.482638202967446528e-01 0.000000000000000000e+00 1.000000000000000021e-08 1.992047911902359580e-01 1.781805658555099425e+00
1.992047911902359580e-01 1.781805658555099425e+00 0.000000000000000000e+00 1.000000000000000021e-08 4.952793672942265024e-01 2.960745761039905499e+00
4.952793672942265024e-01 2.960745761039905499e+00 1.000000000000000000e+00 1.000000000000000021e-08 8.777712987417254364e-01 3.824919314474989562e+00
8.777712987417254364e-01 3.824919314474989562e+00 1.000000000000000000e+00 1.000000000000000021e-08 1.365898595230691903e+00 4.881272964889664223e+00
1.365898595230691903e+00 4.881272964889664223e+00 0.000000000000000000e+00 9.999000000000000110e-01 1.570796326794896558e+00 5.000000000000000000e+00
-3.055358803118311817e-02 7.437662755228370559e-03 2.000000000000000000e+00 1.000000000000000021e-08 -1.078933773387037165e-01 -7.733978930752059000e-01
-1.078933773387037165e-01 -7.733978930752059000e-01 2.000000000000000000e+00 1.000000000000000021e-08 -2.898673875428992019e-01 -1.819740102041954355e+00
-2.898673875428992019e-01 -1.819740102041954355e+00 2.000000000000000000e+00 1.000000000000000021e-08 -6.137559925571358654e-01 -3.238886050142366191e+00
-6.137559925571358654e-01 -3.238886050142366191e+00 1.000000000000000000e+00 1.000000000000000021e-08 -1.023612357552582175e+00 -4.098563649954462207e+00
-1.023612357552582175e+00 -4.098563649954462207e+00 0.000000000000000000e+00 1.000000000000000021e-08 -1.513499875239610271e+00 -4.898875176870280512e+00
-1.513499875239610271e+00 -4.898875176870280512e+00 1.000000000000000000e+00 9.999000000000000110e-01 -1.570796326794896558e+00 -5.000000000000000000e+00
-8.546226768828150966e-02 6.212832982385985137e-02 1.000000000000000000e+00 1.000000000000000021e-08 -1.003530876122461779e-01 -1.489081992396467102e-01
-1.003530876122461779e-01 -1.489081992396467102e-01 0.000000000000000000e+00 1.000000000000000021e-08 -3.627018043966333261e-02 6.408290717258284808e-01
-3.627018043966333261e-02 6.408290717258284808e-01 1.000000000000000000e+00 1.000000000000000021e-08 3.820341085861302111e-02 7.447359129827635371e-01
3.820341085861302111e-02 7.447359129827635371e-01 1.000000000000000000e+00 1.000000000000000021e-08 1.274743160931918196e-01 8.927090523457879012e-01
1.274743160931918196e-01 8.927090523457879012e-01 0.000000000000000000e+00 1.000000000000000021e-08 3.171719501435451560e-01 1.896976340503533587e+00
3.171719501435451560e-01 1.896976340503533587e+00 1.000000000000000000e+00 1.000000000000000021e-08 5.655248323541992583e-01 2.483528822106540357e+00
5.655248323541992583e-01 2.483528822106540357e+00 2.000000000000000000e+00 1.000000000000000021e-08 8.306555518644578306e-01 2.651307195102586167e+00
8.306555518644578306e-01 2.651307195102586167e+00 0.000000000000000000e+00 1.000000000000000021e-08 1.266615381036918953e+00 4.359598291724610775e+00
1.266615381036918953e+00 4.359598291724610775e+00 1.000000000000000000e+00 9.999000000000000110e-01 1.570796326794896558e+00 5.000000000000000000e+00
-5.815758721361440758e-02 8.149576665779714735e-04 0.000000000000000000e+00 1.000000000000000021e-08 1.855823914665889057e-02 7.671582636027329816e-01
1.855823914665889057e-02 7.671582636027329816e-01 0.000000000000000000e+00 1.000000000000000021e-08 1.911144088964995547e-01 1.725561697498406710e+00
1.911144088964995547e-01 1.725561697498406710e+00 0.000000000000000000e+00 1.000000000000000021e-08 4.844545837390861753e-01 2.933401748425866096e+00
4.844545837390861753e-01 2.933401748425866096e+00 1.000000000000000000e+00 1.000000000000000021e-08 8.458477222144056284e-01 3.613931384753194198e+00
8.458477222144056284e-01 3.613931384753194198e+00 0.000000000000000000e+00 1.000000000000000021e-08 1.362575675378290274e+00 5.000000000000000000e+00
1.362575675378290274e+00 5.000000000000000000e+00 1.000000000000000000e+00 9.999000000000000110e-01 1.570796326794896558e+00 5.000000000000000000e+00
-1.582734495302252908e-02 -5.650901686183990719e-02 2.000000000000000000e+00 1.000000000000000021e-08 -1.028167010089561378e-01 -8.698935605593359766e-01
-1.028167010089561378e-01 -8.698935605593359766e-01 2.000000000000000000e+00 1.000000000000000021e-08 -2.932031662700703145e-01 -1.903864652611141572e+00
-2.932031662700703145e-01 -1.903864652611141572e+00 1.000000000000000000e+00 1.000000000000000021e-08 -5.204591534685316656e-01 -2.272559871984614066e+00
-5.204591534685316656e-01 -2.272559871984614066e+00 0.000000000000000000e+00 1.000000000000000021e-08 -7.419600272451315481e-01 -2.215008737765999047e+00
-7.419600272451315481e-01 -2.215008737765999047e+00 1.000000000000000000e+00 1.000000000000000021e-08 -1.073455936620004048e+00 -3.314959093748725216e+00
-1.073455936620004048e+00 -3.314959093748725216e+00 2.000000000000000000e+00 1.000000000000000021e-08 -1.566781724319711966e+00 -4.933257876997079627e+00
-1.566781724319711966e+00 -4.933257876997079627e+00 1.000000000000000000e+00 9.999000000000000110e-01 -1.570796326794896558e+00 -5.000000000000000000e+00
3.614647083540725031e-02 -1.150364438657274641e-02 2.000000000000000000e+00 1.000000000000000021e-08 -4.045795634647671862e-02 -7.660442718188396061e-01
-4.045795634647671862e-02 -7.660442718188396061e-01 2.000000000000000000e+00 1.000000000000000021e-08 -2.262448413830256411e-01 -1.857868850365488989e+00
-2.262448413830256411e-01 -1.857868850365488989e+00 1.000000000000000000e+00 1.000000000000000021e-08 -4.503293868274576006e-01 -2.240845454444319707e+00
-4.503293868274576006e-01 -2.240845454444319707e+00 0.000000000000000000e+00 1.000000000000000021e-08 -6.733697899462508518e-01 -2.230404031187932734e+00
-6.733697899462508518e-01 -2.230404031187932734e+00 2.000000000000000000e+00 1.000000000000000021e-08 -1.065568899302551165e+00 -3.921991093563003350e+00
-1.065568899302551165e+00 -3.921991093563003350e+00 1.000000000000000000e+00 9.999000000000000110e-01 -1.570796326794896558e+00 -5.000000000000000000e+00
2.033356776800471222e-02 -5.729544085246265905e-02 2.000000000000000000e+00 1.000000000000000021e-08 -7.332669460854718269e-02 -9.366026237655189490e-01
-7.332669460854718269e-02 -9.366026237655189490e-01 2.000000000000000000e+00 1.000000000000000021e-08 -2.850236965303192260e-01 -2.116970019217720100e+00
-2.850236965303192260e-01 -2.116970019217720100e+00 1.000000000000000000e+00 1.000000000000000021e-08 -5.274937487611925935e-01 -2.424700522308734119e+00
-5.274937487611925935e-01 -2.424700522308734119e+00 2.000000000000000000e+00 1.000000000000000021e-08 -9.283371616555455841e-01 -4.008434128943529906e+00
-9.283371616555455841e-01 -4.008434128943529906e+00 1.000000000000000000e+00 1.000000000000000021e-08 -1.442271414079473457e+00 -5.000000000000000000e+00
-1.442271414079473457e+00 -5.000000000000000000e+00 0.000000000000000000e+00 9.999000000000000110e-01 -1.570796326794896558e+00 -5.000000000000000000e+00
7.428429568731292898e-02 1.792923391832864852e-02 1.000000000000000000e+00 1.000000000000000021e-08 1.030649029755778268e-01 2.878060728826489778e-01
1.030649029755778268e-01 2.878060728826489778e-01 1.000000000000000000e+00 1.000000000000000021e-08 1.529126260263469761e-01 4.984772305076915488e-01
1.529126260263469761e-01 4.984772305076915488e-01 1.000000000000000000e+00 1.000000000000000021e-08 2.167348330085445696e-01 6.382220698219758237e-01
2.167348330085445696e-01 6.382220698219758237e-01 2.000000000000000000e+00 1.000000000000000021e-08 2.417536069703343782e-01 2.501877396178979196e-01
2.417536069703343782e-01 2.501877396178979196e-01 1.000000000000000000e+00 1.000000000000000021e-08 3.017865169048853935e-01 6.003290993455102642e-01
3.017865169048853935e-01 6.003290993455102642e-01 0.000000000000000000e+00 1.000000000000000021e-08 4.864555355077799237e-01 1.846690186028945302e+00
4.864555355077799237e-01 1.846690186028945302e+00 0.000000000000000000e+00 1.000000000000000021e-08 8.205881380722450658e-01 3.341326025644650421e+00
8.205881380722450658e-01 3.341326025644650421e+00 1.000000000000000000e+00 1.000000000000000021e-08 1.251963504665648541e+00 4.313753665934035197e+00
1.251963504665648541e+00 4.313753665934035197e+00 1.000000000000000000e+00 9.999000000000000110e-01 1.570796326794896558e+00 5.000000000000000000e+00
-8.502518465962068117e-02 5.371692687433966829e-02 0.000000000000000000e+00 1.000000000000000021e-08 -2.206531264486760735e-02 6.295987201475307105e-01
-2.206531264486760735e-02 6.295987201475307105e-01 1.000000000000000000e+00 1.000000000000000021e-08 3.216509352814015538e-02 5.423040617300776134e-01
3.216509352814015538e-02 5.423040617300776134e-01 2.000000000000000000e+00 1.000000000000000021e-08 1.041462423074790422e-03 -3.112363110506536357e-01
1.041462423074790422e-03 -3.112363110506536357e-01 2.000000000000000000e+00 1.000000000000000021e-08 -1.302710634395611577e-01 -1.313125258626359315e+00
-1.302710634395611577e-01 -1.313125258626359315e+00 1.000000000000000000e+00 1.000000000000000021e-08 -2.930539738546518169e-01 -1.627829104150906092e+00
-2.930539738546518169e-01 -1.627829104150906092e+00 0.000000000000000000e+00 1.000000000000000021e-08 -4.342330384673816490e-01 -1.411790646127298210e+00
-4.342330384673816490e-01 -1.411790646127298210e+00 0.000000000000000000e+00 1.000000000000000021e-08 -5.686228376062940626e-01 -1.343897991389124691e+00
-5.686228376062940626e-01 -1.343897991389124691e+00 0.000000000000000000e+00 1.000000000000000021e-08 -7.195968892197263100e-01 -1.509740516134322252e+00
-7.195968892197263100e-01 -1.509740516134322252e+00 1.000000000000000000e+00 1.000000000000000021e-08 -9.635969669448739561e-01 -2.440000777251476460e+00
-9.635969669448739561e-01 -2.440000777251476460e+00 0.000000000000000000e+00 1.000000000000000021e-08 -1.280655513883191210e+00 -3.170585469383171873e+00
-1.280655513883191210e+00 -3.170585469383171873e+00 0.000000000000000000e+00 9.999000000000000110e-01 -1.570796326794896558e+00 -4.295197439080628676e+00
7.427419951477062798e-02 -6.378669921449045543e-02 1.000000000000000000e+00 1.000000000000000021e-08 8.085151852713728937e-02 6.577319012366661388e-02
8.085151852713728937e-02 6.577319012366661388e-02 2.000000000000000000e+00 1.000000000000000021e-08 1.882426328913389818e-02 -6.202725523800338703e-01
1.882426328913389818e-02 -6.202725523800338703e-01 2.000000000000000000e+00 1.000000000000000021e-08 -1.173226809832349227e-01 -1.361469442723687973e+00
-1.173226809832349227e-01 -1.361469442723687973e+00 1.000000000000000000e+00 1.000000000000000021e-08 -2.898074891165872136e-01 -1.724848081333522742e+00
-2.898074891165872136e-01 -1.724848081333522742e+00 2.000000000000000000e+00 1.000000000000000021e-08 -5.874011187324154060e-01 -2.975936296158281813e+00
-5.874011187324154060e-01 -2.975936296158281813e+00 2.000000000000000000e+00 1.000000000000000021e-08 -1.038048365672970874e+00 -4.506472469405555792e+00
-1.038048365672970874e+00 -4.506472469405555792e+00 1.000000000000000000e+00 9.999000000000000110e-01 -1.570796326794896558e+00 -5.000000000000000000e+00
4.483768866860752406e-02 -6.316363172705705131e-02 0.000000000000000000e+00 1.000000000000000021e-08 1.479052720939762755e-01 1.030675834253687473e+00
1.479052720939762755e-01 1.030675834253687473e+00 2.000000000000000000e+00 1.000000000000000021e-08 1.753945826998482838e-01 2.748931060587199715e-01
1.753945826998482838e-01 2.748931060587199715e-01 1.000000000000000000e+00 1.000000000000000021e-08 2.282302724393165672e-01 5.283568973946828340e-01
2.282302724393165672e-01 5.283568973946828340e-01 0.000000000000000000e+00 1.000000000000000021e-08 4.180217366840645044e-01 1.897914642447479094e+00
4.180217366840645044e-01 1.897914642447479094e+00 1.000000000000000000e+00 1.000000000000000021e-08 6.584671225097452618e-01 2.404453858256807575e+00
6.584671225097452618e-01 2.404453858256807575e+00 2.000000000000000000e+00 1.000000000000000021e-08 9.360763412715421561e-01 2.776092187617968943e+00
9.360763412715421561e-01 2.776092187617968943e+00 1.000000000000000000e+00 1.000000000000000021e-08 1.334069937488065793e+00 3.979935962165236152e+00
1.334069937488065793e+00 3.979935962165236152e+00 1.000000000000000000e+00 9.999000000000000110e-01 1.570796326794896558e+00 5.000000000000000000e+00
2.965009206592502874e-02 8.364697122443838506e-02 2.000000000000000000e+00 1.000000000000000021e-08 -5.556627038038670918e-02 -8.521636244631173307e-01
-5.556627038038670918e-02 -8.521636244631173307e-01 2.000000000000000000e+00 1.000000000000000021e-08 -2.361415269260378480e-01 -1.805752565456511194e+00
-2.361415269260378480e-01 -1.805752565456511194e+00 2.000000000000000000e+00 1.000000000000000021e-08 -5.510923760072630184e-01 -3.149508490812252148e+00
-5.510923760072630184e-01 -3.149508490812252148e+00 1.000000000000000000e+00 1.000000000000000021e-08 -9.367356586128696705e-01 -3.856432826056066077e+00
-9.367356586128696705e-01 -3.856432826056066077e+00 0.000000000000000000e+00 1.000000000000000021e-08 -1.393118985395486398e+00 -4.563833267826166384e+00
-1.393118985395486398e+00 -4.563833267826166384e+00 0.000000000000000000e+00 9.999000000000000110e-01 -1.570796326794896558e+00 -5.000000000000000000e+00
1.284753055450444173e-02 2.626026139631452289e-02 1.000000000000000000e+00 1.000000000000000021e-08 2.328216561257952927e-02 1.043463505807508684e-01
2.328216561257952927e-02 1.043463505807508684e-01 0.000000000000000000e+00 1.000000000000000021e-08 1.415331288731389581e-01 1.182509632605594163e+00
1.415331288731389581e-01 1.182509632605594163e+00 0.000000000000000000e+00 1.000000000000000021e-08 3.641527554545334056e-01 2.226196265813944031e+00
3.641527554545334056e-01 2.226196265813944031e+00 2.000000000000000000e+00 1.000000000000000021e-08 5.475988629503651950e-01 1.834461074958317894e+00
5.475988629503651950e-01 1.834461074958317894e+00 2.000000000000000000e+00 1.000000000000000021e-08 7.319767938674910379e-01 1.843779309171258429e+00
7.319767938674910379e-01 1.843779309171258429e+00 0.000000000000000000e+00 1.000000000000000021e-08 1.078062391059824376e+00 3.460855971923333385e+00
1.078062391059824376e+00 3.460855971923333385e+00 1.000000000000000000e+00 1.000000000000000021e-08 1.557653595048728246e+00 4.795912039889038248e+00
1.557653595048728246e+00 4.795912039889038248e+00 2.000000000000000000e+00 9.999000000000000110e-01 1.570796326794896558e+00 5.000000000000000000e+00
-2.767936460555181152e-02 2.546354629652806262e-02 1.000000000000000000e+00 1.000000000000000021e-08 -4.280379175106318462e-02 -1.512442714551137102e-01
-4.280379175106318462e-02 -1.512442714551137102e-01 2.000000000000000000e+00 1.000000000000000021e-08 -1.570461997451007008e-01 -1.142424079940375092e+00
-1.570461997451007008e-01 -1.142424079940375092e+00 1.000000000000000000e+00 1.000000000000000021e-08 -2.939536434745869675e-01 -1.369074437294862223e+00
-2.939536434745869675e-01 -1.369074437294862223e+00 0.000000000000000000e+00 1.000000000000000021e-08 -3.812834586725500352e-01 -8.732981519796304548e-01
-3.812834586725500352e-01 -8.732981519796304548e-01 1.000000000000000000e+00 1.000000000000000021e-08 -5.254243237346910567e-01 -1.441408650621410548e+00
-5.254243237346910567e-01 -1.441408650621410548e+00 1.000000000000000000e+00 1.000000000000000021e-08 -7.578193913640796087e-01 -2.323950676293885742e+00
-7.578193913640796087e-01 -2.323950676293885742e+00 1.000000000000000000e+00 1.000000000000000021e-08 -1.088665005539930952e+00 -3.308456141758512548e+00
-1.088665005539930952e+00 -3.308456141758512548e+00 2.000000000000000000e+00 9.999000000000000110e-01 -1.570796326794896558e+00 -4.960963815541109767e+00
-7.880918011247019239e-02 -7.229118532466349833e-02 0.000000000000000000e+00 1.000000000000000021e-08 -1.738902316867030340e-02 6.142015694379988622e-01
-1.738902316867030340e-02 6.142015694379988622e-01 0.000000000000000000e+00 1.000000000000000021e-08 1.249041033381324828e-01 1.422931265068027695e+00
1.249041033381324828e-01 1.422931265068027695e+00 2.000000000000000000e+00 1.000000000000000021e-08 2.005756562319929159e-01 7.567155289386042760e-01
2.005756562319929159e-01 7.567155289386042760e-01 1.000000000000000000e+00 1.000000000000000021e-08 3.209292750493002999e-01 1.203536188173073951e+00
3.209292750493002999e-01 1.203536188173073951e+00 2.000000000000000000e+00 1.000000000000000021e-08 4.130376891785698668e-01 9.210841412926953353e-01
4.130376891785698668e-01 9.210841412926953353e-01 1.000000000000000000e+00 1.000000000000000021e-08 5.875475290910312509e-01 1.745098399124613842e+00
5.875475290910312509e-01 1.745098399124613842e+00 1.000000000000000000e+00 1.000000000000000021e-08 8.572979961948105077e-01 2.697504671037792345e+00
8.572979961948105077e-01 2.697504671037792345e+00 2.000000000000000000e+00 1.000000000000000021e-08 1.189645983617189984e+00 3.323479874223793651e+00
1.189645983617189984e+00 3.323479874223793651e+00 0.000000000000000000e+00 9.999000000000000110e-01 1.570796326794896558e+00 4.894645948240111899e+00
-4.404291966514697898e-02 7.083273685258226204e-04 0.000000000000000000e+00 1.000000000000000021e-08 3.814744272674559789e-02 8.219036239189256854e-01
3.814744272674559789e-02 8.219036239189256854e-01 2.000000000000000000e+00 1.000000000000000021e-08 4.326000582777270870e-02 5.112563101027112200e-02
4.326000582777270870e-02 5.112563101027112200e-02 1.000000000000000000e+00 1.000000000000000021e-08 4.158332081050539197e-02 -1.676685017267316724e-02
4.158332081050539197e-02 -1.676685017267316724e-02 1.000000000000000000e+00 1.000000000000000021e-08 4.862320157515930691e-02 7.039880764653914935e-02
4.862320157515930691e-02 7.039880764653914935e-02 2.000000000000000000e+00 1.000000000000000021e-08 -3.297076524838856576e-02 -8.159396682354786989e-01
-3.297076524838856576e-02 -8.159396682354786989e-01 1.000000000000000000e+00 1.000000000000000021e-08 -1.080894031719184245e-01 -7.511863792352986291e-01
-1.080894031719184245e-01 -7.511863792352986291e-01 1.000000000000000000e+00 1.000000000000000021e-08 -2.092922476911263929e-01 -1.012028445192079573e+00
-2.092922476911263929e-01 -1.012028445192079573e+00 2.000000000000000000e+00 1.000000000000000021e-08 -4.320743824617741535e-01 -2.227821347706477439e+00
-4.320743824617741535e-01 -2.227821347706477439e+00 2.000000000000000000e+00 1.000000000000000021e-08 -7.927486866083280903e-01 -3.606743041465539257e+00
-7.927486866083280903e-01 -3.606743041465539257e+00 1.000000000000000000e+00 1.000000000000000021e-08 -1.253448804666546401e+00 -4.607001180582182442e+00
-1.253448804666546401e+00 -4.607001180582182442e+00 0.000000000000000000e+00 9.999000000000000110e-01 -1.570796326794896558e+00 -5.000000000000000000e+00
8.602402758902250035e-02 5.900711492463954488e-02 2.000000000000000000e+00 1.000000000000000021e-08 3.168289805879437315e-02 -5.434112953022812720e-01
3.168289805879437315e-02 -5.434112953022812720e-01 0.000000000000000000e+00 1.000000000000000021e-08 8.857768467720247840e-02 5.689478661840811080e-01
8.857768467720247840e-02 5.689478661840811080e-01 2.000000000000000000e+00 1.000000000000000021e-08 5.635403049841970075e-02 -3.222365417878277905e-01
5.635403049841970075e-02 -3.222365417878277905e-01 0.000000000000000000e+00 1.000000000000000021e-08 1.068905566154685904e-01 5.053652611704889663e-01
1.068905566154685904e-01 5.053652611704889663e-01 2.000000000000000000e+00 1.000000000000000021e-08 8.869106524129369284e-02 -1.819949137417489204e-01
8.869106524129369284e-02 -1.819949137417489204e-01 0.000000000000000000e+00 1.000000000000000021e-08 1.696436932039839529e-01 8.095262796269024896e-01
1.696436932039839529e-01 8.095262796269024896e-01 0.000000000000000000e+00 1.000000000000000021e-08 3.715611680817526574e-01 2.019174748777686990e+00
3.715611680817526574e-01 2.019174748777686990e+00 1.000000000000000000e+00 1.000000000000000021e-08 6.211604563732950890e-01 2.495992882915424538e+00
6.211604563732950890e-01 2.495992882915424538e+00 2.000000000000000000e+00 1.000000000000000021e-08 8.814179191088598042e-01 2.602574627355647152e+00
8.814179191088598042e-01 2.602574627355647152e+00 2.000000000000000000e+00 1.000000000000000021e-08 1.198643664831406941e+00 3.172257457225470034e+00
1.198643664831406941e+00 3.172257457225470034e+00 0.000000000000000000e+00 9.999000000000000110e-01 1.570796326794896558e+00 4.828136152462503716e+00
-5.484743616577408831e-02 -6.225883668331767123e-02 2.000000000000000000e+00 1.000000000000000021e-08 -1.572727217843038483e-01 -1.024252856185297711e+00
-1.572727217843038483e-01 -1.024252856185297711e+00 1.000000000000000000e+00 1.000000000000000021e-08 -2.856641594899235193e-01 -1.283914377056196487e+00
-2.856641594899235193e-01 -1.283914377056196487e+00 0.000000000000000000e+00 1.000000000000000021e-08 -3.721227485012246761e-01 -8.645858901130114571e-01
-3.721227485012246761e-01 -8.645858901130114571e-01 1.000000000000000000e+00 1.000000000000000021e-08 -5.330612895258870498e-01 -1.609385410246623627e+00
-5.330612895258870498e-01 -1.609385410246623627e+00 1.000000000000000000e+00 1.000000000000000021e-08 -7.852833470817288664e-01 -2.522220575558417277e+00
-7.852833470817288664e-01 -2.522220575558417277e+00 0.000000000000000000e+00 1.000000000000000021e-08 -1.076099036118820074e+00 -2.908156890370911185e+00
-1.076099036118820074e+00 -2.908156890370911185e+00 2.000000000000000000e+00 1.000000000000000021e-08 -1.529452499265649301e+00 -4.533534631468293163e+00
-1.529452499265649301e+00 -4.533534631468293163e+00 1.000000000000000000e+00 9.999000000000000110e-01 -1.570796326794896558e+00 -5.000000000000000000e+00
4.909793503045885299e-02 -4.421688916820362691e-02 1.000000000000000000e+00 1.000000000000000021e-08 6.972604981327673590e-02 2.062811478281788291e-01
6.972604981327673590e-02 2.062811478281788291e-01 0.000000000000000000e+00 1.000000000000000021e-08 1.736795930818103018e-01 1.039535432685335437e+00
1.736795930818103018e-01 1.039535432685335437e+00 1.000000000000000000e+00 1.000000000000000021e-08 2.946360207743624060e-01 1.209564276925521042e+00
2.946360207743624060e-01 1.209564276925521042e+00 2.000000000000000000e+00 1.000000000000000021e-08 3.968578611882724871e-01 1.022218404139100922e+00
3.968578611882724871e-01 1.022218404139100922e+00 1.000000000000000000e+00 1.000000000000000021e-08 5.695626793027890322e-01 1.727048181145165895e+00
5.695626793027890322e-01 1.727048181145165895e+00 2.000000000000000000e+00 1.000000000000000021e-08 7.717705672717666276e-01 2.022078879689776176e+00
7.717705672717666276e-01 2.022078879689776176e+00 0.000000000000000000e+00 1.000000000000000021e-08 1.146999832712141565e+00 3.752292654403747818e+00
1.146999832712141565e+00 3.752292654403747818e+00 2.000000000000000000e+00 9.999000000000000110e-01 1.570796326794896558e+00 4.715702858689614807e+00
-3.941686239942736314e-02 3.238818395613880796e-02 0.000000000000000000e+00 1.000000000000000021e-08 5.897050784065531459e-02 9.838737024008267218e-01
5.897050784065531459e-02 9.838737024008267218e-01 1.000000000000000000e+00 1.000000000000000021e-08 1.505301559147939616e-01 9.155964807413865536e-01
1.505301559147939616e-01 9.155964807413865536e-01 1.000000000000000000e+00 1.000000000000000021e-08 2.834934254018751654e-01 1.329632694870812371e+00
2.834934254018751654e-01 1.329632694870812371e+00 1.000000000000000000e+00 1.000000000000000021e-08 4.468642633604419379e-01 1.633708379585667281e+00
4.468642633604419379e-01 1.633708379585667281e+00 0.000000000000000000e+00 1.000000000000000021e-08 7.523715637813159773e-01 3.055073004208740617e+00
7.523715637813159773e-01 3.055073004208740617e+00 2.000000000000000000e+00 1.000000000000000021e-08 1.101111649391961045e+00 3.487400856106449343e+00
1.101111649391961045e+00 3.487400856106449343e+00 0.000000000000000000e+00 9.999000000000000110e-01 1.570796326794896558e+00 5.000000000000000000e+00
-1.011340857105955983e-02 1.191080084441501277e-02 0.000000000000000000e+00 1.000000000000000021e-08 8.665080335443865744e-02 9.676421192549822248e-01
