7.521361236596911526e-02 -7.332994782675204826e-02 0.000000000000000000e+00 1.000000000000000021e-08 1.682138876655406012e-01 9.300027529957147765e-01
1.682138876655406012e-01 9.300027529957147765e-01 1.000000000000000000e+00 1.000000000000000021e-08 2.917325890237838504e-01 1.235187013582432769e+00
2.917325890237838504e-01 1.235187013582432769e+00 1.000000000000000000e+00 1.000000000000000021e-08 4.529999112141368522e-01 1.612673221903530241e+00
4.529999112141368522e-01 1.612673221903530241e+00 2.000000000000000000e+00 1.000000000000000021e-08 6.130900769886445945e-01 1.600901657745077644e+00
6.130900769886445945e-01 1.600901657745077644e+00 0.000000000000000000e+00 1.000000000000000021e-08 9.462952446533163808e-01 3.332051676646717642e+00
9.462952446533163808e-01 3.332051676646717642e+00 2.000000000000000000e+00 1.000000000000000021e-08 1.347915341315851334e+00 4.016200966625349977e+00
1.347915341315851334e+00 4.016200966625349977e+00 0.000000000000000000e+00 9.999000000000000110e-01 1.570796326794896558e+00 5.000000000000000000e+00
-5.049019202947802737e-02 -6.713285136485461213e-03 2.000000000000000000e+00 1.000000000000000021e-08 -1.358079267154431724e-01 -8.531773468596514087e-01
-1.358079267154431724e-01 -8.531773468596514087e-01 1.000000000000000000e+00 1.000000000000000021e-08 -2.385510641441028201e-01 -1.027431374286596366e+00
-2.385510641441028201e-01 -1.027431374286596366e+00 2.000000000000000000e+00 1.000000000000000021e-08 -4.831602871528998810e-01 -2.446092230087970609e+00
-4.831602871528998810e-01 -2.446092230087970609e+00 1.000000000000000000e+00 1.000000000000000021e-08 -7.989340411983709700e-01 -3.157737540454710778e+00
-7.989340411983709700e-01 -3.157737540454710778e+00 0.000000000000000000e+00 1.000000000000000021e-08 -1.159456736139247823e+00 -3.605226949408769421e+00
-1.159456736139247823e+00 -3.605226949408769421e+00 1.000000000000000000e+00 9.999000000000000110e-01 -1.570796326794896558e+00 -4.866148915347418225e+00
4.079812467938823128e-02 -7.204772893230851349e-02 0.000000000000000000e+00 1.000000000000000021e-08 1.161825838778920289e-01 7.538445919850379484e-01
1.161825838778920289e-01 7.538445919850379484e-01 0.000000000000000000e+00 1.000000000000000021e-08 3.079443872465095766e-01 1.917618033686175227e+00
3.079443872465095766e-01 1.917618033686175227e+00 1.000000000000000000e+00 1.000000000000000021e-08 5.453971592908164467e-01 2.374527720443068812e+00
5.453971592908164467e-01 2.374527720443068812e+00 1.000000000000000000e+00 1.000000000000000021e-08 8.596876671816355842e-01 3.142905078908191818e+00
8.596876671816355842e-01 3.142905078908191818e+00 1.000000000000000000e+00 1.000000000000000021e-08 1.289361662000338082e+00 4.296739948187024538e+00
1.289361662000338082e+00 4.296739948187024538e+00 1.000000000000000000e+00 9.999000000000000110e-01 1.570796326794896558e+00 5.000000000000000000e+00
4.826155409350354336e-02 -1.546563798321668251e-02 1.000000000000000000e+00 1.000000000000000021e-08 4.064613384063386903e-02 -7.615420252869672946e-02
4.064613384063386903e-02 -7.615420252869672946e-02 1.000000000000000000e+00 1.000000000000000021e-08 5.615226248215401950e-02 1.550612864152014769e-01
5.615226248215401950e-02 1.550612864152014769e-01 2.000000000000000000e+00 1.000000000000000021e-08 9.006585353567422847e-03 -4.714567712858659387e-01
9.006585353567422847e-03 -4.714567712858659387e-01 0.000000000000000000e+00 1.000000000000000021e-08 5.789697407479511143e-02 4.889038872122768442e-01
5.789697407479511143e-02 4.889038872122768442e-01 1.000000000000000000e+00 1.000000000000000021e-08 9.951598475396081223e-02 4.161901067916569108e-01
9.951598475396081223e-02 4.161901067916569108e-01 0.000000000000000000e+00 1.000000000000000021e-08 2.445659910726698527e-01 1.450500063187090349e+00
2.445659910726698527e-01 1.450500063187090349e+00 2.000000000000000000e+00 1.000000000000000021e-08 3.452378480654960669e-01 1.006718569928262141e+00
3.452378480654960669e-01 1.006718569928262141e+00 2.000000000000000000e+00 1.000000000000000021e-08 4.211551720365940277e-01 7.591732397109797192e-01
4.211551720365940277e-01 7.591732397109797192e-01 0.000000000000000000e+00 1.000000000000000021e-08 6.534890583203030179e-01 2.323338862837089458e+00
6.534890583203030179e-01 2.323338862837089458e+00 0.000000000000000000e+00 1.000000000000000021e-08 1.049487241065790499e+00 3.959981827454874814e+00
1.049487241065790499e+00 3.959981827454874814e+00 1.000000000000000000e+00 1.000000000000000021e-08 1.568303243948571790e+00 5.000000000000000000e+00
1.568303243948571790e+00 5.000000000000000000e+00 0.000000000000000000e+00 9.999000000000000110e-01 1.570796326794896558e+00 5.000000000000000000e+00
2.785459831334361272e-02 -3.406764903638257597e-02 0.000000000000000000e+00 1.000000000000000021e-08 1.331549790293722058e-01 1.053003807160285854e+00
1.331549790293722058e-01 1.053003807160285854e+00 0.000000000000000000e+00 1.000000000000000021e-08 3.468518336815296088e-01 2.136968546521574197e+00
3.468518336815296088e-01 2.136968546521574197e+00 1.000000000000000000e+00 1.000000000000000021e-08 6.145439029251327234e-01 2.676920692436030258e+00
6.145439029251327234e-01 2.676920692436030258e+00 2.000000000000000000e+00 1.000000000000000021e-08 8.911531871445255160e-01 2.766092842193927925e+00
8.911531871445255160e-01 2.766092842193927925e+00 2.000000000000000000e+00 1.000000000000000021e-08 1.239071082417854575e+00 3.479178952733289698e+00
1.239071082417854575e+00 3.479178952733289698e+00 2.000000000000000000e+00 9.999000000000000110e-01 1.570796326794896558e+00 4.565383671388904219e+00
-8.656211843471381395e-02 -8.209691881363576083e-02 2.000000000000000000e+00 1.000000000000000021e-08 -1.973415672927736342e-01 -1.107794488580598147e+00
-1.973415672927736342e-01 -1.107794488580598147e+00 1.000000000000000000e+00 1.000000000000000021e-08 -3.557893956051016437e-01 -1.584478283123279985e+00
-3.557893956051016437e-01 -1.584478283123279985e+00 1.000000000000000000e+00 1.000000000000000021e-08 -5.872223048561251435e-01 -2.314329092510234887e+00
-5.872223048561251435e-01 -2.314329092510234887e+00 2.000000000000000000e+00 1.000000000000000021e-08 -9.888513346773484258e-01 -4.016290298212233267e+00
-9.888513346773484258e-01 -4.016290298212233267e+00 1.000000000000000000e+00 1.000000000000000021e-08 -1.515123562999962648e+00 -5.000000000000000000e+00
-1.515123562999962648e+00 -5.000000000000000000e+00 2.000000000000000000e+00 9.999000000000000110e-01 -1.570796326794896558e+00 -5.000000000000000000e+00
5.786847217170015822e-04 -2.520276116074309999e-02 2.000000000000000000e+00 1.000000000000000021e-08 -1.056429586992800734e-01 -1.062216434209970695e+00
-1.056429586992800734e-01 -1.062216434209970695e+00 2.000000000000000000e+00 1.000000000000000021e-08 -3.058507744603211620e-01 -2.002078157610410969e+00
-3.058507744603211620e-01 -2.002078157610410969e+00 2.000000000000000000e+00 1.000000000000000021e-08 -6.298528626456885160e-01 -3.240020881853673096e+00
-6.298528626456885160e-01 -3.240020881853673096e+00 1.000000000000000000e+00 1.000000000000000021e-08 -1.037635865227463761e+00 -4.077830025817752002e+00
-1.037635865227463761e+00 -4.077830025817752002e+00 0.000000000000000000e+00 1.000000000000000021e-08 -1.523412888096157936e+00 -4.857770228686942637e+00
-1.523412888096157936e+00 -4.857770228686942637e+00 0.000000000000000000e+00 9.999000000000000110e-01 -1.570796326794896558e+00 -5.000000000000000000e+00
6.562800830203095737e-02 5.455846940330917605e-02 1.000000000000000000e+00 1.000000000000000021e-08 9.528178106198023634e-02 2.965377275994927619e-01
9.528178106198023634e-02 2.965377275994927619e-01 1.000000000000000000e+00 1.000000000000000021e-08 1.432704733624118321e-01 4.798869230043159018e-01
1.432704733624118321e-01 4.798869230043159018e-01 2.000000000000000000e+00 1.000000000000000021e-08 1.157585985839814785e-01 -2.751187477843035634e-01
1.157585985839814785e-01 -2.751187477843035634e-01 2.000000000000000000e+00 1.000000000000000021e-08 2.183790442805810805e-02 -9.392069415592336767e-01
2.183790442805810805e-02 -9.392069415592336767e-01 2.000000000000000000e+00 1.000000000000000021e-08 -1.449319842813144299e-01 -1.667698887093725268e+00
-1.449319842813144299e-01 -1.667698887093725268e+00 0.000000000000000000e+00 1.000000000000000021e-08 -2.601631319641818929e-01 -1.152311476828674408e+00
-2.601631319641818929e-01 -1.152311476828674408e+00 1.000000000000000000e+00 1.000000000000000021e-08 -4.077353004136906600e-01 -1.475721684495087560e+00
-4.077353004136906600e-01 -1.475721684495087560e+00 2.000000000000000000e+00 1.000000000000000021e-08 -7.060053514264328367e-01 -2.982700510127421101e+00
-7.060053514264328367e-01 -2.982700510127421101e+00 1.000000000000000000e+00 1.000000000000000021e-08 -1.091484601394800968e+00 -3.854792499683681761e+00
-1.091484601394800968e+00 -3.854792499683681761e+00 1.000000000000000000e+00 9.999000000000000110e-01 -1.570796326794896558e+00 -5.000000000000000000e+00
8.457762510953385771e-02 -2.005076538880556231e-03 0.000000000000000000e+00 1.000000000000000021e-08 1.859834263956453571e-01 1.014058012861114744e+00
1.859834263956453571e-01 1.014058012861114744e+00 0.000000000000000000e+00 1.000000000000000021e-08 4.109874087223021055e-01 2.250039823266567485e+00
4.109874087223021055e-01 2.250039823266567485e+00 1.000000000000000000e+00 1.000000000000000021e-08 7.032170819518512861e-01 2.922296732295491140e+00
7.032170819518512861e-01 2.922296732295491140e+00 1.000000000000000000e+00 1.000000000000000021e-08 1.095608666708457246e+00 3.923915847566058268e+00
1.095608666708457246e+00 3.923915847566058268e+00 1.000000000000000000e+00 9.999000000000000110e-01 1.570796326794896558e+00 5.000000000000000000e+00
1.776389246955549506e-02 -7.967474351290473877e-02 1.000000000000000000e+00 1.000000000000000021e-08 1.848690317250132123e-02 7.230107029458254786e-03
1.848690317250132123e-02 7.230107029458254786e-03 0.000000000000000000e+00 1.000000000000000021e-08 9.721957638001714475e-02 7.873267320751582421e-01
9.721957638001714475e-02 7.873267320751582421e-01 0.000000000000000000e+00 1.000000000000000021e-08 2.793841900844024617e-01 1.821646137043853253e+00
2.793841900844024617e-01 1.821646137043853253e+00 0.000000000000000000e+00 1.000000000000000021e-08 5.889215203692830247e-01 3.095373302848804631e+00
5.889215203692830247e-01 3.095373302848804631e+00 2.000000000000000000e+00 1.000000000000000021e-08 9.247103270599082991e-01 3.357888066906252522e+00
9.247103270599082991e-01 3.357888066906252522e+00 2.000000000000000000e+00 1.000000000000000021e-08 1.328102773350294807e+00 4.033924462903866193e+00
1.328102773350294807e+00 4.033924462903866193e+00 1.000000000000000000e+00 9.999000000000000110e-01 1.570796326794896558e+00 5.000000000000000000e+00
-1.172355538962925429e-02 8.480025594866191785e-02 0.000000000000000000e+00 1.000000000000000021e-08 8.265319246886593252e-02 9.437674785849518022e-01
8.265319246886593252e-02 9.437674785849518022e-01 0.000000000000000000e+00 1.000000000000000021e-08 2.713808053053831659e-01 1.887276128365172223e+00
2.713808053053831659e-01 1.887276128365172223e+00 1.000000000000000000e+00 1.000000000000000021e-08 4.971708242367399722e-01 2.257900189313567729e+00
4.971708242367399722e-01 2.257900189313567729e+00 2.000000000000000000e+00 1.000000000000000021e-08 7.274490371197614991e-01 2.302782128830215047e+00
7.274490371197614991e-01 2.302782128830215047e+00 0.000000000000000000e+00 1.000000000000000021e-08 1.118870520689668524e+00 3.914214835699068917e+00
1.118870520689668524e+00 3.914214835699068917e+00 2.000000000000000000e+00 9.999000000000000110e-01 1.570796326794896558e+00 4.780493395214085339e+00
-4.303528315449171165e-02 -3.186803378006548143e-02 0.000000000000000000e+00 1.000000000000000021e-08 3.731518922481038419e-02 8.035047237930208475e-01
3.731518922481038419e-02 8.035047237930208475e-01 2.000000000000000000e+00 1.000000000000000021e-08 4.888272383334808791e-02 1.156753460853769955e-01
4.888272383334808791e-02 1.156753460853769955e-01 2.000000000000000000e+00 1.000000000000000021e-08 -1.701296856214459807e-02 -6.589569239549268875e-01
-1.701296856214459807e-02 -6.589569239549268875e-01 0.000000000000000000e+00 1.000000000000000021e-08 1.619320405785413391e-02 3.320617261999873060e-01
1.619320405785413391e-02 3.320617261999873060e-01 2.000000000000000000e+00 1.000000000000000021e-08 -4.487466712777295891e-02 -6.106787118562708727e-01
-4.487466712777295891e-02 -6.106787118562708727e-01 0.000000000000000000e+00 1.000000000000000021e-08 -9.443806446545660593e-03 3.543086068122729415e-01
-9.443806446545660593e-03 3.543086068122729415e-01 1.000000000000000000e+00 1.000000000000000021e-08 8.210852762725893983e-03 1.765465920927155319e-01
8.210852762725893983e-03 1.765465920927155319e-01 2.000000000000000000e+00 1.000000000000000021e-08 -7.810090393303700806e-02 -8.631175669576290899e-01
-7.810090393303700806e-02 -8.631175669576290899e-01 2.000000000000000000e+00 1.000000000000000021e-08 -2.500939421591595879e-01 -1.719930382261225965e+00
-2.500939421591595879e-01 -1.719930382261225965e+00 2.000000000000000000e+00 1.000000000000000021e-08 -5.331287114241696212e-01 -2.830347692650100555e+00
-5.331287114241696212e-01 -2.830347692650100555e+00 0.000000000000000000e+00 1.000000000000000021e-08 -8.196462193873854662e-01 -2.865175079632158006e+00
-8.196462193873854662e-01 -2.865175079632158006e+00 2.000000000000000000e+00 1.000000000000000021e-08 -1.278676462278421688e+00 -4.590302428910360888e+00
-1.278676462278421688e+00 -4.590302428910360888e+00 1.000000000000000000e+00 9.999000000000000110e-01 -1.570796326794896558e+00 -5.000000000000000000e+00
-7.833226300418980048e-02 -7.101928302159715711e-02 1.000000000000000000e+00 1.000000000000000021e-08 -8.992555141867161761e-02 -1.159328841448181296e-01
-8.992555141867161761e-02 -1.159328841448181296e-01 2.000000000000000000e+00 1.000000000000000021e-08 -1.964858667639804990e-01 -1.065603153453088758e+00
-1.964858667639804990e-01 -1.065603153453088758e+00 0.000000000000000000e+00 1.000000000000000021e-08 -2.590909797479542531e-01 -6.260511298397377633e-01
-2.590909797479542531e-01 -6.260511298397377633e-01 0.000000000000000000e+00 1.000000000000000021e-08 -2.819347893888885515e-01 -2.284380964093428723e-01
-2.819347893888885515e-01 -2.284380964093428723e-01 1.000000000000000000e+00 1.000000000000000021e-08 -3.412574355773622670e-01 -5.932264618847369331e-01
-3.412574355773622670e-01 -5.932264618847369331e-01 2.000000000000000000e+00 1.000000000000000021e-08 -5.317961995970463818e-01 -1.905387640196840593e+00
-5.317961995970463818e-01 -1.905387640196840593e+00 0.000000000000000000e+00 1.000000000000000021e-08 -7.183627336700640909e-01 -1.865665340730177091e+00
-7.183627336700640909e-01 -1.865665340730177091e+00 2.000000000000000000e+00 1.000000000000000021e-08 -1.058507274768213602e+00 -3.401445410981495776e+00
-1.058507274768213602e+00 -3.401445410981495776e+00 0.000000000000000000e+00 1.000000000000000021e-08 -1.484298886755182956e+00 -4.257916119869694427e+00
-1.484298886755182956e+00 -4.257916119869694427e+00 0.000000000000000000e+00 9.999000000000000110e-01 -1.570796326794896558e+00 -5.000000000000000000e+00
-1.496170503503552879e-03 -1.211597999235661249e-02 1.000000000000000000e+00 1.000000000000000021e-08 9.111573338157768695e-03 1.060774384166132123e-01
9.111573338157768695e-03 1.060774384166132123e-01 1.000000000000000000e+00 1.000000000000000021e-08 3.178818105414626255e-02 2.267660771598848934e-01
3.178818105414626255e-02 2.267660771598848934e-01 2.000000000000000000e+00 1.000000000000000021e-08 -3.175607395631307311e-02 -6.354425501045932734e-01
-3.175607395631307311e-02 -6.354425501045932734e-01 2.000000000000000000e+00 1.000000000000000021e-08 -1.904823331416837795e-01 -1.587262591853706883e+00
-1.904823331416837795e-01 -1.587262591853706883e+00 0.000000000000000000e+00 1.000000000000000021e-08 -2.907047180827981858e-01 -1.002223849411143952e+00
-2.907047180827981858e-01 -1.002223849411143952e+00 2.000000000000000000e+00 1.000000000000000021e-08 -5.153701127049735708e-01 -2.246653946221753628e+00
-5.153701127049735708e-01 -2.246653946221753628e+00 0.000000000000000000e+00 1.000000000000000021e-08 -7.454999546856881931e-01 -2.301298419807146445e+00
-7.454999546856881931e-01 -2.301298419807146445e+00 1.000000000000000000e+00 1.000000000000000021e-08 -1.083068686411114534e+00 -3.375687317254262965e+00
-1.083068686411114534e+00 -3.375687317254262965e+00 0.000000000000000000e+00 1.000000000000000021e-08 -1.509734934935494488e+00 -4.266662485243799097e+00
-1.509734934935494488e+00 -4.266662485243799097e+00 2.000000000000000000e+00 9.999000000000000110e-01 -1.570796326794896558e+00 -5.000000000000000000e+00
1.670757566797669708e-02 -5.144607929412972624e-02 2.000000000000000000e+00 1.000000000000000021e-08 -6.005741197312482876e-02 -7.676498764110152306e-01
-6.005741197312482876e-02 -7.676498764110152306e-01 2.000000000000000000e+00 1.000000000000000021e-08 -2.359745746781634346e-01 -1.759171627050385878e+00
-2.359745746781634346e-01 -1.759171627050385878e+00 0.000000000000000000e+00 1.000000000000000021e-08 -3.652262197184030779e-01 -1.292516450402396266e+00
-3.652262197184030779e-01 -1.292516450402396266e+00 1.000000000000000000e+00 1.000000000000000021e-08 -5.660522812871120468e-01 -2.008260615687089690e+00
-5.660522812871120468e-01 -2.008260615687089690e+00 2.000000000000000000e+00 1.000000000000000021e-08 -9.195754243466105482e-01 -3.535231430594984126e+00
-9.195754243466105482e-01 -3.535231430594984126e+00 1.000000000000000000e+00 1.000000000000000021e-08 -1.396451998946952155e+00 -4.768765746003415629e+00
-1.396451998946952155e+00 -4.768765746003415629e+00 0.000000000000000000e+00 9.999000000000000110e-01 -1.570796326794896558e+00 -5.000000000000000000e+00
-4.234760029021629457e-02 -6.994533505565254938e-02 0.000000000000000000e+00 1.000000000000000021e-08 3.169329342777196801e-02 7.404089371798826535e-01
3.169329342777196801e-02 7.404089371798826535e-01 0.000000000000000000e+00 1.000000000000000021e-08 2.016634312261415263e-01 1.699701377983695583e+00
2.016634312261415263e-01 1.699701377983695583e+00 2.000000000000000000e+00 1.000000000000000021e-08 3.224237595201863149e-01 1.207603282940447498e+00
3.224237595201863149e-01 1.207603282940447498e+00 0.000000000000000000e+00 1.000000000000000021e-08 5.694470068667445428e-01 2.470232473465582501e+00
5.694470068667445428e-01 2.470232473465582501e+00 2.000000000000000000e+00 1.000000000000000021e-08 8.349809571336888059e-01 2.655339502669441742e+00
8.349809571336888059e-01 2.655339502669441742e+00 2.000000000000000000e+00 1.000000000000000021e-08 1.164280171902923211e+00 3.292992147692343607e+00
1.164280171902923211e+00 3.292992147692343607e+00 1.000000000000000000e+00 9.999000000000000110e-01 1.570796326794896558e+00 4.664490555235539126e+00
-1.923732818190516253e-03 3.210317368501484914e-02 2.000000000000000000e+00 1.000000000000000021e-08 -7.542112478822640687e-02 -7.349739197003588576e-01
-7.542112478822640687e-02 -7.349739197003588576e-01 0.000000000000000000e+00 1.000000000000000021e-08 -6.113842773688876048e-02 1.428269705133764500e-01
-6.113842773688876048e-02 1.428269705133764500e-01 2.000000000000000000e+00 1.000000000000000021e-08 -1.312369186759249073e-01 -7.009849093903613992e-01
-1.312369186759249073e-01 -7.009849093903613992e-01 0.000000000000000000e+00 1.000000000000000021e-08 -1.385249355066297539e-01 -7.288016830704846516e-02
-1.385249355066297539e-01 -7.288016830704846516e-02 2.000000000000000000e+00 1.000000000000000021e-08 -2.618306365641887568e-01 -1.233057010575589807e+00
-2.618306365641887568e-01 -1.233057010575589807e+00 2.000000000000000000e+00 1.000000000000000021e-08 -5.053057167281193029e-01 -2.434750801639305351e+00
-5.053057167281193029e-01 -2.434750801639305351e+00 0.000000000000000000e+00 1.000000000000000021e-08 -7.519539266591436233e-01 -2.466482099310242759e+00
-7.519539266591436233e-01 -2.466482099310242759e+00 0.000000000000000000e+00 1.000000000000000021e-08 -1.043504027901317022e+00 -2.915501012421734650e+00
-1.043504027901317022e+00 -2.915501012421734650e+00 0.000000000000000000e+00 1.000000000000000021e-08 -1.419634893302255341e+00 -3.761308654009383190e+00
-1.419634893302255341e+00 -3.761308654009383190e+00 1.000000000000000000e+00 9.999000000000000110e-01 -1.570796326794896558e+00 -5.000000000000000000e+00
4.597294145205974014e-02 -3.743274070613040322e-02 2.000000000000000000e+00 1.000000000000000021e-08 -4.127256669379623932e-02 -8.724550814585597669e-01
-4.127256669379623932e-02 -8.724550814585597669e-01 0.000000000000000000e+00 1.000000000000000021e-08 -5.915417643395217556e-02 -1.788160974015593485e-01
-5.915417643395217556e-02 -1.788160974015593485e-01 0.000000000000000000e+00 1.000000000000000021e-08 1.823732111057093513e-02 7.739149754452310237e-01
1.823732111057093513e-02 7.739149754452310237e-01 0.000000000000000000e+00 1.000000000000000021e-08 1.774106443232713326e-01 1.591733232127003683e+00
1.774106443232713326e-01 1.591733232127003683e+00 1.000000000000000000e+00 1.000000000000000021e-08 3.697207302267455642e-01 1.923100859034742038e+00
3.697207302267455642e-01 1.923100859034742038e+00 2.000000000000000000e+00 1.000000000000000021e-08 5.509559186650321294e-01 1.812351884382865874e+00
5.509559186650321294e-01 1.812351884382865874e+00 1.000000000000000000e+00 1.000000000000000021e-08 8.271997815215510474e-01 2.762438628565188736e+00
8.271997815215510474e-01 2.762438628565188736e+00 0.000000000000000000e+00 1.000000000000000021e-08 1.266485556271825796e+00 4.392857747502747046e+00
1.266485556271825796e+00 4.392857747502747046e+00 2.000000000000000000e+00 9.999000000000000110e-01 1.570796326794896558e+00 5.000000000000000000e+00
6.628904376165228873e-02 -2.993201808952590526e-02 0.000000000000000000e+00 1.000000000000000021e-08 1.509149331324405874e-01 8.462588937078827644e-01
1.509149331324405874e-01 8.462588937078827644e-01 2.000000000000000000e+00 1.000000000000000021e-08 1.593904829412207680e-01 8.475549808780180605e-02
1.593904829412207680e-01 8.475549808780180605e-02 2.000000000000000000e+00 1.000000000000000021e-08 1.089183258772544738e-01 -5.047215706396628310e-01
1.089183258772544738e-01 -5.047215706396628310e-01 2.000000000000000000e+00 1.000000000000000021e-08 3.908495451894838935e-03 -1.050098304253596293e+00
3.908495451894838935e-03 -1.050098304253596293e+00 2.000000000000000000e+00 1.000000000000000021e-08 -2.062078888018957501e-01 -2.101163842537905779e+00
-2.062078888018957501e-01 -2.101163842537905779e+00 1.000000000000000000e+00 1.000000000000000021e-08 -4.649357964217787353e-01 -2.587279076198830019e+00
-4.649357964217787353e-01 -2.587279076198830019e+00 1.000000000000000000e+00 1.000000000000000021e-08 -8.052167917084388504e-01 -3.402809952866600707e+00
-8.052167917084388504e-01 -3.402809952866600707e+00 0.000000000000000000e+00 1.000000000000000021e-08 -1.190423737292792161e+00 -3.852069455843532886e+00
-1.190423737292792161e+00 -3.852069455843532886e+00 1.000000000000000000e+00 9.999000000000000110e-01 -1.570796326794896558e+00 -5.000000000000000000e+00
-7.360342293989534379e-02 -2.204756266169859147e-02 2.000000000000000000e+00 1.000000000000000021e-08 -1.627137345422318138e-01 -8.911031160233646720e-01
-1.627137345422318138e-01 -8.911031160233646720e-01 1.000000000000000000e+00 1.000000000000000021e-08 -2.703984050410360718e-01 -1.076846704988042358e+00
-2.703984050410360718e-01 -1.076846704988042358e+00 2.000000000000000000e+00 1.000000000000000021e-08 -5.055729601561083086e-01 -2.351745551150721703e+00
-5.055729601561083086e-01 -2.351745551150721703e+00 0.000000000000000000e+00 1.000000000000000021e-08 -7.341650222638498313e-01 -2.285920621077414783e+00
-7.341650222638498313e-01 -2.285920621077414783e+00 2.000000000000000000e+00 1.000000000000000021e-08 -1.117899541339282710e+00 -3.837345190754329671e+00
-1.117899541339282710e+00 -3.837345190754329671e+00 1.000000000000000000e+00 9.999000000000000110e-01 -1.570796326794896558e+00 -5.000000000000000000e+00
8.048999473165346918e-02 3.535357721605146553e-02 1.000000000000000000e+00 1.000000000000000021e-08 1.087044802101944374e-01 2.821448547854096267e-01
1.087044802101944374e-01 2.821448547854096267e-01 1.000000000000000000e+00 1.000000000000000021e-08 1.385103451804765573e-01 2.980586497028212545e-01
1.385103451804765573e-01 2.980586497028212545e-01 0.000000000000000000e+00 1.000000000000000021e-08 2.641946858943680088e-01 1.256843407138914737e+00
2.641946858943680088e-01 1.256843407138914737e+00 0.000000000000000000e+00 1.000000000000000021e-08 5.111789615366161277e-01 2.469842756422480967e+00
5.111789615366161277e-01 2.469842756422480967e+00 1.000000000000000000e+00 1.000000000000000021e-08 8.416022666053556422e-01 3.304233050687394702e+00
8.416022666053556422e-01 3.304233050687394702e+00 2.000000000000000000e+00 1.000000000000000021e-08 1.220815209679393165e+00 3.792129430740375007e+00
1.220815209679393165e+00 3.792129430740375007e+00 1.000000000000000000e+00 9.999000000000000110e-01 1.570796326794896558e+00 5.000000000000000000e+00
-5.711228368566648173e-02 -8.084739893667691746e-02 2.000000000000000000e+00 1.000000000000000021e-08 -1.583194558084429493e-01 -1.012071721227764565e+00
-1.583194558084429493e-01 -1.012071721227764565e+00 1.000000000000000000e+00 1.000000000000000021e-08 -2.716090963752821885e-01 -1.132896405668392337e+00
-2.716090963752821885e-01 -1.132896405668392337e+00 1.000000000000000000e+00 1.000000000000000021e-08 -4.182253327332751125e-01 -1.466162363579929240e+00
-4.182253327332751125e-01 -1.466162363579929240e+00 2.000000000000000000e+00 1.000000000000000021e-08 -6.960720095946273389e-01 -2.778466768613522042e+00
-6.960720095946273389e-01 -2.778466768613522042e+00 0.000000000000000000e+00 1.000000000000000021e-08 -9.985494346880928740e-01 -3.024774250934655129e+00
-9.985494346880928740e-01 -3.024774250934655129e+00 0.000000000000000000e+00 1.000000000000000021e-08 -1.381753416768426668e+00 -3.832039820803338603e+00
-1.381753416768426668e+00 -3.832039820803338603e+00 0.000000000000000000e+00 9.999000000000000110e-01 -1.570796326794896558e+00 -5.000000000000000000e+00
3.282518520026400655e-02 -5.324811991766384422e-02 1.000000000000000000e+00 1.000000000000000021e-08 3.802205126548501707e-02 5.196866065221007747e-02
3.802205126548501707e-02 5.196866065221007747e-02 2.000000000000000000e+00 1.000000000000000021e-08 -3.476299001096850444e-02 -7.278504127645352151e-01
-3.476299001096850444e-02 -7.278504127645352151e-01 1.000000000000000000e+00 1.000000000000000021e-08 -1.129310236581641813e-01 -7.816803364719567826e-01
-1.129310236581641813e-01 -7.816803364719567826e-01 0.000000000000000000e+00 1.000000000000000021e-08 -1.161471040642912539e-01 -3.216080406127075353e-02
-1.161471040642912539e-01 -3.216080406127075353e-02 1.000000000000000000e+00 1.000000000000000021e-08 -1.365431434721054715e-01 -2.039603940781421210e-01
-1.365431434721054715e-01 -2.039603940781421210e-01 2.000000000000000000e+00 1.000000000000000021e-08 -2.731219667061044465e-01 -1.365788232339989916e+00
-2.731219667061044465e-01 -1.365788232339989916e+00 1.000000000000000000e+00 1.000000000000000021e-08 -4.552151465725142732e-01 -1.820931798664098267e+00
-4.552151465725142732e-01 -1.820931798664098267e+00 1.000000000000000000e+00 1.000000000000000021e-08 -6.939132903793265861e-01 -2.386981438068122685e+00
-6.939132903793265861e-01 -2.386981438068122685e+00 1.000000000000000000e+00 1.000000000000000021e-08 -1.031983425892527340e+00 -3.380701355132007979e+00
-1.031983425892527340e+00 -3.380701355132007979e+00 0.000000000000000000e+00 1.000000000000000021e-08 -1.445681012029969459e+00 -4.136975861374421193e+00
-1.445681012029969459e+00 -4.136975861374421193e+00 2.000000000000000000e+00 9.999000000000000110e-01 -1.570796326794896558e+00 -5.000000000000000000e+00
-1.285681342846460747e-02 -2.675370247885978242e-02 1.000000000000000000e+00 1.000000000000000021e-08 -2.915639979853996283e-02 -1.629958637007535571e-01
-2.915639979853996283e-02 -1.629958637007535571e-01 0.000000000000000000e+00 1.000000000000000021e-08 4.769511474892879771e-02 7.685151454746875777e-01
4.769511474892879771e-02 7.685151454746875777e-01 0.000000000000000000e+00 1.000000000000000021e-08 2.070863545400505878e-01 1.593912397911217749e+00
2.070863545400505878e-01 1.593912397911217749e+00 0.000000000000000000e+00 1.000000000000000021e-08 4.878894728348007748e-01 2.808031182947501758e+00
4.878894728348007748e-01 2.808031182947501758e+00 2.000000000000000000e+00 1.000000000000000021e-08 7.626922106561964121e-01 2.748027378213956151e+00
7.626922106561964121e-01 2.748027378213956151e+00 0.000000000000000000e+00 1.000000000000000021e-08 1.204755116436731832e+00 4.420629057805355089e+00
1.204755116436731832e+00 4.420629057805355089e+00 1.000000000000000000e+00 9.999000000000000110e-01 1.570796326794896558e+00 5.000000000000000000e+00
5.861924899402444489e-02 -2.831060289281854547e-02 1.000000000000000000e+00 1.000000000000000021e-08 6.388098339608698495e-02 5.261734402062535898e-02
6.388098339608698495e-02 5.261734402062535898e-02 2.000000000000000000e+00 1.000000000000000021e-08 -2.365146103740733974e-02 -8.753244443349431636e-01
-2.365146103740733974e-02 -8.753244443349431636e-01 2.000000000000000000e+00 1.000000000000000021e-08 -1.999898560793124391e-01 -1.763383950419050938e+00
-1.999898560793124391e-01 -1.763383950419050938e+00 1.000000000000000000e+00 1.000000000000000021e-08 -4.142284527100737468e-01 -2.142385966307613021e+00
-4.142284527100737468e-01 -2.142385966307613021e+00 0.000000000000000000e+00 1.000000000000000021e-08 -6.103385572193464892e-01 -1.961101045092727757e+00
-6.103385572193464892e-01 -1.961101045092727757e+00 0.000000000000000000e+00 1.000000000000000021e-08 -8.370206766107298746e-01 -2.266821193913833632e+00
-8.370206766107298746e-01 -2.266821193913833632e+00 0.000000000000000000e+00 1.000000000000000021e-08 -1.128662495330936100e+00 -2.916418187202061585e+00
-1.128662495330936100e+00 -2.916418187202061585e+00 1.000000000000000000e+00 1.000000000000000021e-08 -1.546040419014897527e+00 -4.173779236839614271e+00
-1.546040419014897527e+00 -4.173779236839614271e+00 0.000000000000000000e+00 9.999000000000000110e-01 -1.570796326794896558e+00 -5.000000000000000000e+00
3.301400723010279592e-02 -4.308538153419091965e-02 0.000000000000000000e+00 1.000000000000000021e-08 1.081133289731305153e-01 7.509932174302771379e-01
1.081133289731305153e-01 7.509932174302771379e-01 1.000000000000000000e+00 1.000000000000000021e-08 1.959034461356884138e-01 8.779011716255789022e-01
1.959034461356884138e-01 8.779011716255789022e-01 0.000000000000000000e+00 1.000000000000000021e-08 4.115121675955896174e-01 2.156087214599011759e+00
4.115121675955896174e-01 2.156087214599011759e+00 2.000000000000000000e+00 1.000000000000000021e-08 6.030630135126052727e-01 1.915508459170156330e+00
6.030630135126052727e-01 1.915508459170156330e+00 0.000000000000000000e+00 1.000000000000000021e-08 9.634539304744071941e-01 3.603909169618019437e+00
9.634539304744071941e-01 3.603909169618019437e+00 2.000000000000000000e+00 1.000000000000000021e-08 1.391985855119751481e+00 4.285319246453442865e+00
1.391985855119751481e+00 4.285319246453442865e+00 2.000000000000000000e+00 9.999000000000000110e-01 1.570796326794896558e+00 5.000000000000000000e+00
-5.105494853706774028e-02 -3.843542136339439530e-02 0.000000000000000000e+00 1.000000000000000021e-08 7.012764606358079522e-03 5.806771314342581425e-01
7.012764606358079522e-03 5.806771314342581425e-01 2.000000000000000000e+00 1.000000000000000021e-08 -2.389954057518405353e-02 -3.091230518154213236e-01
-2.389954057518405353e-02 -3.091230518154213236e-01 1.000000000000000000e+00 1.000000000000000021e-08 -5.679847194061556082e-02 -3.289893136543151075e-01
-5.679847194061556082e-02 -3.289893136543151075e-01 1.000000000000000000e+00 1.000000000000000021e-08 -9.114190683958908745e-02 -3.434343489897352386e-01
-9.114190683958908745e-02 -3.434343489897352386e-01 2.000000000000000000e+00 1.000000000000000021e-08 -2.311323659882005555e-01 -1.399904591486114569e+00
-2.311323659882005555e-01 -1.399904591486114569e+00 0.000000000000000000e+00 1.000000000000000021e-08 -3.285110800608255222e-01 -9.737871407262495005e-01
-3.285110800608255222e-01 -9.737871407262495005e-01 0.000000000000000000e+00 1.000000000000000021e-08 -4.087703447126000422e-01 -8.025926465177450897e-01
-4.087703447126000422e-01 -8.025926465177450897e-01 0.000000000000000000e+00 1.000000000000000021e-08 -4.644967817356068229e-01 -5.572643702300678070e-01
-4.644967817356068229e-01 -5.572643702300678070e-01 2.000000000000000000e+00 1.000000000000000021e-08 -6.842458032734941575e-01 -2.197490215378873124e+00
-6.842458032734941575e-01 -2.197490215378873124e+00 0.000000000000000000e+00 1.000000000000000021e-08 -9.387565456166184763e-01 -2.545107423431243632e+00
-9.387565456166184763e-01 -2.545107423431243632e+00 0.000000000000000000e+00 1.000000000000000021e-08 -1.260361448905108706e+00 -3.216049032884903180e+00
-1.260361448905108706e+00 -3.216049032884903180e+00 1.000000000000000000e+00 9.999000000000000110e-01 -1.570796326794896558e+00 -4.577523070839195185e+00
-6.895499063753726676e-02 -6.818023569681810891e-02 0.000000000000000000e+00 1.000000000000000021e-08 -5.621499199896518029e-03 6.333349143764074318e-01
-5.621499199896518029e-03 6.333349143764074318e-01 2.000000000000000000e+00 1.000000000000000021e-08 -4.528060901792242687e-02 -3.965910981802590607e-01
-4.528060901792242687e-02 -3.965910981802590607e-01 1.000000000000000000e+00 1.000000000000000021e-08 -9.961682472226346396e-02 -5.433621570434103987e-01
-9.961682472226346396e-02 -5.433621570434103987e-01 1.000000000000000000e+00 1.000000000000000021e-08 -1.569629930096478887e-01 -5.734616828738443584e-01
-1.569629930096478887e-01 -5.734616828738443584e-01 1.000000000000000000e+00 1.000000000000000021e-08 -2.400927461095364868e-01 -8.312975309988859252e-01
-2.400927461095364868e-01 -8.312975309988859252e-01 1.000000000000000000e+00 1.000000000000000021e-08 -3.614087514197440454e-01 -1.213160053102075642e+00
-3.614087514197440454e-01 -1.213160053102075642e+00 0.000000000000000000e+00 1.000000000000000021e-08 -4.649098180378609668e-01 -1.035010666181169325e+00
-4.649098180378609668e-01 -1.035010666181169325e+00 0.000000000000000000e+00 1.000000000000000021e-08 -5.544951028572536744e-01 -8.958528481939266319e-01
-5.544951028572536744e-01 -8.958528481939266319e-01 0.000000000000000000e+00 1.000000000000000021e-08 -6.558516644102549975e-01 -1.013565615530013675e+00
-6.558516644102549975e-01 -1.013565615530013675e+00 2.000000000000000000e+00 1.000000000000000021e-08 -9.283550577567540874e-01 -2.725033933464991343e+00
-9.283550577567540874e-01 -2.725033933464991343e+00 1.000000000000000000e+00 1.000000000000000021e-08 -1.327099911796310039e+00 -3.987448540395559071e+00
-1.327099911796310039e+00 -3.987448540395559071e+00 0.000000000000000000e+00 9.999000000000000110e-01 -1.570796326794896558e+00 -5.000000000000000000e+00
2.255733527994583168e-02 -1.891752273219159813e-02 1.000000000000000000e+00 1.000000000000000021e-08 3.704844864290501166e-02 1.449111336295917929e-01
3.704844864290501166e-02 1.449111336295917929e-01 0.000000000000000000e+00 1.000000000000000021e-08 1.377116127634746556e-01 1.006631641205696370e+00
1.377116127634746556e-01 1.006631641205696370e+00 2.000000000000000000e+00 1.000000000000000021e-08 1.873455811298573581e-01 4.963396836638270804e-01
1.873455811298573581e-01 4.963396836638270804e-01 0.000000000000000000e+00 1.000000000000000021e-08 3.499444374175080252e-01 1.625988562876506727e+00
3.499444374175080252e-01 1.625988562876506727e+00 2.000000000000000000e+00 1.000000000000000021e-08 4.915936914852154782e-01 1.416492540677074752e+00
4.915936914852154782e-01 1.416492540677074752e+00 0.000000000000000000e+00 1.000000000000000021e-08 7.994603213881492643e-01 3.078666299029337416e+00
7.994603213881492643e-01 3.078666299029337416e+00 1.000000000000000000e+00 1.000000000000000021e-08 1.221958443151844875e+00 4.224981217636956998e+00
1.221958443151844875e+00 4.224981217636956998e+00 0.000000000000000000e+00 9.999000000000000110e-01 1.570796326794896558e+00 5.000000000000000000e+00
2.929910909213155265e-02 8.670643436810088200e-02 2.000000000000000000e+00 1.000000000000000021e-08 -3.944287114334198152e-02 -6.874198023547353209e-01
-3.944287114334198152e-02 -6.874198023547353209e-01 1.000000000000000000e+00 1.000000000000000021e-08 -1.138246164038488051e-01 -7.438174526050681523e-01
-1.138246164038488051e-01 -7.438174526050681523e-01 2.000000000000000000e+00 1.000000000000000021e-08 -3.087472666670396659e-01 -1.949226502631908442e+00
-3.087472666670396659e-01 -1.949226502631908442e+00 0.000000000000000000e+00 1.000000000000000021e-08 -4.603145956695915419e-01 -1.515673290025518760e+00
-4.603145956695915419e-01 -1.515673290025518760e+00 0.000000000000000000e+00 1.000000000000000021e-08 -6.126306807179939806e-01 -1.523160850484024609e+00
-6.126306807179939806e-01 -1.523160850484024609e+00 2.000000000000000000e+00 1.000000000000000021e-08 -9.275113179496832227e-01 -3.148806372316891533e+00
-9.275113179496832227e-01 -3.148806372316891533e+00 1.000000000000000000e+00 1.000000000000000021e-08 -1.354996073254624234e+00 -4.274847553049410109e+00
-1.354996073254624234e+00 -4.274847553049410109e+00 0.000000000000000000e+00 9.999000000000000110e-01 -1.570796326794896558e+00 -5.000000000000000000e+00
7.733582158213883617e-02 3.513762631013882254e-02 1.000000000000000000e+00 1.000000000000000021e-08 8.316941427932905695e-02 5.833592697190218002e-02
8.316941427932905695e-02 5.833592697190218002e-02 2.000000000000000000e+00 1.000000000000000021e-08 1.398520536083849852e-02 -6.918420891849055288e-01
1.398520536083849852e-02 -6.918420891849055288e-01 2.000000000000000000e+00 1.000000000000000021e-08 -1.569510794590482927e-01 -1.709362848198867857e+00
-1.569510794590482927e-01 -1.709362848198867857e+00 1.000000000000000000e+00 1.000000000000000021e-08 -3.580545428900887561e-01 -2.011034634310404190e+00
-3.580545428900887561e-01 -2.011034634310404190e+00 2.000000000000000000e+00 1.000000000000000021e-08 -6.827094043909007759e-01 -3.246548615008120198e+00
-6.827094043909007759e-01 -3.246548615008120198e+00 1.000000000000000000e+00 1.000000000000000021e-08 -1.094384381361695580e+00 -4.116749769707948481e+00
-1.094384381361695580e+00 -4.116749769707948481e+00 0.000000000000000000e+00 9.999000000000000110e-01 -1.570796326794896558e+00 -4.966143358437306254e+00
3.530627012704687373e-02 -7.590125686143854578e-02 2.000000000000000000e+00 1.000000000000000021e-08 -6.473672654505292778e-02 -1.000429966720997932e+00
-6.473672654505292778e-02 -1.000429966720997932e+00 1.000000000000000000e+00 1.000000000000000021e-08 -1.904608577668150948e-01 -1.257241312217621587e+00
-1.904608577668150948e-01 -1.257241312217621587e+00 0.000000000000000000e+00 1.000000000000000021e-08 -2.744859127315329994e-01 -8.402505496471790458e-01
-2.744859127315329994e-01 -8.402505496471790458e-01 1.000000000000000000e+00 1.000000000000000021e-08 -3.964771652772356436e-01 -1.219912525457026664e+00
-3.964771652772356436e-01 -1.219912525457026664e+00 0.000000000000000000e+00 1.000000000000000021e-08 -5.147367661838502251e-01 -1.182596009066145815e+00
-5.147367661838502251e-01 -1.182596009066145815e+00 0.000000000000000000e+00 1.000000000000000021e-08 -6.395967986956889728e-01 -1.248600325118387477e+00
-6.395967986956889728e-01 -1.248600325118387477e+00 1.000000000000000000e+00 1.000000000000000021e-08 -8.502243948400444173e-01 -2.106275961443554667e+00
-8.502243948400444173e-01 -2.106275961443554667e+00 2.000000000000000000e+00 1.000000000000000021e-08 -1.223840476386607534e+00 -3.736160815465629614e+00
-1.223840476386607534e+00 -3.736160815465629614e+00 0.000000000000000000e+00 9.999000000000000110e-01 -1.570796326794896558e+00 -4.814797421414020562e+00
4.420878123182933606e-02 3.132912310099357500e-02 1.000000000000000000e+00 1.000000000000000021e-08 7.020056639754555794e-02 2.599178516571621911e-01
7.020056639754555794e-02 2.599178516571621911e-01 0.000000000000000000e+00 1.000000000000000021e-08 1.886373526211515550e-01 1.184367862236060054e+00
1.886373526211515550e-01 1.184367862236060054e+00 2.000000000000000000e+00 1.000000000000000021e-08 2.636830094075707787e-01 7.504565678641923476e-01
2.636830094075707787e-01 7.504565678641923476e-01 0.000000000000000000e+00 1.000000000000000021e-08 4.532865739127254767e-01 1.896035645051546981e+00
4.532865739127254767e-01 1.896035645051546981e+00 0.000000000000000000e+00 1.000000000000000021e-08 7.775697223089910182e-01 3.242831483962655970e+00
7.775697223089910182e-01 3.242831483962655970e+00 0.000000000000000000e+00 1.000000000000000021e-08 1.254498466364908138e+00 4.769287440559171642e+00
1.254498466364908138e+00 4.769287440559171642e+00 1.000000000000000000e+00 9.999000000000000110e-01 1.570796326794896558e+00 5.000000000000000000e+00
8.387091313028725847e-02 8.156089528608219397e-02 2.000000000000000000e+00 1.000000000000000021e-08 3.417970748923698787e-02 -4.969120564105026783e-01
3.417970748923698787e-02 -4.969120564105026783e-01 2.000000000000000000e+00 1.000000000000000021e-08 -8.784810074390848877e-02 -1.220278082331454739e+00
-8.784810074390848877e-02 -1.220278082331454739e+00 2.000000000000000000e+00 1.000000000000000021e-08 -3.278080050992943639e-01 -2.399599043553858557e+00
-3.278080050992943639e-01 -2.399599043553858557e+00 2.000000000000000000e+00 1.000000000000000021e-08 -6.926855719693945090e-01 -3.648775668701000896e+00
-6.926855719693945090e-01 -3.648775668701000896e+00 2.000000000000000000e+00 1.000000000000000021e-08 -1.219586173868220325e+00 -5.000000000000000000e+00
-1.219586173868220325e+00 -5.000000000000000000e+00 0.000000000000000000e+00 9.999000000000000110e-01 -1.570796326794896558e+00 -5.000000000000000000e+00
-8.703640407486119834e-02 7.256569801810697218e-02 0.000000000000000000e+00 1.000000000000000021e-08 -3.596990085105916668e-03 8.343941398975527335e-01
-3.596990085105916668e-03 8.343941398975527335e-01 2.000000000000000000e+00 1.000000000000000021e-08 -2.690158002222703577e-03 9.068320828832132641e-03
-2.690158002222703577e-03 9.068320828832132641e-03 2.000000000000000000e+00 1.000000000000000021e-08 -8.970478883767138423e-02 -8.701463083544866972e-01
-8.970478883767138423e-02 -8.701463083544866972e-01 2.000000000000000000e+00 1.000000000000000021e-08 -2.930903244633762394e-01 -2.033855356257048719e+00
-2.930903244633762394e-01 -2.033855356257048719e+00 2.000000000000000000e+00 1.000000000000000021e-08 -6.265854456965729291e-01 -3.334951212331966452e+00
-6.265854456965729291e-01 -3.334951212331966452e+00 0.000000000000000000e+00 1.000000000000000021e-08 -9.867308269183718838e-01 -3.601453812217988659e+00
-9.867308269183718838e-01 -3.601453812217988659e+00 2.000000000000000000e+00 1.000000000000000021e-08 -1.510396403923549791e+00 -5.000000000000000000e+00
-1.510396403923549791e+00 -5.000000000000000000e+00 2.000000000000000000e+00 9.999000000000000110e-01 -1.570796326794896558e+00 -5.000000000000000000e+00
8.480451378183687106e-02 -2.522883622645661489e-02 0.000000000000000000e+00 1.000000000000000021e-08 1.721782644795681605e-01 8.737375069773128944e-01
1.721782644795681605e-01 8.737375069773128944e-01 0.000000000000000000e+00 1.000000000000000021e-08 3.695127093343184010e-01 1.973344448547502239e+00
3.695127093343184010e-01 1.973344448547502239e+00 2.000000000000000000e+00 1.000000000000000021e-08 5.410324663127200617e-01 1.715197569784016274e+00
5.410324663127200617e-01 1.715197569784016274e+00 1.000000000000000000e+00 1.000000000000000021e-08 7.913898622464357047e-01 2.503573959337155763e+00
7.913898622464357047e-01 2.503573959337155763e+00 2.000000000000000000e+00 1.000000000000000021e-08 1.093063735929563851e+00 3.016738736831281464e+00
1.093063735929563851e+00 3.016738736831281464e+00 1.000000000000000000e+00 1.000000000000000021e-08 1.520373117192005630e+00 4.273093812624418675e+00
1.520373117192005630e+00 4.273093812624418675e+00 1.000000000000000000e+00 9.999000000000000110e-01 1.570796326794896558e+00 5.000000000000000000e+00
4.623351432371820141e-03 -1.392936052846015758e-02 0.000000000000000000e+00 1.000000000000000021e-08 9.205083873570836517e-02 8.742748730333653739e-01
9.205083873570836517e-02 8.742748730333653739e-01 1.000000000000000000e+00 1.000000000000000021e-08 1.913940728950680736e-01 9.934323415935970569e-01
1.913940728950680736e-01 9.934323415935970569e-01 2.000000000000000000e+00 1.000000000000000021e-08 2.207106697136901052e-01 2.931659681862203159e-01
2.207106697136901052e-01 2.931659681862203159e-01 1.000000000000000000e+00 1.000000000000000021e-08 2.796182530452811510e-01 5.890758333159105131e-01
2.796182530452811510e-01 5.890758333159105131e-01 1.000000000000000000e+00 1.000000000000000021e-08 3.973933192436136519e-01 1.177750661983324898e+00
3.973933192436136519e-01 1.177750661983324898e+00 2.000000000000000000e+00 1.000000000000000021e-08 5.092255907023296446e-01 1.118322714587159705e+00
5.092255907023296446e-01 1.118322714587159705e+00 1.000000000000000000e+00 1.000000000000000021e-08 6.916888567969990964e-01 1.824632660946694518e+00
6.916888567969990964e-01 1.824632660946694518e+00 0.000000000000000000e+00 1.000000000000000021e-08 1.025742132914488458e+00 3.340532761174894727e+00
1.025742132914488458e+00 3.340532761174894727e+00 2.000000000000000000e+00 1.000000000000000021e-08 1.438783939421105496e+00 4.130418065066169930e+00
1.438783939421105496e+00 4.130418065066169930e+00 0.000000000000000000e+00 9.999000000000000110e-01 1.570796326794896558e+00 5.000000000000000000e+00
-3.281893108701264272e-02 -6.362903131699240711e-02 2.000000000000000000e+00 1.000000000000000021e-08 -1.254935016758371158e-01 -9.267457058882447862e-01
-1.254935016758371158e-01 -9.267457058882447862e-01 0.000000000000000000e+00 1.000000000000000021e-08 -1.354919372874933414e-01 -9.998435611656220079e-02
-1.354919372874933414e-01 -9.998435611656220079e-02 1.000000000000000000e+00 1.000000000000000021e-08 -1.664655457707658048e-01 -3.097360848327245231e-01
-1.664655457707658048e-01 -3.097360848327245231e-01 2.000000000000000000e+00 1.000000000000000021e-08 -3.067538602211145049e-01 -1.402883144503486612e+00
-3.067538602211145049e-01 -1.402883144503486612e+00 0.000000000000000000e+00 1.000000000000000021e-08 -4.171148976800737040e-01 -1.103610374589592213e+00
-4.171148976800737040e-01 -1.103610374589592213e+00 1.000000000000000000e+00 1.000000000000000021e-08 -6.104584119534495201e-01 -1.933435142733758605e+00
-6.104584119534495201e-01 -1.933435142733758605e+00 2.000000000000000000e+00 1.000000000000000021e-08 -9.610452347514040206e-01 -3.505868227979545448e+00
-9.610452347514040206e-01 -3.505868227979545448e+00 2.000000000000000000e+00 1.000000000000000021e-08 -1.481429625156165386e+00 -5.000000000000000000e+00
-1.481429625156165386e+00 -5.000000000000000000e+00 1.000000000000000000e+00 9.999000000000000110e-01 -1.570796326794896558e+00 -5.000000000000000000e+00
-6.925374523586567965e-02 5.795724951776813627e-02 0.000000000000000000e+00 1.000000000000000021e-08 1.173774878234402907e-02 8.099149401820969763e-01
1.173774878234402907e-02 8.099149401820969763e-01 1.000000000000000000e+00 1.000000000000000021e-08 1.000455087995211073e-01 8.830776001717707269e-01
1.000455087995211073e-01 8.830776001717707269e-01 1.000000000000000000e+00 1.000000000000000021e-08 2.118802062486348503e-01 1.118346974491137180e+00
2.118802062486348503e-01 1.118346974491137180e+00 1.000000000000000000e+00 1.000000000000000021e-08 3.534595102375980291e-01 1.415793039889631899e+00
3.534595102375980291e-01 1.415793039889631899e+00 2.000000000000000000e+00 1.000000000000000021e-08 4.658249004736629839e-01 1.123653902360649548e+00
4.658249004736629839e-01 1.123653902360649548e+00 1.000000000000000000e+00 1.000000000000000021e-08 6.465442374646385160e-01 1.807193369909754876e+00
6.465442374646385160e-01 1.807193369909754876e+00 1.000000000000000000e+00 1.000000000000000021e-08 9.168106813250538334e-01 2.702664438604152508e+00
9.168106813250538334e-01 2.702664438604152508e+00 2.000000000000000000e+00 1.000000000000000021e-08 1.264934488546638924e+00 3.481238072215850465e+00
1.264934488546638924e+00 3.481238072215850465e+00 0.000000000000000000e+00 9.999000000000000110e-01 1.570796326794896558e+00 5.000000000000000000e+00
7.208927018166820522e-02 8.124851752766906743e-03 0.000000000000000000e+00 1.000000000000000021e-08 1.575302373258986033e-01 8.544096714423038419e-01
1.575302373258986033e-01 8.544096714423038419e-01 2.000000000000000000e+00 1.000000000000000021e-08 1.896560583257122790e-01 3.212582099981368122e-01
1.896560583257122790e-01 3.212582099981368122e-01 2.000000000000000000e+00 1.000000000000000021e-08 1.718811514821649566e-01 -1.777490684354733341e-01
1.718811514821649566e-01 -1.777490684354733341e-01 0.000000000000000000e+00 1.000000000000000021e-08 2.808900240307540819e-01 1.090088725485891086e+00
2.808900240307540819e-01 1.090088725485891086e+00 0.000000000000000000e+00 1.000000000000000021e-08 5.151889635460111805e-01 2.342989395152570875e+00
5.151889635460111805e-01 2.342989395152570875e+00 0.000000000000000000e+00 1.000000000000000021e-08 9.080742318983252570e-01 3.928852683523139877e+00
9.080742318983252570e-01 3.928852683523139877e+00 1.000000000000000000e+00 1.000000000000000021e-08 1.408010731986184760e+00 4.999365000878595033e+00
1.408010731986184760e+00 4.999365000878595033e+00 2.000000000000000000e+00 9.999000000000000110e-01 1.570796326794896558e+00 5.000000000000000000e+00
3.530454919241352019e-02 -2.855308671163622053e-03 2.000000000000000000e+00 1.000000000000000021e-08 -3.295190066157444031e-02 -6.825644985398795495e-01
-3.295190066157444031e-02 -6.825644985398795495e-01 1.000000000000000000e+00 1.000000000000000021e-08 -1.034047863764868541e-01 -7.045288571491240548e-01
-1.034047863764868541e-01 -7.045288571491240548e-01 1.000000000000000000e+00 1.000000000000000021e-08 -1.831770714677859457e-01 -7.977228509129908884e-01
-1.831770714677859457e-01 -7.977228509129908884e-01 0.000000000000000000e+00 1.000000000000000021e-08 -2.110182589939909314e-01 -2.784118752620498016e-01
-2.110182589939909314e-01 -2.784118752620498016e-01 2.000000000000000000e+00 1.000000000000000021e-08 -3.481913787545702910e-01 -1.371731197605793540e+00
-3.481913787545702910e-01 -1.371731197605793540e+00 1.000000000000000000e+00 1.000000000000000021e-08 -5.418872411603342654e-01 -1.936958624057639522e+00
-5.418872411603342654e-01 -1.936958624057639522e+00 0.000000000000000000e+00 1.000000000000000021e-08 -7.330391145713393009e-01 -1.911518734110049689e+00
-7.330391145713393009e-01 -1.911518734110049689e+00 2.000000000000000000e+00 1.000000000000000021e-08 -1.086432505413909455e+00 -3.533933908425701098e+00
-1.086432505413909455e+00 -3.533933908425701098e+00 1.000000000000000000e+00 9.999000000000000110e-01 -1.570796326794896558e+00 -4.856930934371098907e+00
-4.921038946880319093e-02 6.120685066115660877e-02 2.000000000000000000e+00 1.000000000000000021e-08 -1.525958289750576624e-01 -1.033854395062544729e+00
-1.525958289750576624e-01 -1.033854395062544729e+00 0.000000000000000000e+00 1.000000000000000021e-08 -1.901595869448423626e-01 -3.756375796978469461e-01
-1.901595869448423626e-01 -3.756375796978469461e-01 0.000000000000000000e+00 1.000000000000000021e-08 -1.863928103535915926e-01 3.766776591250764472e-02
-1.863928103535915926e-01 3.766776591250764472e-02 1.000000000000000000e+00 1.000000000000000021e-08 -2.133472158935185159e-01 -2.695440553992692334e-01
-2.133472158935185159e-01 -2.695440553992692334e-01 2.000000000000000000e+00 1.000000000000000021e-08 -3.528395344227598929e-01 -1.394923185292413770e+00
-3.528395344227598929e-01 -1.394923185292413770e+00 2.000000000000000000e+00 1.000000000000000021e-08 -6.437859590475445426e-01 -2.909464246247846830e+00
-6.437859590475445426e-01 -2.909464246247846830e+00 0.000000000000000000e+00 1.000000000000000021e-08 -9.622306231530453058e-01 -3.184446641055007632e+00
-9.622306231530453058e-01 -3.184446641055007632e+00 2.000000000000000000e+00 1.000000000000000021e-08 -1.439188808307578782e+00 -4.769581851545334317e+00
-1.439188808307578782e+00 -4.769581851545334317e+00 0.000000000000000000e+00 9.999000000000000110e-01 -1.570796326794896558e+00 -5.000000000000000000e+00
5.090773691594670247e-02 5.559214754659893426e-02 1.000000000000000000e+00 1.000000000000000021e-08 8.199867456521253706e-02 3.109093764926583181e-01
8.199867456521253706e-02 3.109093764926583181e-01 0.000000000000000000e+00 1.000000000000000021e-08 2.244946489561666925e-01 1.424959743909541388e+00
2.244946489561666925e-01 1.424959743909541388e+00 0.000000000000000000e+00 1.000000000000000021e-08 4.959136549586408149e-01 2.714190060024741058e+00
4.959136549586408149e-01 2.714190060024741058e+00 2.000000000000000000e+00 1.000000000000000021e-08 7.616036075504837299e-01 2.656899525918429372e+00
7.616036075504837299e-01 2.656899525918429372e+00 2.000000000000000000e+00 1.000000000000000021e-08 1.072073021365220757e+00 3.104694138147370275e+00
1.072073021365220757e+00 3.104694138147370275e+00 2.000000000000000000e+00 1.000000000000000021e-08 1.473083393983588785e+00 4.010103726183681161e+00
1.473083393983588785e+00 4.010103726183681161e+00 1.000000000000000000e+00 9.999000000000000110e-01 1.570796326794896558e+00 5.000000000000000000e+00
-4.169353396108941429e-02 3.769098822644567637e-02 1.000000000000000000e+00 1.000000000000000021e-08 -5.381747738101083645e-02 -1.212394341992141800e-01
-5.381747738101083645e-02 -1.212394341992141800e-01 2.000000000000000000e+00 1.000000000000000021e-08 -1.479168621931993832e-01 -9.409938481218855788e-01
-1.479168621931993832e-01 -9.409938481218855788e-01 0.000000000000000000e+00 1.000000000000000021e-08 -1.813630515331985382e-01 -3.344618933999916610e-01
-1.813630515331985382e-01 -3.344618933999916610e-01 1.000000000000000000e+00 1.000000000000000021e-08 -2.490052659857554251e-01 -6.764221445255688137e-01
-2.490052659857554251e-01 -6.764221445255688137e-01 1.000000000000000000e+00 1.000000000000000021e-08 -3.662351863173584077e-01 -1.172299203316029992e+00
-3.662351863173584077e-01 -1.172299203316029992e+00 0.000000000000000000e+00 1.000000000000000021e-08 -4.667116005567108483e-01 -1.004764142393524295e+00
-4.667116005567108483e-01 -1.004764142393524295e+00 1.000000000000000000e+00 1.000000000000000021e-08 -6.331117244529895771e-01 -1.664001238962786733e+00
-6.331117244529895771e-01 -1.664001238962786733e+00 2.000000000000000000e+00 1.000000000000000021e-08 -9.540342021753935864e-01 -3.209224777224039205e+00
-9.540342021753935864e-01 -3.209224777224039205e+00 1.000000000000000000e+00 1.000000000000000021e-08 -1.384659448979328689e+00 -4.306252468039351022e+00
-1.384659448979328689e+00 -4.306252468039351022e+00 0.000000000000000000e+00 9.999000000000000110e-01 -1.570796326794896558e+00 -5.000000000000000000e+00
7.689254191347894007e-02 -9.354992435905403261e-03 2.000000000000000000e+00 1.000000000000000021e-08 1.074952840831336354e-02 -6.614301350516557099e-01
1.074952840831336354e-02 -6.614301350516557099e-01 0.000000000000000000e+00 1.000000000000000021e-08 2.668515247142072208e-02 1.593562406310735646e-01
2.668515247142072208e-02 1.593562406310735646e-01 1.000000000000000000e+00 1.000000000000000021e-08 5.877131587455881878e-02 3.208616340313810156e-01
5.877131587455881878e-02 3.208616340313810156e-01 0.000000000000000000e+00 1.000000000000000021e-08 1.856500656051958131e-01 1.268787497306369971e+00
1.856500656051958131e-01 1.268787497306369971e+00 0.000000000000000000e+00 1.000000000000000021e-08 4.220961864501300287e-01 2.364461208449341711e+00
4.220961864501300287e-01 2.364461208449341711e+00 0.000000000000000000e+00 1.000000000000000021e-08 8.101127047727092467e-01 3.880165183225792624e+00
8.101127047727092467e-01 3.880165183225792624e+00 0.000000000000000000e+00 1.000000000000000021e-08 1.362537433582831969e+00 5.000000000000000000e+00
1.362537433582831969e+00 5.000000000000000000e+00 2.000000000000000000e+00 9.999000000000000110e-01 1.570796326794896558e+00 5.000000000000000000e+00
5.788702233970318550e-02 -4.245128716286880599e-02 0.000000000000000000e+00 1.000000000000000021e-08 1.573546991818288165e-01 9.946767684212562965e-01
1.573546991818288165e-01 9.946767684212562965e-01 0.000000000000000000e+00 1.000000000000000021e-08 3.700472699884905237e-01 2.126925708066616849e+00
3.700472699884905237e-01 2.126925708066616849e+00 0.000000000000000000e+00 1.000000000000000021e-08 7.099992655360543026e-01 3.399519955475637900e+00
7.099992655360543026e-01 3.399519955475637900e+00 1.000000000000000000e+00 1.000000000000000021e-08 1.153784562357498045e+00 4.437852968214437865e+00
1.153784562357498045e+00 4.437852968214437865e+00 2.000000000000000000e+00 9.999000000000000110e-01 1.570796326794896558e+00 5.000000000000000000e+00
-8.047527476037168170e-02 -6.275896311385481541e-02 2.000000000000000000e+00 1.000000000000000021e-08 -1.764167790053302598e-01 -9.594150424495857532e-01
-1.764167790053302598e-01 -9.594150424495857532e-01 1.000000000000000000e+00 1.000000000000000021e-08 -2.862924308571547227e-01 -1.098756518518244851e+00
-2.862924308571547227e-01 -1.098756518518244851e+00 2.000000000000000000e+00 1.000000000000000021e-08 -5.421848680599619108e-01 -2.558924372028071215e+00
-5.421848680599619108e-01 -2.558924372028071215e+00 2.000000000000000000e+00 1.000000000000000021e-08 -9.412975005451281740e-01 -3.991126324851662410e+00
-9.412975005451281740e-01 -3.991126324851662410e+00 2.000000000000000000e+00 1.000000000000000021e-08 -1.503151116808814081e+00 -5.000000000000000000e+00
-1.503151116808814081e+00 -5.000000000000000000e+00 1.000000000000000000e+00 9.999000000000000110e-01 -1.570796326794896558e+00 -5.000000000000000000e+00
6.216685427553412385e-03 -8.576965602490278784e-02 1.000000000000000000e+00 1.000000000000000021e-08 8.682988401081075461e-03 2.466302973527663422e-02
8.682988401081075461e-03 2.466302973527663422e-02 0.000000000000000000e+00 1.000000000000000021e-08 1.162970625614139358e-01 1.076140741603328621e+00
1.162970625614139358e-01 1.076140741603328621e+00 0.000000000000000000e+00 1.000000000000000021e-08 3.230195494536550194e-01 2.067224868922410863e+00
3.230195494536550194e-01 2.067224868922410863e+00 0.000000000000000000e+00 1.000000000000000021e-08 6.535957253356317054e-01 3.305761758819767415e+00
6.535957253356317054e-01 3.305761758819767415e+00 1.000000000000000000e+00 1.000000000000000021e-08 1.077879664703098594e+00 4.242839393674668891e+00
1.077879664703098594e+00 4.242839393674668891e+00 1.000000000000000000e+00 9.999000000000000110e-01 1.570796326794896558e+00 5.000000000000000000e+00
-1.199314939680657006e-02 7.514937348460561800e-03 0.000000000000000000e+00 1.000000000000000021e-08 6.803312222281292232e-02 8.002627161961948232e-01
6.803312222281292232e-02 8.002627161961948232e-01 0.000000000000000000e+00 1.000000000000000021e-08 2.511539848661735741e-01 1.831208626433606490e+00
2.511539848661735741e-01 1.831208626433606490e+00 0.000000000000000000e+00 1.000000000000000021e-08 5.655749225434478777e-01 3.144209376772742814e+00
5.655749225434478777e-01 3.144209376772742814e+00 1.000000000000000000e+00 1.000000000000000021e-08 9.650107043561910736e-01 3.994357818127431070e+00
9.650107043561910736e-01 3.994357818127431070e+00 2.000000000000000000e+00 1.000000000000000021e-08 1.442358959109557803e+00 4.773482547533666853e+00
1.442358959109557803e+00 4.773482547533666853e+00 2.000000000000000000e+00 9.999000000000000110e-01 1.570796326794896558e+00 5.000000000000000000e+00
-1.544372921553601244e-02 -9.077849468371902708e-04 1.000000000000000000e+00 1.000000000000000021e-08 -1.368965197066614528e-02 1.754077244869867505e-02
-1.368965197066614528e-02 1.754077244869867505e-02 2.000000000000000000e+00 1.000000000000000021e-08 -8.828407711880653652e-02 -7.459442514814039749e-01
-8.828407711880653652e-02 -7.459442514814039749e-01 1.000000000000000000e+00 1.000000000000000021e-08 -1.906259782425120952e-01 -1.023419011237055587e+00
-1.906259782425120952e-01 -1.023419011237055587e+00 0.000000000000000000e+00 1.000000000000000021e-08 -2.428903955774355805e-01 -5.226441733492348529e-01
-2.428903955774355805e-01 -5.226441733492348529e-01 1.000000000000000000e+00 1.000000000000000021e-08 -3.372108515374565019e-01 -9.432045596002089916e-01
-3.372108515374565019e-01 -9.432045596002089916e-01 2.000000000000000000e+00 1.000000000000000021e-08 -5.558476888896445312e-01 -2.186368373521879960e+00
-5.558476888896445312e-01 -2.186368373521879960e+00 2.000000000000000000e+00 1.000000000000000021e-08 -9.250339303117750545e-01 -3.691862414221304789e+00
-9.250339303117750545e-01 -3.691862414221304789e+00 2.000000000000000000e+00 1.000000000000000021e-08 -1.461981027200133010e+00 -5.000000000000000000e+00
-1.461981027200133010e+00 -5.000000000000000000e+00 2.000000000000000000e+00 9.999000000000000110e-01 -1.570796326794896558e+00 -5.000000000000000000e+00
3.733642220726771099e-02 3.382509880868979357e-02 0.000000000000000000e+00 1.000000000000000021e-08 1.502506114866008491e-01 1.129141892793331214e+00
1.502506114866008491e-01 1.129141892793331214e+00 0.000000000000000000e+00 1.000000000000000021e-08 3.683767165129768761e-01 2.181261050263760382e+00
3.683767165129768761e-01 2.181261050263760382e+00 1.000000000000000000e+00 1.000000000000000021e-08 6.380485005344340710e-01 2.696717840214571282e+00
6.380485005344340710e-01 2.696717840214571282e+00 0.000000000000000000e+00 1.000000000000000021e-08 1.055920019144107380e+00 4.178715186096733092e+00
1.055920019144107380e+00 4.178715186096733092e+00 1.000000000000000000e+00 9.999000000000000110e-01 1.570796326794896558e+00 5.000000000000000000e+00
-4.948179081257722545e-02 8.012522064009802020e-03 0.000000000000000000e+00 1.000000000000000021e-08 3.502524316810265437e-02 8.450703398067987981e-01
3.502524316810265437e-02 8.450703398067987981e-01 0.000000000000000000e+00 1.000000000000000021e-08 2.066504601216676840e-01 1.716252169535650296e+00
2.066504601216676840e-01 1.716252169535650296e+00 1.000000000000000000e+00 1.000000000000000021e-08 4.074965704925722632e-01 2.008461103709045403e+00
4.074965704925722632e-01 2.008461103709045403e+00 0.000000000000000000e+00 1.000000000000000021e-08 7.626710706646209204e-01 3.551745001720485906e+00
7.626710706646209204e-01 3.551745001720485906e+00 2.000000000000000000e+00 1.000000000000000021e-08 1.155314125439919959e+00 3.926430547752989053e+00
1.155314125439919959e+00 3.926430547752989053e+00 0.000000000000000000e+00 9.999000000000000110e-01 1.570796326794896558e+00 5.000000000000000000e+00
6.802623166668332610e-02 -6.480636555184235426e-02 1.000000000000000000e+00 1.000000000000000021e-08 9.025479773974827424e-02 2.222856607306495091e-01
9.025479773974827424e-02 2.222856607306495091e-01 0.000000000000000000e+00 1.000000000000000021e-08 2.174714292640148039e-01 1.272166315242665435e+00
2.174714292640148039e-01 1.272166315242665435e+00 2.000000000000000000e+00 1.000000000000000021e-08 3.029822836841773448e-01 8.551085442016252980e-01
3.029822836841773448e-01 8.551085442016252980e-01 1.000000000000000000e+00 1.000000000000000021e-08 4.555087332348801143e-01 1.525264495507027585e+00
4.555087332348801143e-01 1.525264495507027585e+00 1.000000000000000000e+00 1.000000000000000021e-08 6.746753299070437082e-01 2.191665966721635606e+00
6.746753299070437082e-01 2.191665966721635606e+00 2.000000000000000000e+00 1.000000000000000021e-08 9.185494182417980324e-01 2.438740883347542798e+00
9.185494182417980324e-01 2.438740883347542798e+00 2.000000000000000000e+00 1.000000000000000021e-08 1.240613392109081392e+00 3.220639738672833818e+00
1.240613392109081392e+00 3.220639738672833818e+00 2.000000000000000000e+00 9.999000000000000110e-01 1.570796326794896558e+00 4.371707678068169400e+00
8.620368517400092689e-02 -1.601946391892861837e-02 1.000000000000000000e+00 1.000000000000000021e-08 9.351389460159953426e-02 7.310209427598612919e-02
9.351389460159953426e-02 7.310209427598612919e-02 0.000000000000000000e+00 1.000000000000000021e-08 1.947981363535142285e-01 1.012842417519147054e+00
1.947981363535142285e-01 1.012842417519147054e+00 0.000000000000000000e+00 1.000000000000000021e-08 4.107561644004413259e-01 2.159580280469270974e+00
4.107561644004413259e-01 2.159580280469270974e+00 0.000000000000000000e+00 1.000000000000000021e-08 7.695442557585464582e-01 3.587880913581050990e+00
7.695442557585464582e-01 3.587880913581050990e+00 0.000000000000000000e+00 1.000000000000000021e-08 1.283817863970911910e+00 5.000000000000000000e+00
1.283817863970911910e+00 5.000000000000000000e+00 2.000000000000000000e+00 9.999000000000000110e-01 1.570796326794896558e+00 5.000000000000000000e+00
-1.941920076021369512e-04 4.906652678587626604e-02 2.000000000000000000e+00 1.000000000000000021e-08 -8.581071550599593534e-02 -8.561652349839379283e-01
-8.581071550599593534e-02 -8.561652349839379283e-01 1.000000000000000000e+00 1.000000000000000021e-08 -1.824567367588573741e-01 -9.664602125286141376e-01
-1.824567367588573741e-01 -9.664602125286141376e-01 0.000000000000000000e+00 1.000000000000000021e-08 -2.285755784839104410e-01 -4.611884172505306134e-01
-2.285755784839104410e-01 -4.611884172505306134e-01 1.000000000000000000e+00 1.000000000000000021e-08 -3.180439079224578469e-01 -8.946832943854743370e-01
-3.180439079224578469e-01 -8.946832943854743370e-01 2.000000000000000000e+00 1.000000000000000021e-08 -5.426741001454271629e-01 -2.246301922229693382e+00
-5.426741001454271629e-01 -2.246301922229693382e+00 0.000000000000000000e+00 1.000000000000000021e-08 -7.717695453620871948e-01 -2.290954452166600319e+00
-7.717695453620871948e-01 -2.290954452166600319e+00 2.000000000000000000e+00 1.000000000000000021e-08 -1.165090512193498906e+00 -3.933209668314117557e+00
-1.165090512193498906e+00 -3.933209668314117557e+00 2.000000000000000000e+00 9.999000000000000110e-01 -1.570796326794896558e+00 -5.000000000000000000e+00
-4.891610332697138991e-02 -7.671038622398014539e-02 2.000000000000000000e+00 1.000000000000000021e-08 -1.520066796726211589e-01 -1.030905763456497537e+00
-1.520066796726211589e-01 -1.030905763456497537e+00 2.000000000000000000e+00 1.000000000000000021e-08 -3.586558278595034510e-01 -2.066491481868823143e+00
-3.586558278595034510e-01 -2.066491481868823143e+00 2.000000000000000000e+00 1.000000000000000021e-08 -7.189252767367408925e-01 -3.602694488772374193e+00
-7.189252767367408925e-01 -3.602694488772374193e+00 0.000000000000000000e+00 1.000000000000000021e-08 -1.115464632350465335e+00 -3.965393556137244424e+00
-1.115464632350465335e+00 -3.965393556137244424e+00 1.000000000000000000e+00 9.999000000000000110e-01 -1.570796326794896558e+00 -5.000000000000000000e+00
8.013633007070879166e-02 7.091706285843295265e-02 1.000000000000000000e+00 1.000000000000000021e-08 1.022142087875553274e-01 2.207787871684653291e-01
1.022142087875553274e-01 2.207787871684653291e-01 1.000000000000000000e+00 1.000000000000000021e-08 1.458794710149088070e-01 4.366526222735348517e-01
1.458794710149088070e-01 4.366526222735348517e-01 0.000000000000000000e+00 1.000000000000000021e-08 3.090585578561525493e-01 1.631790868412437145e+00
3.090585578561525493e-01 1.631790868412437145e+00 1.000000000000000000e+00 1.000000000000000021e-08 5.299506864063797673e-01 2.208921285502272180e+00
5.299506864063797673e-01 2.208921285502272180e+00 2.000000000000000000e+00 1.000000000000000021e-08 7.621461249069872990e-01 2.321954385006074872e+00
7.621461249069872990e-01 2.321954385006074872e+00 1.000000000000000000e+00 1.000000000000000021e-08 1.089663206028798070e+00 3.275170811218107492e+00
1.089663206028798070e+00 3.275170811218107492e+00 1.000000000000000000e+00 1.000000000000000021e-08 1.546343838213521726e+00 4.566806321847236561e+00
1.546343838213521726e+00 4.566806321847236561e+00 1.000000000000000000e+00 9.999000000000000110e-01 1.570796326794896558e+00 5.000000000000000000e+00
-3.378050909955004899e-02 1.274769338794327911e-02 1.000000000000000000e+00 1.000000000000000021e-08 -2.232505717510976234e-02 1.145545192444028387e-01
-2.232505717510976234e-02 1.145545192444028387e-01 2.000000000000000000e+00 1.000000000000000021e-08 -1.112851171220729518e-01 -8.896005994696318808e-01
-1.112851171220729518e-01 -8.896005994696318808e-01 2.000000000000000000e+00 1.000000000000000021e-08 -3.157792438025663895e-01 -2.044941266804934266e+00
-3.157792438025663895e-01 -2.044941266804934266e+00 2.000000000000000000e+00 1.000000000000000021e-08 -6.493038672081870022e-01 -3.335246234056206127e+00
-6.493038672081870022e-01 -3.335246234056206127e+00 0.000000000000000000e+00 1.000000000000000021e-08 -1.011721014632016358e+00 -3.624171474238294000e+00
-1.011721014632016358e+00 -3.624171474238294000e+00 2.000000000000000000e+00 1.000000000000000021e-08 -1.543780635993297956e+00 -5.000000000000000000e+00
-1.543780635993297956e+00 -5.000000000000000000e+00 2.000000000000000000e+00 9.999000000000000110e-01 -1.570796326794896558e+00 -5.000000000000000000e+00
8.533992498189973963e-02 -6.927746305457338494e-04 1.000000000000000000e+00 1.000000000000000021e-08 9.333509647016882682e-02 7.995171488269091353e-02
9.333509647016882682e-02 7.995171488269091353e-02 0.000000000000000000e+00 1.000000000000000021e-08 2.096110457874445221e-01 1.162759493172756953e+00
2.096110457874445221e-01 1.162759493172756953e+00 0.000000000000000000e+00 1.000000000000000021e-08 4.467271274565103312e-01 2.371160816690657924e+00
4.467271274565103312e-01 2.371160816690657924e+00 0.000000000000000000e+00 1.000000000000000021e-08 8.235077792097040827e-01 3.767806517531937516e+00
8.235077792097040827e-01 3.767806517531937516e+00 1.000000000000000000e+00 1.000000000000000021e-08 1.310248787365777989e+00 4.867410081560739066e+00
1.310248787365777989e+00 4.867410081560739066e+00 1.000000000000000000e+00 9.999000000000000110e-01 1.570796326794896558e+00 5.000000000000000000e+00
-4.870342003177710599e-02 8.159221860233370482e-02 1.000000000000000000e+00 1.000000000000000021e-08 -3.410974210656400607e-02 1.459367792521309992e-01
-3.410974210656400607e-02 1.459367792521309992e-01 2.000000000000000000e+00 1.000000000000000021e-08 -1.259445116634385631e-01 -9.183476955687454035e-01
-1.259445116634385631e-01 -9.183476955687454035e-01 2.000000000000000000e+00 1.000000000000000021e-08 -3.298665666144007247e-01 -2.039220549509621616e+00
-3.298665666144007247e-01 -2.039220549509621616e+00 1.000000000000000000e+00 1.000000000000000021e-08 -5.734197956193979318e-01 -2.435532290049971849e+00
-5.734197956193979318e-01 -2.435532290049971849e+00 2.000000000000000000e+00 1.000000000000000021e-08 -9.744313591719968581e-01 -4.010115635525989042e+00
-9.744313591719968581e-01 -4.010115635525989042e+00 0.000000000000000000e+00 1.000000000000000021e-08 -1.443149364916401778e+00 -4.687180057444049197e+00
-1.443149364916401778e+00 -4.687180057444049197e+00 2.000000000000000000e+00 9.999000000000000110e-01 -1.570796326794896558e+00 -5.000000000000000000e+00
-4.430267226352923443e-02 2.715959329724227517e-03 2.000000000000000000e+00 1.000000000000000021e-08 -1.305107920720326165e-01 -8.620811980850336953e-01
-1.305107920720326165e-01 -8.620811980850336953e-01 0.000000000000000000e+00 1.000000000000000021e-08 -1.379555884824709422e-01 -7.444796410438325740e-02
-1.379555884824709422e-01 -7.444796410438325740e-02 0.000000000000000000e+00 1.000000000000000021e-08 -7.574853897185365725e-02 6.220704951061727384e-01
-7.574853897185365725e-02 6.220704951061727384e-01 1.000000000000000000e+00 1.000000000000000021e-08 -4.300414863942639276e-02 3.274439033242726449e-01
-4.300414863942639276e-02 3.274439033242726449e-01 0.000000000000000000e+00 1.000000000000000021e-08 7.833694969869742231e-02 1.213410983381238095e+00
7.833694969869742231e-02 1.213410983381238095e+00 1.000000000000000000e+00 1.000000000000000021e-08 1.993108124850941354e-01 1.209738627863967242e+00
1.993108124850941354e-01 1.209738627863967242e+00 0.000000000000000000e+00 1.000000000000000021e-08 4.485965343737192135e-01 2.492857218886250781e+00
4.485965343737192135e-01 2.492857218886250781e+00 0.000000000000000000e+00 1.000000000000000021e-08 8.509012709240691974e-01 4.023047365503499506e+00
8.509012709240691974e-01 4.023047365503499506e+00 2.000000000000000000e+00 1.000000000000000021e-08 1.315625783585142594e+00 4.647245126610733301e+00
1.315625783585142594e+00 4.647245126610733301e+00 2.000000000000000000e+00 9.999000000000000110e-01 1.570796326794896558e+00 5.000000000000000000e+00
-5.892205733394771661e-02 -5.991519662768002297e-02 1.000000000000000000e+00 1.000000000000000021e-08 -8.153488918895879234e-02 -2.261283185501106741e-01
-8.153488918895879234e-02 -2.261283185501106741e-01 1.000000000000000000e+00 1.000000000000000021e-08 -1.284848251696631971e-01 -4.694993598070439922e-01
-1.284848251696631971e-01 -4.694993598070439922e-01 2.000000000000000000e+00 1.000000000000000021e-08 -2.696298554824502203e-01 -1.411450303127870232e+00
-2.696298554824502203e-01 -1.411450303127870232e+00 1.000000000000000000e+00 1.000000000000000021e-08 -4.705307998808631043e-01 -2.009009443984128840e+00
-4.705307998808631043e-01 -2.009009443984128840e+00 1.000000000000000000e+00 1.000000000000000021e-08 -7.532348774289172599e-01 -2.827040775480541335e+00
-7.532348774289172599e-01 -2.827040775480541335e+00 0.000000000000000000e+00 1.000000000000000021e-08 -1.090987547639902910e+00 -3.377526702109855616e+00
-1.090987547639902910e+00 -3.377526702109855616e+00 1.000000000000000000e+00 1.000000000000000021e-08 -1.560585393998203063e+00 -4.695978463583001528e+00
-1.560585393998203063e+00 -4.695978463583001528e+00 0.000000000000000000e+00 9.999000000000000110e-01 -1.570796326794896558e+00 -5.000000000000000000e+00
-6.409354897325887646e-02 2.402315946919628131e-04 1.000000000000000000e+00 1.000000000000000021e-08 -6.243387684869392690e-02 1.659672124564947476e-02
-6.243387684869392690e-02 1.659672124564947476e-02 0.000000000000000000e+00 1.000000000000000021e-08 3.146870676819032292e-02 9.390258361688423872e-01
3.146870676819032292e-02 9.390258361688423872e-01 2.000000000000000000e+00 1.000000000000000021e-08 4.229108237698151612e-02 1.082237560879119043e-01
4.229108237698151612e-02 1.082237560879119043e-01 1.000000000000000000e+00 1.000000000000000021e-08 5.758047194697771265e-02 1.528938956999619514e-01
5.758047194697771265e-02 1.528938956999619514e-01 0.000000000000000000e+00 1.000000000000000021e-08 1.676527323458874286e-01 1.100722603989097159e+00
1.676527323458874286e-01 1.100722603989097159e+00 1.000000000000000000e+00 1.000000000000000021e-08 3.125173298323850046e-01 1.448645974864975372e+00
3.125173298323850046e-01 1.448645974864975372e+00 2.000000000000000000e+00 1.000000000000000021e-08 4.351138175606052427e-01 1.225964877282202270e+00
4.351138175606052427e-01 1.225964877282202270e+00 0.000000000000000000e+00 1.000000000000000021e-08 6.949988198449978949e-01 2.598850022843926411e+00
6.949988198449978949e-01 2.598850022843926411e+00 0.000000000000000000e+00 1.000000000000000021e-08 1.103912678695638361e+00 4.089138588506403771e+00
1.103912678695638361e+00 4.089138588506403771e+00 2.000000000000000000e+00 9.999000000000000110e-01 1.570796326794896558e+00 5.000000000000000000e+00
-1.531653172732362275e-02 5.970053272193714955e-02 0.000000000000000000e+00 1.000000000000000021e-08 6.497383595501850240e-02 8.029036768234212307e-01
6.497383595501850240e-02 8.029036768234212307e-01 0.000000000000000000e+00 1.000000000000000021e-08 2.455145502943368307e-01 1.805407143393183311e+00
2.455145502943368307e-01 1.805407143393183311e+00 2.000000000000000000e+00 1.000000000000000021e-08 3.820388699640147601e-01 1.365243196696779293e+00
3.820388699640147601e-01 1.365243196696779293e+00 1.000000000000000000e+00 1.000000000000000021e-08 5.903934969547199874e-01 2.083546269907052384e+00
5.903934969547199874e-01 2.083546269907052384e+00 1.000000000000000000e+00 1.000000000000000021e-08 8.938362850253962488e-01 3.034427880706763059e+00
