-1.208485113509547709e-02 -5.925624150232100540e-02 0.000000000000000000e+00 1.000000000000000021e-08 5.598009558216657938e-02 6.806494671726205370e-01
5.598009558216657938e-02 6.806494671726205370e-01 1.000000000000000000e+00 1.000000000000000021e-08 1.180871902442209576e-01 6.210709466205438511e-01
1.180871902442209576e-01 6.210709466205438511e-01 0.000000000000000000e+00 1.000000000000000021e-08 2.819161730638498620e-01 1.638289828196288767e+00
2.819161730638498620e-01 1.638289828196288767e+00 1.000000000000000000e+00 1.000000000000000021e-08 5.072531489478229183e-01 2.253369758839729897e+00
5.072531489478229183e-01 2.253369758839729897e+00 0.000000000000000000e+00 1.000000000000000021e-08 8.803980171756110584e-01 3.731448682277881179e+00
8.803980171756110584e-01 3.731448682277881179e+00 2.000000000000000000e+00 1.000000000000000021e-08 1.304529265008425476e+00 4.241312478328143065e+00
1.304529265008425476e+00 4.241312478328143065e+00 1.000000000000000000e+00 9.999000000000000110e-01 1.570796326794896558e+00 5.000000000000000000e+00
-5.243540189560414594e-02 4.452909472955093179e-02 1.000000000000000000e+00 1.000000000000000021e-08 -5.310438105111843499e-02 -6.689791555142890478e-03
-5.310438105111843499e-02 -6.689791555142890478e-03 2.000000000000000000e+00 1.000000000000000021e-08 -1.669794227390222208e-01 -1.138750416879037664e+00
-1.669794227390222208e-01 -1.138750416879037664e+00 2.000000000000000000e+00 1.000000000000000021e-08 -3.904891251737517277e-01 -2.235097024347294958e+00
-3.904891251737517277e-01 -2.235097024347294958e+00 1.000000000000000000e+00 1.000000000000000021e-08 -6.858574813171613993e-01 -2.953683561434097271e+00
-6.858574813171613993e-01 -2.953683561434097271e+00 1.000000000000000000e+00 1.000000000000000021e-08 -1.077550329265833495e+00 -3.916928479486720072e+00
-1.077550329265833495e+00 -3.916928479486720072e+00 1.000000000000000000e+00 9.999000000000000110e-01 -1.570796326794896558e+00 -5.000000000000000000e+00
8.620257314180092278e-02 6.743155434040241925e-02 2.000000000000000000e+00 1.000000000000000021e-08 3.375689543712536572e-02 -5.244567770467555290e-01
3.375689543712536572e-02 -5.244567770467555290e-01 0.000000000000000000e+00 1.000000000000000021e-08 7.397536553907102519e-02 4.021847010194565808e-01
7.397536553907102519e-02 4.021847010194565808e-01 1.000000000000000000e+00 1.000000000000000021e-08 1.388390245244495169e-01 6.486365898537848063e-01
1.388390245244495169e-01 6.486365898537848063e-01 0.000000000000000000e+00 1.000000000000000021e-08 3.273870778446235086e-01 1.885480533201739473e+00
3.273870778446235086e-01 1.885480533201739473e+00 0.000000000000000000e+00 1.000000000000000021e-08 6.582500927166921034e-01 3.308630148720685504e+00
6.582500927166921034e-01 3.308630148720685504e+00 0.000000000000000000e+00 1.000000000000000021e-08 1.147041079002651287e+00 4.887909862859591392e+00
1.147041079002651287e+00 4.887909862859591392e+00 1.000000000000000000e+00 9.999000000000000110e-01 1.570796326794896558e+00 5.000000000000000000e+00
-6.472392633883206764e-03 8.331597886246029649e-02 0.000000000000000000e+00 1.000000000000000021e-08 7.232046627401372829e-02 7.879285890789692326e-01
7.232046627401372829e-02 7.879285890789692326e-01 2.000000000000000000e+00 1.000000000000000021e-08 7.421307219638031971e-02 1.892605922366596971e-02
7.421307219638031971e-02 1.892605922366596971e-02 1.000000000000000000e+00 1.000000000000000021e-08 8.013924766978522407e-02 5.926175473404898114e-02
8.013924766978522407e-02 5.926175473404898114e-02 1.000000000000000000e+00 1.000000000000000021e-08 9.874275689418718360e-02 1.860350922440196231e-01
9.874275689418718360e-02 1.860350922440196231e-01 0.000000000000000000e+00 1.000000000000000021e-08 2.158828769337490794e-01 1.171401200395618902e+00
2.158828769337490794e-01 1.171401200395618902e+00 2.000000000000000000e+00 1.000000000000000021e-08 2.848530378189488843e-01 6.897016088519981603e-01
2.848530378189488843e-01 6.897016088519981603e-01 0.000000000000000000e+00 1.000000000000000021e-08 4.687263688555203256e-01 1.838733310365714413e+00
4.687263688555203256e-01 1.838733310365714413e+00 0.000000000000000000e+00 1.000000000000000021e-08 8.099363400624806086e-01 3.412099712069601942e+00
8.099363400624806086e-01 3.412099712069601942e+00 2.000000000000000000e+00 1.000000000000000021e-08 1.210917674280201251e+00 4.009813342177205975e+00
1.210917674280201251e+00 4.009813342177205975e+00 1.000000000000000000e+00 9.999000000000000110e-01 1.570796326794896558e+00 5.000000000000000000e+00
5.913424111036232750e-02 -8.223038941271523794e-02 1.000000000000000000e+00 1.000000000000000021e-08 6.935849702536492356e-02 1.022425591500259745e-01
6.935849702536492356e-02 1.022425591500259745e-01 0.000000000000000000e+00 1.000000000000000021e-08 1.748037948418076637e-01 1.054452978164427401e+00
1.748037948418076637e-01 1.054452978164427401e+00 1.000000000000000000e+00 1.000000000000000021e-08 2.945939178094123534e-01 1.197901229676046508e+00
2.945939178094123534e-01 1.197901229676046508e+00 2.000000000000000000e+00 1.000000000000000021e-08 3.916388060432232643e-01 9.704488823381089979e-01
3.916388060432232643e-01 9.704488823381089979e-01 2.000000000000000000e+00 1.000000000000000021e-08 4.759294616298267444e-01 8.429065558660350233e-01
4.759294616298267444e-01 8.429065558660350233e-01 0.000000000000000000e+00 1.000000000000000021e-08 7.137346357915097528e-01 2.378051741616829418e+00
7.137346357915097528e-01 2.378051741616829418e+00 2.000000000000000000e+00 1.000000000000000021e-08 9.803299772390570155e-01 2.665953414475472627e+00
9.803299772390570155e-01 2.665953414475472627e+00 0.000000000000000000e+00 1.000000000000000021e-08 1.408192928825358070e+00 4.278629515863011434e+00
1.408192928825358070e+00 4.278629515863011434e+00 2.000000000000000000e+00 9.999000000000000110e-01 1.570796326794896558e+00 5.000000000000000000e+00
4.366315878746829249e-02 -8.626563733445263837e-02 1.000000000000000000e+00 1.000000000000000021e-08 4.213745493004267956e-02 -1.525703857425615706e-02
4.213745493004267956e-02 -1.525703857425615706e-02 1.000000000000000000e+00 1.000000000000000021e-08 4.647332803277681723e-02 4.335873102734135592e-02
4.647332803277681723e-02 4.335873102734135592e-02 1.000000000000000000e+00 1.000000000000000021e-08 7.235680982885243917e-02 2.588348179607562471e-01
7.235680982885243917e-02 2.588348179607562471e-01 1.000000000000000000e+00 1.000000000000000021e-08 1.105395146125787154e-01 3.818270478372627341e-01
1.105395146125787154e-01 3.818270478372627341e-01 2.000000000000000000e+00 1.000000000000000021e-08 9.503606677196327346e-02 -1.550344784061544745e-01
9.503606677196327346e-02 -1.550344784061544745e-01 0.000000000000000000e+00 1.000000000000000021e-08 1.750241591765163696e-01 7.998809240455310166e-01
1.750241591765163696e-01 7.998809240455310166e-01 0.000000000000000000e+00 1.000000000000000021e-08 3.672440908045784269e-01 1.922199316280620796e+00
3.672440908045784269e-01 1.922199316280620796e+00 1.000000000000000000e+00 1.000000000000000021e-08 6.116210718022168091e-01 2.443769809976383378e+00
6.116210718022168091e-01 2.443769809976383378e+00 1.000000000000000000e+00 1.000000000000000021e-08 9.435985417221686156e-01 3.319774699199518064e+00
9.435985417221686156e-01 3.319774699199518064e+00 1.000000000000000000e+00 1.000000000000000021e-08 1.398856567140978058e+00 4.552580254188093534e+00
1.398856567140978058e+00 4.552580254188093534e+00 1.000000000000000000e+00 9.999000000000000110e-01 1.570796326794896558e+00 5.000000000000000000e+00
-2.548285369968899400e-02 -4.331577859274249320e-02 1.000000000000000000e+00 1.000000000000000021e-08 -2.117037155590361167e-02 4.312482143785381639e-02
-2.117037155590361167e-02 4.312482143785381639e-02 0.000000000000000000e+00 1.000000000000000021e-08 8.502097372587799629e-02 1.061913452817816017e+00
8.502097372587799629e-02 1.061913452817816017e+00 1.000000000000000000e+00 1.000000000000000021e-08 2.076206404438493691e-01 1.225996667179713562e+00
2.076206404438493691e-01 1.225996667179713562e+00 1.000000000000000000e+00 1.000000000000000021e-08 3.686682371052823481e-01 1.610475966614329568e+00
3.686682371052823481e-01 1.610475966614329568e+00 1.000000000000000000e+00 1.000000000000000021e-08 5.951365076440982005e-01 2.264682705388157746e+00
5.951365076440982005e-01 2.264682705388157746e+00 2.000000000000000000e+00 1.000000000000000021e-08 8.417987517789740082e-01 2.466622441348758521e+00
8.417987517789740082e-01 2.466622441348758521e+00 1.000000000000000000e+00 1.000000000000000021e-08 1.191010320242545051e+00 3.492115684635710426e+00
1.191010320242545051e+00 3.492115684635710426e+00 0.000000000000000000e+00 9.999000000000000110e-01 1.570796326794896558e+00 5.000000000000000000e+00
-7.776310594307533908e-02 3.753578514977219671e-02 2.000000000000000000e+00 1.000000000000000021e-08 -1.922315112674077286e-01 -1.144684053243323785e+00
-1.922315112674077286e-01 -1.144684053243323785e+00 1.000000000000000000e+00 1.000000000000000021e-08 -3.471356172713123689e-01 -1.549041060039046291e+00
-3.471356172713123689e-01 -1.549041060039046291e+00 0.000000000000000000e+00 1.000000000000000021e-08 -4.895946466362514071e-01 -1.424590293649389938e+00
-4.895946466362514071e-01 -1.424590293649389938e+00 2.000000000000000000e+00 1.000000000000000021e-08 -7.909799764172217307e-01 -3.013853297809702791e+00
-7.909799764172217307e-01 -3.013853297809702791e+00 0.000000000000000000e+00 1.000000000000000021e-08 -1.130046039118686174e+00 -3.390660627014645101e+00
-1.130046039118686174e+00 -3.390660627014645101e+00 0.000000000000000000e+00 1.000000000000000021e-08 -1.570397046665379825e+00 -4.403510075466937401e+00
-1.570397046665379825e+00 -4.403510075466937401e+00 0.000000000000000000e+00 9.999000000000000110e-01 -1.570796326794896558e+00 -5.000000000000000000e+00
-8.619537037654850797e-02 1.354201903332142784e-02 0.000000000000000000e+00 1.000000000000000021e-08 -1.820999820471776165e-02 6.798537217183074910e-01
-1.820999820471776165e-02 6.798537217183074910e-01 2.000000000000000000e+00 1.000000000000000021e-08 -2.968115625400427615e-02 -1.147115804928651173e-01
-2.968115625400427615e-02 -1.147115804928651173e-01 2.000000000000000000e+00 1.000000000000000021e-08 -1.417600326983101400e-01 -1.120788764443058527e+00
-1.417600326983101400e-01 -1.120788764443058527e+00 2.000000000000000000e+00 1.000000000000000021e-08 -3.804824839238826195e-01 -2.387224512255724740e+00
-3.804824839238826195e-01 -2.387224512255724740e+00 0.000000000000000000e+00 1.000000000000000021e-08 -5.901958867624900185e-01 -2.097134028386073989e+00
-5.901958867624900185e-01 -2.097134028386073989e+00 2.000000000000000000e+00 1.000000000000000021e-08 -9.618035786293052114e-01 -3.716076918668151485e+00
-9.618035786293052114e-01 -3.716076918668151485e+00 0.000000000000000000e+00 1.000000000000000021e-08 -1.399164347505813533e+00 -4.373607688765082990e+00
-1.399164347505813533e+00 -4.373607688765082990e+00 0.000000000000000000e+00 9.999000000000000110e-01 -1.570796326794896558e+00 -5.000000000000000000e+00
3.479534683205724038e-02 5.287699205177007200e-02 2.000000000000000000e+00 1.000000000000000021e-08 -3.544754620213636659e-02 -7.024289303419360975e-01
-3.544754620213636659e-02 -7.024289303419360975e-01 2.000000000000000000e+00 1.000000000000000021e-08 -2.130010562555372522e-01 -1.775535100534008759e+00
-2.130010562555372522e-01 -1.775535100534008759e+00 0.000000000000000000e+00 1.000000000000000021e-08 -3.251668760255496116e-01 -1.121658197700123205e+00
-3.251668760255496116e-01 -1.121658197700123205e+00 0.000000000000000000e+00 1.000000000000000021e-08 -4.141006885641927981e-01 -8.893381253864320879e-01
-4.141006885641927981e-01 -8.893381253864320879e-01 2.000000000000000000e+00 1.000000000000000021e-08 -6.594010913039555222e-01 -2.453004027397627240e+00
-6.594010913039555222e-01 -2.453004027397627240e+00 1.000000000000000000e+00 1.000000000000000021e-08 -9.977867785869548589e-01 -3.383856872829992923e+00
-9.977867785869548589e-01 -3.383856872829992923e+00 2.000000000000000000e+00 1.000000000000000021e-08 -1.507553235632704158e+00 -5.000000000000000000e+00
-1.507553235632704158e+00 -5.000000000000000000e+00 1.000000000000000000e+00 9.999000000000000110e-01 -1.570796326794896558e+00 -5.000000000000000000e+00
-7.916407847319702207e-02 4.497465188794347313e-02 2.000000000000000000e+00 1.000000000000000021e-08 -1.617488349765375810e-01 -8.258475650334056173e-01
-1.617488349765375810e-01 -8.258475650334056173e-01 2.000000000000000000e+00 1.000000000000000021e-08 -3.487954382810525833e-01 -1.870466033045149912e+00
-3.487954382810525833e-01 -1.870466033045149912e+00 1.000000000000000000e+00 1.000000000000000021e-08 -6.049595423926812376e-01 -2.561641041116285766e+00
-6.049595423926812376e-01 -2.561641041116285766e+00 1.000000000000000000e+00 1.000000000000000021e-08 -9.583913800109389314e-01 -3.534318376182577381e+00
-9.583913800109389314e-01 -3.534318376182577381e+00 0.000000000000000000e+00 1.000000000000000021e-08 -1.379807870123693325e+00 -4.214164901127544383e+00
-1.379807870123693325e+00 -4.214164901127544383e+00 0.000000000000000000e+00 9.999000000000000110e-01 -1.570796326794896558e+00 -5.000000000000000000e+00
5.071860889516463522e-02 -8.395449746999034124e-02 0.000000000000000000e+00 1.000000000000000021e-08 1.255488844887761579e-01 7.483027559361150605e-01
1.255488844887761579e-01 7.483027559361150605e-01 1.000000000000000000e+00 1.000000000000000021e-08 2.353361636543703783e-01 1.097872791655942315e+00
2.353361636543703783e-01 1.097872791655942315e+00 0.000000000000000000e+00 1.000000000000000021e-08 4.693769337239155348e-01 2.340407700695451787e+00
4.693769337239155348e-01 2.340407700695451787e+00 0.000000000000000000e+00 1.000000000000000021e-08 8.506328817912440776e-01 3.812559480673284540e+00
8.506328817912440776e-01 3.812559480673284540e+00 1.000000000000000000e+00 1.000000000000000021e-08 1.344121302951327701e+00 4.934884211600835791e+00
1.344121302951327701e+00 4.934884211600835791e+00 0.000000000000000000e+00 9.999000000000000110e-01 1.570796326794896558e+00 5.000000000000000000e+00
1.648727955809701357e-02 -2.412109289006394985e-02 1.000000000000000000e+00 1.000000000000000021e-08 1.413442337831944361e-02 -2.352856179777569612e-02
1.413442337831944361e-02 -2.352856179777569612e-02 2.000000000000000000e+00 1.000000000000000021e-08 -7.543111157037984960e-02 -8.956553494869928800e-01
-7.543111157037984960e-02 -8.956553494869928800e-01 2.000000000000000000e+00 1.000000000000000021e-08 -2.643583547712743398e-01 -1.889272432008945124e+00
-2.643583547712743398e-01 -1.889272432008945124e+00 2.000000000000000000e+00 1.000000000000000021e-08 -5.893337673519193354e-01 -3.249754125806449512e+00
-5.893337673519193354e-01 -3.249754125806449512e+00 1.000000000000000000e+00 1.000000000000000021e-08 -9.838611590414751973e-01 -3.945273916895558841e+00
-9.838611590414751973e-01 -3.945273916895558841e+00 0.000000000000000000e+00 1.000000000000000021e-08 -1.454812464759498880e+00 -4.709513057180235940e+00
-1.454812464759498880e+00 -4.709513057180235940e+00 0.000000000000000000e+00 9.999000000000000110e-01 -1.570796326794896558e+00 -5.000000000000000000e+00
-9.280630829721497888e-04 2.658993890507070981e-02 2.000000000000000000e+00 1.000000000000000021e-08 -7.233020836922152141e-02 -7.140214528624936330e-01
-7.233020836922152141e-02 -7.140214528624936330e-01 0.000000000000000000e+00 1.000000000000000021e-08 -7.668802620083242649e-02 -4.357817831610899528e-02
-7.668802620083242649e-02 -4.357817831610899528e-02 0.000000000000000000e+00 1.000000000000000021e-08 -5.091935557720653205e-03 7.159609064311177606e-01
-5.091935557720653205e-03 7.159609064311177606e-01 2.000000000000000000e+00 1.000000000000000021e-08 -3.162519508245244249e-02 -2.653325952473178928e-01
-3.162519508245244249e-02 -2.653325952473178928e-01 1.000000000000000000e+00 1.000000000000000021e-08 -7.977815409621150100e-02 -4.815295901375906129e-01
-7.977815409621150100e-02 -4.815295901375906129e-01 2.000000000000000000e+00 1.000000000000000021e-08 -2.363659475764364748e-01 -1.565877934802249571e+00
-2.363659475764364748e-01 -1.565877934802249571e+00 2.000000000000000000e+00 1.000000000000000021e-08 -5.052161969389836749e-01 -2.688502493625471335e+00
-5.052161969389836749e-01 -2.688502493625471335e+00 0.000000000000000000e+00 1.000000000000000021e-08 -7.804322585337957197e-01 -2.752160615948120448e+00
-7.804322585337957197e-01 -2.752160615948120448e+00 2.000000000000000000e+00 1.000000000000000021e-08 -1.226312140712699783e+00 -4.458798821789041078e+00
-1.226312140712699783e+00 -4.458798821789041078e+00 1.000000000000000000e+00 9.999000000000000110e-01 -1.570796326794896558e+00 -5.000000000000000000e+00
-2.198663100795433811e-02 -2.224277029354060353e-02 2.000000000000000000e+00 1.000000000000000021e-08 -1.182145622369211724e-01 -9.622793122896682316e-01
-1.182145622369211724e-01 -9.622793122896682316e-01 2.000000000000000000e+00 1.000000000000000021e-08 -3.273415169599023233e-01 -2.091269547229811288e+00
-3.273415169599023233e-01 -2.091269547229811288e+00 2.000000000000000000e+00 1.000000000000000021e-08 -6.595026307755912365e-01 -3.321611138156888909e+00
-6.595026307755912365e-01 -3.321611138156888909e+00 1.000000000000000000e+00 1.000000000000000021e-08 -1.071191374702858745e+00 -4.116887439272676197e+00
-1.071191374702858745e+00 -4.116887439272676197e+00 1.000000000000000000e+00 9.999000000000000110e-01 -1.570796326794896558e+00 -5.000000000000000000e+00
-7.911435738209640633e-02 -3.781839426235360929e-02 1.000000000000000000e+00 1.000000000000000021e-08 -1.100207117885246971e-01 -3.090635440642829357e-01
-1.100207117885246971e-01 -3.090635440642829357e-01 0.000000000000000000e+00 1.000000000000000021e-08 -6.257984853671681724e-02 4.744086325180787433e-01
-6.257984853671681724e-02 4.744086325180787433e-01 1.000000000000000000e+00 1.000000000000000021e-08 -3.349052529250050314e-02 2.908932324421630855e-01
-3.349052529250050314e-02 2.908932324421630855e-01 0.000000000000000000e+00 1.000000000000000021e-08 8.334444460823939305e-02 1.168349699007398934e+00
8.334444460823939305e-02 1.168349699007398934e+00 2.000000000000000000e+00 1.000000000000000021e-08 1.258727247369323954e-01 4.252828012869298568e-01
1.258727247369323954e-01 4.252828012869298568e-01 0.000000000000000000e+00 1.000000000000000021e-08 2.923430575550540755e-01 1.664703328181216468e+00
2.923430575550540755e-01 1.664703328181216468e+00 0.000000000000000000e+00 1.000000000000000021e-08 5.949752191245638588e-01 3.026321615695098277e+00
5.949752191245638588e-01 3.026321615695098277e+00 0.000000000000000000e+00 1.000000000000000021e-08 1.049262232043982612e+00 4.542870129194187534e+00
1.049262232043982612e+00 4.542870129194187534e+00 2.000000000000000000e+00 9.999000000000000110e-01 1.570796326794896558e+00 5.000000000000000000e+00
2.336342057594248747e-02 5.736736169079584280e-02 0.000000000000000000e+00 1.000000000000000021e-08 1.349327652819516943e-01 1.115693447060091881e+00
1.349327652819516943e-01 1.115693447060091881e+00 0.000000000000000000e+00 1.000000000000000021e-08 3.636427943284296083e-01 2.287100290464779029e+00
3.636427943284296083e-01 2.287100290464779029e+00 1.000000000000000000e+00 1.000000000000000021e-08 6.354321550370845006e-01 2.717893607086548258e+00
6.354321550370845006e-01 2.717893607086548258e+00 2.000000000000000000e+00 1.000000000000000021e-08 9.334009732947812221e-01 2.979688182576967215e+00
9.334009732947812221e-01 2.979688182576967215e+00 2.000000000000000000e+00 1.000000000000000021e-08 1.298487793544450319e+00 3.650868202496690085e+00
1.298487793544450319e+00 3.650868202496690085e+00 1.000000000000000000e+00 9.999000000000000110e-01 1.570796326794896558e+00 5.000000000000000000e+00
5.814939952222758501e-02 7.216900752045023182e-02 2.000000000000000000e+00 1.000000000000000021e-08 -2.315327306701987775e-02 -8.130267258924745999e-01
-2.315327306701987775e-02 -8.130267258924745999e-01 1.000000000000000000e+00 1.000000000000000021e-08 -9.449990972115737686e-02 -7.134663665413749634e-01
-9.449990972115737686e-02 -7.134663665413749634e-01 1.000000000000000000e+00 1.000000000000000021e-08 -1.836035911375790697e-01 -8.910368141642167616e-01
-1.836035911375790697e-01 -8.910368141642167616e-01 1.000000000000000000e+00 1.000000000000000021e-08 -3.114633151182200077e-01 -1.278597239806408936e+00
-3.114633151182200077e-01 -1.278597239806408936e+00 1.000000000000000000e+00 1.000000000000000021e-08 -4.811055889278312847e-01 -1.696422738096112326e+00
-4.811055889278312847e-01 -1.696422738096112326e+00 1.000000000000000000e+00 1.000000000000000021e-08 -7.183536083760908575e-01 -2.372480194482596172e+00
-7.183536083760908575e-01 -2.372480194482596172e+00 1.000000000000000000e+00 1.000000000000000021e-08 -1.056641297039009775e+00 -3.382876886629189173e+00
-1.056641297039009775e+00 -3.382876886629189173e+00 2.000000000000000000e+00 1.000000000000000021e-08 -1.559912513376778609e+00 -5.000000000000000000e+00
-1.559912513376778609e+00 -5.000000000000000000e+00 1.000000000000000000e+00 9.999000000000000110e-01 -1.570796326794896558e+00 -5.000000000000000000e+00
7.689835701556972658e-02 8.141785051985102328e-04 2.000000000000000000e+00 1.000000000000000021e-08 2.394461015064325293e-04 -7.665891091406329405e-01
2.394461015064325293e-04 -7.665891091406329405e-01 0.000000000000000000e+00 1.000000000000000021e-08 2.341998090099396343e-02 2.318053479948752882e-01
2.341998090099396343e-02 2.318053479948752882e-01 0.000000000000000000e+00 1.000000000000000021e-08 1.504659576481506555e-01 1.270459767471566970e+00
1.504659576481506555e-01 1.270459767471566970e+00 0.000000000000000000e+00 1.000000000000000021e-08 3.849688798310869631e-01 2.345029221829363131e+00
3.849688798310869631e-01 2.345029221829363131e+00 0.000000000000000000e+00 1.000000000000000021e-08 7.525369424046161049e-01 3.675680625735290974e+00
7.525369424046161049e-01 3.675680625735290974e+00 1.000000000000000000e+00 1.000000000000000021e-08 1.218492854489463761e+00 4.659559120848475899e+00
1.218492854489463761e+00 4.659559120848475899e+00 0.000000000000000000e+00 9.999000000000000110e-01 1.570796326794896558e+00 5.000000000000000000e+00
-7.251083252467890872e-02 -7.307401746952552068e-02 2.000000000000000000e+00 1.000000000000000021e-08 -1.698858793602265327e-01 -9.737504683554760732e-01
-1.698858793602265327e-01 -9.737504683554760732e-01 2.000000000000000000e+00 1.000000000000000021e-08 -3.664416057509144453e-01 -1.965557263906879015e+00
-3.664416057509144453e-01 -1.965557263906879015e+00 2.000000000000000000e+00 1.000000000000000021e-08 -7.155671157772344193e-01 -3.491255100263199740e+00
-7.155671157772344193e-01 -3.491255100263199740e+00 0.000000000000000000e+00 1.000000000000000021e-08 -1.100785993783627514e+00 -3.852188780063929840e+00
-1.100785993783627514e+00 -3.852188780063929840e+00 0.000000000000000000e+00 9.999000000000000110e-01 -1.570796326794896558e+00 -4.776397546088118951e+00
4.706479723059536768e-02 7.315485387748044133e-02 0.000000000000000000e+00 1.000000000000000021e-08 1.588806747787702700e-01 1.118158775481749023e+00
1.588806747787702700e-01 1.118158775481749023e+00 1.000000000000000000e+00 1.000000000000000021e-08 3.109553805299101747e-01 1.520747057511398825e+00
3.109553805299101747e-01 1.520747057511398825e+00 1.000000000000000000e+00 1.000000000000000021e-08 5.018911276677133770e-01 1.909357471378032134e+00
5.018911276677133770e-01 1.909357471378032134e+00 1.000000000000000000e+00 1.000000000000000021e-08 7.752624992035677121e-01 2.733713715358542462e+00
7.752624992035677121e-01 2.733713715358542462e+00 0.000000000000000000e+00 1.000000000000000021e-08 1.206001291691890298e+00 4.307387924883224528e+00
1.206001291691890298e+00 4.307387924883224528e+00 0.000000000000000000e+00 9.999000000000000110e-01 1.570796326794896558e+00 5.000000000000000000e+00
4.472205889914388638e-03 -6.912830165690897477e-02 0.000000000000000000e+00 1.000000000000000021e-08 9.615200588569972062e-02 9.167979999578532713e-01
9.615200588569972062e-02 9.167979999578532713e-01 0.000000000000000000e+00 1.000000000000000021e-08 2.968970291881078971e-01 2.007450233024081321e+00
2.968970291881078971e-01 2.007450233024081321e+00 0.000000000000000000e+00 1.000000000000000021e-08 6.259505117166421773e-01 3.290534825285342801e+00
6.259505117166421773e-01 3.290534825285342801e+00 1.000000000000000000e+00 1.000000000000000021e-08 1.035848565016724399e+00 4.098980533000821325e+00
1.035848565016724399e+00 4.098980533000821325e+00 0.000000000000000000e+00 9.999000000000000110e-01 1.570796326794896558e+00 5.000000000000000000e+00
5.615400579977483653e-02 -5.344902726809135779e-02 0.000000000000000000e+00 1.000000000000000021e-08 1.552959356647180267e-01 9.914192986494317905e-01
1.552959356647180267e-01 9.914192986494317905e-01 1.000000000000000000e+00 1.000000000000000021e-08 2.797811509225324178e-01 1.244852152578144189e+00
2.797811509225324178e-01 1.244852152578144189e+00 2.000000000000000000e+00 1.000000000000000021e-08 3.714894775522150083e-01 9.170832662968257942e-01
3.714894775522150083e-01 9.170832662968257942e-01 1.000000000000000000e+00 1.000000000000000021e-08 5.355346260039139938e-01 1.640451484516989078e+00
5.355346260039139938e-01 1.640451484516989078e+00 1.000000000000000000e+00 1.000000000000000021e-08 7.852685824146031779e-01 2.497339564106892063e+00
7.852685824146031779e-01 2.497339564106892063e+00 1.000000000000000000e+00 1.000000000000000021e-08 1.133713068512965050e+00 3.484444860983618497e+00
1.133713068512965050e+00 3.484444860983618497e+00 0.000000000000000000e+00 9.999000000000000110e-01 1.570796326794896558e+00 5.000000000000000000e+00
-1.418638240814525282e-02 -4.225267756014831899e-02 0.000000000000000000e+00 1.000000000000000021e-08 6.462559126241962382e-02 7.881197367056487213e-01
6.462559126241962382e-02 7.881197367056487213e-01 1.000000000000000000e+00 1.000000000000000021e-08 1.567117552252843549e-01 9.208616396286470884e-01
1.567117552252843549e-01 9.208616396286470884e-01 0.000000000000000000e+00 1.000000000000000021e-08 3.543478357016470737e-01 1.976360804763626966e+00
3.543478357016470737e-01 1.976360804763626966e+00 0.000000000000000000e+00 1.000000000000000021e-08 6.880872491533271962e-01 3.337394134516801003e+00
6.880872491533271962e-01 3.337394134516801003e+00 0.000000000000000000e+00 1.000000000000000021e-08 1.169213821819913290e+00 4.811265726665861386e+00
1.169213821819913290e+00 4.811265726665861386e+00 0.000000000000000000e+00 9.999000000000000110e-01 1.570796326794896558e+00 5.000000000000000000e+00
1.230575004470369632e-02 6.475295271350897663e-02 2.000000000000000000e+00 1.000000000000000021e-08 -6.926886726385889093e-02 -8.157461730856259141e-01
-6.926886726385889093e-02 -8.157461730856259141e-01 2.000000000000000000e+00 1.000000000000000021e-08 -2.631285483964113103e-01 -1.938596811325524305e+00
-2.631285483964113103e-01 -1.938596811325524305e+00 2.000000000000000000e+00 1.000000000000000021e-08 -5.976343350773031249e-01 -3.345057866808918146e+00
-5.976343350773031249e-01 -3.345057866808918146e+00 0.000000000000000000e+00 1.000000000000000021e-08 -9.404557705315716998e-01 -3.428214354542685527e+00
-9.404557705315716998e-01 -3.428214354542685527e+00 1.000000000000000000e+00 1.000000000000000021e-08 -1.392041828331577635e+00 -4.515860578000059355e+00
-1.392041828331577635e+00 -4.515860578000059355e+00 1.000000000000000000e+00 9.999000000000000110e-01 -1.570796326794896558e+00 -5.000000000000000000e+00
4.183744256599283146e-03 -1.127044495622039726e-02 0.000000000000000000e+00 1.000000000000000021e-08 9.901706262638532152e-02 9.483331836978603491e-01
9.901706262638532152e-02 9.483331836978603491e-01 0.000000000000000000e+00 1.000000000000000021e-08 3.011429277884486444e-01 2.021258651620633451e+00
3.011429277884486444e-01 2.021258651620633451e+00 2.000000000000000000e+00 1.000000000000000021e-08 4.720823563502436482e-01 1.709394285617949816e+00
4.720823563502436482e-01 1.709394285617949816e+00 2.000000000000000000e+00 1.000000000000000021e-08 6.412295441431790088e-01 1.691471877929352940e+00
6.412295441431790088e-01 1.691471877929352940e+00 1.000000000000000000e+00 1.000000000000000021e-08 9.151601274393378338e-01 2.739305832961588028e+00
9.151601274393378338e-01 2.739305832961588028e+00 0.000000000000000000e+00 1.000000000000000021e-08 1.347761218160135499e+00 4.326010907207976430e+00
1.347761218160135499e+00 4.326010907207976430e+00 2.000000000000000000e+00 9.999000000000000110e-01 1.570796326794896558e+00 5.000000000000000000e+00
-3.918220998916648046e-02 -3.644764709329246372e-02 0.000000000000000000e+00 1.000000000000000021e-08 3.003203191452845366e-02 6.921424190369492857e-01
3.003203191452845366e-02 6.921424190369492857e-01 0.000000000000000000e+00 1.000000000000000021e-08 2.031474470883635752e-01 1.731154151738351299e+00
2.031474470883635752e-01 1.731154151738351299e+00 2.000000000000000000e+00 1.000000000000000021e-08 3.367375591240270305e-01 1.335901120356634664e+00
3.367375591240270305e-01 1.335901120356634664e+00 1.000000000000000000e+00 1.000000000000000021e-08 5.122268816165452820e-01 1.754893224925182516e+00
5.122268816165452820e-01 1.754893224925182516e+00 0.000000000000000000e+00 1.000000000000000021e-08 8.407463483968986573e-01 3.285194667803533530e+00
8.407463483968986573e-01 3.285194667803533530e+00 0.000000000000000000e+00 1.000000000000000021e-08 1.329968724968782601e+00 4.892223765718839879e+00
1.329968724968782601e+00 4.892223765718839879e+00 2.000000000000000000e+00 9.999000000000000110e-01 1.570796326794896558e+00 5.000000000000000000e+00
1.460915675372272127e-02 -3.433325860528521623e-02 1.000000000000000000e+00 1.000000000000000021e-08 7.450841683182985592e-04 -1.386407258540442167e-01
7.450841683182985592e-04 -1.386407258540442167e-01 0.000000000000000000e+00 1.000000000000000021e-08 6.414770346706524795e-02 6.340261929874694280e-01
6.414770346706524795e-02 6.340261929874694280e-01 1.000000000000000000e+00 1.000000000000000021e-08 1.394749673523509870e-01 7.532726388528572237e-01
1.394749673523509870e-01 7.532726388528572237e-01 2.000000000000000000e+00 1.000000000000000021e-08 1.504519028693220295e-01 1.097693551697105363e-01
1.504519028693220295e-01 1.097693551697105363e-01 2.000000000000000000e+00 1.000000000000000021e-08 9.500182188032345321e-02 -5.545008098899857352e-01
9.500182188032345321e-02 -5.545008098899857352e-01 1.000000000000000000e+00 1.000000000000000021e-08 4.310875334359802469e-02 -5.189306853672542852e-01
4.310875334359802469e-02 -5.189306853672542852e-01 0.000000000000000000e+00 1.000000000000000021e-08 9.406655913748343534e-02 5.095780579388541343e-01
9.406655913748343534e-02 5.095780579388541343e-01 0.000000000000000000e+00 1.000000000000000021e-08 2.461791062067517077e-01 1.521125470692682669e+00
2.461791062067517077e-01 1.521125470692682669e+00 1.000000000000000000e+00 1.000000000000000021e-08 4.244129852966547212e-01 1.782338790899030023e+00
4.244129852966547212e-01 1.782338790899030023e+00 2.000000000000000000e+00 1.000000000000000021e-08 5.914326314776862104e-01 1.670196461810314892e+00
5.914326314776862104e-01 1.670196461810314892e+00 1.000000000000000000e+00 1.000000000000000021e-08 8.578915310816758177e-01 2.664588996039896074e+00
8.578915310816758177e-01 2.664588996039896074e+00 0.000000000000000000e+00 1.000000000000000021e-08 1.297990804092755468e+00 4.400992730110795392e+00
1.297990804092755468e+00 4.400992730110795392e+00 2.000000000000000000e+00 9.999000000000000110e-01 1.570796326794896558e+00 5.000000000000000000e+00
-1.245931115901160666e-02 2.940715044247062607e-02 0.000000000000000000e+00 1.000000000000000021e-08 7.369615220104938635e-02 8.615546336006099093e-01
7.369615220104938635e-02 8.615546336006099093e-01 1.000000000000000000e+00 1.000000000000000021e-08 1.579009056303023462e-01 8.420475342925296536e-01
1.579009056303023462e-01 8.420475342925296536e-01 1.000000000000000000e+00 1.000000000000000021e-08 2.597507339720129815e-01 1.018498283417106132e+00
2.597507339720129815e-01 1.018498283417106132e+00 0.000000000000000000e+00 1.000000000000000021e-08 4.860038670299844377e-01 2.262531330579714339e+00
4.860038670299844377e-01 2.262531330579714339e+00 0.000000000000000000e+00 1.000000000000000021e-08 8.502734786925389976e-01 3.642696116625546043e+00
8.502734786925389976e-01 3.642696116625546043e+00 1.000000000000000000e+00 1.000000000000000021e-08 1.328123644664004344e+00 4.778501659714653016e+00
1.328123644664004344e+00 4.778501659714653016e+00 2.000000000000000000e+00 9.999000000000000110e-01 1.570796326794896558e+00 5.000000000000000000e+00
-2.231209158238477500e-02 5.749026403806367647e-02 1.000000000000000000e+00 1.000000000000000021e-08 -7.553902459716894252e-03 1.475818912266788074e-01
-7.553902459716894252e-03 1.475818912266788074e-01 2.000000000000000000e+00 1.000000000000000021e-08 -9.991960785159696712e-02 -9.236570539188007078e-01
-9.991960785159696712e-02 -9.236570539188007078e-01 2.000000000000000000e+00 1.000000000000000021e-08 -2.999037036554409452e-01 -1.999840958038439753e+00
-2.999037036554409452e-01 -1.999840958038439753e+00 2.000000000000000000e+00 1.000000000000000021e-08 -6.224361926243372478e-01 -3.225324889688962582e+00
-6.224361926243372478e-01 -3.225324889688962582e+00 2.000000000000000000e+00 1.000000000000000021e-08 -1.095603154845187222e+00 -4.731669622208499959e+00
-1.095603154845187222e+00 -4.731669622208499959e+00 2.000000000000000000e+00 9.999000000000000110e-01 -1.570796326794896558e+00 -5.000000000000000000e+00
1.863268569082147247e-02 6.960166185317520626e-02 1.000000000000000000e+00 1.000000000000000021e-08 3.990403935852031292e-02 2.127135366769884184e-01
3.990403935852031292e-02 2.127135366769884184e-01 2.000000000000000000e+00 1.000000000000000021e-08 -3.173046237092463917e-02 -7.163450172944494376e-01
-3.173046237092463917e-02 -7.163450172944494376e-01 0.000000000000000000e+00 1.000000000000000021e-08 -2.110347085390529287e-02 1.062699151701934630e-01
-2.110347085390529287e-02 1.062699151701934630e-01 1.000000000000000000e+00 1.000000000000000021e-08 2.298368560506105357e-03 2.340183941441139615e-01
2.298368560506105357e-03 2.340183941441139615e-01 1.000000000000000000e+00 1.000000000000000021e-08 1.535814797245344324e-02 1.305977941194733649e-01
1.535814797245344324e-02 1.305977941194733649e-01 2.000000000000000000e+00 1.000000000000000021e-08 -6.773112497155443779e-02 -8.308927294400787478e-01
-6.773112497155443779e-02 -8.308927294400787478e-01 1.000000000000000000e+00 1.000000000000000021e-08 -1.789315745573081262e-01 -1.112004495857537023e+00
-1.789315745573081262e-01 -1.112004495857537023e+00 0.000000000000000000e+00 1.000000000000000021e-08 -2.319029876099613918e-01 -5.297141305265326006e-01
-2.319029876099613918e-01 -5.297141305265326006e-01 2.000000000000000000e+00 1.000000000000000021e-08 -4.031863942417530655e-01 -1.712834066317916903e+00
-4.031863942417530655e-01 -1.712834066317916903e+00 0.000000000000000000e+00 1.000000000000000021e-08 -5.524000647820224152e-01 -1.492136705402693941e+00
-5.524000647820224152e-01 -1.492136705402693941e+00 0.000000000000000000e+00 1.000000000000000021e-08 -7.102695528398873526e-01 -1.578694880578649151e+00
-7.102695528398873526e-01 -1.578694880578649151e+00 2.000000000000000000e+00 1.000000000000000021e-08 -1.033760103025783250e+00 -3.234905501858959198e+00
-1.033760103025783250e+00 -3.234905501858959198e+00 2.000000000000000000e+00 1.000000000000000021e-08 -1.528822948638273838e+00 -4.950628456124904986e+00
-1.528822948638273838e+00 -4.950628456124904986e+00 2.000000000000000000e+00 9.999000000000000110e-01 -1.570796326794896558e+00 -5.000000000000000000e+00
-8.475424389902116995e-02 3.997667724575575121e-02 1.000000000000000000e+00 1.000000000000000021e-08 -1.089187112318741046e-01 -2.416446733285294024e-01
-1.089187112318741046e-01 -2.416446733285294024e-01 2.000000000000000000e+00 1.000000000000000021e-08 -2.537682282466989792e-01 -1.448495170148248468e+00
-2.537682282466989792e-01 -1.448495170148248468e+00 0.000000000000000000e+00 1.000000000000000021e-08 -3.632675889645690104e-01 -1.094993607178700090e+00
-3.632675889645690104e-01 -1.094993607178700090e+00 1.000000000000000000e+00 1.000000000000000021e-08 -5.224110978696541174e-01 -1.591435089050850848e+00
-5.224110978696541174e-01 -1.591435089050850848e+00 2.000000000000000000e+00 1.000000000000000021e-08 -8.265816427340463290e-01 -3.041705448643921894e+00
-8.265816427340463290e-01 -3.041705448643921894e+00 2.000000000000000000e+00 1.000000000000000021e-08 -1.288289043537093725e+00 -4.617074008030474630e+00
-1.288289043537093725e+00 -4.617074008030474630e+00 1.000000000000000000e+00 9.999000000000000110e-01 -1.570796326794896558e+00 -5.000000000000000000e+00
-6.127007456397225854e-02 -2.518770313962963303e-02 0.000000000000000000e+00 1.000000000000000021e-08 6.689947961533854182e-04 6.193906936012564257e-01
6.689947961533854182e-04 6.193906936012564257e-01 2.000000000000000000e+00 1.000000000000000021e-08 -3.553689776895919278e-02 -3.620589256511257403e-01
-3.553689776895919278e-02 -3.620589256511257403e-01 1.000000000000000000e+00 1.000000000000000021e-08 -6.226131615462666968e-02 -2.672441838566747552e-01
-6.226131615462666968e-02 -2.672441838566747552e-01 0.000000000000000000e+00 1.000000000000000021e-08 4.997299769476160058e-03 6.725861592410282697e-01
4.997299769476160058e-03 6.725861592410282697e-01 0.000000000000000000e+00 1.000000000000000021e-08 1.780239848443931905e-01 1.730266850749170082e+00
1.780239848443931905e-01 1.730266850749170082e+00 2.000000000000000000e+00 1.000000000000000021e-08 2.831406411524204914e-01 1.051166563080272898e+00
2.831406411524204914e-01 1.051166563080272898e+00 0.000000000000000000e+00 1.000000000000000021e-08 5.200258608743184574e-01 2.368852197218979772e+00
5.200258608743184574e-01 2.368852197218979772e+00 2.000000000000000000e+00 1.000000000000000021e-08 7.519311951200798871e-01 2.319053342457614519e+00
7.519311951200798871e-01 2.319053342457614519e+00 2.000000000000000000e+00 1.000000000000000021e-08 1.039383580106186367e+00 2.874523849861065017e+00
1.039383580106186367e+00 2.874523849861065017e+00 2.000000000000000000e+00 1.000000000000000021e-08 1.410582038807832728e+00 3.711984587016462722e+00
1.410582038807832728e+00 3.711984587016462722e+00 2.000000000000000000e+00 9.999000000000000110e-01 1.570796326794896558e+00 5.000000000000000000e+00
-5.787551765586781971e-02 -1.057681054208357840e-02 0.000000000000000000e+00 1.000000000000000021e-08 2.668678406682421789e-02 8.456230172269203482e-01
2.668678406682421789e-02 8.456230172269203482e-01 1.000000000000000000e+00 1.000000000000000021e-08 1.039594863039120659e-01 7.727270223708784247e-01
1.039594863039120659e-01 7.727270223708784247e-01 0.000000000000000000e+00 1.000000000000000021e-08 2.894991282012394640e-01 1.855396418973274120e+00
2.894991282012394640e-01 1.855396418973274120e+00 0.000000000000000000e+00 1.000000000000000021e-08 6.125734755795468889e-01 3.230743473783074027e+00
6.125734755795468889e-01 3.230743473783074027e+00 2.000000000000000000e+00 1.000000000000000021e-08 9.582396272376476620e-01 3.456661516581006843e+00
9.582396272376476620e-01 3.456661516581006843e+00 1.000000000000000000e+00 1.000000000000000021e-08 1.413835166464044946e+00 4.555955392263971504e+00
1.413835166464044946e+00 4.555955392263971504e+00 0.000000000000000000e+00 9.999000000000000110e-01 1.570796326794896558e+00 5.000000000000000000e+00
8.164752031656613562e-02 8.419604233459664078e-02 0.000000000000000000e+00 1.000000000000000021e-08 1.958215565165304373e-01 1.141740361999642905e+00
1.958215565165304373e-01 1.141740361999642905e+00 0.000000000000000000e+00 1.000000000000000021e-08 4.296237946889166492e-01 2.338022381723861898e+00
4.296237946889166492e-01 2.338022381723861898e+00 0.000000000000000000e+00 1.000000000000000021e-08 7.976774474849669394e-01 3.680536527960502902e+00
7.976774474849669394e-01 3.680536527960502902e+00 2.000000000000000000e+00 1.000000000000000021e-08 1.208410443816147817e+00 4.107329963311808996e+00
1.208410443816147817e+00 4.107329963311808996e+00 2.000000000000000000e+00 9.999000000000000110e-01 1.570796326794896558e+00 5.000000000000000000e+00
1.151856688539187185e-02 -3.526041477713881545e-02 2.000000000000000000e+00 1.000000000000000021e-08 -6.961809068938790146e-02 -8.113665757477976914e-01
-6.961809068938790146e-02 -8.113665757477976914e-01 0.000000000000000000e+00 1.000000000000000021e-08 -7.491975185690483152e-02 -5.301661167516924511e-02
-7.491975185690483152e-02 -5.301661167516924511e-02 1.000000000000000000e+00 1.000000000000000021e-08 -9.570334144333567106e-02 -2.078358958643083121e-01
-9.570334144333567106e-02 -2.078358958643083121e-01 0.000000000000000000e+00 1.000000000000000021e-08 -4.960308940020746044e-02 4.610025204312820923e-01
-4.960308940020746044e-02 4.610025204312820923e-01 2.000000000000000000e+00 1.000000000000000021e-08 -9.918040497433261438e-02 -4.957731557412515810e-01
-9.918040497433261438e-02 -4.957731557412515810e-01 1.000000000000000000e+00 1.000000000000000021e-08 -1.720263174884207324e-01 -7.284591251408809587e-01
-1.720263174884207324e-01 -7.284591251408809587e-01 1.000000000000000000e+00 1.000000000000000021e-08 -2.899224307301692116e-01 -1.178961132417484903e+00
-2.899224307301692116e-01 -1.178961132417484903e+00 0.000000000000000000e+00 1.000000000000000021e-08 -3.598054605704189002e-01 -6.988302984024967746e-01
-3.598054605704189002e-01 -6.988302984024967746e-01 0.000000000000000000e+00 1.000000000000000021e-08 -3.943459270709807063e-01 -3.454046650056183387e-01
-3.943459270709807063e-01 -3.454046650056183387e-01 1.000000000000000000e+00 1.000000000000000021e-08 -4.899410860676421953e-01 -9.559515899666148897e-01
-4.899410860676421953e-01 -9.559515899666148897e-01 0.000000000000000000e+00 1.000000000000000021e-08 -5.763648191702283041e-01 -8.642373310258609775e-01
-5.763648191702283041e-01 -8.642373310258609775e-01 1.000000000000000000e+00 1.000000000000000021e-08 -7.423588204030786564e-01 -1.659940012328503300e+00
-7.423588204030786564e-01 -1.659940012328503300e+00 0.000000000000000000e+00 1.000000000000000021e-08 -9.501933280328022091e-01 -2.078345076297235750e+00
-9.501933280328022091e-01 -2.078345076297235750e+00 0.000000000000000000e+00 1.000000000000000021e-08 -1.227513493901738029e+00 -2.773201658689358418e+00
-1.227513493901738029e+00 -2.773201658689358418e+00 2.000000000000000000e+00 9.999000000000000110e-01 -1.570796326794896558e+00 -4.424795387514998346e+00
-3.543326233532645420e-02 5.213540840411794858e-02 2.000000000000000000e+00 1.000000000000000021e-08 -1.352930556841137610e-01 -9.985979334878731795e-01
-1.352930556841137610e-01 -9.985979334878731795e-01 1.000000000000000000e+00 1.000000000000000021e-08 -2.731258196608578048e-01 -1.378327639767439994e+00
-2.731258196608578048e-01 -1.378327639767439994e+00 0.000000000000000000e+00 1.000000000000000021e-08 -3.862565439451553506e-01 -1.131307242842975569e+00
-3.862565439451553506e-01 -1.131307242842975569e+00 0.000000000000000000e+00 1.000000000000000021e-08 -4.699245986863683777e-01 -8.366805474121301600e-01
-4.699245986863683777e-01 -8.366805474121301600e-01 0.000000000000000000e+00 1.000000000000000021e-08 -5.638140313254218494e-01 -9.388943263905344949e-01
-5.638140313254218494e-01 -9.388943263905344949e-01 1.000000000000000000e+00 1.000000000000000021e-08 -7.581298452785019126e-01 -1.943158139530800632e+00
-7.581298452785019126e-01 -1.943158139530800632e+00 0.000000000000000000e+00 1.000000000000000021e-08 -9.966273101837634929e-01 -2.384974649052615359e+00
-9.966273101837634929e-01 -2.384974649052615359e+00 1.000000000000000000e+00 1.000000000000000021e-08 -1.355729387209021475e+00 -3.591020770252579819e+00
-1.355729387209021475e+00 -3.591020770252579819e+00 0.000000000000000000e+00 9.999000000000000110e-01 -1.570796326794896558e+00 -4.826255370055919869e+00
-1.425722469629326673e-02 -7.873991308456029792e-02 2.000000000000000000e+00 1.000000000000000021e-08 -1.017263295361620357e-01 -8.746910483986876095e-01
-1.017263295361620357e-01 -8.746910483986876095e-01 0.000000000000000000e+00 1.000000000000000021e-08 -1.094366735957567616e-01 -7.710344059594731458e-02
-1.094366735957567616e-01 -7.710344059594731458e-02 0.000000000000000000e+00 1.000000000000000021e-08 -4.045845592102499666e-02 6.897821767473175658e-01
-4.045845592102499666e-02 6.897821767473175658e-01 1.000000000000000000e+00 1.000000000000000021e-08 3.333200953657391996e-02 7.379046545759890829e-01
3.333200953657391996e-02 7.379046545759890829e-01 0.000000000000000000e+00 1.000000000000000021e-08 2.168479597505230672e-01 1.835159502139491305e+00
2.168479597505230672e-01 1.835159502139491305e+00 1.000000000000000000e+00 1.000000000000000021e-08 4.413698251027245445e-01 2.245218653522014662e+00
4.413698251027245445e-01 2.245218653522014662e+00 0.000000000000000000e+00 1.000000000000000021e-08 8.018786416673446826e-01 3.605088165646201048e+00
8.018786416673446826e-01 3.605088165646201048e+00 0.000000000000000000e+00 1.000000000000000021e-08 1.319929503710261631e+00 5.000000000000000000e+00
1.319929503710261631e+00 5.000000000000000000e+00 1.000000000000000000e+00 9.999000000000000110e-01 1.570796326794896558e+00 5.000000000000000000e+00
8.333344780563649301e-02 -7.670093514438797166e-02 2.000000000000000000e+00 1.000000000000000021e-08 1.749174263023524356e-02 -6.584170517540124390e-01
1.749174263023524356e-02 -6.584170517540124390e-01 0.000000000000000000e+00 1.000000000000000021e-08 3.704536191397171663e-02 1.955361928373646752e-01
3.704536191397171663e-02 1.955361928373646752e-01 1.000000000000000000e+00 1.000000000000000021e-08 7.399863328482962632e-02 3.695327137085790969e-01
7.399863328482962632e-02 3.695327137085790969e-01 1.000000000000000000e+00 1.000000000000000021e-08 1.274098584259712452e-01 5.341122514114162723e-01
1.274098584259712452e-01 5.341122514114162723e-01 1.000000000000000000e+00 1.000000000000000021e-08 2.104878910181230967e-01 8.307803259215184033e-01
2.104878910181230967e-01 8.307803259215184033e-01 2.000000000000000000e+00 1.000000000000000021e-08 2.507197324248126025e-01 4.023184140668949471e-01
2.507197324248126025e-01 4.023184140668949471e-01 2.000000000000000000e+00 1.000000000000000021e-08 2.558907229633196612e-01 5.170990538507047596e-02
2.558907229633196612e-01 5.170990538507047596e-02 1.000000000000000000e+00 1.000000000000000021e-08 3.038798522800816304e-01 4.798912931676199700e-01
3.038798522800816304e-01 4.798912931676199700e-01 0.000000000000000000e+00 1.000000000000000021e-08 4.885570406013929334e-01 1.846771883213112808e+00
4.885570406013929334e-01 1.846771883213112808e+00 1.000000000000000000e+00 1.000000000000000021e-08 7.516761199346826405e-01 2.631190793332897737e+00
7.516761199346826405e-01 2.631190793332897737e+00 2.000000000000000000e+00 1.000000000000000021e-08 1.055344681073314028e+00 3.036685611386313877e+00
1.055344681073314028e+00 3.036685611386313877e+00 0.000000000000000000e+00 1.000000000000000021e-08 1.520909401948896011e+00 4.655647208755819833e+00
1.520909401948896011e+00 4.655647208755819833e+00 1.000000000000000000e+00 9.999000000000000110e-01 1.570796326794896558e+00 5.000000000000000000e+00
-2.914157394898101577e-02 5.285879935258339796e-02 0.000000000000000000e+00 1.000000000000000021e-08 6.435427590347406190e-02 9.349584985245507074e-01
6.435427590347406190e-02 9.349584985245507074e-01 1.000000000000000000e+00 1.000000000000000021e-08 1.656826578687252693e-01 1.013283819652512019e+00
1.656826578687252693e-01 1.013283819652512019e+00 1.000000000000000000e+00 1.000000000000000021e-08 3.000589393777830516e-01 1.343762815090577378e+00
3.000589393777830516e-01 1.343762815090577378e+00 2.000000000000000000e+00 1.000000000000000021e-08 4.127384336432043943e-01 1.126794942654213427e+00
4.127384336432043943e-01 1.126794942654213427e+00 2.000000000000000000e+00 1.000000000000000021e-08 5.268633590086062579e-01 1.141249253654018414e+00
5.268633590086062579e-01 1.141249253654018414e+00 1.000000000000000000e+00 1.000000000000000021e-08 7.112777187740370044e-01 1.844143597654307021e+00
7.112777187740370044e-01 1.844143597654307021e+00 0.000000000000000000e+00 1.000000000000000021e-08 1.068900204819109412e+00 3.576224860450722964e+00
1.068900204819109412e+00 3.576224860450722964e+00 0.000000000000000000e+00 9.999000000000000110e-01 1.570796326794896558e+00 5.000000000000000000e+00
8.359521390456077505e-02 -4.035102107984058634e-02 0.000000000000000000e+00 1.000000000000000021e-08 1.732928205019222678e-01 8.969760659736149000e-01
1.732928205019222678e-01 8.969760659736149000e-01 2.000000000000000000e+00 1.000000000000000021e-08 2.088543683800631046e-01 3.556154787814082008e-01
2.088543683800631046e-01 3.556154787814082008e-01 1.000000000000000000e+00 1.000000000000000021e-08 2.660297558438683430e-01 5.717538746380522729e-01
2.660297558438683430e-01 5.717538746380522729e-01 1.000000000000000000e+00 1.000000000000000021e-08 3.590430521921168516e-01 9.301329634824849757e-01
3.590430521921168516e-01 9.301329634824849757e-01 0.000000000000000000e+00 1.000000000000000021e-08 5.797907597981484251e-01 2.207477076060316179e+00
5.797907597981484251e-01 2.207477076060316179e+00 1.000000000000000000e+00 1.000000000000000021e-08 8.952202163456868256e-01 3.154294565475384449e+00
8.952202163456868256e-01 3.154294565475384449e+00 0.000000000000000000e+00 1.000000000000000021e-08 1.368013665250486177e+00 4.727934489047992628e+00
1.368013665250486177e+00 4.727934489047992628e+00 2.000000000000000000e+00 9.999000000000000110e-01 1.570796326794896558e+00 5.000000000000000000e+00
-4.206530054311665573e-02 -7.306112031760068903e-02 1.000000000000000000e+00 1.000000000000000021e-08 -6.820770476776696900e-02 -2.614240422465031743e-01
-6.820770476776696900e-02 -2.614240422465031743e-01 0.000000000000000000e+00 1.000000000000000021e-08 -1.525658086973763483e-02 5.295112389802932862e-01
-1.525658086973763483e-02 5.295112389802932862e-01 1.000000000000000000e+00 1.000000000000000021e-08 3.203731820143196352e-02 4.729389907116959835e-01
3.203731820143196352e-02 4.729389907116959835e-01 1.000000000000000000e+00 1.000000000000000021e-08 8.101508108510910300e-02 4.897776288367712838e-01
8.101508108510910300e-02 4.897776288367712838e-01 2.000000000000000000e+00 1.000000000000000021e-08 5.192245564836863586e-02 -2.909262543674046575e-01
5.192245564836863586e-02 -2.909262543674046575e-01 2.000000000000000000e+00 1.000000000000000021e-08 -4.580571920782532808e-02 -9.772817485619396116e-01
-4.580571920782532808e-02 -9.772817485619396116e-01 2.000000000000000000e+00 1.000000000000000021e-08 -2.273403981970409382e-01 -1.815346789892156032e+00
-2.273403981970409382e-01 -1.815346789892156032e+00 0.000000000000000000e+00 1.000000000000000021e-08 -3.559764060303381994e-01 -1.286360078332972723e+00
-3.559764060303381994e-01 -1.286360078332972723e+00 0.000000000000000000e+00 1.000000000000000021e-08 -4.471027681710425528e-01 -9.112636214070433116e-01
-4.471027681710425528e-01 -9.112636214070433116e-01 0.000000000000000000e+00 1.000000000000000021e-08 -5.436919485344584579e-01 -9.658918036341589408e-01
-5.436919485344584579e-01 -9.658918036341589408e-01 0.000000000000000000e+00 1.000000000000000021e-08 -6.573021417204992778e-01 -1.136101931860408198e+00
-6.573021417204992778e-01 -1.136101931860408198e+00 2.000000000000000000e+00 1.000000000000000021e-08 -9.375797191965140609e-01 -2.802775774760148053e+00
-9.375797191965140609e-01 -2.802775774760148053e+00 0.000000000000000000e+00 1.000000000000000021e-08 -1.286701471030876398e+00 -3.491217518343622483e+00
-1.286701471030876398e+00 -3.491217518343622483e+00 0.000000000000000000e+00 9.999000000000000110e-01 -1.570796326794896558e+00 -4.645224380411068665e+00
-6.739958768631347519e-02 2.828780000342340228e-02 0.000000000000000000e+00 1.000000000000000021e-08 1.561432188750470906e-02 8.301390957381817870e-01
1.561432188750470906e-02 8.301390957381817870e-01 2.000000000000000000e+00 1.000000000000000021e-08 1.010108451514313971e-02 -5.513237372361567967e-02
1.010108451514313971e-02 -5.513237372361567967e-02 0.000000000000000000e+00 1.000000000000000021e-08 9.397708551654099240e-02 8.387600100139783743e-01
9.397708551654099240e-02 8.387600100139783743e-01 0.000000000000000000e+00 1.000000000000000021e-08 2.938831111455337819e-01 1.999060256289928006e+00
2.938831111455337819e-01 1.999060256289928006e+00 2.000000000000000000e+00 1.000000000000000021e-08 4.499838604491906979e-01 1.561007493036568938e+00
4.499838604491906979e-01 1.561007493036568938e+00 0.000000000000000000e+00 1.000000000000000021e-08 7.483210780115248095e-01 2.983372175623341782e+00
7.483210780115248095e-01 2.983372175623341782e+00 0.000000000000000000e+00 1.000000000000000021e-08 1.206041578978190865e+00 4.577205009666660551e+00
1.206041578978190865e+00 4.577205009666660551e+00 1.000000000000000000e+00 9.999000000000000110e-01 1.570796326794896558e+00 5.000000000000000000e+00
2.343547053402370711e-02 -8.499059909360745513e-02 0.000000000000000000e+00 1.000000000000000021e-08 1.167843138020938087e-01 9.334884326807009192e-01
1.167843138020938087e-01 9.334884326807009192e-01 0.000000000000000000e+00 1.000000000000000021e-08 3.306568512628655365e-01 2.138725374607717278e+00
3.306568512628655365e-01 2.138725374607717278e+00 2.000000000000000000e+00 1.000000000000000021e-08 4.998431272087393573e-01 1.691862759458738097e+00
4.998431272087393573e-01 1.691862759458738097e+00 0.000000000000000000e+00 1.000000000000000021e-08 8.326827198749282566e-01 3.328395926661888105e+00
8.326827198749282566e-01 3.328395926661888105e+00 0.000000000000000000e+00 1.000000000000000021e-08 1.321657268872885371e+00 4.889745489979572035e+00
1.321657268872885371e+00 4.889745489979572035e+00 1.000000000000000000e+00 9.999000000000000110e-01 1.570796326794896558e+00 5.000000000000000000e+00
-7.304649093742439370e-02 3.449398826813190183e-02 1.000000000000000000e+00 1.000000000000000021e-08 -9.441182788828339500e-02 -2.136533695085900686e-01
-9.441182788828339500e-02 -2.136533695085900686e-01 0.000000000000000000e+00 1.000000000000000021e-08 -6.000161065274599304e-02 3.441021723553739919e-01
-6.000161065274599304e-02 3.441021723553739919e-01 0.000000000000000000e+00 1.000000000000000021e-08 4.029079409583692650e-02 1.002924047485829195e+00
4.029079409583692650e-02 1.002924047485829195e+00 0.000000000000000000e+00 1.000000000000000021e-08 2.483492747656339539e-01 2.080584806697970190e+00
2.483492747656339539e-01 2.080584806697970190e+00 2.000000000000000000e+00 1.000000000000000021e-08 4.155106626030031780e-01 1.671613878373691797e+00
4.155106626030031780e-01 1.671613878373691797e+00 0.000000000000000000e+00 1.000000000000000021e-08 7.379039781498968331e-01 3.223933155468936107e+00
7.379039781498968331e-01 3.223933155468936107e+00 2.000000000000000000e+00 1.000000000000000021e-08 1.108556959712217793e+00 3.706529815623209156e+00
1.108556959712217793e+00 3.706529815623209156e+00 0.000000000000000000e+00 9.999000000000000110e-01 1.570796326794896558e+00 5.000000000000000000e+00
-8.564087411673400319e-02 -5.304149404714091076e-02 2.000000000000000000e+00 1.000000000000000021e-08 -1.765481877675341149e-01 -9.090731365080010340e-01
-1.765481877675341149e-01 -9.090731365080010340e-01 2.000000000000000000e+00 1.000000000000000021e-08 -3.686302890752251038e-01 -1.920821013076909889e+00
-3.686302890752251038e-01 -1.920821013076909889e+00 2.000000000000000000e+00 1.000000000000000021e-08 -6.900696050208130483e-01 -3.214393159455879889e+00
-6.900696050208130483e-01 -3.214393159455879889e+00 1.000000000000000000e+00 1.000000000000000021e-08 -1.106305889764747974e+00 -4.162362847439348812e+00
-1.106305889764747974e+00 -4.162362847439348812e+00 1.000000000000000000e+00 9.999000000000000110e-01 -1.570796326794896558e+00 -5.000000000000000000e+00
4.205133913549912589e-02 -4.340679926145146750e-04 2.000000000000000000e+00 1.000000000000000021e-08 -2.727248675284028173e-02 -6.932382588833940762e-01
-2.727248675284028173e-02 -6.932382588833940762e-01 2.000000000000000000e+00 1.000000000000000021e-08 -1.829655287194529856e-01 -1.556930419666126886e+00
-1.829655287194529856e-01 -1.556930419666126886e+00 0.000000000000000000e+00 1.000000000000000021e-08 -2.898078368001071881e-01 -1.068423080806542025e+00
-2.898078368001071881e-01 -1.068423080806542025e+00 0.000000000000000000e+00 1.000000000000000021e-08 -3.769519929557663684e-01 -8.714415615565916928e-01
-3.769519929557663684e-01 -8.714415615565916928e-01 1.000000000000000000e+00 1.000000000000000021e-08 -5.157405720880597899e-01 -1.387885791322934104e+00
-5.157405720880597899e-01 -1.387885791322934104e+00 1.000000000000000000e+00 1.000000000000000021e-08 -7.208573166525392706e-01 -2.051167445644794363e+00
-7.208573166525392706e-01 -2.051167445644794363e+00 2.000000000000000000e+00 1.000000000000000021e-08 -1.079011269212218238e+00 -3.581539525596790341e+00
-1.079011269212218238e+00 -3.581539525596790341e+00 2.000000000000000000e+00 9.999000000000000110e-01 -1.570796326794896558e+00 -5.000000000000000000e+00
2.325131872494877808e-02 2.650905966906287950e-02 0.000000000000000000e+00 1.000000000000000021e-08 1.061951719269054600e-01 8.294385320195667433e-01
1.061951719269054600e-01 8.294385320195667433e-01 1.000000000000000000e+00 1.000000000000000021e-08 1.910963263755380281e-01 8.490115444863255423e-01
1.910963263755380281e-01 8.490115444863255423e-01 2.000000000000000000e+00 1.000000000000000021e-08 2.346493956951449245e-01 4.355306931960689076e-01
2.346493956951449245e-01 4.355306931960689076e-01 2.000000000000000000e+00 1.000000000000000021e-08 2.382954069998418911e-01 3.646011304696972211e-02
2.382954069998418911e-01 3.646011304696972211e-02 1.000000000000000000e+00 1.000000000000000021e-08 2.722386277955310407e-01 3.394322079568914408e-01
2.722386277955310407e-01 3.394322079568914408e-01 1.000000000000000000e+00 1.000000000000000021e-08 3.576415110875997838e-01 8.540288329206876528e-01
3.576415110875997838e-01 8.540288329206876528e-01 1.000000000000000000e+00 1.000000000000000021e-08 4.944934093827645372e-01 1.368518982951647756e+00
4.944934093827645372e-01 1.368518982951647756e+00 1.000000000000000000e+00 1.000000000000000021e-08 6.959459684274735825e-01 2.014525590447090231e+00
6.959459684274735825e-01 2.014525590447090231e+00 2.000000000000000000e+00 1.000000000000000021e-08 9.365236417065879726e-01 2.405776732791143679e+00
9.365236417065879726e-01 2.405776732791143679e+00 2.000000000000000000e+00 1.000000000000000021e-08 1.247286969181511163e+00 3.107633274749231234e+00
1.247286969181511163e+00 3.107633274749231234e+00 1.000000000000000000e+00 9.999000000000000110e-01 1.570796326794896558e+00 4.515187891143276566e+00
-2.239435319445261599e-02 -6.131902270436150743e-02 0.000000000000000000e+00 1.000000000000000021e-08 7.026653241936679783e-02 9.266088561381941036e-01
7.026653241936679783e-02 9.266088561381941036e-01 0.000000000000000000e+00 1.000000000000000021e-08 2.798370212424742265e-01 2.095704888231074037e+00
2.798370212424742265e-01 2.095704888231074037e+00 1.000000000000000000e+00 1.000000000000000021e-08 5.182306426575787883e-01 2.383936214151045174e+00
5.182306426575787883e-01 2.383936214151045174e+00 0.000000000000000000e+00 1.000000000000000021e-08 9.120538112279418241e-01 3.938231685703630358e+00
9.120538112279418241e-01 3.938231685703630358e+00 2.000000000000000000e+00 1.000000000000000021e-08 1.366260628268423094e+00 4.542068170404812477e+00
1.366260628268423094e+00 4.542068170404812477e+00 0.000000000000000000e+00 9.999000000000000110e-01 1.570796326794896558e+00 5.000000000000000000e+00
-3.306950866976289538e-02 7.159628752556558562e-02 1.000000000000000000e+00 1.000000000000000021e-08 -3.998933290190494205e-02 -6.919824232142048059e-02
-3.998933290190494205e-02 -6.919824232142048059e-02 1.000000000000000000e+00 1.000000000000000021e-08 -4.750856565610049598e-02 -7.519232754195551149e-02
-4.750856565610049598e-02 -7.519232754195551149e-02 2.000000000000000000e+00 1.000000000000000021e-08 -1.461502997366479484e-01 -9.864173408054744963e-01
-1.461502997366479484e-01 -9.864173408054744963e-01 0.000000000000000000e+00 1.000000000000000021e-08 -1.996256725478107452e-01 -5.347537281116279129e-01
-1.996256725478107452e-01 -5.347537281116279129e-01 1.000000000000000000e+00 1.000000000000000021e-08 -3.016573368386559206e-01 -1.020316642908451588e+00
-3.016573368386559206e-01 -1.020316642908451588e+00 0.000000000000000000e+00 1.000000000000000021e-08 -3.836944553140509417e-01 -8.203711847539501001e-01
-3.836944553140509417e-01 -8.203711847539501001e-01 1.000000000000000000e+00 1.000000000000000021e-08 -5.422716698711068650e-01 -1.585772145570559122e+00
-5.422716698711068650e-01 -1.585772145570559122e+00 1.000000000000000000e+00 1.000000000000000021e-08 -7.939575541607379883e-01 -2.516858842896311010e+00
-7.939575541607379883e-01 -2.516858842896311010e+00 2.000000000000000000e+00 1.000000000000000021e-08 -1.217213945985666568e+00 -4.232563918249286239e+00
-1.217213945985666568e+00 -4.232563918249286239e+00 1.000000000000000000e+00 9.999000000000000110e-01 -1.570796326794896558e+00 -5.000000000000000000e+00
-3.586226925039141811e-02 1.789830655841087234e-02 2.000000000000000000e+00 1.000000000000000021e-08 -1.319683888974378383e-01 -9.610611964704641741e-01
-1.319683888974378383e-01 -9.610611964704641741e-01 1.000000000000000000e+00 1.000000000000000021e-08 -2.673607689016581634e-01 -1.353923800042203585e+00
-2.673607689016581634e-01 -1.353923800042203585e+00 0.000000000000000000e+00 1.000000000000000021e-08 -3.721523275489200810e-01 -1.047915586472619287e+00
-3.721523275489200810e-01 -1.047915586472619287e+00 2.000000000000000000e+00 1.000000000000000021e-08 -6.317156389398010941e-01 -2.595633113908810241e+00
-6.317156389398010941e-01 -2.595633113908810241e+00 2.000000000000000000e+00 1.000000000000000021e-08 -1.061182334755087497e+00 -4.294666958152864034e+00
-1.061182334755087497e+00 -4.294666958152864034e+00 2.000000000000000000e+00 9.999000000000000110e-01 -1.570796326794896558e+00 -5.000000000000000000e+00
-5.228545327896383377e-02 -3.063805223057041588e-02 1.000000000000000000e+00 1.000000000000000021e-08 -5.788459669627386839e-02 -5.599143417310031151e-02
-5.788459669627386839e-02 -5.599143417310031151e-02 0.000000000000000000e+00 1.000000000000000021e-08 2.451691221527434184e-02 8.240150891154820467e-01
2.451691221527434184e-02 8.240150891154820467e-01 0.000000000000000000e+00 1.000000000000000021e-08 2.132677454140993745e-01 1.887508331988250188e+00
2.132677454140993745e-01 1.887508331988250188e+00 2.000000000000000000e+00 1.000000000000000021e-08 3.524434656882469152e-01 1.391757202741475741e+00
3.524434656882469152e-01 1.391757202741475741e+00 0.000000000000000000e+00 1.000000000000000021e-08 6.447529488565200140e-01 2.923094831682730987e+00
6.447529488565200140e-01 2.923094831682730987e+00 2.000000000000000000e+00 1.000000000000000021e-08 9.487355009098017433e-01 3.039825520532817738e+00
9.487355009098017433e-01 3.039825520532817738e+00 1.000000000000000000e+00 1.000000000000000021e-08 1.372046542011317927e+00 4.233110411015161390e+00
1.372046542011317927e+00 4.233110411015161390e+00 2.000000000000000000e+00 9.999000000000000110e-01 1.570796326794896558e+00 5.000000000000000000e+00
8.291742530516182930e-02 -7.645468852178663455e-02 2.000000000000000000e+00 1.000000000000000021e-08 -2.489146599877339883e-04 -8.316633996514956051e-01
-2.489146599877339883e-04 -8.316633996514956051e-01 0.000000000000000000e+00 1.000000000000000021e-08 5.515561472614747239e-03 5.764476132602480707e-02
5.515561472614747239e-03 5.764476132602480707e-02 2.000000000000000000e+00 1.000000000000000021e-08 -6.839740308070074715e-02 -7.391296455331548554e-01
-6.839740308070074715e-02 -7.391296455331548554e-01 2.000000000000000000e+00 1.000000000000000021e-08 -2.437048519242622779e-01 -1.753074488435615308e+00
-2.437048519242622779e-01 -1.753074488435615308e+00 0.000000000000000000e+00 1.000000000000000021e-08 -3.780248325176611690e-01 -1.343199805933988467e+00
-3.780248325176611690e-01 -1.343199805933988467e+00 0.000000000000000000e+00 1.000000000000000021e-08 -5.054787775677184181e-01 -1.274539450500572046e+00
-5.054787775677184181e-01 -1.274539450500572046e+00 1.000000000000000000e+00 1.000000000000000021e-08 -7.115002171314519508e-01 -2.060214395637335549e+00
-7.115002171314519508e-01 -2.060214395637335549e+00 1.000000000000000000e+00 1.000000000000000021e-08 -1.008335835564470040e+00 -2.968356184330180891e+00
-1.008335835564470040e+00 -2.968356184330180891e+00 0.000000000000000000e+00 1.000000000000000021e-08 -1.391378162891883541e+00 -3.830423273274134122e+00
-1.391378162891883541e+00 -3.830423273274134122e+00 0.000000000000000000e+00 9.999000000000000110e-01 -1.570796326794896558e+00 -5.000000000000000000e+00
6.963577806152970728e-02 -1.818108717863898410e-02 1.000000000000000000e+00 1.000000000000000021e-08 7.843090221266803275e-02 8.795124151138322688e-02
7.843090221266803275e-02 8.795124151138322688e-02 0.000000000000000000e+00 1.000000000000000021e-08 1.722834519284308641e-01 9.385254971576283411e-01
1.722834519284308641e-01 9.385254971576283411e-01 0.000000000000000000e+00 1.000000000000000021e-08 3.944276862380874382e-01 2.221442343096565963e+00
3.944276862380874382e-01 2.221442343096565963e+00 2.000000000000000000e+00 1.000000000000000021e-08 5.870898771007238004e-01 1.926621908626363844e+00
5.870898771007238004e-01 1.926621908626363844e+00 2.000000000000000000e+00 1.000000000000000021e-08 7.917291884659316548e-01 2.046393113652078544e+00
7.917291884659316548e-01 2.046393113652078544e+00 1.000000000000000000e+00 1.000000000000000021e-08 1.114991152005361696e+00 3.232619635394300417e+00
1.114991152005361696e+00 3.232619635394300417e+00 0.000000000000000000e+00 9.999000000000000110e-01 1.570796326794896558e+00 4.870193404328329478e+00
7.177021809539255170e-02 5.325314645058316920e-02 1.000000000000000000e+00 1.000000000000000021e-08 8.706018077012259160e-02 1.528996267473004544e-01
8.706018077012259160e-02 1.528996267473004544e-01 1.000000000000000000e+00 1.000000000000000021e-08 1.347828164400477757e-01 4.772263566992518413e-01
1.347828164400477757e-01 4.772263566992518413e-01 2.000000000000000000e+00 1.000000000000000021e-08 1.355644080283580910e-01 7.815915883103208284e-03
1.355644080283580910e-01 7.815915883103208284e-03 2.000000000000000000e+00 1.000000000000000021e-08 6.943826260680691087e-02 -6.612614542155117459e-01
6.943826260680691087e-02 -6.612614542155117459e-01 2.000000000000000000e+00 1.000000000000000021e-08 -7.772180992944791034e-02 -1.471600725362548046e+00
-7.772180992944791034e-02 -1.471600725362548046e+00 2.000000000000000000e+00 1.000000000000000021e-08 -3.406143692488531327e-01 -2.628925593194052279e+00
-3.406143692488531327e-01 -2.628925593194052279e+00 0.000000000000000000e+00 1.000000000000000021e-08 -5.744568760405555086e-01 -2.338425067917023537e+00
-5.744568760405555086e-01 -2.338425067917023537e+00 1.000000000000000000e+00 1.000000000000000021e-08 -8.878753148900178083e-01 -3.134184388494622997e+00
-8.878753148900178083e-01 -3.134184388494622997e+00 0.000000000000000000e+00 1.000000000000000021e-08 -1.257677518779685810e+00 -3.698022038896680019e+00
-1.257677518779685810e+00 -3.698022038896680019e+00 2.000000000000000000e+00 9.999000000000000110e-01 -1.570796326794896558e+00 -5.000000000000000000e+00
-7.716057718852367686e-02 4.435040232750427774e-02 0.000000000000000000e+00 1.000000000000000021e-08 -1.050687086171606111e-03 7.610989010235206242e-01
-1.050687086171606111e-03 7.610989010235206242e-01 2.000000000000000000e+00 1.000000000000000021e-08 -1.138738252597793800e-02 -1.033669543980633154e-01
-1.138738252597793800e-02 -1.033669543980633154e-01 0.000000000000000000e+00 1.000000000000000021e-08 6.146160086668959327e-02 7.284898339266752121e-01
6.146160086668959327e-02 7.284898339266752121e-01 0.000000000000000000e+00 1.000000000000000021e-08 2.441879482244077304e-01 1.827263473577181330e+00
2.441879482244077304e-01 1.827263473577181330e+00 1.000000000000000000e+00 1.000000000000000021e-08 4.813954922157914762e-01 2.372075439913837513e+00
4.813954922157914762e-01 2.372075439913837513e+00 2.000000000000000000e+00 1.000000000000000021e-08 7.046874845443241719e-01 2.232919923285326735e+00
7.046874845443241719e-01 2.232919923285326735e+00 2.000000000000000000e+00 1.000000000000000021e-08 9.779531472278653048e-01 2.732656626835411551e+00
9.779531472278653048e-01 2.732656626835411551e+00 2.000000000000000000e+00 1.000000000000000021e-08 1.337694830382539113e+00 3.597416831546736748e+00
1.337694830382539113e+00 3.597416831546736748e+00 2.000000000000000000e+00 9.999000000000000110e-01 1.570796326794896558e+00 4.843457453028156223e+00
3.431563076359025327e-02 7.822485666049211472e-02 2.000000000000000000e+00 1.000000000000000021e-08 -3.509732390239869021e-02 -6.941295466598893515e-01
-3.509732390239869021e-02 -6.941295466598893515e-01 1.000000000000000000e+00 1.000000000000000021e-08 -1.142139884579258802e-01 -7.911666455552719412e-01
-1.142139884579258802e-01 -7.911666455552719412e-01 0.000000000000000000e+00 1.000000000000000021e-08 -1.345896849891246305e-01 -2.037569653119875035e-01
-1.345896849891246305e-01 -2.037569653119875035e-01 0.000000000000000000e+00 1.000000000000000021e-08 -8.989084281681941624e-02 4.469884217230521983e-01
-8.989084281681941624e-02 4.469884217230521983e-01 0.000000000000000000e+00 1.000000000000000021e-08 1.835021358946395398e-02 1.082410564062833647e+00
1.835021358946395398e-02 1.082410564062833647e+00 1.000000000000000000e+00 1.000000000000000021e-08 1.464087024621650857e-01 1.280584888727011261e+00
1.464087024621650857e-01 1.280584888727011261e+00 1.000000000000000000e+00 1.000000000000000021e-08 3.079580828471846221e-01 1.615493803850195587e+00
3.079580828471846221e-01 1.615493803850195587e+00 0.000000000000000000e+00 1.000000000000000021e-08 6.118384085698277408e-01 3.038803257226430965e+00
6.118384085698277408e-01 3.038803257226430965e+00 1.000000000000000000e+00 1.000000000000000021e-08 1.004432572159797310e+00 3.925941635899694582e+00
1.004432572159797310e+00 3.925941635899694582e+00 0.000000000000000000e+00 1.000000000000000021e-08 1.555201976438985945e+00 5.000000000000000000e+00
1.555201976438985945e+00 5.000000000000000000e+00 1.000000000000000000e+00 9.999000000000000110e-01 1.570796326794896558e+00 5.000000000000000000e+00
4.242607046806411847e-03 7.852409735177012795e-02 0.000000000000000000e+00 1.000000000000000021e-08 9.013655082391804074e-02 8.589394377711162543e-01
9.013655082391804074e-02 8.589394377711162543e-01 2.000000000000000000e+00 1.000000000000000021e-08 1.169414928144406618e-01 2.680494199052262383e-01
1.169414928144406618e-01 2.680494199052262383e-01 2.000000000000000000e+00 1.000000000000000021e-08 5.943536722789047322e-02 -5.750612558655018303e-01
5.943536722789047322e-02 -5.750612558655018303e-01 1.000000000000000000e+00 1.000000000000000021e-08 9.065788487350581737e-03 -5.036957874053988871e-01
9.065788487350581737e-03 -5.036957874053988871e-01 2.000000000000000000e+00 1.000000000000000021e-08 -1.124072862961072589e-01 -1.214730747834578350e+00
-1.124072862961072589e-01 -1.214730747834578350e+00 2.000000000000000000e+00 1.000000000000000021e-08 -3.290351568346419064e-01 -2.166278705385346282e+00
-3.290351568346419064e-01 -2.166278705385346282e+00 2.000000000000000000e+00 1.000000000000000021e-08 -6.919231538146197735e-01 -3.628879969799778671e+00
-6.919231538146197735e-01 -3.628879969799778671e+00 0.000000000000000000e+00 1.000000000000000021e-08 -1.076941102961395114e+00 -3.850179491467753845e+00
-1.076941102961395114e+00 -3.850179491467753845e+00 2.000000000000000000e+00 9.999000000000000110e-01 -1.570796326794896558e+00 -5.000000000000000000e+00
-5.995632364164827505e-03 -2.687121541925134582e-02 1.000000000000000000e+00 1.000000000000000021e-08 6.482686456722659349e-03 1.247831882088748651e-01
6.482686456722659349e-03 1.247831882088748651e-01 1.000000000000000000e+00 1.000000000000000021e-08 2.277783034809385126e-02 1.629514389137119434e-01
2.277783034809385126e-02 1.629514389137119434e-01 1.000000000000000000e+00 1.000000000000000021e-08 5.234638504841469808e-02 2.956855470032084821e-01
5.234638504841469808e-02 2.956855470032084821e-01 2.000000000000000000e+00 1.000000000000000021e-08 9.338170122678408902e-03 -4.300821492573628779e-01
9.338170122678408902e-03 -4.300821492573628779e-01 2.000000000000000000e+00 1.000000000000000021e-08 -1.072164600782679611e-01 -1.165546302009463631e+00
-1.072164600782679611e-01 -1.165546302009463631e+00 0.000000000000000000e+00 1.000000000000000021e-08 -1.462923786811426430e-01 -3.907591860287468188e-01
-1.462923786811426430e-01 -3.907591860287468188e-01 0.000000000000000000e+00 1.000000000000000021e-08 -1.305863247209939626e-01 1.570605396014866928e-01
-1.305863247209939626e-01 1.570605396014866928e-01 0.000000000000000000e+00 1.000000000000000021e-08 -6.025444816384395441e-02 7.033187655715000819e-01
-6.025444816384395441e-02 7.033187655715000819e-01 1.000000000000000000e+00 1.000000000000000021e-08 -1.449206623421159246e-02 4.576238192963235640e-01
-1.449206623421159246e-02 4.576238192963235640e-01 0.000000000000000000e+00 1.000000000000000021e-08 1.001825035534922581e-01 1.146745697877038506e+00
1.001825035534922581e-01 1.146745697877038506e+00 2.000000000000000000e+00 1.000000000000000021e-08 1.415376484272011515e-01 4.135514487370888226e-01
1.415376484272011515e-01 4.135514487370888226e-01 1.000000000000000000e+00 1.000000000000000021e-08 1.923552675029099601e-01 5.081761907570879755e-01
1.923552675029099601e-01 5.081761907570879755e-01 2.000000000000000000e+00 1.000000000000000021e-08 1.841324348602065009e-01 -8.222832642703448158e-02
1.841324348602065009e-01 -8.222832642703448158e-02 2.000000000000000000e+00 1.000000000000000021e-08 1.221305263987279566e-01 -6.200190846147854984e-01
1.221305263987279566e-01 -6.200190846147854984e-01 0.000000000000000000e+00 1.000000000000000021e-08 1.659703418453650769e-01 4.383981544663713148e-01
1.659703418453650769e-01 4.383981544663713148e-01 1.000000000000000000e+00 1.000000000000000021e-08 2.507543152248649099e-01 8.478397337949985513e-01
2.507543152248649099e-01 8.478397337949985513e-01 2.000000000000000000e+00 1.000000000000000021e-08 2.899573356752204178e-01 3.920302045035550798e-01
2.899573356752204178e-01 3.920302045035550798e-01 2.000000000000000000e+00 1.000000000000000021e-08 2.786476246665814394e-01 -1.130971100863898959e-01
2.786476246665814394e-01 -1.130971100863898959e-01 1.000000000000000000e+00 1.000000000000000021e-08 3.284482678874672823e-01 4.980064322088580964e-01
3.284482678874672823e-01 4.980064322088580964e-01 1.000000000000000000e+00 1.000000000000000021e-08 4.223908759223233833e-01 9.394260803485608990e-01
4.223908759223233833e-01 9.394260803485608990e-01 1.000000000000000000e+00 1.000000000000000021e-08 5.793211546314135374e-01 1.569302787090901319e+00
5.793211546314135374e-01 1.569302787090901319e+00 1.000000000000000000e+00 1.000000000000000021e-08 8.249639779876983825e-01 2.456428233562848007e+00
8.249639779876983825e-01 2.456428233562848007e+00 2.000000000000000000e+00 1.000000000000000021e-08 1.132375156063086807e+00 3.074111780753884027e+00
1.132375156063086807e+00 3.074111780753884027e+00 2.000000000000000000e+00 1.000000000000000021e-08 1.536600496740864852e+00 4.042253406777780000e+00
1.536600496740864852e+00 4.042253406777780000e+00 2.000000000000000000e+00 9.999000000000000110e-01 1.570796326794896558e+00 5.000000000000000000e+00
7.541760539659472795e-02 2.790945313321713597e-02 0.000000000000000000e+00 1.000000000000000021e-08 1.866782127196051910e-01 1.112606073230104631e+00
1.866782127196051910e-01 1.112606073230104631e+00 0.000000000000000000e+00 1.000000000000000021e-08 4.279927874869113857e-01 2.413145747673062225e+00
