3.639034720135164713e-02 7.129446252807433715e-02 1.000000000000000000e+00 1.000000000000000021e-08 3.294726011747584754e-02 -3.443087083875798204e-02
3.294726011747584754e-02 -3.443087083875798204e-02 1.000000000000000000e+00 1.000000000000000021e-08 4.939941672512716819e-02 1.645215660765132204e-01
4.939941672512716819e-02 1.645215660765132204e-01 2.000000000000000000e+00 1.000000000000000021e-08 -1.366296150765079764e-02 -6.306237823277796029e-01
-1.366296150765079764e-02 -6.306237823277796029e-01 1.000000000000000000e+00 1.000000000000000021e-08 -7.707678990743978276e-02 -6.341382839978898511e-01
-7.707678990743978276e-02 -6.341382839978898511e-01 2.000000000000000000e+00 1.000000000000000021e-08 -2.282267672695449945e-01 -1.511499773621051812e+00
-2.282267672695449945e-01 -1.511499773621051812e+00 1.000000000000000000e+00 1.000000000000000021e-08 -4.253116533673853006e-01 -1.970848860978403172e+00
-4.253116533673853006e-01 -1.970848860978403172e+00 0.000000000000000000e+00 1.000000000000000021e-08 -6.148549099120286243e-01 -1.895432565446433681e+00
-6.148549099120286243e-01 -1.895432565446433681e+00 1.000000000000000000e+00 1.000000000000000021e-08 -8.964405571042776133e-01 -2.815856471922489668e+00
-8.964405571042776133e-01 -2.815856471922489668e+00 0.000000000000000000e+00 1.000000000000000021e-08 -1.243355712859577356e+00 -3.469151557552998089e+00
-1.243355712859577356e+00 -3.469151557552998089e+00 2.000000000000000000e+00 9.999000000000000110e-01 -1.570796326794896558e+00 -5.000000000000000000e+00
-2.817839780989456894e-02 -2.016391528123252092e-02 1.000000000000000000e+00 1.000000000000000021e-08 -2.781267056857159720e-02 3.657272413229720881e-03
-2.781267056857159720e-02 3.657272413229720881e-03 1.000000000000000000e+00 1.000000000000000021e-08 -4.044650905848612421e-02 -1.263383848991452285e-01
-4.044650905848612421e-02 -1.263383848991452285e-01 0.000000000000000000e+00 1.000000000000000021e-08 4.440268186176883625e-02 8.484919092025495768e-01
4.440268186176883625e-02 8.484919092025495768e-01 1.000000000000000000e+00 1.000000000000000021e-08 1.448862000994002308e-01 1.004835182376313973e+00
1.448862000994002308e-01 1.004835182376313973e+00 0.000000000000000000e+00 1.000000000000000021e-08 3.678942635455004773e-01 2.230080634461002465e+00
3.678942635455004773e-01 2.230080634461002465e+00 2.000000000000000000e+00 1.000000000000000021e-08 5.653833414871877183e-01 1.974890779416872633e+00
5.653833414871877183e-01 1.974890779416872633e+00 2.000000000000000000e+00 1.000000000000000021e-08 7.713406419476528386e-01 2.059573004604651203e+00
7.713406419476528386e-01 2.059573004604651203e+00 1.000000000000000000e+00 1.000000000000000021e-08 1.085272548229309963e+00 3.139319062816571027e+00
1.085272548229309963e+00 3.139319062816571027e+00 0.000000000000000000e+00 1.000000000000000021e-08 1.559396892590321215e+00 4.741243443610112962e+00
1.559396892590321215e+00 4.741243443610112962e+00 2.000000000000000000e+00 9.999000000000000110e-01 1.570796326794896558e+00 5.000000000000000000e+00
-3.606844363839471074e-02 8.299205941184087387e-02 2.000000000000000000e+00 1.000000000000000021e-08 -1.343647452828093114e-01 -9.829630164441459650e-01
-1.343647452828093114e-01 -9.829630164441459650e-01 2.000000000000000000e+00 1.000000000000000021e-08 -3.338760487941819788e-01 -1.995113035113726507e+00
-3.338760487941819788e-01 -1.995113035113726507e+00 1.000000000000000000e+00 1.000000000000000021e-08 -5.847667236856608497e-01 -2.508906748914788931e+00
-5.847667236856608497e-01 -2.508906748914788931e+00 1.000000000000000000e+00 1.000000000000000021e-08 -9.233612097706898059e-01 -3.385944860850290006e+00
-9.233612097706898059e-01 -3.385944860850290006e+00 2.000000000000000000e+00 1.000000000000000021e-08 -1.431536612440520884e+00 -5.000000000000000000e+00
-1.431536612440520884e+00 -5.000000000000000000e+00 2.000000000000000000e+00 9.999000000000000110e-01 -1.570796326794896558e+00 -5.000000000000000000e+00
4.090223922487623565e-02 -5.481997835105015260e-02 2.000000000000000000e+00 1.000000000000000021e-08 -5.955762089390564951e-02 -1.004598601187818740e+00
-5.955762089390564951e-02 -1.004598601187818740e+00 1.000000000000000000e+00 1.000000000000000021e-08 -1.873720355579844565e-01 -1.278144146640788126e+00
-1.873720355579844565e-01 -1.278144146640788126e+00 1.000000000000000000e+00 1.000000000000000021e-08 -3.415644315837711442e-01 -1.541923960257866488e+00
-3.415644315837711442e-01 -1.541923960257866488e+00 0.000000000000000000e+00 1.000000000000000021e-08 -4.542867509603530918e-01 -1.127223193765819476e+00
-4.542867509603530918e-01 -1.127223193765819476e+00 1.000000000000000000e+00 1.000000000000000021e-08 -6.307182395628053717e-01 -1.764314886024522799e+00
-6.307182395628053717e-01 -1.764314886024522799e+00 1.000000000000000000e+00 1.000000000000000021e-08 -9.140207887632268990e-01 -2.833025492004215273e+00
-9.140207887632268990e-01 -2.833025492004215273e+00 1.000000000000000000e+00 1.000000000000000021e-08 -1.314800760411384273e+00 -4.007799716481573071e+00
-1.314800760411384273e+00 -4.007799716481573071e+00 0.000000000000000000e+00 9.999000000000000110e-01 -1.570796326794896558e+00 -5.000000000000000000e+00
7.008913613899352135e-02 -8.363708070609225664e-02 2.000000000000000000e+00 1.000000000000000021e-08 -1.526156867854797095e-02 -8.535070481754148952e-01
-1.526156867854797095e-02 -8.535070481754148952e-01 2.000000000000000000e+00 1.000000000000000021e-08 -2.009403421030971637e-01 -1.856787734245491706e+00
-2.009403421030971637e-01 -1.856787734245491706e+00 2.000000000000000000e+00 1.000000000000000021e-08 -4.908596492940474620e-01 -2.899193071909502706e+00
-4.908596492940474620e-01 -2.899193071909502706e+00 0.000000000000000000e+00 1.000000000000000021e-08 -7.885460970778717105e-01 -2.976864477838242262e+00
-7.885460970778717105e-01 -2.976864477838242262e+00 2.000000000000000000e+00 1.000000000000000021e-08 -1.240179275156385375e+00 -4.516331780785136196e+00
-1.240179275156385375e+00 -4.516331780785136196e+00 2.000000000000000000e+00 9.999000000000000110e-01 -1.570796326794896558e+00 -5.000000000000000000e+00
5.188322012540231426e-02 -2.643607913057405973e-02 2.000000000000000000e+00 1.000000000000000021e-08 -3.074282703722806126e-02 -8.262604716263036719e-01
-3.074282703722806126e-02 -8.262604716263036719e-01 0.000000000000000000e+00 1.000000000000000021e-08 -3.338894292009843279e-02 -2.646115882870370140e-02
-3.338894292009843279e-02 -2.646115882870370140e-02 1.000000000000000000e+00 1.000000000000000021e-08 -5.788688654147353119e-02 -2.449794362137509562e-01
-5.788688654147353119e-02 -2.449794362137509562e-01 1.000000000000000000e+00 1.000000000000000021e-08 -7.893528847108036151e-02 -2.104840192960683032e-01
-7.893528847108036151e-02 -2.104840192960683032e-01 2.000000000000000000e+00 1.000000000000000021e-08 -2.124026051806138515e-01 -1.334673167095334900e+00
-2.124026051806138515e-01 -1.334673167095334900e+00 0.000000000000000000e+00 1.000000000000000021e-08 -2.937910914477503965e-01 -8.138848626713650614e-01
-2.937910914477503965e-01 -8.138848626713650614e-01 0.000000000000000000e+00 1.000000000000000021e-08 -3.261186036113230546e-01 -3.232751216357266921e-01
-3.261186036113230546e-01 -3.232751216357266921e-01 1.000000000000000000e+00 1.000000000000000021e-08 -4.037866861034227206e-01 -7.766808249209966597e-01
-4.037866861034227206e-01 -7.766808249209966597e-01 2.000000000000000000e+00 1.000000000000000021e-08 -6.198253623837020054e-01 -2.160386762802793292e+00
-6.198253623837020054e-01 -2.160386762802793292e+00 2.000000000000000000e+00 1.000000000000000021e-08 -1.004874193530298054e+00 -3.850488311465959157e+00
-1.004874193530298054e+00 -3.850488311465959157e+00 0.000000000000000000e+00 1.000000000000000021e-08 -1.461132686563011429e+00 -4.562584930327132859e+00
-1.461132686563011429e+00 -4.562584930327132859e+00 0.000000000000000000e+00 9.999000000000000110e-01 -1.570796326794896558e+00 -5.000000000000000000e+00
2.325056750331474728e-02 6.892098581551461822e-02 1.000000000000000000e+00 1.000000000000000021e-08 1.810607918233998054e-02 -5.144488320974766049e-02
1.810607918233998054e-02 -5.144488320974766049e-02 2.000000000000000000e+00 1.000000000000000021e-08 -7.095408375146899926e-02 -8.906016293380898396e-01
-7.095408375146899926e-02 -8.906016293380898396e-01 1.000000000000000000e+00 1.000000000000000021e-08 -1.688094954289103833e-01 -9.785541167744136182e-01
-1.688094954289103833e-01 -9.785541167744136182e-01 0.000000000000000000e+00 1.000000000000000021e-08 -1.918106204343579257e-01 -2.300112500544753136e-01
-1.918106204343579257e-01 -2.300112500544753136e-01 1.000000000000000000e+00 1.000000000000000021e-08 -2.473971857791785467e-01 -5.558656534482062650e-01
-2.473971857791785467e-01 -5.558656534482062650e-01 0.000000000000000000e+00 1.000000000000000021e-08 -2.468066309976302275e-01 5.905547815483136453e-03
-2.468066309976302275e-01 5.905547815483136453e-03 0.000000000000000000e+00 1.000000000000000021e-08 -1.956519590916475093e-01 5.115467190598272929e-01
-1.956519590916475093e-01 5.115467190598272929e-01 1.000000000000000000e+00 1.000000000000000021e-08 -1.661164591823663939e-01 2.953549990928112656e-01
-1.661164591823663939e-01 2.953549990928112656e-01 2.000000000000000000e+00 1.000000000000000021e-08 -2.347423530261150693e-01 -6.862589384374865320e-01
-2.347423530261150693e-01 -6.862589384374865320e-01 1.000000000000000000e+00 1.000000000000000021e-08 -3.555958548729326596e-01 -1.208535018468175570e+00
-3.555958548729326596e-01 -1.208535018468175570e+00 1.000000000000000000e+00 1.000000000000000021e-08 -5.490698377792854190e-01 -1.934739829063527816e+00
-5.490698377792854190e-01 -1.934739829063527816e+00 1.000000000000000000e+00 1.000000000000000021e-08 -8.350860445267329624e-01 -2.860162067474475656e+00
-8.350860445267329624e-01 -2.860162067474475656e+00 0.000000000000000000e+00 1.000000000000000021e-08 -1.175748332623379300e+00 -3.406622880966462485e+00
-1.175748332623379300e+00 -3.406622880966462485e+00 1.000000000000000000e+00 9.999000000000000110e-01 -1.570796326794896558e+00 -4.732934443878434649e+00
-7.810949426267982387e-02 3.148040977422146558e-02 1.000000000000000000e+00 1.000000000000000021e-08 -7.464004372424674905e-02 3.469450538433080378e-02
-7.464004372424674905e-02 3.469450538433080378e-02 1.000000000000000000e+00 1.000000000000000021e-08 -8.542958556381390067e-02 -1.078954183956714885e-01
-8.542958556381390067e-02 -1.078954183956714885e-01 2.000000000000000000e+00 1.000000000000000021e-08 -1.845054645180158881e-01 -9.907587895420197910e-01
-1.845054645180158881e-01 -9.907587895420197910e-01 0.000000000000000000e+00 1.000000000000000021e-08 -2.230480765004893562e-01 -3.854261198247347364e-01
-2.230480765004893562e-01 -3.854261198247347364e-01 0.000000000000000000e+00 1.000000000000000021e-08 -2.112268794185249432e-01 1.182119708196441854e-01
-2.112268794185249432e-01 1.182119708196441854e-01 1.000000000000000000e+00 1.000000000000000021e-08 -2.465096564477206598e-01 -3.528277702919571102e-01
-2.465096564477206598e-01 -3.528277702919571102e-01 2.000000000000000000e+00 1.000000000000000021e-08 -3.989018299121398492e-01 -1.523921734644192005e+00
-3.989018299121398492e-01 -1.523921734644192005e+00 1.000000000000000000e+00 1.000000000000000021e-08 -6.077891402031084800e-01 -2.088873102909686530e+00
-6.077891402031084800e-01 -2.088873102909686530e+00 0.000000000000000000e+00 1.000000000000000021e-08 -8.360223181979621332e-01 -2.282331779948536088e+00
-8.360223181979621332e-01 -2.282331779948536088e+00 0.000000000000000000e+00 1.000000000000000021e-08 -1.131909555342900831e+00 -2.958872371449386307e+00
-1.131909555342900831e+00 -2.958872371449386307e+00 1.000000000000000000e+00 1.000000000000000021e-08 -1.564627180775536086e+00 -4.327176254326351668e+00
-1.564627180775536086e+00 -4.327176254326351668e+00 1.000000000000000000e+00 9.999000000000000110e-01 -1.570796326794896558e+00 -5.000000000000000000e+00
-7.117127441539063126e-02 9.550256700193490017e-03 2.000000000000000000e+00 1.000000000000000021e-08 -1.609344183250908666e-01 -8.976314390970023815e-01
-1.609344183250908666e-01 -8.976314390970023815e-01 2.000000000000000000e+00 1.000000000000000021e-08 -3.520179528128331015e-01 -1.910835344877422015e+00
-3.520179528128331015e-01 -1.910835344877422015e+00 1.000000000000000000e+00 1.000000000000000021e-08 -6.051522853801107882e-01 -2.531343325672776423e+00
-6.051522853801107882e-01 -2.531343325672776423e+00 1.000000000000000000e+00 1.000000000000000021e-08 -9.425895105096135929e-01 -3.374372251295027603e+00
-9.425895105096135929e-01 -3.374372251295027603e+00 1.000000000000000000e+00 1.000000000000000021e-08 -1.395578772193186268e+00 -4.529892616835725860e+00
-1.395578772193186268e+00 -4.529892616835725860e+00 0.000000000000000000e+00 9.999000000000000110e-01 -1.570796326794896558e+00 -5.000000000000000000e+00
-7.232260821191338618e-02 4.028722753703074116e-02 2.000000000000000000e+00 1.000000000000000021e-08 -1.546605673416827642e-01 -8.233795912976935583e-01
-1.546605673416827642e-01 -8.233795912976935583e-01 2.000000000000000000e+00 1.000000000000000021e-08 -3.559738702667630816e-01 -2.013133029250803396e+00
-3.559738702667630816e-01 -2.013133029250803396e+00 0.000000000000000000e+00 1.000000000000000021e-08 -5.400731351628489385e-01 -1.840992648960858569e+00
-5.400731351628489385e-01 -1.840992648960858569e+00 1.000000000000000000e+00 1.000000000000000021e-08 -8.164523721359409070e-01 -2.763792369730919685e+00
-8.164523721359409070e-01 -2.763792369730919685e+00 1.000000000000000000e+00 1.000000000000000021e-08 -1.205260206704647175e+00 -3.888078345687063120e+00
-1.205260206704647175e+00 -3.888078345687063120e+00 0.000000000000000000e+00 9.999000000000000110e-01 -1.570796326794896558e+00 -4.924199968223523349e+00
2.034813725871154749e-02 1.935821759100732689e-02 0.000000000000000000e+00 1.000000000000000021e-08 1.307893790567263015e-01 1.104412417980147554e+00
1.307893790567263015e-01 1.104412417980147554e+00 0.000000000000000000e+00 1.000000000000000021e-08 3.440099069104345375e-01 2.132205278537082194e+00
3.440099069104345375e-01 2.132205278537082194e+00 0.000000000000000000e+00 1.000000000000000021e-08 7.093552019816820042e-01 3.653452950712474223e+00
7.093552019816820042e-01 3.653452950712474223e+00 0.000000000000000000e+00 1.000000000000000021e-08 1.219008892605879524e+00 5.000000000000000000e+00
1.219008892605879524e+00 5.000000000000000000e+00 1.000000000000000000e+00 9.999000000000000110e-01 1.570796326794896558e+00 5.000000000000000000e+00
1.827707256881812292e-02 4.045101398587656882e-02 2.000000000000000000e+00 1.000000000000000021e-08 -6.084285973973203865e-02 -7.911993230855015602e-01
-6.084285973973203865e-02 -7.911993230855015602e-01 1.000000000000000000e+00 1.000000000000000021e-08 -1.549932935988374005e-01 -9.415043385910537577e-01
-1.549932935988374005e-01 -9.415043385910537577e-01 1.000000000000000000e+00 1.000000000000000021e-08 -2.655737522144979712e-01 -1.105804586156605485e+00
-2.655737522144979712e-01 -1.105804586156605485e+00 1.000000000000000000e+00 1.000000000000000021e-08 -4.155267694146606572e-01 -1.499530172001626749e+00
-4.155267694146606572e-01 -1.499530172001626749e+00 0.000000000000000000e+00 1.000000000000000021e-08 -5.417346001227936192e-01 -1.262078307081329731e+00
-5.417346001227936192e-01 -1.262078307081329731e+00 1.000000000000000000e+00 1.000000000000000021e-08 -7.477497657623624061e-01 -2.060151656395688313e+00
-7.477497657623624061e-01 -2.060151656395688313e+00 1.000000000000000000e+00 1.000000000000000021e-08 -1.055561441994742777e+00 -3.078116762323802824e+00
-1.055561441994742777e+00 -3.078116762323802824e+00 0.000000000000000000e+00 1.000000000000000021e-08 -1.447216609982810986e+00 -3.916551679880680759e+00
-1.447216609982810986e+00 -3.916551679880680759e+00 2.000000000000000000e+00 9.999000000000000110e-01 -1.570796326794896558e+00 -5.000000000000000000e+00
5.833377176165142203e-02 -7.112598773813405550e-02 1.000000000000000000e+00 1.000000000000000021e-08 7.876338321288334221e-02 2.042961145123191602e-01
7.876338321288334221e-02 2.042961145123191602e-01 0.000000000000000000e+00 1.000000000000000021e-08 1.871247495053363630e-01 1.083613662924530319e+00
1.871247495053363630e-01 1.083613662924530319e+00 1.000000000000000000e+00 1.000000000000000021e-08 3.212504868123299828e-01 1.341257373069936198e+00
3.212504868123299828e-01 1.341257373069936198e+00 0.000000000000000000e+00 1.000000000000000021e-08 5.846133650866562892e-01 2.633628782743262953e+00
5.846133650866562892e-01 2.633628782743262953e+00 0.000000000000000000e+00 1.000000000000000021e-08 1.010153307151820279e+00 4.255399420651639453e+00
1.010153307151820279e+00 4.255399420651639453e+00 2.000000000000000000e+00 1.000000000000000021e-08 1.506158858665507250e+00 4.960055515136870596e+00
1.506158858665507250e+00 4.960055515136870596e+00 2.000000000000000000e+00 9.999000000000000110e-01 1.570796326794896558e+00 5.000000000000000000e+00
6.870645501257849341e-02 6.927431948752103830e-02 2.000000000000000000e+00 1.000000000000000021e-08 -1.513575925895314922e-02 -8.384221427153163431e-01
-1.513575925895314922e-02 -8.384221427153163431e-01 0.000000000000000000e+00 1.000000000000000021e-08 -2.846292814115487096e-02 -1.332716888220172313e-01
-2.846292814115487096e-02 -1.332716888220172313e-01 2.000000000000000000e+00 1.000000000000000021e-08 -1.514192825796611686e-01 -1.229563544385062990e+00
-1.514192825796611686e-01 -1.229563544385062990e+00 2.000000000000000000e+00 1.000000000000000021e-08 -3.696122329108817439e-01 -2.181929503312205476e+00
-3.696122329108817439e-01 -2.181929503312205476e+00 1.000000000000000000e+00 1.000000000000000021e-08 -6.524689739932252319e-01 -2.828567410823434436e+00
-6.524689739932252319e-01 -2.828567410823434436e+00 2.000000000000000000e+00 1.000000000000000021e-08 -1.091874471672998670e+00 -4.394054976797734824e+00
-1.091874471672998670e+00 -4.394054976797734824e+00 2.000000000000000000e+00 9.999000000000000110e-01 -1.570796326794896558e+00 -5.000000000000000000e+00
-3.713344188143539309e-03 7.333730449773748217e-02 1.000000000000000000e+00 1.000000000000000021e-08 1.799644541589336122e-02 2.170978960403689983e-01
1.799644541589336122e-02 2.170978960403689983e-01 0.000000000000000000e+00 1.000000000000000021e-08 1.434638460214951450e-01 1.254674006056017532e+00
1.434638460214951450e-01 1.254674006056017532e+00 1.000000000000000000e+00 1.000000000000000021e-08 2.991894148044198509e-01 1.557255687829246948e+00
2.991894148044198509e-01 1.557255687829246948e+00 1.000000000000000000e+00 1.000000000000000021e-08 4.883261026326182197e-01 1.891366878281983244e+00
4.883261026326182197e-01 1.891366878281983244e+00 0.000000000000000000e+00 1.000000000000000021e-08 8.420924214100201644e-01 3.537663187774019224e+00
8.420924214100201644e-01 3.537663187774019224e+00 0.000000000000000000e+00 1.000000000000000021e-08 1.351842681800447421e+00 5.000000000000000000e+00
1.351842681800447421e+00 5.000000000000000000e+00 0.000000000000000000e+00 9.999000000000000110e-01 1.570796326794896558e+00 5.000000000000000000e+00
-4.033828997631088570e-02 -2.968958394655145383e-02 1.000000000000000000e+00 1.000000000000000021e-08 -4.692466808659254141e-02 -6.586378110281651543e-02
-4.692466808659254141e-02 -6.586378110281651543e-02 1.000000000000000000e+00 1.000000000000000021e-08 -7.829558811577511102e-02 -3.137092002918256406e-01
-7.829558811577511102e-02 -3.137092002918256406e-01 2.000000000000000000e+00 1.000000000000000021e-08 -2.113571359551227324e-01 -1.330615478393476048e+00
-2.113571359551227324e-01 -1.330615478393476048e+00 0.000000000000000000e+00 1.000000000000000021e-08 -3.006310471180333455e-01 -8.927391116291063522e-01
-3.006310471180333455e-01 -8.927391116291063522e-01 1.000000000000000000e+00 1.000000000000000021e-08 -4.266406736796188870e-01 -1.260096265615855193e+00
-4.266406736796188870e-01 -1.260096265615855193e+00 1.000000000000000000e+00 1.000000000000000021e-08 -6.184323080565496955e-01 -1.917916343769307419e+00
-6.184323080565496955e-01 -1.917916343769307419e+00 0.000000000000000000e+00 1.000000000000000021e-08 -8.384970638431011869e-01 -2.200647557865514692e+00
-8.384970638431011869e-01 -2.200647557865514692e+00 1.000000000000000000e+00 1.000000000000000021e-08 -1.172017155746048367e+00 -3.335200919029472466e+00
-1.172017155746048367e+00 -3.335200919029472466e+00 1.000000000000000000e+00 9.999000000000000110e-01 -1.570796326794896558e+00 -4.673197234262025823e+00
3.780953974297469183e-02 -1.348732633246135272e-02 0.000000000000000000e+00 1.000000000000000021e-08 1.208467541947025603e-01 8.303721445172786986e-01
1.208467541947025603e-01 8.303721445172786986e-01 2.000000000000000000e+00 1.000000000000000021e-08 1.525661790486584068e-01 3.171942485395584654e-01
1.525661790486584068e-01 3.171942485395584654e-01 1.000000000000000000e+00 1.000000000000000021e-08 2.014502856915715290e-01 4.888410664291312768e-01
2.014502856915715290e-01 4.888410664291312768e-01 2.000000000000000000e+00 1.000000000000000021e-08 1.861988226908772859e-01 -1.525146300069423200e-01
1.861988226908772859e-01 -1.525146300069423200e-01 1.000000000000000000e+00 1.000000000000000021e-08 2.009140223614093723e-01 1.471519967053208089e-01
2.009140223614093723e-01 1.471519967053208089e-01 1.000000000000000000e+00 1.000000000000000021e-08 2.388004994359637645e-01 3.788647707455438662e-01
2.388004994359637645e-01 3.788647707455438662e-01 0.000000000000000000e+00 1.000000000000000021e-08 3.907098473047309062e-01 1.519093478687671306e+00
3.907098473047309062e-01 1.519093478687671306e+00 0.000000000000000000e+00 1.000000000000000021e-08 7.001222592019507029e-01 3.094124118972197302e+00
7.001222592019507029e-01 3.094124118972197302e+00 1.000000000000000000e+00 1.000000000000000021e-08 1.108029286232614208e+00 4.079070270306633716e+00
1.108029286232614208e+00 4.079070270306633716e+00 1.000000000000000000e+00 9.999000000000000110e-01 1.570796326794896558e+00 5.000000000000000000e+00
-4.707810339918686027e-02 7.811120195364293362e-02 0.000000000000000000e+00 1.000000000000000021e-08 3.008194751202272754e-02 7.716005091120957671e-01
3.008194751202272754e-02 7.716005091120957671e-01 1.000000000000000000e+00 1.000000000000000021e-08 1.250789102029781774e-01 9.499696269095545542e-01
1.250789102029781774e-01 9.499696269095545542e-01 1.000000000000000000e+00 1.000000000000000021e-08 2.249275247271343425e-01 9.984861452415614291e-01
2.249275247271343425e-01 9.984861452415614291e-01 0.000000000000000000e+00 1.000000000000000021e-08 4.431496364109152042e-01 2.182221116837808506e+00
4.431496364109152042e-01 2.182221116837808506e+00 1.000000000000000000e+00 1.000000000000000021e-08 7.381572144632042587e-01 2.950075780522890323e+00
7.381572144632042587e-01 2.950075780522890323e+00 0.000000000000000000e+00 1.000000000000000021e-08 1.197878853021526302e+00 4.597216385583220877e+00
1.197878853021526302e+00 4.597216385583220877e+00 1.000000000000000000e+00 9.999000000000000110e-01 1.570796326794896558e+00 5.000000000000000000e+00
-7.629107691488308529e-02 2.112712801079101588e-02 1.000000000000000000e+00 1.000000000000000021e-08 -8.765489136925504188e-02 -1.136381445437195242e-01
-8.765489136925504188e-02 -1.136381445437195242e-01 1.000000000000000000e+00 1.000000000000000021e-08 -1.292280994089721469e-01 -4.157320803971710776e-01
-1.292280994089721469e-01 -4.157320803971710776e-01 0.000000000000000000e+00 1.000000000000000021e-08 -1.178937528962222953e-01 1.133434651274985439e-01
-1.178937528962222953e-01 1.133434651274985439e-01 2.000000000000000000e+00 1.000000000000000021e-08 -2.130812863222136810e-01 -9.518753342599139966e-01
-2.130812863222136810e-01 -9.518753342599139966e-01 2.000000000000000000e+00 1.000000000000000021e-08 -4.243705538263695676e-01 -2.112892675041558643e+00
-4.243705538263695676e-01 -2.112892675041558643e+00 0.000000000000000000e+00 1.000000000000000021e-08 -6.271938375583198111e-01 -2.028232837319502657e+00
-6.271938375583198111e-01 -2.028232837319502657e+00 0.000000000000000000e+00 1.000000000000000021e-08 -8.578675614230500956e-01 -2.306737238647302846e+00
-8.578675614230500956e-01 -2.306737238647302846e+00 0.000000000000000000e+00 1.000000000000000021e-08 -1.149371175719695604e+00 -2.915036142966455746e+00
-1.149371175719695604e+00 -2.915036142966455746e+00 0.000000000000000000e+00 1.000000000000000021e-08 -1.546934614534464680e+00 -3.975634388147690323e+00
-1.546934614534464680e+00 -3.975634388147690323e+00 1.000000000000000000e+00 9.999000000000000110e-01 -1.570796326794896558e+00 -5.000000000000000000e+00
1.983843938094854292e-02 7.377708506810869149e-02 0.000000000000000000e+00 1.000000000000000021e-08 1.276457154360622070e-01 1.078072760551136655e+00
1.276457154360622070e-01 1.078072760551136655e+00 2.000000000000000000e+00 1.000000000000000021e-08 1.771806132294014846e-01 4.953489779333926091e-01
1.771806132294014846e-01 4.953489779333926091e-01 2.000000000000000000e+00 1.000000000000000021e-08 1.561416206450545463e-01 -2.103899258434694941e-01
1.561416206450545463e-01 -2.103899258434694941e-01 2.000000000000000000e+00 1.000000000000000021e-08 8.257272242285731978e-02 -7.356889822219722097e-01
8.257272242285731978e-02 -7.356889822219722097e-01 1.000000000000000000e+00 1.000000000000000021e-08 1.901754327103190312e-02 -6.355517915182541389e-01
1.901754327103190312e-02 -6.355517915182541389e-01 0.000000000000000000e+00 1.000000000000000021e-08 6.030820441350255579e-02 4.129066114247065267e-01
6.030820441350255579e-02 4.129066114247065267e-01 0.000000000000000000e+00 1.000000000000000021e-08 2.127052778082130224e-01 1.523970733947104694e+00
2.127052778082130224e-01 1.523970733947104694e+00 1.000000000000000000e+00 1.000000000000000021e-08 3.852966015272575873e-01 1.725913237190445537e+00
3.852966015272575873e-01 1.725913237190445537e+00 2.000000000000000000e+00 1.000000000000000021e-08 5.495127549151246349e-01 1.642161533878669921e+00
5.495127549151246349e-01 1.642161533878669921e+00 0.000000000000000000e+00 1.000000000000000021e-08 8.654712178703408698e-01 3.159584629552162127e+00
8.654712178703408698e-01 3.159584629552162127e+00 2.000000000000000000e+00 1.000000000000000021e-08 1.238486271719891008e+00 3.730150538495501156e+00
1.238486271719891008e+00 3.730150538495501156e+00 2.000000000000000000e+00 9.999000000000000110e-01 1.570796326794896558e+00 4.867464193631589886e+00
4.231677850032476706e-02 -2.749536588833302597e-02 1.000000000000000000e+00 1.000000000000000021e-08 4.360547583746155614e-02 1.288697337136790466e-02
4.360547583746155614e-02 1.288697337136790466e-02 2.000000000000000000e+00 1.000000000000000021e-08 -2.499146086251977789e-02 -6.859693669998132570e-01
-2.499146086251977789e-02 -6.859693669998132570e-01 0.000000000000000000e+00 1.000000000000000021e-08 -1.011264410656036519e-02 1.487881675595941200e-01
-1.011264410656036519e-02 1.487881675595941200e-01 2.000000000000000000e+00 1.000000000000000021e-08 -8.190942074982102139e-02 -7.179677664326065134e-01
-8.190942074982102139e-02 -7.179677664326065134e-01 2.000000000000000000e+00 1.000000000000000021e-08 -2.681317845228062824e-01 -1.862223637729852443e+00
-2.681317845228062824e-01 -1.862223637729852443e+00 2.000000000000000000e+00 1.000000000000000021e-08 -5.666696825004178262e-01 -2.985378979776116104e+00
-5.666696825004178262e-01 -2.985378979776116104e+00 2.000000000000000000e+00 1.000000000000000021e-08 -1.027524289959349968e+00 -4.608546074589320085e+00
-1.027524289959349968e+00 -4.608546074589320085e+00 0.000000000000000000e+00 1.000000000000000021e-08 -1.558618668560231235e+00 -5.000000000000000000e+00
-1.558618668560231235e+00 -5.000000000000000000e+00 1.000000000000000000e+00 9.999000000000000110e-01 -1.570796326794896558e+00 -5.000000000000000000e+00
-8.435081804801168592e-02 1.924747213505986418e-02 2.000000000000000000e+00 1.000000000000000021e-08 -1.897099108841146520e-01 -1.053590928361029411e+00
-1.897099108841146520e-01 -1.053590928361029411e+00 2.000000000000000000e+00 1.000000000000000021e-08 -4.039960787849565249e-01 -2.142861679008418729e+00
-4.039960787849565249e-01 -2.142861679008418729e+00 0.000000000000000000e+00 1.000000000000000021e-08 -5.975512122206139143e-01 -1.935551334356573117e+00
-5.975512122206139143e-01 -1.935551334356573117e+00 1.000000000000000000e+00 1.000000000000000021e-08 -8.921262024114753331e-01 -2.945749901908614188e+00
-8.921262024114753331e-01 -2.945749901908614188e+00 0.000000000000000000e+00 1.000000000000000021e-08 -1.258024329631422189e+00 -3.658981272199468560e+00
-1.258024329631422189e+00 -3.658981272199468560e+00 2.000000000000000000e+00 9.999000000000000110e-01 -1.570796326794896558e+00 -5.000000000000000000e+00
6.415826594146468997e-02 4.786532028416964901e-02 2.000000000000000000e+00 1.000000000000000021e-08 -1.475580772383411343e-02 -7.891407366529880063e-01
-1.475580772383411343e-02 -7.891407366529880063e-01 2.000000000000000000e+00 1.000000000000000021e-08 -1.713778639054031605e-01 -1.566220561815690360e+00
-1.713778639054031605e-01 -1.566220561815690360e+00 1.000000000000000000e+00 1.000000000000000021e-08 -3.636104572062753837e-01 -1.922325933008721899e+00
-3.636104572062753837e-01 -1.922325933008721899e+00 2.000000000000000000e+00 1.000000000000000021e-08 -6.965164706460794664e-01 -3.329060134398040383e+00
-6.965164706460794664e-01 -3.329060134398040383e+00 0.000000000000000000e+00 1.000000000000000021e-08 -1.054997039143567239e+00 -3.584805684974877504e+00
-1.054997039143567239e+00 -3.584805684974877504e+00 0.000000000000000000e+00 1.000000000000000021e-08 -1.501948641179556176e+00 -4.469516020359888486e+00
-1.501948641179556176e+00 -4.469516020359888486e+00 1.000000000000000000e+00 9.999000000000000110e-01 -1.570796326794896558e+00 -5.000000000000000000e+00
-8.415259313866982338e-02 3.994223931674445449e-02 2.000000000000000000e+00 1.000000000000000021e-08 -1.948904942527847073e-01 -1.107379011141148784e+00
-1.948904942527847073e-01 -1.107379011141148784e+00 2.000000000000000000e+00 1.000000000000000021e-08 -4.355822730917271457e-01 -2.406917788389423940e+00
-4.355822730917271457e-01 -2.406917788389423940e+00 2.000000000000000000e+00 1.000000000000000021e-08 -8.062991348054029395e-01 -3.707168617136757049e+00
-8.062991348054029395e-01 -3.707168617136757049e+00 2.000000000000000000e+00 1.000000000000000021e-08 -1.343066486773333068e+00 -5.000000000000000000e+00
-1.343066486773333068e+00 -5.000000000000000000e+00 1.000000000000000000e+00 9.999000000000000110e-01 -1.570796326794896558e+00 -5.000000000000000000e+00
6.041096772962993577e-02 -2.162244372561419881e-03 2.000000000000000000e+00 1.000000000000000021e-08 -8.219100985219218725e-03 -6.863006871484914617e-01
-8.219100985219218725e-03 -6.863006871484914617e-01 1.000000000000000000e+00 1.000000000000000021e-08 -7.817548170455017320e-02 -6.995638071933094615e-01
-7.817548170455017320e-02 -6.995638071933094615e-01 0.000000000000000000e+00 1.000000000000000021e-08 -5.981583155319411538e-02 1.835965015135605505e-01
-5.981583155319411538e-02 1.835965015135605505e-01 2.000000000000000000e+00 1.000000000000000021e-08 -1.239979440932623828e-01 -6.418211254006827016e-01
-1.239979440932623828e-01 -6.418211254006827016e-01 0.000000000000000000e+00 1.000000000000000021e-08 -1.328029078385858097e-01 -8.804963745323424185e-02
-1.328029078385858097e-01 -8.804963745323424185e-02 0.000000000000000000e+00 1.000000000000000021e-08 -7.979620177056107044e-02 5.300670606802473372e-01
-7.979620177056107044e-02 5.300670606802473372e-01 2.000000000000000000e+00 1.000000000000000021e-08 -1.372376331944169248e-01 -5.744143142385584877e-01
-1.372376331944169248e-01 -5.744143142385584877e-01 1.000000000000000000e+00 1.000000000000000021e-08 -2.248691125038797534e-01 -8.763147930946282305e-01
-2.248691125038797534e-01 -8.763147930946282305e-01 1.000000000000000000e+00 1.000000000000000021e-08 -3.578444806821100554e-01 -1.329753681782302577e+00
-3.578444806821100554e-01 -1.329753681782302577e+00 1.000000000000000000e+00 1.000000000000000021e-08 -5.587026461331743299e-01 -2.008581654510642522e+00
-5.587026461331743299e-01 -2.008581654510642522e+00 2.000000000000000000e+00 1.000000000000000021e-08 -9.289797619966970732e-01 -3.702771158635227877e+00
-9.289797619966970732e-01 -3.702771158635227877e+00 1.000000000000000000e+00 1.000000000000000021e-08 -1.408757245874950881e+00 -4.797774838782538076e+00
-1.408757245874950881e+00 -4.797774838782538076e+00 2.000000000000000000e+00 9.999000000000000110e-01 -1.570796326794896558e+00 -5.000000000000000000e+00
-8.659681002483723966e-02 4.220937784375940194e-02 2.000000000000000000e+00 1.000000000000000021e-08 -1.980254387199780197e-01 -1.114286286951407856e+00
-1.980254387199780197e-01 -1.114286286951407856e+00 1.000000000000000000e+00 1.000000000000000021e-08 -3.552335498238985423e-01 -1.572081111039205226e+00
-3.552335498238985423e-01 -1.572081111039205226e+00 2.000000000000000000e+00 1.000000000000000021e-08 -6.540024826113013390e-01 -2.987689327874028411e+00
-6.540024826113013390e-01 -2.987689327874028411e+00 0.000000000000000000e+00 1.000000000000000021e-08 -9.853856460517831373e-01 -3.313831634404817983e+00
-9.853856460517831373e-01 -3.313831634404817983e+00 0.000000000000000000e+00 1.000000000000000021e-08 -1.394411689169106072e+00 -4.090260431173230238e+00
-1.394411689169106072e+00 -4.090260431173230238e+00 1.000000000000000000e+00 9.999000000000000110e-01 -1.570796326794896558e+00 -5.000000000000000000e+00
-1.525086609133872832e-02 7.790245355954823758e-02 0.000000000000000000e+00 1.000000000000000021e-08 9.525924686741882308e-02 1.105101129587575448e+00
9.525924686741882308e-02 1.105101129587575448e+00 1.000000000000000000e+00 1.000000000000000021e-08 2.266808432044174759e-01 1.314215963369986362e+00
2.266808432044174759e-01 1.314215963369986362e+00 2.000000000000000000e+00 1.000000000000000021e-08 3.124603317733032348e-01 8.577948856888578666e-01
3.124603317733032348e-01 8.577948856888578666e-01 2.000000000000000000e+00 1.000000000000000021e-08 3.533277597294292027e-01 4.086742795612593460e-01
3.533277597294292027e-01 4.086742795612593460e-01 1.000000000000000000e+00 1.000000000000000021e-08 4.594408678148445002e-01 1.061131080854152753e+00
4.594408678148445002e-01 1.061131080854152753e+00 1.000000000000000000e+00 1.000000000000000021e-08 6.346648778410672875e-01 1.752240100262227429e+00
6.346648778410672875e-01 1.752240100262227429e+00 2.000000000000000000e+00 1.000000000000000021e-08 8.269673601089591042e-01 1.923024822678918611e+00
8.269673601089591042e-01 1.923024822678918611e+00 2.000000000000000000e+00 1.000000000000000021e-08 1.076473457704221426e+00 2.495060975952623661e+00
1.076473457704221426e+00 2.495060975952623661e+00 2.000000000000000000e+00 1.000000000000000021e-08 1.420701562493065229e+00 3.442281047888436696e+00
1.420701562493065229e+00 3.442281047888436696e+00 0.000000000000000000e+00 9.999000000000000110e-01 1.570796326794896558e+00 4.983756675030748262e+00
7.713710779506410820e-02 -2.417752625205604744e-02 2.000000000000000000e+00 1.000000000000000021e-08 -1.165611533675402212e-02 -8.879322313181812198e-01
-1.165611533675402212e-02 -8.879322313181812198e-01 2.000000000000000000e+00 1.000000000000000021e-08 -1.851720229135845330e-01 -1.735159075768304859e+00
-1.851720229135845330e-01 -1.735159075768304859e+00 2.000000000000000000e+00 1.000000000000000021e-08 -4.607603925510685983e-01 -2.755883696374840319e+00
-4.607603925510685983e-01 -2.755883696374840319e+00 1.000000000000000000e+00 1.000000000000000021e-08 -8.024195037189767454e-01 -3.416591111679081916e+00
-8.024195037189767454e-01 -3.416591111679081916e+00 2.000000000000000000e+00 1.000000000000000021e-08 -1.299822932611601978e+00 -4.974034288926251435e+00
-1.299822932611601978e+00 -4.974034288926251435e+00 2.000000000000000000e+00 9.999000000000000110e-01 -1.570796326794896558e+00 -5.000000000000000000e+00
1.783081981313695830e-02 -7.419196771557999559e-02 2.000000000000000000e+00 1.000000000000000021e-08 -6.169336264329487729e-02 -7.952418245643182448e-01
-6.169336264329487729e-02 -7.952418245643182448e-01 0.000000000000000000e+00 1.000000000000000021e-08 -7.037321662893232521e-02 -8.679853985637442371e-02
-7.037321662893232521e-02 -8.679853985637442371e-02 2.000000000000000000e+00 1.000000000000000021e-08 -1.875099838613999426e-01 -1.171367672324675979e+00
-1.875099838613999426e-01 -1.171367672324675979e+00 0.000000000000000000e+00 1.000000000000000021e-08 -2.488518432597581764e-01 -6.134185939835823387e-01
-2.488518432597581764e-01 -6.134185939835823387e-01 0.000000000000000000e+00 1.000000000000000021e-08 -2.834492107619923651e-01 -3.459736750223421087e-01
-2.834492107619923651e-01 -3.459736750223421087e-01 1.000000000000000000e+00 1.000000000000000021e-08 -3.514658130682160042e-01 -6.801660230622365022e-01
-3.514658130682160042e-01 -6.801660230622365022e-01 0.000000000000000000e+00 1.000000000000000021e-08 -3.862838892631880738e-01 -3.481807619497206407e-01
-3.862838892631880738e-01 -3.481807619497206407e-01 0.000000000000000000e+00 1.000000000000000021e-08 -3.951624154520730348e-01 -8.878526188884977577e-02
-3.951624154520730348e-01 -8.878526188884977577e-02 0.000000000000000000e+00 1.000000000000000021e-08 -3.869324740374631699e-01 8.229941414609859285e-02
-3.869324740374631699e-01 8.229941414609859285e-02 1.000000000000000000e+00 1.000000000000000021e-08 -4.497543425982554188e-01 -6.282186856079223780e-01
-4.497543425982554188e-01 -6.282186856079223780e-01 1.000000000000000000e+00 1.000000000000000021e-08 -5.758648467264143589e-01 -1.261105041281588957e+00
-5.758648467264143589e-01 -1.261105041281588957e+00 2.000000000000000000e+00 1.000000000000000021e-08 -8.570511674587331097e-01 -2.811863207323187286e+00
-8.570511674587331097e-01 -2.811863207323187286e+00 2.000000000000000000e+00 1.000000000000000021e-08 -1.308673399484066691e+00 -4.516222320253335809e+00
-1.308673399484066691e+00 -4.516222320253335809e+00 0.000000000000000000e+00 9.999000000000000110e-01 -1.570796326794896558e+00 -5.000000000000000000e+00
1.846560079425744322e-02 1.755820387654000864e-02 0.000000000000000000e+00 1.000000000000000021e-08 9.767016678106646421e-02 7.920456598680900573e-01
9.767016678106646421e-02 7.920456598680900573e-01 1.000000000000000000e+00 1.000000000000000021e-08 1.921332539865855393e-01 9.446308720551908067e-01
1.921332539865855393e-01 9.446308720551908067e-01 0.000000000000000000e+00 1.000000000000000021e-08 3.881011183279661214e-01 1.959678643413805821e+00
3.881011183279661214e-01 1.959678643413805821e+00 0.000000000000000000e+00 1.000000000000000021e-08 7.333721973353899415e-01 3.452710790074238201e+00
7.333721973353899415e-01 3.452710790074238201e+00 0.000000000000000000e+00 1.000000000000000021e-08 1.229229020937170347e+00 4.958568236017804054e+00
1.229229020937170347e+00 4.958568236017804054e+00 2.000000000000000000e+00 9.999000000000000110e-01 1.570796326794896558e+00 5.000000000000000000e+00
-1.345704628591911679e-02 3.299054338165220701e-02 1.000000000000000000e+00 1.000000000000000021e-08 -3.049852778232926484e-03 1.040719350768618962e-01
-3.049852778232926484e-03 1.040719350768618962e-01 0.000000000000000000e+00 1.000000000000000021e-08 9.162522948011971036e-02 9.467508225835262747e-01
9.162522948011971036e-02 9.467508225835262747e-01 2.000000000000000000e+00 1.000000000000000021e-08 1.100052440016910937e-01 1.838001452157138615e-01
1.100052440016910937e-01 1.838001452157138615e-01 1.000000000000000000e+00 1.000000000000000021e-08 1.401326712565202359e-01 3.012742725482914219e-01
1.401326712565202359e-01 3.012742725482914219e-01 2.000000000000000000e+00 1.000000000000000021e-08 9.171488317055231931e-02 -4.841778808596791661e-01
9.171488317055231931e-02 -4.841778808596791661e-01 2.000000000000000000e+00 1.000000000000000021e-08 -3.422926363593981058e-02 -1.259441468064921299e+00
-3.422926363593981058e-02 -1.259441468064921299e+00 1.000000000000000000e+00 1.000000000000000021e-08 -1.647610834270004099e-01 -1.305318197910605882e+00
-1.647610834270004099e-01 -1.305318197910605882e+00 0.000000000000000000e+00 1.000000000000000021e-08 -2.453974812924685223e-01 -8.063639786546812349e-01
-2.453974812924685223e-01 -8.063639786546812349e-01 2.000000000000000000e+00 1.000000000000000021e-08 -4.540988668145202745e-01 -2.087013855220517744e+00
-4.540988668145202745e-01 -2.087013855220517744e+00 1.000000000000000000e+00 1.000000000000000021e-08 -7.292703546834991002e-01 -2.751714878689788701e+00
-7.292703546834991002e-01 -2.751714878689788701e+00 1.000000000000000000e+00 1.000000000000000021e-08 -1.115162974987901956e+00 -3.858926203044028114e+00
-1.115162974987901956e+00 -3.858926203044028114e+00 2.000000000000000000e+00 9.999000000000000110e-01 -1.570796326794896558e+00 -5.000000000000000000e+00
-1.834643690535181504e-02 6.633742315426800762e-02 0.000000000000000000e+00 1.000000000000000021e-08 6.291221488153003749e-02 8.125865178688185253e-01
6.291221488153003749e-02 8.125865178688185253e-01 2.000000000000000000e+00 1.000000000000000021e-08 5.264650413741472912e-02 -1.026571074411530837e-01
5.264650413741472912e-02 -1.026571074411530837e-01 0.000000000000000000e+00 1.000000000000000021e-08 1.531366156146045099e-01 1.004901114771897586e+00
1.531366156146045099e-01 1.004901114771897586e+00 1.000000000000000000e+00 1.000000000000000021e-08 2.957124673099119083e-01 1.425758516953073984e+00
2.957124673099119083e-01 1.425758516953073984e+00 2.000000000000000000e+00 1.000000000000000021e-08 4.135579194247842594e-01 1.178454521148723400e+00
4.135579194247842594e-01 1.178454521148723400e+00 0.000000000000000000e+00 1.000000000000000021e-08 6.676562217460455528e-01 2.540983023212612046e+00
6.676562217460455528e-01 2.540983023212612046e+00 2.000000000000000000e+00 1.000000000000000021e-08 9.394549532702003436e-01 2.717987315241547464e+00
9.394549532702003436e-01 2.717987315241547464e+00 2.000000000000000000e+00 1.000000000000000021e-08 1.278057616372305194e+00 3.386026631021048061e+00
1.278057616372305194e+00 3.386026631021048061e+00 2.000000000000000000e+00 9.999000000000000110e-01 1.570796326794896558e+00 4.514522586615561828e+00
-4.551060560888602058e-02 -4.100495128390992117e-02 1.000000000000000000e+00 1.000000000000000021e-08 -4.092755684585342585e-02 4.583048763032591955e-02
-4.092755684585342585e-02 4.583048763032591955e-02 0.000000000000000000e+00 1.000000000000000021e-08 5.459158827955112175e-02 9.551914512540454760e-01
5.459158827955112175e-02 9.551914512540454760e-01 0.000000000000000000e+00 1.000000000000000021e-08 2.570453177123757094e-01 2.024537294328245807e+00
2.570453177123757094e-01 2.024537294328245807e+00 0.000000000000000000e+00 1.000000000000000021e-08 5.868759124742648492e-01 3.298305947618891842e+00
5.868759124742648492e-01 3.298305947618891842e+00 2.000000000000000000e+00 1.000000000000000021e-08 9.232073744204484234e-01 3.363314619461835520e+00
9.232073744204484234e-01 3.363314619461835520e+00 1.000000000000000000e+00 1.000000000000000021e-08 1.368479974596479298e+00 4.452726001760309416e+00
1.368479974596479298e+00 4.452726001760309416e+00 1.000000000000000000e+00 9.999000000000000110e-01 1.570796326794896558e+00 5.000000000000000000e+00
6.330683435194842112e-03 -5.501431682239116966e-03 1.000000000000000000e+00 1.000000000000000021e-08 1.098334367523872736e-03 -5.232349067670968856e-02
1.098334367523872736e-03 -5.232349067670968856e-02 1.000000000000000000e+00 1.000000000000000021e-08 -1.182034833213280178e-02 -1.291868269965667504e-01
-1.182034833213280178e-02 -1.291868269965667504e-01 1.000000000000000000e+00 1.000000000000000021e-08 -3.517091432803477052e-02 -2.335056599590196735e-01
-3.517091432803477052e-02 -2.335056599590196735e-01 0.000000000000000000e+00 1.000000000000000021e-08 2.808152479340308288e-02 6.325243912143785341e-01
2.808152479340308288e-02 6.325243912143785341e-01 2.000000000000000000e+00 1.000000000000000021e-08 5.507667475293236137e-03 -2.257385731810984675e-01
5.507667475293236137e-03 -2.257385731810984675e-01 1.000000000000000000e+00 1.000000000000000021e-08 -1.739639625915361670e-02 -2.290406373444685284e-01
-1.739639625915361670e-02 -2.290406373444685284e-01 0.000000000000000000e+00 1.000000000000000021e-08 5.362482518334691500e-02 7.102122144250052616e-01
5.362482518334691500e-02 7.102122144250052616e-01 2.000000000000000000e+00 1.000000000000000021e-08 2.928475764858032987e-02 -2.434006753476658513e-01
2.928475764858032987e-02 -2.434006753476658513e-01 2.000000000000000000e+00 1.000000000000000021e-08 -7.320164704451651017e-02 -1.024864046930968220e+00
-7.320164704451651017e-02 -1.024864046930968220e+00 0.000000000000000000e+00 1.000000000000000021e-08 -1.099855457273225257e-01 -3.678389868280600439e-01
-1.099855457273225257e-01 -3.678389868280600439e-01 0.000000000000000000e+00 1.000000000000000021e-08 -9.245646537738512472e-02 1.752908034993739816e-01
-9.245646537738512472e-02 1.752908034993739816e-01 2.000000000000000000e+00 1.000000000000000021e-08 -1.718631630752712747e-01 -7.940669769788614163e-01
-1.718631630752712747e-01 -7.940669769788614163e-01 2.000000000000000000e+00 1.000000000000000021e-08 -3.609375662474136326e-01 -1.890744031721423468e+00
-3.609375662474136326e-01 -1.890744031721423468e+00 1.000000000000000000e+00 1.000000000000000021e-08 -6.081853969981996233e-01 -2.472478307507859796e+00
-6.081853969981996233e-01 -2.472478307507859796e+00 2.000000000000000000e+00 1.000000000000000021e-08 -1.014638596073666799e+00 -4.064531990754670865e+00
-1.014638596073666799e+00 -4.064531990754670865e+00 1.000000000000000000e+00 1.000000000000000021e-08 -1.541292700157472328e+00 -5.000000000000000000e+00
-1.541292700157472328e+00 -5.000000000000000000e+00 0.000000000000000000e+00 9.999000000000000110e-01 -1.570796326794896558e+00 -5.000000000000000000e+00
2.804933736389136206e-02 -3.301549081100377259e-03 2.000000000000000000e+00 1.000000000000000021e-08 -4.802312819125206106e-02 -7.607246555514342035e-01
-4.802312819125206106e-02 -7.607246555514342035e-01 0.000000000000000000e+00 1.000000000000000021e-08 -4.114573469307283154e-02 6.877393498179229514e-02
-4.114573469307283154e-02 6.877393498179229514e-02 1.000000000000000000e+00 1.000000000000000021e-08 -3.617528502884358871e-02 4.970449664229244224e-02
-3.617528502884358871e-02 4.970449664229244224e-02 1.000000000000000000e+00 1.000000000000000021e-08 -2.024732843447636307e-02 1.592795659436722355e-01
-2.024732843447636307e-02 1.592795659436722355e-01 0.000000000000000000e+00 1.000000000000000021e-08 6.866856152597905494e-02 8.891588996045541871e-01
6.866856152597905494e-02 8.891588996045541871e-01 2.000000000000000000e+00 1.000000000000000021e-08 6.403450844599377356e-02 -4.634053079985278600e-02
6.403450844599377356e-02 -4.634053079985278600e-02 1.000000000000000000e+00 1.000000000000000021e-08 5.318399543352884951e-02 -1.085051301246491989e-01
5.318399543352884951e-02 -1.085051301246491989e-01 0.000000000000000000e+00 1.000000000000000021e-08 1.483428905918371399e-01 9.515889515830829870e-01
1.483428905918371399e-01 9.515889515830829870e-01 1.000000000000000000e+00 1.000000000000000021e-08 2.717054815821541847e-01 1.233625909903170559e+00
2.717054815821541847e-01 1.233625909903170559e+00 0.000000000000000000e+00 1.000000000000000021e-08 5.104011812381376023e-01 2.386956996559834288e+00
5.104011812381376023e-01 2.386956996559834288e+00 0.000000000000000000e+00 1.000000000000000021e-08 9.115477630094979133e-01 4.011465817713602888e+00
9.115477630094979133e-01 4.011465817713602888e+00 1.000000000000000000e+00 1.000000000000000021e-08 1.418911944329186881e+00 5.000000000000000000e+00
1.418911944329186881e+00 5.000000000000000000e+00 0.000000000000000000e+00 9.999000000000000110e-01 1.570796326794896558e+00 5.000000000000000000e+00
-2.648124579442283355e-02 -7.254891673947019837e-02 2.000000000000000000e+00 1.000000000000000021e-08 -1.119434170482811741e-01 -8.546217125385833224e-01
-1.119434170482811741e-01 -8.546217125385833224e-01 0.000000000000000000e+00 1.000000000000000021e-08 -1.324045447312267310e-01 -2.046112768294555684e-01
-1.324045447312267310e-01 -2.046112768294555684e-01 2.000000000000000000e+00 1.000000000000000021e-08 -2.756166204251667140e-01 -1.432120756939399886e+00
-2.756166204251667140e-01 -1.432120756939399886e+00 2.000000000000000000e+00 1.000000000000000021e-08 -5.513547005771120002e-01 -2.757380801519452529e+00
-5.513547005771120002e-01 -2.757380801519452529e+00 0.000000000000000000e+00 1.000000000000000021e-08 -8.438751812615263859e-01 -2.925204806844142968e+00
-8.438751812615263859e-01 -2.925204806844142968e+00 1.000000000000000000e+00 1.000000000000000021e-08 -1.250884851958159460e+00 -4.070096706966330302e+00
-1.250884851958159460e+00 -4.070096706966330302e+00 2.000000000000000000e+00 9.999000000000000110e-01 -1.570796326794896558e+00 -5.000000000000000000e+00
1.560525108427369620e-02 -7.246762803281996124e-02 2.000000000000000000e+00 1.000000000000000021e-08 -7.984576942422470791e-02 -9.545102050849840758e-01
-7.984576942422470791e-02 -9.545102050849840758e-01 2.000000000000000000e+00 1.000000000000000021e-08 -2.612435692745783133e-01 -1.813977998503535805e+00
-2.612435692745783133e-01 -1.813977998503535805e+00 0.000000000000000000e+00 1.000000000000000021e-08 -3.928478424079505649e-01 -1.316042731333722404e+00
-3.928478424079505649e-01 -1.316042731333722404e+00 0.000000000000000000e+00 1.000000000000000021e-08 -5.104976100047623477e-01 -1.176497675968117607e+00
-5.104976100047623477e-01 -1.176497675968117607e+00 1.000000000000000000e+00 1.000000000000000021e-08 -7.144610737823777757e-01 -2.039634637776154502e+00
-7.144610737823777757e-01 -2.039634637776154502e+00 2.000000000000000000e+00 1.000000000000000021e-08 -1.076237990962150670e+00 -3.617769171797729388e+00
-1.076237990962150670e+00 -3.617769171797729388e+00 1.000000000000000000e+00 1.000000000000000021e-08 -1.564245881750139455e+00 -4.880078907879887851e+00
-1.564245881750139455e+00 -4.880078907879887851e+00 2.000000000000000000e+00 9.999000000000000110e-01 -1.570796326794896558e+00 -5.000000000000000000e+00
3.045113959394222386e-03 -1.918116490738017155e-03 0.000000000000000000e+00 1.000000000000000021e-08 7.691734177307027465e-02 7.387222781367605018e-01
7.691734177307027465e-02 7.387222781367605018e-01 1.000000000000000000e+00 1.000000000000000021e-08 1.536319869557165041e-01 7.671464518264621280e-01
1.536319869557165041e-01 7.671464518264621280e-01 2.000000000000000000e+00 1.000000000000000021e-08 1.711815255662609836e-01 1.754953861054447950e-01
1.711815255662609836e-01 1.754953861054447950e-01 1.000000000000000000e+00 1.000000000000000021e-08 2.012819686658871843e-01 3.010044309962620623e-01
2.012819686658871843e-01 3.010044309962620623e-01 0.000000000000000000e+00 1.000000000000000021e-08 3.426112175897200185e-01 1.413292489238328509e+00
3.426112175897200185e-01 1.413292489238328509e+00 2.000000000000000000e+00 1.000000000000000021e-08 4.558648873061132978e-01 1.132536697163932571e+00
4.558648873061132978e-01 1.132536697163932571e+00 0.000000000000000000e+00 1.000000000000000021e-08 7.151578046225732788e-01 2.592929173164600254e+00
7.151578046225732788e-01 2.592929173164600254e+00 1.000000000000000000e+00 1.000000000000000021e-08 1.065147844758051132e+00 3.499900401354779422e+00
1.065147844758051132e+00 3.499900401354779422e+00 1.000000000000000000e+00 1.000000000000000021e-08 1.540650370896206045e+00 4.755025261381548241e+00
1.540650370896206045e+00 4.755025261381548241e+00 2.000000000000000000e+00 9.999000000000000110e-01 1.570796326794896558e+00 5.000000000000000000e+00
7.602838029701555755e-02 1.539034095828355556e-02 2.000000000000000000e+00 1.000000000000000021e-08 1.944255554186294366e-02 -5.658582475515261390e-01
1.944255554186294366e-02 -5.658582475515261390e-01 0.000000000000000000e+00 1.000000000000000021e-08 6.403814777880606490e-02 4.459559223694311569e-01
6.403814777880606490e-02 4.459559223694311569e-01 2.000000000000000000e+00 1.000000000000000021e-08 4.481233725789482425e-02 -1.922581052091123510e-01
4.481233725789482425e-02 -1.922581052091123510e-01 1.000000000000000000e+00 1.000000000000000021e-08 4.847901469028334520e-02 3.666677432388520952e-02
4.847901469028334520e-02 3.666677432388520952e-02 0.000000000000000000e+00 1.000000000000000021e-08 1.418627916038537051e-01 9.338377691357035992e-01
1.418627916038537051e-01 9.338377691357035992e-01 2.000000000000000000e+00 1.000000000000000021e-08 1.688209687737258768e-01 2.695817716987217727e-01
1.688209687737258768e-01 2.695817716987217727e-01 1.000000000000000000e+00 1.000000000000000021e-08 2.206584321431837858e-01 5.183746336945790345e-01
2.206584321431837858e-01 5.183746336945790345e-01 2.000000000000000000e+00 1.000000000000000021e-08 2.267722119496671795e-01 6.113779806483399248e-02
2.267722119496671795e-01 6.113779806483399248e-02 0.000000000000000000e+00 1.000000000000000021e-08 3.693434494708910387e-01 1.425712375212238481e+00
3.693434494708910387e-01 1.425712375212238481e+00 0.000000000000000000e+00 1.000000000000000021e-08 6.679932774320966882e-01 2.986498279612056272e+00
6.679932774320966882e-01 2.986498279612056272e+00 2.000000000000000000e+00 1.000000000000000021e-08 9.918089870991582124e-01 3.238157096670614354e+00
9.918089870991582124e-01 3.238157096670614354e+00 2.000000000000000000e+00 1.000000000000000021e-08 1.389323968400584031e+00 3.975149813014258182e+00
1.389323968400584031e+00 3.975149813014258182e+00 0.000000000000000000e+00 9.999000000000000110e-01 1.570796326794896558e+00 5.000000000000000000e+00
3.604062663318429588e-02 5.345860491689941041e-02 0.000000000000000000e+00 1.000000000000000021e-08 1.378679448743898583e-01 1.018273182412055444e+00
1.378679448743898583e-01 1.018273182412055444e+00 0.000000000000000000e+00 1.000000000000000021e-08 3.548549415564317688e-01 2.169869966820419105e+00
3.548549415564317688e-01 2.169869966820419105e+00 2.000000000000000000e+00 1.000000000000000021e-08 5.344958114595859122e-01 1.796408699031541101e+00
5.344958114595859122e-01 1.796408699031541101e+00 2.000000000000000000e+00 1.000000000000000021e-08 7.370907593113715794e-01 2.025949478517857116e+00
7.370907593113715794e-01 2.025949478517857116e+00 0.000000000000000000e+00 1.000000000000000021e-08 1.106067252227857400e+00 3.689764929164857765e+00
1.106067252227857400e+00 3.689764929164857765e+00 2.000000000000000000e+00 1.000000000000000021e-08 1.562678212338481476e+00 4.566109601106239424e+00
1.562678212338481476e+00 4.566109601106239424e+00 1.000000000000000000e+00 9.999000000000000110e-01 1.570796326794896558e+00 5.000000000000000000e+00
7.706619294320411762e-02 7.134485605431160893e-02 0.000000000000000000e+00 1.000000000000000021e-08 1.906123716138402591e-01 1.135461786706361442e+00
1.906123716138402591e-01 1.135461786706361442e+00 1.000000000000000000e+00 1.000000000000000021e-08 3.381390418030628675e-01 1.475266701892226084e+00
3.381390418030628675e-01 1.475266701892226084e+00 0.000000000000000000e+00 1.000000000000000021e-08 6.376783907002271379e-01 2.995393488971642704e+00
6.376783907002271379e-01 2.995393488971642704e+00 0.000000000000000000e+00 1.000000000000000021e-08 1.086427868112952222e+00 4.487494774127251951e+00
1.086427868112952222e+00 4.487494774127251951e+00 2.000000000000000000e+00 9.999000000000000110e-01 1.570796326794896558e+00 5.000000000000000000e+00
6.357622452050551431e-02 8.059878220987400088e-02 2.000000000000000000e+00 1.000000000000000021e-08 -2.262680932677993417e-02 -8.620303384728543739e-01
-2.262680932677993417e-02 -8.620303384728543739e-01 0.000000000000000000e+00 1.000000000000000021e-08 -1.017670187135458204e-02 1.245010745542535213e-01
-1.017670187135458204e-02 1.245010745542535213e-01 2.000000000000000000e+00 1.000000000000000021e-08 -1.041350530789761086e-01 -9.395835120762151549e-01
-1.041350530789761086e-01 -9.395835120762151549e-01 2.000000000000000000e+00 1.000000000000000021e-08 -2.911526035241752686e-01 -1.870175504451991433e+00
-2.911526035241752686e-01 -1.870175504451991433e+00 2.000000000000000000e+00 1.000000000000000021e-08 -6.169315295733788229e-01 -3.257789260492035766e+00
-6.169315295733788229e-01 -3.257789260492035766e+00 1.000000000000000000e+00 1.000000000000000021e-08 -1.020877028731442149e+00 -4.039454991580633703e+00
-1.020877028731442149e+00 -4.039454991580633703e+00 1.000000000000000000e+00 1.000000000000000021e-08 -1.551150307916603133e+00 -5.000000000000000000e+00
-1.551150307916603133e+00 -5.000000000000000000e+00 0.000000000000000000e+00 9.999000000000000110e-01 -1.570796326794896558e+00 -5.000000000000000000e+00
-3.266779253493005269e-02 -3.817901118299354274e-02 0.000000000000000000e+00 1.000000000000000021e-08 5.569094919313070241e-02 8.835874172806075233e-01
5.569094919313070241e-02 8.835874172806075233e-01 2.000000000000000000e+00 1.000000000000000021e-08 6.424523697785641807e-02 8.554287784725711496e-02
6.424523697785641807e-02 8.554287784725711496e-02 1.000000000000000000e+00 1.000000000000000021e-08 9.632880540431046357e-02 3.208356842645403439e-01
9.632880540431046357e-02 3.208356842645403439e-01 1.000000000000000000e+00 1.000000000000000021e-08 1.306170964630247178e-01 3.428829105871424310e-01
1.306170964630247178e-01 3.428829105871424310e-01 2.000000000000000000e+00 1.000000000000000021e-08 1.122603303076939452e-01 -1.835676615533077816e-01
1.122603303076939452e-01 -1.835676615533077816e-01 2.000000000000000000e+00 1.000000000000000021e-08 3.524849063363957868e-02 -7.701183967405436093e-01
3.524849063363957868e-02 -7.701183967405436093e-01 0.000000000000000000e+00 1.000000000000000021e-08 6.578472194744795776e-02 3.053623131380838185e-01
6.578472194744795776e-02 3.053623131380838185e-01 0.000000000000000000e+00 1.000000000000000021e-08 2.091960152394676808e-01 1.434112932920196926e+00
2.091960152394676808e-01 1.434112932920196926e+00 1.000000000000000000e+00 1.000000000000000021e-08 3.957178445907524322e-01 1.865218293512847625e+00
3.957178445907524322e-01 1.865218293512847625e+00 0.000000000000000000e+00 1.000000000000000021e-08 7.379398152906367914e-01 3.422219706998843591e+00
7.379398152906367914e-01 3.422219706998843591e+00 1.000000000000000000e+00 1.000000000000000021e-08 1.173402263367186560e+00 4.354624480765496131e+00
1.173402263367186560e+00 4.354624480765496131e+00 1.000000000000000000e+00 9.999000000000000110e-01 1.570796326794896558e+00 5.000000000000000000e+00
5.069335362741528989e-02 2.160827661144016851e-02 0.000000000000000000e+00 1.000000000000000021e-08 1.556728768876716740e-01 1.049795232602563688e+00
1.556728768876716740e-01 1.049795232602563688e+00 1.000000000000000000e+00 1.000000000000000021e-08 2.776146576175124170e-01 1.219417807298407208e+00
2.776146576175124170e-01 1.219417807298407208e+00 0.000000000000000000e+00 1.000000000000000021e-08 5.266129581682049698e-01 2.489983005506925640e+00
5.266129581682049698e-01 2.489983005506925640e+00 1.000000000000000000e+00 1.000000000000000021e-08 8.463833050412694625e-01 3.197703468730644705e+00
8.463833050412694625e-01 3.197703468730644705e+00 1.000000000000000000e+00 1.000000000000000021e-08 1.281744303706300547e+00 4.353609986650311292e+00
1.281744303706300547e+00 4.353609986650311292e+00 0.000000000000000000e+00 9.999000000000000110e-01 1.570796326794896558e+00 5.000000000000000000e+00
-2.111242921480065843e-02 -6.994374566595268350e-02 0.000000000000000000e+00 1.000000000000000021e-08 4.796661645650645428e-02 6.907904567130711548e-01
4.796661645650645428e-02 6.907904567130711548e-01 0.000000000000000000e+00 1.000000000000000021e-08 2.016144218119040044e-01 1.536478053553975265e+00
2.016144218119040044e-01 1.536478053553975265e+00 2.000000000000000000e+00 1.000000000000000021e-08 3.131898490749389086e-01 1.115754272630349098e+00
3.131898490749389086e-01 1.115754272630349098e+00 1.000000000000000000e+00 1.000000000000000021e-08 4.605049845622399829e-01 1.473151354873010410e+00
4.605049845622399829e-01 1.473151354873010410e+00 2.000000000000000000e+00 1.000000000000000021e-08 6.106034034348061246e-01 1.500984188725660973e+00
6.106034034348061246e-01 1.500984188725660973e+00 1.000000000000000000e+00 1.000000000000000021e-08 8.500499924921013362e-01 2.394465890572952116e+00
8.500499924921013362e-01 2.394465890572952116e+00 2.000000000000000000e+00 1.000000000000000021e-08 1.147913787877263836e+00 2.978637953851625664e+00
1.147913787877263836e+00 2.978637953851625664e+00 0.000000000000000000e+00 9.999000000000000110e-01 1.570796326794896558e+00 4.618996939084411224e+00
4.203805924459201593e-02 2.400351071482433041e-02 2.000000000000000000e+00 1.000000000000000021e-08 -4.631185285882852276e-02 -8.834991210342053591e-01
-4.631185285882852276e-02 -8.834991210342053591e-01 0.000000000000000000e+00 1.000000000000000021e-08 -6.812661538588019039e-02 -2.181476252705166763e-01
-6.812661538588019039e-02 -2.181476252705166763e-01 2.000000000000000000e+00 1.000000000000000021e-08 -2.039202579444521490e-01 -1.357936425585719586e+00
-2.039202579444521490e-01 -1.357936425585719586e+00 1.000000000000000000e+00 1.000000000000000021e-08 -3.801908003003662273e-01 -1.762705423559141060e+00
-3.801908003003662273e-01 -1.762705423559141060e+00 0.000000000000000000e+00 1.000000000000000021e-08 -5.405069502037318507e-01 -1.603161499033656234e+00
-5.405069502037318507e-01 -1.603161499033656234e+00 1.000000000000000000e+00 1.000000000000000021e-08 -7.880446602410509094e-01 -2.475377100373191031e+00
-7.880446602410509094e-01 -2.475377100373191031e+00 1.000000000000000000e+00 1.000000000000000021e-08 -1.139862265332391100e+00 -3.518176050913400577e+00
-1.139862265332391100e+00 -3.518176050913400577e+00 1.000000000000000000e+00 9.999000000000000110e-01 -1.570796326794896558e+00 -4.763042048010605711e+00
-7.723325144533671471e-02 6.718565154931945005e-02 0.000000000000000000e+00 1.000000000000000021e-08 -8.333160925890412130e-03 6.890009051944629981e-01
-8.333160925890412130e-03 6.890009051944629981e-01 1.000000000000000000e+00 1.000000000000000021e-08 4.728985392181184882e-02 5.562301484770225679e-01
4.728985392181184882e-02 5.562301484770225679e-01 2.000000000000000000e+00 1.000000000000000021e-08 8.694180268935654265e-03 -3.859567365287619456e-01
8.694180268935654265e-03 -3.859567365287619456e-01 2.000000000000000000e+00 1.000000000000000021e-08 -1.312949725040548909e-01 -1.399891527729905327e+00
-1.312949725040548909e-01 -1.399891527729905327e+00 1.000000000000000000e+00 1.000000000000000021e-08 -2.948450367420774043e-01 -1.635500642380224967e+00
-2.948450367420774043e-01 -1.635500642380224967e+00 1.000000000000000000e+00 1.000000000000000021e-08 -4.970762238336683403e-01 -2.022311870915908916e+00
-4.970762238336683403e-01 -2.022311870915908916e+00 0.000000000000000000e+00 1.000000000000000021e-08 -6.907209600961823348e-01 -1.936447362625139501e+00
-6.907209600961823348e-01 -1.936447362625139501e+00 1.000000000000000000e+00 1.000000000000000021e-08 -9.904197788139228464e-01 -2.996988187177404672e+00
-9.904197788139228464e-01 -2.996988187177404672e+00 0.000000000000000000e+00 1.000000000000000021e-08 -1.373549335711885755e+00 -3.831295568979628641e+00
-1.373549335711885755e+00 -3.831295568979628641e+00 0.000000000000000000e+00 9.999000000000000110e-01 -1.570796326794896558e+00 -5.000000000000000000e+00
-8.123687708996801815e-02 2.202306207572328478e-02 0.000000000000000000e+00 1.000000000000000021e-08 2.940554206187731556e-03 8.417743129615574693e-01
2.940554206187731556e-03 8.417743129615574693e-01 0.000000000000000000e+00 1.000000000000000021e-08 1.627075684376974030e-01 1.597670142315096520e+00
1.627075684376974030e-01 1.597670142315096520e+00 1.000000000000000000e+00 1.000000000000000021e-08 3.500627723510152389e-01 1.873552039133178138e+00
3.500627723510152389e-01 1.873552039133178138e+00 2.000000000000000000e+00 1.000000000000000021e-08 5.014716585016090189e-01 1.514088861505937800e+00
5.014716585016090189e-01 1.514088861505937800e+00 2.000000000000000000e+00 1.000000000000000021e-08 6.534284586449438104e-01 1.519568001433348137e+00
6.534284586449438104e-01 1.519568001433348137e+00 2.000000000000000000e+00 1.000000000000000021e-08 8.320271811397993433e-01 1.785987224948554886e+00
8.320271811397993433e-01 1.785987224948554886e+00 1.000000000000000000e+00 1.000000000000000021e-08 1.117265512390545723e+00 2.852383312507464908e+00
1.117265512390545723e+00 2.852383312507464908e+00 1.000000000000000000e+00 1.000000000000000021e-08 1.537276203885095116e+00 4.200106914945494374e+00
1.537276203885095116e+00 4.200106914945494374e+00 1.000000000000000000e+00 9.999000000000000110e-01 1.570796326794896558e+00 5.000000000000000000e+00
9.550808290708697607e-03 -2.891209759662474732e-02 1.000000000000000000e+00 1.000000000000000021e-08 4.256962366108394021e-03 -5.293845924600303066e-02
4.256962366108394021e-03 -5.293845924600303066e-02 0.000000000000000000e+00 1.000000000000000021e-08 1.048449378161955825e-01 1.005879754500871748e+00
1.048449378161955825e-01 1.005879754500871748e+00 2.000000000000000000e+00 1.000000000000000021e-08 1.455840283355532838e-01 4.073909051935769021e-01
1.455840283355532838e-01 4.073909051935769021e-01 2.000000000000000000e+00 1.000000000000000021e-08 1.394130565223909990e-01 -6.170971813162290376e-02
1.394130565223909990e-01 -6.170971813162290376e-02 1.000000000000000000e+00 1.000000000000000021e-08 1.412439623203044503e-01 1.830905797913437438e-02
1.412439623203044503e-01 1.830905797913437438e-02 2.000000000000000000e+00 1.000000000000000021e-08 8.430571911664849760e-02 -5.693824320365595826e-01
8.430571911664849760e-02 -5.693824320365595826e-01 0.000000000000000000e+00 1.000000000000000021e-08 1.466939868539685055e-01 6.238826773732001341e-01
1.466939868539685055e-01 6.238826773732001341e-01 1.000000000000000000e+00 1.000000000000000021e-08 2.276688176050742918e-01 8.097483075110578632e-01
2.276688176050742918e-01 8.097483075110578632e-01 2.000000000000000000e+00 1.000000000000000021e-08 2.534341161798950304e-01 2.576529857482072750e-01
2.534341161798950304e-01 2.576529857482072750e-01 2.000000000000000000e+00 1.000000000000000021e-08 2.543574586605065746e-01 9.233424806115525518e-03
2.543574586605065746e-01 9.233424806115525518e-03 1.000000000000000000e+00 1.000000000000000021e-08 2.868590466107831527e-01 3.250158795027660030e-01
2.868590466107831527e-01 3.250158795027660030e-01 0.000000000000000000e+00 1.000000000000000021e-08 4.633038659951280169e-01 1.764448193843448420e+00
4.633038659951280169e-01 1.764448193843448420e+00 0.000000000000000000e+00 1.000000000000000021e-08 7.733254250933998541e-01 3.100215590982718261e+00
7.733254250933998541e-01 3.100215590982718261e+00 0.000000000000000000e+00 1.000000000000000021e-08 1.237453176326127169e+00 4.641277512327272703e+00
1.237453176326127169e+00 4.641277512327272703e+00 2.000000000000000000e+00 9.999000000000000110e-01 1.570796326794896558e+00 5.000000000000000000e+00
-3.773585731063766602e-02 -4.342568108764967294e-02 0.000000000000000000e+00 1.000000000000000021e-08 4.844998182294089906e-02 8.618583913357855675e-01
4.844998182294089906e-02 8.618583913357855675e-01 1.000000000000000000e+00 1.000000000000000021e-08 1.595768745095740848e-01 1.111268926866331608e+00
1.595768745095740848e-01 1.111268926866331608e+00 0.000000000000000000e+00 1.000000000000000021e-08 3.741739993917967966e-01 2.145971248822227118e+00
3.741739993917967966e-01 2.145971248822227118e+00 2.000000000000000000e+00 1.000000000000000021e-08 5.626250663855119072e-01 1.884510669937151661e+00
5.626250663855119072e-01 1.884510669937151661e+00 2.000000000000000000e+00 1.000000000000000021e-08 7.637197126647407019e-01 2.010946462792287726e+00
7.637197126647407019e-01 2.010946462792287726e+00 0.000000000000000000e+00 1.000000000000000021e-08 1.122176194694073370e+00 3.584564820293326015e+00
1.122176194694073370e+00 3.584564820293326015e+00 2.000000000000000000e+00 9.999000000000000110e-01 1.570796326794896558e+00 4.569783062511566740e+00
7.357208968442016661e-02 3.217626757789915359e-03 2.000000000000000000e+00 1.000000000000000021e-08 8.427686898977590491e-03 -6.514440278544257890e-01
8.427686898977590491e-03 -6.514440278544257890e-01 0.000000000000000000e+00 1.000000000000000021e-08 2.140695541779815553e-02 1.297926851882056365e-01
2.140695541779815553e-02 1.297926851882056365e-01 1.000000000000000000e+00 1.000000000000000021e-08 3.713485823531739727e-02 1.572790281751924590e-01
3.713485823531739727e-02 1.572790281751924590e-01 1.000000000000000000e+00 1.000000000000000021e-08 6.075561472488179293e-02 2.362075648956439844e-01
6.075561472488179293e-02 2.362075648956439844e-01 0.000000000000000000e+00 1.000000000000000021e-08 1.956148081838699482e-01 1.348591934589881358e+00
1.956148081838699482e-01 1.348591934589881358e+00 0.000000000000000000e+00 1.000000000000000021e-08 4.446784015106761689e-01 2.490635933268062097e+00
4.446784015106761689e-01 2.490635933268062097e+00 0.000000000000000000e+00 1.000000000000000021e-08 8.355617292519672556e-01 3.908833277412910867e+00
8.355617292519672556e-01 3.908833277412910867e+00 0.000000000000000000e+00 1.000000000000000021e-08 1.378892021505247811e+00 5.000000000000000000e+00
1.378892021505247811e+00 5.000000000000000000e+00 0.000000000000000000e+00 9.999000000000000110e-01 1.570796326794896558e+00 5.000000000000000000e+00
-6.332465719420617145e-02 6.366271500954354123e-02 2.000000000000000000e+00 1.000000000000000021e-08 -1.478234870229694353e-01 -8.449882982876326665e-01
-1.478234870229694353e-01 -8.449882982876326665e-01 2.000000000000000000e+00 1.000000000000000021e-08 -3.297804716541425929e-01 -1.819569846311731798e+00
-3.297804716541425929e-01 -1.819569846311731798e+00 0.000000000000000000e+00 1.000000000000000021e-08 -4.829827301971467146e-01 -1.532022585430041106e+00
-4.829827301971467146e-01 -1.532022585430041106e+00 0.000000000000000000e+00 1.000000000000000021e-08 -6.332242777572434367e-01 -1.502415475600966888e+00
-6.332242777572434367e-01 -1.502415475600966888e+00 2.000000000000000000e+00 1.000000000000000021e-08 -9.491609278448136511e-01 -3.159366500875702144e+00
-9.491609278448136511e-01 -3.159366500875702144e+00 2.000000000000000000e+00 1.000000000000000021e-08 -1.436590357058240341e+00 -4.874294292134266016e+00
-1.436590357058240341e+00 -4.874294292134266016e+00 0.000000000000000000e+00 9.999000000000000110e-01 -1.570796326794896558e+00 -5.000000000000000000e+00
-3.128166421239989697e-02 -7.944064540312181094e-03 1.000000000000000000e+00 1.000000000000000021e-08 -4.430831823467112213e-02 -1.302665402227122515e-01
-4.430831823467112213e-02 -1.302665402227122515e-01 2.000000000000000000e+00 1.000000000000000021e-08 -1.615475249766836763e-01 -1.172392067420125361e+00
-1.615475249766836763e-01 -1.172392067420125361e+00 0.000000000000000000e+00 1.000000000000000021e-08 -2.224772582134132981e-01 -6.092973323672963293e-01
-2.224772582134132981e-01 -6.092973323672963293e-01 1.000000000000000000e+00 1.000000000000000021e-08 -3.059402774572191341e-01 -8.346301924380581383e-01
-3.059402774572191341e-01 -8.346301924380581383e-01 1.000000000000000000e+00 1.000000000000000021e-08 -4.353095539254460133e-01 -1.293692764682269125e+00
-4.353095539254460133e-01 -1.293692764682269125e+00 0.000000000000000000e+00 1.000000000000000021e-08 -5.718702346423893967e-01 -1.365606807169433834e+00
-5.718702346423893967e-01 -1.365606807169433834e+00 1.000000000000000000e+00 1.000000000000000021e-08 -8.060678599290992397e-01 -2.341976252867098207e+00
-8.060678599290992397e-01 -2.341976252867098207e+00 2.000000000000000000e+00 1.000000000000000021e-08 -1.196859688676706002e+00 -3.907918287476067842e+00
-1.196859688676706002e+00 -3.907918287476067842e+00 0.000000000000000000e+00 9.999000000000000110e-01 -1.570796326794896558e+00 -4.892252728014583774e+00
-2.468819403721235831e-02 5.975597836185654599e-02 2.000000000000000000e+00 1.000000000000000021e-08 -1.216329144664544254e-01 -9.694472042924205946e-01
-1.216329144664544254e-01 -9.694472042924205946e-01 0.000000000000000000e+00 1.000000000000000021e-08 -1.506727340885427868e-01 -2.903981962208835865e-01
-1.506727340885427868e-01 -2.903981962208835865e-01 1.000000000000000000e+00 1.000000000000000021e-08 -1.984716341317852295e-01 -4.779890004324243713e-01
-1.984716341317852295e-01 -4.779890004324243713e-01 2.000000000000000000e+00 1.000000000000000021e-08 -3.742192681250337549e-01 -1.757476339932485088e+00
-3.742192681250337549e-01 -1.757476339932485088e+00 2.000000000000000000e+00 1.000000000000000021e-08 -6.745213190055473484e-01 -3.003020508805135602e+00
-6.745213190055473484e-01 -3.003020508805135602e+00 1.000000000000000000e+00 1.000000000000000021e-08 -1.057071795700560868e+00 -3.825504766950134528e+00
-1.057071795700560868e+00 -3.825504766950134528e+00 1.000000000000000000e+00 1.000000000000000021e-08 -1.559373927948447314e+00 -5.000000000000000000e+00
-1.559373927948447314e+00 -5.000000000000000000e+00 0.000000000000000000e+00 9.999000000000000110e-01 -1.570796326794896558e+00 -5.000000000000000000e+00
4.734310309998854965e-02 1.038138030845608267e-02 2.000000000000000000e+00 1.000000000000000021e-08 -2.820773421493943250e-02 -7.555083731492797661e-01
-2.820773421493943250e-02 -7.555083731492797661e-01 1.000000000000000000e+00 1.000000000000000021e-08 -1.038619398690519280e-01 -7.565420565411249409e-01
-1.038619398690519280e-01 -7.565420565411249409e-01 0.000000000000000000e+00 1.000000000000000021e-08 -9.723429191575450048e-02 6.627647953297433059e-02
-9.723429191575450048e-02 6.627647953297433059e-02 0.000000000000000000e+00 1.000000000000000021e-08 -2.281524512012934880e-02 7.441904679562515446e-01
-2.281524512012934880e-02 7.441904679562515446e-01 2.000000000000000000e+00 1.000000000000000021e-08 -5.761251726653050104e-02 -3.479727214640114807e-01
-5.761251726653050104e-02 -3.479727214640114807e-01 0.000000000000000000e+00 1.000000000000000021e-08 -2.508484300265954869e-02 3.252767426387095373e-01
-2.508484300265954869e-02 3.252767426387095373e-01 1.000000000000000000e+00 1.000000000000000021e-08 7.331585657862932370e-03 3.241642866052247829e-01
7.331585657862932370e-03 3.241642866052247829e-01 1.000000000000000000e+00 1.000000000000000021e-08 4.914534069495479079e-02 4.181375503709185426e-01
4.914534069495479079e-02 4.181375503709185426e-01 2.000000000000000000e+00 1.000000000000000021e-08 2.753683082759620163e-02 -2.160850986735858847e-01
2.753683082759620163e-02 -2.160850986735858847e-01 1.000000000000000000e+00 1.000000000000000021e-08 2.588740283704412878e-02 -1.649427990552074230e-02
2.588740283704412878e-02 -1.649427990552074230e-02 1.000000000000000000e+00 1.000000000000000021e-08 3.725178446863930404e-02 1.136438163159517456e-01
3.725178446863930404e-02 1.136438163159517456e-01 0.000000000000000000e+00 1.000000000000000021e-08 1.386433024459228780e-01 1.013915179772835851e+00
1.386433024459228780e-01 1.013915179772835851e+00 1.000000000000000000e+00 1.000000000000000021e-08 2.748469714903925554e-01 1.362036690444696774e+00
2.748469714903925554e-01 1.362036690444696774e+00 2.000000000000000000e+00 1.000000000000000021e-08 3.593750921836785794e-01 8.452812069328599076e-01
3.593750921836785794e-01 8.452812069328599076e-01 1.000000000000000000e+00 1.000000000000000021e-08 4.951325646369347799e-01 1.357574724532561561e+00
4.951325646369347799e-01 1.357574724532561561e+00 2.000000000000000000e+00 1.000000000000000021e-08 6.200364943392089323e-01 1.249039297022740858e+00
6.200364943392089323e-01 1.249039297022740858e+00 2.000000000000000000e+00 1.000000000000000021e-08 7.640969558790158267e-01 1.440604615398068500e+00
7.640969558790158267e-01 1.440604615398068500e+00 1.000000000000000000e+00 1.000000000000000021e-08 1.010412134138581441e+00 2.463151782595656591e+00
1.010412134138581441e+00 2.463151782595656591e+00 2.000000000000000000e+00 1.000000000000000021e-08 1.337988258052192236e+00 3.275761239136107061e+00
1.337988258052192236e+00 3.275761239136107061e+00 2.000000000000000000e+00 9.999000000000000110e-01 1.570796326794896558e+00 4.477060040026785259e+00
-7.545661377149617821e-02 -6.500485815722609195e-02 2.000000000000000000e+00 1.000000000000000021e-08 -1.806510026804919455e-01 -1.051943889089957507e+00
