8.457926847550505112e-02 6.758955112973932811e-02 1.000000000000000000e+00 1.000000000000000021e-08 8.916903249747164251e-02 4.589764021966596941e-02
8.916903249747164251e-02 4.589764021966596941e-02 1.000000000000000000e+00 1.000000000000000021e-08 1.113556434308188986e-01 2.218661093334725332e-01
1.113556434308188986e-01 2.218661093334725332e-01 0.000000000000000000e+00 1.000000000000000021e-08 2.239489826943862338e-01 1.125933392635673158e+00
2.239489826943862338e-01 1.125933392635673158e+00 2.000000000000000000e+00 1.000000000000000021e-08 2.962679938080213793e-01 7.231901111363516765e-01
2.962679938080213793e-01 7.231901111363516765e-01 2.000000000000000000e+00 1.000000000000000021e-08 3.395784190271826097e-01 4.331042521916123045e-01
3.395784190271826097e-01 4.331042521916123045e-01 1.000000000000000000e+00 1.000000000000000021e-08 4.337291435251283689e-01 9.415072449794573695e-01
4.337291435251283689e-01 9.415072449794573695e-01 1.000000000000000000e+00 1.000000000000000021e-08 6.033114778215280527e-01 1.695823342963996172e+00
6.033114778215280527e-01 1.695823342963996172e+00 0.000000000000000000e+00 1.000000000000000021e-08 9.222660561293135606e-01 3.189545783077854857e+00
9.222660561293135606e-01 3.189545783077854857e+00 1.000000000000000000e+00 1.000000000000000021e-08 1.361107635554718698e+00 4.388415794254051150e+00
1.361107635554718698e+00 4.388415794254051150e+00 1.000000000000000000e+00 9.999000000000000110e-01 1.570796326794896558e+00 5.000000000000000000e+00
2.066767587907575657e-02 -4.520976018721231671e-02 1.000000000000000000e+00 1.000000000000000021e-08 2.291524191466603674e-02 2.247566035590278788e-02
2.291524191466603674e-02 2.247566035590278788e-02 0.000000000000000000e+00 1.000000000000000021e-08 1.073326147534278685e-01 8.441737283876182829e-01
1.073326147534278685e-01 8.441737283876182829e-01 2.000000000000000000e+00 1.000000000000000021e-08 1.323928238668848345e-01 2.506020911345695490e-01
1.323928238668848345e-01 2.506020911345695490e-01 2.000000000000000000e+00 1.000000000000000021e-08 1.043708600558424654e-01 -2.802196381104237188e-01
1.043708600558424654e-01 -2.802196381104237188e-01 1.000000000000000000e+00 1.000000000000000021e-08 1.001765387764466941e-01 -4.194321279395776814e-02
1.001765387764466941e-01 -4.194321279395776814e-02 1.000000000000000000e+00 1.000000000000000021e-08 1.113981962045987595e-01 1.122165742815206813e-01
1.113981962045987595e-01 1.122165742815206813e-01 1.000000000000000000e+00 1.000000000000000021e-08 1.369856285935166507e-01 2.558743238891789118e-01
1.369856285935166507e-01 2.558743238891789118e-01 2.000000000000000000e+00 1.000000000000000021e-08 1.086582458419907277e-01 -2.832738275152592577e-01
1.086582458419907277e-01 -2.832738275152592577e-01 2.000000000000000000e+00 1.000000000000000021e-08 2.067725022365567156e-02 -8.798099561833505611e-01
2.067725022365567156e-02 -8.798099561833505611e-01 2.000000000000000000e+00 1.000000000000000021e-08 -1.387825350695676696e-01 -1.594597852932233550e+00
-1.387825350695676696e-01 -1.594597852932233550e+00 1.000000000000000000e+00 1.000000000000000021e-08 -3.131965496723299047e-01 -1.744140146027622018e+00
-3.131965496723299047e-01 -1.744140146027622018e+00 0.000000000000000000e+00 1.000000000000000021e-08 -4.566623883044521048e-01 -1.434658386321221890e+00
-4.566623883044521048e-01 -1.434658386321221890e+00 2.000000000000000000e+00 1.000000000000000021e-08 -7.436305778761085339e-01 -2.869681895716563957e+00
-7.436305778761085339e-01 -2.869681895716563957e+00 2.000000000000000000e+00 1.000000000000000021e-08 -1.195736022933841181e+00 -4.521054450577325134e+00
-1.195736022933841181e+00 -4.521054450577325134e+00 0.000000000000000000e+00 9.999000000000000110e-01 -1.570796326794896558e+00 -5.000000000000000000e+00
5.560495197345352580e-02 -3.662935577434563161e-02 2.000000000000000000e+00 1.000000000000000021e-08 -3.067702325474082337e-02 -8.628197522819434084e-01
-3.067702325474082337e-02 -8.628197522819434084e-01 1.000000000000000000e+00 1.000000000000000021e-08 -1.288515180295729534e-01 -9.817449477483213283e-01
-1.288515180295729534e-01 -9.817449477483213283e-01 1.000000000000000000e+00 1.000000000000000021e-08 -2.451552364797729144e-01 -1.163037184501999555e+00
-2.451552364797729144e-01 -1.163037184501999555e+00 0.000000000000000000e+00 1.000000000000000021e-08 -3.159075480721036944e-01 -7.075231159233077438e-01
-3.159075480721036944e-01 -7.075231159233077438e-01 0.000000000000000000e+00 1.000000000000000021e-08 -3.434170770409319950e-01 -2.750952896882832288e-01
-3.434170770409319950e-01 -2.750952896882832288e-01 0.000000000000000000e+00 1.000000000000000021e-08 -3.582796726972641288e-01 -1.486259565633215873e-01
-3.582796726972641288e-01 -1.486259565633215873e-01 0.000000000000000000e+00 1.000000000000000021e-08 -3.412237360318117196e-01 1.705593666545242859e-01
-3.412237360318117196e-01 1.705593666545242859e-01 1.000000000000000000e+00 1.000000000000000021e-08 -3.968329651964549454e-01 -5.560922916464319243e-01
-3.968329651964549454e-01 -5.560922916464319243e-01 1.000000000000000000e+00 1.000000000000000021e-08 -5.257235563908592146e-01 -1.288905911944042693e+00
-5.257235563908592146e-01 -1.288905911944042693e+00 2.000000000000000000e+00 1.000000000000000021e-08 -8.117190270481264847e-01 -2.859954706572672034e+00
-8.117190270481264847e-01 -2.859954706572672034e+00 2.000000000000000000e+00 1.000000000000000021e-08 -1.267621790304781504e+00 -4.559027632566550636e+00
-1.267621790304781504e+00 -4.559027632566550636e+00 0.000000000000000000e+00 9.999000000000000110e-01 -1.570796326794896558e+00 -5.000000000000000000e+00
-5.648087383460752287e-03 -7.833416217525639158e-02 1.000000000000000000e+00 1.000000000000000021e-08 -1.278470815231666849e-02 -7.136620768855916896e-02
-1.278470815231666849e-02 -7.136620768855916896e-02 0.000000000000000000e+00 1.000000000000000021e-08 6.784430375945718628e-02 8.062901191177384019e-01
6.784430375945718628e-02 8.062901191177384019e-01 1.000000000000000000e+00 1.000000000000000021e-08 1.757105620008204694e-01 1.078662582413632665e+00
1.757105620008204694e-01 1.078662582413632665e+00 2.000000000000000000e+00 1.000000000000000021e-08 2.179548340203011081e-01 4.224427201948064425e-01
2.179548340203011081e-01 4.224427201948064425e-01 2.000000000000000000e+00 1.000000000000000021e-08 2.109989545577855841e-01 -6.955879462515529577e-02
2.109989545577855841e-01 -6.955879462515529577e-02 2.000000000000000000e+00 1.000000000000000021e-08 1.678200831776298085e-01 -4.317887138015575887e-01
1.678200831776298085e-01 -4.317887138015575887e-01 2.000000000000000000e+00 1.000000000000000021e-08 8.054292574933721860e-02 -8.727715742829258438e-01
8.054292574933721860e-02 -8.727715742829258438e-01 2.000000000000000000e+00 1.000000000000000021e-08 -8.228685944612021408e-02 -1.628297851954574327e+00
-8.228685944612021408e-02 -1.628297851954574327e+00 2.000000000000000000e+00 1.000000000000000021e-08 -3.641778019409632750e-01 -2.818909424948430331e+00
-3.641778019409632750e-01 -2.818909424948430331e+00 0.000000000000000000e+00 1.000000000000000021e-08 -6.146427463898005428e-01 -2.504649444488372456e+00
-6.146427463898005428e-01 -2.504649444488372456e+00 0.000000000000000000e+00 1.000000000000000021e-08 -8.802472453912479899e-01 -2.656044990014474472e+00
-8.802472453912479899e-01 -2.656044990014474472e+00 2.000000000000000000e+00 1.000000000000000021e-08 -1.311322945317924926e+00 -4.310756999266770251e+00
-1.311322945317924926e+00 -4.310756999266770251e+00 0.000000000000000000e+00 9.999000000000000110e-01 -1.570796326794896558e+00 -5.000000000000000000e+00
-4.300385178282557785e-02 -2.814745429290464035e-02 2.000000000000000000e+00 1.000000000000000021e-08 -1.394220151768170435e-01 -9.641816339399146285e-01
-1.394220151768170435e-01 -9.641816339399146285e-01 0.000000000000000000e+00 1.000000000000000021e-08 -1.551313633528688118e-01 -1.570934817605177392e-01
-1.551313633528688118e-01 -1.570934817605177392e-01 2.000000000000000000e+00 1.000000000000000021e-08 -3.005638021463155063e-01 -1.454324387934466944e+00
-3.005638021463155063e-01 -1.454324387934466944e+00 0.000000000000000000e+00 1.000000000000000021e-08 -3.979491262485210790e-01 -9.738532410220555047e-01
-3.979491262485210790e-01 -9.738532410220555047e-01 2.000000000000000000e+00 1.000000000000000021e-08 -6.476247516913310465e-01 -2.496756254428099453e+00
-6.476247516913310465e-01 -2.496756254428099453e+00 1.000000000000000000e+00 1.000000000000000021e-08 -9.860946934297052380e-01 -3.384699417383742137e+00
-9.860946934297052380e-01 -3.384699417383742137e+00 2.000000000000000000e+00 1.000000000000000021e-08 -1.488470176406769596e+00 -5.000000000000000000e+00
-1.488470176406769596e+00 -5.000000000000000000e+00 2.000000000000000000e+00 9.999000000000000110e-01 -1.570796326794896558e+00 -5.000000000000000000e+00
-8.192580404290713408e-03 -1.286197182155349172e-02 1.000000000000000000e+00 1.000000000000000021e-08 -2.241482291133330140e-02 -1.422224250704258730e-01
-2.241482291133330140e-02 -1.422224250704258730e-01 1.000000000000000000e+00 1.000000000000000021e-08 -3.241073773664562840e-02 -9.995914825312329777e-02
-3.241073773664562840e-02 -9.995914825312329777e-02 1.000000000000000000e+00 1.000000000000000021e-08 -5.743040820325960583e-02 -2.501967046661398020e-01
-5.743040820325960583e-02 -2.501967046661398020e-01 1.000000000000000000e+00 1.000000000000000021e-08 -8.858136731787216722e-02 -3.115095911461256417e-01
-8.858136731787216722e-02 -3.115095911461256417e-01 0.000000000000000000e+00 1.000000000000000021e-08 -5.920640433619094728e-02 2.937496298168121855e-01
-5.920640433619094728e-02 2.937496298168121855e-01 0.000000000000000000e+00 1.000000000000000021e-08 4.879420448446786934e-02 1.080006088206588055e+00
4.879420448446786934e-02 1.080006088206588055e+00 1.000000000000000000e+00 1.000000000000000021e-08 1.816775278542474281e-01 1.328833233697795491e+00
1.816775278542474281e-01 1.328833233697795491e+00 0.000000000000000000e+00 1.000000000000000021e-08 4.147228631470781801e-01 2.330453352928307353e+00
4.147228631470781801e-01 2.330453352928307353e+00 0.000000000000000000e+00 1.000000000000000021e-08 7.945664871933733053e-01 3.798436240462951030e+00
7.945664871933733053e-01 3.798436240462951030e+00 2.000000000000000000e+00 1.000000000000000021e-08 1.213690936869601389e+00 4.191244496762280392e+00
1.213690936869601389e+00 4.191244496762280392e+00 0.000000000000000000e+00 9.999000000000000110e-01 1.570796326794896558e+00 5.000000000000000000e+00
5.719439826428641960e-02 1.245905895012807199e-02 1.000000000000000000e+00 1.000000000000000021e-08 6.007000142440323265e-02 2.875603160116816520e-02
6.007000142440323265e-02 2.875603160116816520e-02 1.000000000000000000e+00 1.000000000000000021e-08 7.840700413683435177e-02 1.833700271243111912e-01
7.840700413683435177e-02 1.833700271243111912e-01 2.000000000000000000e+00 1.000000000000000021e-08 3.763511260909598033e-02 -4.077189152773836867e-01
3.763511260909598033e-02 -4.077189152773836867e-01 1.000000000000000000e+00 1.000000000000000021e-08 -5.743124077999699206e-03 -4.337823668709567815e-01
-5.743124077999699206e-03 -4.337823668709567815e-01 2.000000000000000000e+00 1.000000000000000021e-08 -1.415290360409413029e-01 -1.357859119629415856e+00
-1.415290360409413029e-01 -1.357859119629415856e+00 1.000000000000000000e+00 1.000000000000000021e-08 -3.061786089894594776e-01 -1.646495729485181858e+00
-3.061786089894594776e-01 -1.646495729485181858e+00 1.000000000000000000e+00 1.000000000000000021e-08 -5.264809045766911666e-01 -2.203022955872316668e+00
-5.264809045766911666e-01 -2.203022955872316668e+00 0.000000000000000000e+00 1.000000000000000021e-08 -7.580141723260368503e-01 -2.315332677493456615e+00
-7.580141723260368503e-01 -2.315332677493456615e+00 1.000000000000000000e+00 1.000000000000000021e-08 -1.089768381176396739e+00 -3.317542088503598663e+00
-1.089768381176396739e+00 -3.317542088503598663e+00 0.000000000000000000e+00 1.000000000000000021e-08 -1.509111102707587415e+00 -4.193427215311906764e+00
-1.509111102707587415e+00 -4.193427215311906764e+00 1.000000000000000000e+00 9.999000000000000110e-01 -1.570796326794896558e+00 -5.000000000000000000e+00
6.847184808002489131e-02 -5.759073651867532145e-02 2.000000000000000000e+00 1.000000000000000021e-08 -2.588670884405862294e-02 -9.435855692408351425e-01
-2.588670884405862294e-02 -9.435855692408351425e-01 0.000000000000000000e+00 1.000000000000000021e-08 -5.220984990205497500e-02 -2.632314105799634651e-01
-5.220984990205497500e-02 -2.632314105799634651e-01 1.000000000000000000e+00 1.000000000000000021e-08 -7.643323705058663320e-02 -2.422338714853165265e-01
-7.643323705058663320e-02 -2.422338714853165265e-01 2.000000000000000000e+00 1.000000000000000021e-08 -2.077556759759655869e-01 -1.313224389253789370e+00
-2.077556759759655869e-01 -1.313224389253789370e+00 1.000000000000000000e+00 1.000000000000000021e-08 -3.897894555615743495e-01 -1.820337795856087570e+00
-3.897894555615743495e-01 -1.820337795856087570e+00 2.000000000000000000e+00 1.000000000000000021e-08 -7.080273420969882547e-01 -3.182378865354138497e+00
-7.080273420969882547e-01 -3.182378865354138497e+00 1.000000000000000000e+00 1.000000000000000021e-08 -1.114437847528901182e+00 -4.064105054319128385e+00
-1.114437847528901182e+00 -4.064105054319128385e+00 0.000000000000000000e+00 9.999000000000000110e-01 -1.570796326794896558e+00 -4.983559606110306461e+00
8.258912738845271273e-02 8.658440114474169613e-03 1.000000000000000000e+00 1.000000000000000021e-08 8.160720674960460219e-02 -9.819206388481042935e-03
8.160720674960460219e-02 -9.819206388481042935e-03 1.000000000000000000e+00 1.000000000000000021e-08 8.319583870526665870e-02 1.588631955662061709e-02
8.319583870526665870e-02 1.588631955662061709e-02 2.000000000000000000e+00 1.000000000000000021e-08 1.666306799881507594e-02 -6.653277070645158275e-01
1.666306799881507594e-02 -6.653277070645158275e-01 2.000000000000000000e+00 1.000000000000000021e-08 -1.497411434981796297e-01 -1.664042114969946695e+00
-1.497411434981796297e-01 -1.664042114969946695e+00 1.000000000000000000e+00 1.000000000000000021e-08 -3.583789178786280227e-01 -2.086377743804483931e+00
-3.583789178786280227e-01 -2.086377743804483931e+00 1.000000000000000000e+00 1.000000000000000021e-08 -6.185068060485151564e-01 -2.601278881698871004e+00
-6.185068060485151564e-01 -2.601278881698871004e+00 2.000000000000000000e+00 1.000000000000000021e-08 -1.027247811267897770e+00 -4.087410052193824583e+00
-1.027247811267897770e+00 -4.087410052193824583e+00 2.000000000000000000e+00 9.999000000000000110e-01 -1.570796326794896558e+00 -5.000000000000000000e+00
-5.009018023106827366e-02 1.342056376409083915e-02 1.000000000000000000e+00 1.000000000000000021e-08 -4.681790505578681261e-02 3.272275175281463833e-02
-4.681790505578681261e-02 3.272275175281463833e-02 0.000000000000000000e+00 1.000000000000000021e-08 4.526419951474637549e-02 9.208210457053318532e-01
4.526419951474637549e-02 9.208210457053318532e-01 1.000000000000000000e+00 1.000000000000000021e-08 1.615239017436321811e-01 1.162597022288857973e+00
1.615239017436321811e-01 1.162597022288857973e+00 0.000000000000000000e+00 1.000000000000000021e-08 3.892737706476032122e-01 2.277498689039710200e+00
3.892737706476032122e-01 2.277498689039710200e+00 1.000000000000000000e+00 1.000000000000000021e-08 6.629241090572288719e-01 2.736503384096256042e+00
6.629241090572288719e-01 2.736503384096256042e+00 2.000000000000000000e+00 1.000000000000000021e-08 9.628960105112276402e-01 2.999719014539987239e+00
9.628960105112276402e-01 2.999719014539987239e+00 0.000000000000000000e+00 1.000000000000000021e-08 1.434253791780823795e+00 4.713577812695961988e+00
1.434253791780823795e+00 4.713577812695961988e+00 2.000000000000000000e+00 9.999000000000000110e-01 1.570796326794896558e+00 5.000000000000000000e+00
-2.273703273548657172e-02 4.088131264024515849e-02 0.000000000000000000e+00 1.000000000000000021e-08 6.977080952645550727e-02 9.250784226194208593e-01
6.977080952645550727e-02 9.250784226194208593e-01 2.000000000000000000e+00 1.000000000000000021e-08 7.697397370472056077e-02 7.203164178265053508e-02
7.697397370472056077e-02 7.203164178265053508e-02 2.000000000000000000e+00 1.000000000000000021e-08 1.508670634754982059e-02 -6.188726735717073879e-01
1.508670634754982059e-02 -6.188726735717073879e-01 1.000000000000000000e+00 1.000000000000000021e-08 -4.810878438465885504e-02 -6.319549073220867008e-01
-4.810878438465885504e-02 -6.319549073220867008e-01 2.000000000000000000e+00 1.000000000000000021e-08 -1.977212040107196867e-01 -1.496124196260608219e+00
-1.977212040107196867e-01 -1.496124196260608219e+00 0.000000000000000000e+00 1.000000000000000021e-08 -2.901678559559489612e-01 -9.244665194522924123e-01
-2.901678559559489612e-01 -9.244665194522924123e-01 2.000000000000000000e+00 1.000000000000000021e-08 -5.164824238658435318e-01 -2.263145679098945706e+00
-5.164824238658435318e-01 -2.263145679098945706e+00 1.000000000000000000e+00 1.000000000000000021e-08 -8.275349072899749192e-01 -3.110524834241313208e+00
-8.275349072899749192e-01 -3.110524834241313208e+00 0.000000000000000000e+00 1.000000000000000021e-08 -1.189281834051987508e+00 -3.617469267620125439e+00
-1.189281834051987508e+00 -3.617469267620125439e+00 0.000000000000000000e+00 9.999000000000000110e-01 -1.570796326794896558e+00 -4.676732389722721983e+00
5.524848527648910934e-02 1.465621957428034708e-02 0.000000000000000000e+00 1.000000000000000021e-08 1.544440674731760721e-01 9.919558219668694887e-01
1.544440674731760721e-01 9.919558219668694887e-01 0.000000000000000000e+00 1.000000000000000021e-08 3.704543586381565667e-01 2.160102911649805169e+00
3.704543586381565667e-01 2.160102911649805169e+00 2.000000000000000000e+00 1.000000000000000021e-08 5.508502025645956035e-01 1.803958439264389924e+00
5.508502025645956035e-01 1.803958439264389924e+00 1.000000000000000000e+00 1.000000000000000021e-08 8.199654015779073157e-01 2.691151990133116900e+00
8.199654015779073157e-01 2.691151990133116900e+00 0.000000000000000000e+00 1.000000000000000021e-08 1.260185791225913565e+00 4.402203896480063605e+00
1.260185791225913565e+00 4.402203896480063605e+00 0.000000000000000000e+00 9.999000000000000110e-01 1.570796326794896558e+00 5.000000000000000000e+00
-4.893666843332183242e-02 -7.437089775870169006e-02 1.000000000000000000e+00 1.000000000000000021e-08 -7.150680267980152882e-02 -2.257013424647969502e-01
-7.150680267980152882e-02 -2.257013424647969502e-01 1.000000000000000000e+00 1.000000000000000021e-08 -9.443445781794318483e-02 -2.292765513814165046e-01
-9.443445781794318483e-02 -2.292765513814165046e-01 0.000000000000000000e+00 1.000000000000000021e-08 -3.076634354671317628e-02 6.366811427123000300e-01
-3.076634354671317628e-02 6.366811427123000300e-01 0.000000000000000000e+00 1.000000000000000021e-08 1.181824578075444387e-01 1.489488013542576095e+00
1.181824578075444387e-01 1.489488013542576095e+00 0.000000000000000000e+00 1.000000000000000021e-08 3.694178346235884036e-01 2.512353768160439316e+00
3.694178346235884036e-01 2.512353768160439316e+00 2.000000000000000000e+00 1.000000000000000021e-08 6.063694627201559051e-01 2.369516280965675570e+00
6.063694627201559051e-01 2.369516280965675570e+00 2.000000000000000000e+00 1.000000000000000021e-08 8.608587259990443386e-01 2.544892632788884779e+00
8.608587259990443386e-01 2.544892632788884779e+00 1.000000000000000000e+00 1.000000000000000021e-08 1.238120449315444960e+00 3.772617233164006656e+00
1.238120449315444960e+00 3.772617233164006656e+00 0.000000000000000000e+00 9.999000000000000110e-01 1.570796326794896558e+00 5.000000000000000000e+00
8.679822069656891598e-03 6.916332029507801793e-02 2.000000000000000000e+00 1.000000000000000021e-08 -7.652291068201254320e-02 -8.520273275166942994e-01
-7.652291068201254320e-02 -8.520273275166942994e-01 2.000000000000000000e+00 1.000000000000000021e-08 -2.785090447704047234e-01 -2.019861340883921663e+00
-2.785090447704047234e-01 -2.019861340883921663e+00 2.000000000000000000e+00 1.000000000000000021e-08 -6.256512618142576754e-01 -3.471422170438529520e+00
-6.256512618142576754e-01 -3.471422170438529520e+00 2.000000000000000000e+00 1.000000000000000021e-08 -1.131864120743362845e+00 -5.000000000000000000e+00
-1.131864120743362845e+00 -5.000000000000000000e+00 1.000000000000000000e+00 9.999000000000000110e-01 -1.570796326794896558e+00 -5.000000000000000000e+00
2.372024581788121506e-02 -4.828115241712017947e-02 0.000000000000000000e+00 1.000000000000000021e-08 1.157426624468646248e-01 9.202241662898340557e-01
1.157426624468646248e-01 9.202241662898340557e-01 2.000000000000000000e+00 1.000000000000000021e-08 1.315783188058254616e-01 1.583565635896082568e-01
1.315783188058254616e-01 1.583565635896082568e-01 2.000000000000000000e+00 1.000000000000000021e-08 9.669641715774029977e-02 -3.488190164808515625e-01
9.669641715774029977e-02 -3.488190164808515625e-01 0.000000000000000000e+00 1.000000000000000021e-08 1.659483979080040861e-01 6.925198075026379740e-01
1.659483979080040861e-01 6.925198075026379740e-01 1.000000000000000000e+00 1.000000000000000021e-08 2.797658555694182425e-01 1.138174576614141342e+00
2.797658555694182425e-01 1.138174576614141342e+00 2.000000000000000000e+00 1.000000000000000021e-08 3.626695714130535042e-01 8.290371584363527280e-01
3.626695714130535042e-01 8.290371584363527280e-01 0.000000000000000000e+00 1.000000000000000021e-08 5.893478798577256317e-01 2.266783084446721830e+00
5.893478798577256317e-01 2.266783084446721830e+00 0.000000000000000000e+00 1.000000000000000021e-08 9.778492487065817418e-01 3.885013688488560213e+00
9.778492487065817418e-01 3.885013688488560213e+00 1.000000000000000000e+00 1.000000000000000021e-08 1.488173307058092920e+00 5.000000000000000000e+00
1.488173307058092920e+00 5.000000000000000000e+00 2.000000000000000000e+00 9.999000000000000110e-01 1.570796326794896558e+00 5.000000000000000000e+00
-1.689038935778671910e-02 -1.815186516859764940e-02 0.000000000000000000e+00 1.000000000000000021e-08 6.281834675203652740e-02 7.970873610982324164e-01
6.281834675203652740e-02 7.970873610982324164e-01 1.000000000000000000e+00 1.000000000000000021e-08 1.619596695496527683e-01 9.914132279761623812e-01
1.619596695496527683e-01 9.914132279761623812e-01 0.000000000000000000e+00 1.000000000000000021e-08 3.905080760383390359e-01 2.285484064886862843e+00
3.905080760383390359e-01 2.285484064886862843e+00 1.000000000000000000e+00 1.000000000000000021e-08 6.870849622350716501e-01 2.965768861967325698e+00
6.870849622350716501e-01 2.965768861967325698e+00 1.000000000000000000e+00 1.000000000000000021e-08 1.076914829712518173e+00 3.898298674774465677e+00
1.076914829712518173e+00 3.898298674774465677e+00 0.000000000000000000e+00 9.999000000000000110e-01 1.570796326794896558e+00 5.000000000000000000e+00
5.516607885559798863e-02 4.497059830906865313e-02 2.000000000000000000e+00 1.000000000000000021e-08 -1.826118360844385113e-02 -7.342726246404183144e-01
-1.826118360844385113e-02 -7.342726246404183144e-01 1.000000000000000000e+00 1.000000000000000021e-08 -8.921335079010042635e-02 -7.095216718165656689e-01
-8.921335079010042635e-02 -7.095216718165656689e-01 0.000000000000000000e+00 1.000000000000000021e-08 -1.022928803370668771e-01 -1.307952954696645076e-01
-1.022928803370668771e-01 -1.307952954696645076e-01 2.000000000000000000e+00 1.000000000000000021e-08 -2.230709558138265214e-01 -1.207780754767596498e+00
-2.230709558138265214e-01 -1.207780754767596498e+00 2.000000000000000000e+00 1.000000000000000021e-08 -4.835868172836284562e-01 -2.605158614698019015e+00
-4.835868172836284562e-01 -2.605158614698019015e+00 1.000000000000000000e+00 1.000000000000000021e-08 -8.102755122400666643e-01 -3.266886949564382192e+00
-8.102755122400666643e-01 -3.266886949564382192e+00 2.000000000000000000e+00 1.000000000000000021e-08 -1.296849527468542096e+00 -4.865740152284754316e+00
-1.296849527468542096e+00 -4.865740152284754316e+00 2.000000000000000000e+00 9.999000000000000110e-01 -1.570796326794896558e+00 -5.000000000000000000e+00
-5.497458612560815472e-02 -2.884401852242122338e-02 0.000000000000000000e+00 1.000000000000000021e-08 3.397513639460086887e-02 8.894972252020901804e-01
3.397513639460086887e-02 8.894972252020901804e-01 0.000000000000000000e+00 1.000000000000000021e-08 2.108365471004410296e-01 1.768614107058401608e+00
2.108365471004410296e-01 1.768614107058401608e+00 2.000000000000000000e+00 1.000000000000000021e-08 3.447464095337196555e-01 1.339098624332786258e+00
3.447464095337196555e-01 1.339098624332786258e+00 1.000000000000000000e+00 1.000000000000000021e-08 5.205134979157091113e-01 1.757670883819893781e+00
5.205134979157091113e-01 1.757670883819893781e+00 2.000000000000000000e+00 1.000000000000000021e-08 7.006204303864096428e-01 1.801069324707005093e+00
7.006204303864096428e-01 1.801069324707005093e+00 1.000000000000000000e+00 1.000000000000000021e-08 9.773974317805487200e-01 2.767770013941390772e+00
9.773974317805487200e-01 2.767770013941390772e+00 0.000000000000000000e+00 1.000000000000000021e-08 1.422876259265737353e+00 4.454788274851884999e+00
1.422876259265737353e+00 4.454788274851884999e+00 0.000000000000000000e+00 9.999000000000000110e-01 1.570796326794896558e+00 5.000000000000000000e+00
-4.656895941125800686e-02 3.641003708381911064e-02 0.000000000000000000e+00 1.000000000000000021e-08 2.281564705582520003e-02 6.938460646708320967e-01
2.281564705582520003e-02 6.938460646708320967e-01 2.000000000000000000e+00 1.000000000000000021e-08 1.206389143721023349e-02 -1.075175561861496654e-01
1.206389143721023349e-02 -1.075175561861496654e-01 2.000000000000000000e+00 1.000000000000000021e-08 -9.880581368802050790e-02 -1.108697051252307331e+00
-9.880581368802050790e-02 -1.108697051252307331e+00 0.000000000000000000e+00 1.000000000000000021e-08 -1.509456945791077254e-01 -5.213988089108722024e-01
-1.509456945791077254e-01 -5.213988089108722024e-01 2.000000000000000000e+00 1.000000000000000021e-08 -3.217645930777205399e-01 -1.708188984986128034e+00
-3.217645930777205399e-01 -1.708188984986128034e+00 2.000000000000000000e+00 1.000000000000000021e-08 -6.125547374093933684e-01 -2.907901443316728951e+00
-6.125547374093933684e-01 -2.907901443316728951e+00 1.000000000000000000e+00 1.000000000000000021e-08 -9.897532366272911997e-01 -3.771984992178977869e+00
-9.897532366272911997e-01 -3.771984992178977869e+00 2.000000000000000000e+00 1.000000000000000021e-08 -1.530850731521145258e+00 -5.000000000000000000e+00
-1.530850731521145258e+00 -5.000000000000000000e+00 2.000000000000000000e+00 9.999000000000000110e-01 -1.570796326794896558e+00 -5.000000000000000000e+00
-8.368862808951257892e-02 2.142568217643907313e-02 0.000000000000000000e+00 1.000000000000000021e-08 6.766532992127843871e-03 9.045516108164041169e-01
6.766532992127843871e-03 9.045516108164041169e-01 1.000000000000000000e+00 1.000000000000000021e-08 1.072641756071924940e-01 1.004976426150646418e+00
1.072641756071924940e-01 1.004976426150646418e+00 1.000000000000000000e+00 1.000000000000000021e-08 2.412051675664853567e-01 1.339409919592928322e+00
2.412051675664853567e-01 1.339409919592928322e+00 1.000000000000000000e+00 1.000000000000000021e-08 4.014268114623841255e-01 1.602216438958987244e+00
4.014268114623841255e-01 1.602216438958987244e+00 1.000000000000000000e+00 1.000000000000000021e-08 6.189444306325014855e-01 2.175176191701173600e+00
6.189444306325014855e-01 2.175176191701173600e+00 0.000000000000000000e+00 1.000000000000000021e-08 9.845248566363420384e-01 3.655804260038404863e+00
9.845248566363420384e-01 3.655804260038404863e+00 1.000000000000000000e+00 1.000000000000000021e-08 1.475372165307206940e+00 4.908473086708649014e+00
1.475372165307206940e+00 4.908473086708649014e+00 1.000000000000000000e+00 9.999000000000000110e-01 1.570796326794896558e+00 5.000000000000000000e+00
1.074995170528454669e-02 -1.238844903030632272e-03 1.000000000000000000e+00 1.000000000000000021e-08 2.586054947809042492e-02 1.511059777280587824e-01
2.586054947809042492e-02 1.511059777280587824e-01 0.000000000000000000e+00 1.000000000000000021e-08 1.496729370525527458e-01 1.238123875744623348e+00
1.496729370525527458e-01 1.238123875744623348e+00 2.000000000000000000e+00 1.000000000000000021e-08 2.012895698139086365e-01 5.161663276135588507e-01
2.012895698139086365e-01 5.161663276135588507e-01 0.000000000000000000e+00 1.000000000000000021e-08 3.809833275941585939e-01 1.796937577802499408e+00
3.809833275941585939e-01 1.796937577802499408e+00 2.000000000000000000e+00 1.000000000000000021e-08 5.340687936807979597e-01 1.530854660866393324e+00
5.340687936807979597e-01 1.530854660866393324e+00 1.000000000000000000e+00 1.000000000000000021e-08 7.618120239373155078e-01 2.277432302565175704e+00
7.618120239373155078e-01 2.277432302565175704e+00 0.000000000000000000e+00 1.000000000000000021e-08 1.142755578669164551e+00 3.809435547318490212e+00
1.142755578669164551e+00 3.809435547318490212e+00 0.000000000000000000e+00 9.999000000000000110e-01 1.570796326794896558e+00 5.000000000000000000e+00
-1.382980576915427556e-03 -4.375939047864663145e-02 1.000000000000000000e+00 1.000000000000000021e-08 -2.221473540743854405e-02 -2.083175483052311650e-01
-2.221473540743854405e-02 -2.083175483052311650e-01 1.000000000000000000e+00 1.000000000000000021e-08 -5.723131800690298143e-02 -3.501658259946444085e-01
-5.723131800690298143e-02 -3.501658259946444085e-01 1.000000000000000000e+00 1.000000000000000021e-08 -1.108842910678226601e-01 -5.365297306091967311e-01
-1.108842910678226601e-01 -5.365297306091967311e-01 1.000000000000000000e+00 1.000000000000000021e-08 -1.925080736670202464e-01 -8.162378259919758072e-01
-1.925080736670202464e-01 -8.162378259919758072e-01 1.000000000000000000e+00 1.000000000000000021e-08 -3.143365753262107321e-01 -1.218285016591905023e+00
-3.143365753262107321e-01 -1.218285016591905023e+00 0.000000000000000000e+00 1.000000000000000021e-08 -3.979093121003595135e-01 -8.357273677414878144e-01
-3.979093121003595135e-01 -8.357273677414878144e-01 2.000000000000000000e+00 1.000000000000000021e-08 -6.302358145206561346e-01 -2.323265024202965989e+00
-6.302358145206561346e-01 -2.323265024202965989e+00 0.000000000000000000e+00 1.000000000000000021e-08 -8.968721366021850105e-01 -2.666363220815288315e+00
-8.968721366021850105e-01 -2.666363220815288315e+00 2.000000000000000000e+00 1.000000000000000021e-08 -1.320113299816435770e+00 -4.232411632142506264e+00
-1.320113299816435770e+00 -4.232411632142506264e+00 1.000000000000000000e+00 9.999000000000000110e-01 -1.570796326794896558e+00 -5.000000000000000000e+00
-6.287152512059082654e-02 -7.168112743341760462e-02 1.000000000000000000e+00 1.000000000000000021e-08 -7.072386647977850493e-02 -7.852341359187683945e-02
-7.072386647977850493e-02 -7.852341359187683945e-02 0.000000000000000000e+00 1.000000000000000021e-08 8.595001028534068888e-03 7.931886750831256272e-01
8.595001028534068888e-03 7.931886750831256272e-01 2.000000000000000000e+00 1.000000000000000021e-08 -6.057021300588792678e-03 -1.465202232912286018e-01
-6.057021300588792678e-03 -1.465202232912286018e-01 0.000000000000000000e+00 1.000000000000000021e-08 7.731075641077009286e-02 8.336777771135888138e-01
7.731075641077009286e-02 8.336777771135888138e-01 1.000000000000000000e+00 1.000000000000000021e-08 1.625541107324043888e-01 8.524335432163429038e-01
1.625541107324043888e-01 8.524335432163429038e-01 1.000000000000000000e+00 1.000000000000000021e-08 2.796561934666708660e-01 1.171020827342664772e+00
2.796561934666708660e-01 1.171020827342664772e+00 1.000000000000000000e+00 1.000000000000000021e-08 4.357671810038116211e-01 1.561109875371407441e+00
4.357671810038116211e-01 1.561109875371407441e+00 2.000000000000000000e+00 1.000000000000000021e-08 5.695927178806646785e-01 1.338255368768530351e+00
5.695927178806646785e-01 1.338255368768530351e+00 2.000000000000000000e+00 1.000000000000000021e-08 7.286307018700330929e-01 1.590379839893683478e+00
7.286307018700330929e-01 1.590379839893683478e+00 2.000000000000000000e+00 1.000000000000000021e-08 9.381543411750811190e-01 2.095236393050480039e+00
9.381543411750811190e-01 2.095236393050480039e+00 0.000000000000000000e+00 1.000000000000000021e-08 1.315092961558125939e+00 3.769386203830447535e+00
1.315092961558125939e+00 3.769386203830447535e+00 0.000000000000000000e+00 9.999000000000000110e-01 1.570796326794896558e+00 5.000000000000000000e+00
3.481330402854268535e-02 -3.426356425254380167e-02 1.000000000000000000e+00 1.000000000000000021e-08 3.097514321922809066e-02 -3.838160809314595384e-02
3.097514321922809066e-02 -3.838160809314595384e-02 0.000000000000000000e+00 1.000000000000000021e-08 1.038283624641670316e-01 7.285321924493893819e-01
1.038283624641670316e-01 7.285321924493893819e-01 0.000000000000000000e+00 1.000000000000000021e-08 2.836092759305616773e-01 1.797809134663946207e+00
2.836092759305616773e-01 1.797809134663946207e+00 0.000000000000000000e+00 1.000000000000000021e-08 6.003531148765064440e-01 3.167438389459446668e+00
6.003531148765064440e-01 3.167438389459446668e+00 1.000000000000000000e+00 1.000000000000000021e-08 1.004072851921387954e+00 4.037197370448813771e+00
1.004072851921387954e+00 4.037197370448813771e+00 1.000000000000000000e+00 1.000000000000000021e-08 1.529322328499272299e+00 5.000000000000000000e+00
1.529322328499272299e+00 5.000000000000000000e+00 1.000000000000000000e+00 9.999000000000000110e-01 1.570796326794896558e+00 5.000000000000000000e+00
2.661449741002170841e-02 6.011913538278736147e-02 0.000000000000000000e+00 1.000000000000000021e-08 1.221832988595539932e-01 9.556880144953228129e-01
1.221832988595539932e-01 9.556880144953228129e-01 2.000000000000000000e+00 1.000000000000000021e-08 1.628983641651163827e-01 4.071506530556238124e-01
1.628983641651163827e-01 4.071506530556238124e-01 0.000000000000000000e+00 1.000000000000000021e-08 3.076799756105221828e-01 1.447816114454057779e+00
3.076799756105221828e-01 1.447816114454057779e+00 1.000000000000000000e+00 1.000000000000000021e-08 5.161301355729239759e-01 2.084501599624018375e+00
5.161301355729239759e-01 2.084501599624018375e+00 2.000000000000000000e+00 1.000000000000000021e-08 7.232028780769370613e-01 2.070727425040130854e+00
7.232028780769370613e-01 2.070727425040130854e+00 1.000000000000000000e+00 1.000000000000000021e-08 1.038107474047085255e+00 3.149045959701481046e+00
1.038107474047085255e+00 3.149045959701481046e+00 2.000000000000000000e+00 1.000000000000000021e-08 1.435390869165375838e+00 3.972833951182906276e+00
1.435390869165375838e+00 3.972833951182906276e+00 2.000000000000000000e+00 9.999000000000000110e-01 1.570796326794896558e+00 5.000000000000000000e+00
-3.441554738642229466e-02 3.803973204273385089e-03 2.000000000000000000e+00 1.000000000000000021e-08 -1.182055646405207605e-01 -8.379001725409847001e-01
-1.182055646405207605e-01 -8.379001725409847001e-01 1.000000000000000000e+00 1.000000000000000021e-08 -2.342360682375193015e-01 -1.160305035969985354e+00
-2.342360682375193015e-01 -1.160305035969985354e+00 0.000000000000000000e+00 1.000000000000000021e-08 -3.048538259304552356e-01 -7.061775769293594518e-01
-3.048538259304552356e-01 -7.061775769293594518e-01 2.000000000000000000e+00 1.000000000000000021e-08 -4.928581045426677076e-01 -1.880042786122124721e+00
-4.928581045426677076e-01 -1.880042786122124721e+00 2.000000000000000000e+00 1.000000000000000021e-08 -8.230044311905806431e-01 -3.301463266479129910e+00
-8.230044311905806431e-01 -3.301463266479129910e+00 2.000000000000000000e+00 1.000000000000000021e-08 -1.317493627794919631e+00 -4.944891966043390319e+00
-1.317493627794919631e+00 -4.944891966043390319e+00 2.000000000000000000e+00 9.999000000000000110e-01 -1.570796326794896558e+00 -5.000000000000000000e+00
-3.668431422249442131e-02 1.260807539548308015e-02 1.000000000000000000e+00 1.000000000000000021e-08 -4.606315086582249418e-02 -9.378836643328075651e-02
-4.606315086582249418e-02 -9.378836643328075651e-02 0.000000000000000000e+00 1.000000000000000021e-08 3.479013195942784464e-02 8.085328282525032773e-01
3.479013195942784464e-02 8.085328282525032773e-01 2.000000000000000000e+00 1.000000000000000021e-08 2.618706222196780925e-02 -8.603069737460034005e-02
2.618706222196780925e-02 -8.603069737460034005e-02 2.000000000000000000e+00 1.000000000000000021e-08 -7.566414839986485008e-02 -1.018512106218326441e+00
-7.566414839986485008e-02 -1.018512106218326441e+00 1.000000000000000000e+00 1.000000000000000021e-08 -1.926852232130376874e-01 -1.170210748131728318e+00
-1.926852232130376874e-01 -1.170210748131728318e+00 2.000000000000000000e+00 1.000000000000000021e-08 -4.134105005745042360e-01 -2.207252773614665209e+00
-4.134105005745042360e-01 -2.207252773614665209e+00 0.000000000000000000e+00 1.000000000000000021e-08 -6.190906423509270340e-01 -2.056801417764227313e+00
-6.190906423509270340e-01 -2.056801417764227313e+00 0.000000000000000000e+00 1.000000000000000021e-08 -8.459984617316432809e-01 -2.269078193807162691e+00
-8.459984617316432809e-01 -2.269078193807162691e+00 1.000000000000000000e+00 1.000000000000000021e-08 -1.180174004136539168e+00 -3.341755424048959089e+00
-1.180174004136539168e+00 -3.341755424048959089e+00 1.000000000000000000e+00 9.999000000000000110e-01 -1.570796326794896558e+00 -4.658751216747783808e+00
7.601341940377814854e-03 6.908881197624604231e-02 2.000000000000000000e+00 1.000000000000000021e-08 -8.143396381493012148e-02 -8.903530575530793634e-01
-8.143396381493012148e-02 -8.903530575530793634e-01 0.000000000000000000e+00 1.000000000000000021e-08 -9.850101347550506425e-02 -1.706704966057494000e-01
-9.850101347550506425e-02 -1.706704966057494000e-01 0.000000000000000000e+00 1.000000000000000021e-08 -3.616747148469564438e-02 6.233354199080941571e-01
-3.616747148469564438e-02 6.233354199080941571e-01 0.000000000000000000e+00 1.000000000000000021e-08 1.140289575926153320e-01 1.501964290773109667e+00
1.140289575926153320e-01 1.501964290773109667e+00 0.000000000000000000e+00 1.000000000000000021e-08 3.751251745984336972e-01 2.610962170058183318e+00
3.751251745984336972e-01 2.610962170058183318e+00 1.000000000000000000e+00 1.000000000000000021e-08 6.792365572709102572e-01 3.041113826724765712e+00
6.792365572709102572e-01 3.041113826724765712e+00 0.000000000000000000e+00 1.000000000000000021e-08 1.146715836350775453e+00 4.674792790798651509e+00
1.146715836350775453e+00 4.674792790798651509e+00 0.000000000000000000e+00 9.999000000000000110e-01 1.570796326794896558e+00 5.000000000000000000e+00
7.284252940640169316e-02 5.024129681799948538e-02 2.000000000000000000e+00 1.000000000000000021e-08 1.500183812039465603e-03 -7.134234559436222201e-01
1.500183812039465603e-03 -7.134234559436222201e-01 0.000000000000000000e+00 1.000000000000000021e-08 1.049084796097192462e-02 8.990664148932459021e-02
1.049084796097192462e-02 8.990664148932459021e-02 0.000000000000000000e+00 1.000000000000000021e-08 1.099917681807991016e-01 9.950092021982717139e-01
1.099917681807991016e-01 9.950092021982717139e-01 2.000000000000000000e+00 1.000000000000000021e-08 1.518085834920754884e-01 4.181681531127640072e-01
1.518085834920754884e-01 4.181681531127640072e-01 0.000000000000000000e+00 1.000000000000000021e-08 3.205712034578676595e-01 1.687626199657921600e+00
3.205712034578676595e-01 1.687626199657921600e+00 2.000000000000000000e+00 1.000000000000000021e-08 4.433188552485819445e-01 1.227476517907142739e+00
4.433188552485819445e-01 1.227476517907142739e+00 2.000000000000000000e+00 1.000000000000000021e-08 5.638480164890409263e-01 1.205291612404589596e+00
5.638480164890409263e-01 1.205291612404589596e+00 2.000000000000000000e+00 1.000000000000000021e-08 7.052955432138743319e-01 1.414475267248334056e+00
7.052955432138743319e-01 1.414475267248334056e+00 1.000000000000000000e+00 1.000000000000000021e-08 9.525169402793083329e-01 2.472213970654340010e+00
9.525169402793083329e-01 2.472213970654340010e+00 0.000000000000000000e+00 1.000000000000000021e-08 1.358644204166699065e+00 4.061272638873906438e+00
1.358644204166699065e+00 4.061272638873906438e+00 0.000000000000000000e+00 9.999000000000000110e-01 1.570796326794896558e+00 5.000000000000000000e+00
8.270873989962153339e-02 -7.040861028955025525e-02 1.000000000000000000e+00 1.000000000000000021e-08 7.547279543021871706e-02 -7.235944469402819101e-02
7.547279543021871706e-02 -7.235944469402819101e-02 1.000000000000000000e+00 1.000000000000000021e-08 8.166825585761930406e-02 6.195460427400587000e-02
8.166825585761930406e-02 6.195460427400587000e-02 2.000000000000000000e+00 1.000000000000000021e-08 2.649402911854773640e-02 -5.517422673907156350e-01
2.649402911854773640e-02 -5.517422673907156350e-01 1.000000000000000000e+00 1.000000000000000021e-08 -2.149477128697588335e-02 -4.798880040552361836e-01
-2.149477128697588335e-02 -4.798880040552361836e-01 1.000000000000000000e+00 1.000000000000000021e-08 -7.552382740117241644e-02 -5.402905611419653864e-01
-7.552382740117241644e-02 -5.402905611419653864e-01 0.000000000000000000e+00 1.000000000000000021e-08 -5.992493772445706135e-02 1.559888967671535509e-01
-5.992493772445706135e-02 1.559888967671535509e-01 1.000000000000000000e+00 1.000000000000000021e-08 -5.403442644136993017e-02 5.890511283087132566e-02
-5.403442644136993017e-02 5.890511283087132566e-02 0.000000000000000000e+00 1.000000000000000021e-08 3.741756113837351599e-02 9.145198757974344339e-01
3.741756113837351599e-02 9.145198757974344339e-01 1.000000000000000000e+00 1.000000000000000021e-08 1.195287718350054040e-01 8.211121069663188665e-01
1.195287718350054040e-01 8.211121069663188665e-01 0.000000000000000000e+00 1.000000000000000021e-08 3.162694625120269221e-01 1.967406906770214903e+00
3.162694625120269221e-01 1.967406906770214903e+00 1.000000000000000000e+00 1.000000000000000021e-08 5.554142934176862223e-01 2.391448309056593224e+00
5.554142934176862223e-01 2.391448309056593224e+00 2.000000000000000000e+00 1.000000000000000021e-08 7.919864631676137856e-01 2.365721697499275411e+00
7.919864631676137856e-01 2.365721697499275411e+00 2.000000000000000000e+00 1.000000000000000021e-08 1.081748972701452871e+00 2.897625095338391965e+00
1.081748972701452871e+00 2.897625095338391965e+00 0.000000000000000000e+00 1.000000000000000021e-08 1.539910810869159263e+00 4.581618381677063923e+00
1.539910810869159263e+00 4.581618381677063923e+00 0.000000000000000000e+00 9.999000000000000110e-01 1.570796326794896558e+00 5.000000000000000000e+00
-6.496014464776843356e-03 4.241057605282125970e-03 2.000000000000000000e+00 1.000000000000000021e-08 -9.138549893785641309e-02 -8.488948447307955725e-01
-9.138549893785641309e-02 -8.488948447307955725e-01 1.000000000000000000e+00 1.000000000000000021e-08 -2.024282466237573019e-01 -1.110427476859008777e+00
-2.024282466237573019e-01 -1.110427476859008777e+00 1.000000000000000000e+00 1.000000000000000021e-08 -3.329052613333972621e-01 -1.304770147096399935e+00
-3.329052613333972621e-01 -1.304770147096399935e+00 2.000000000000000000e+00 1.000000000000000021e-08 -5.931622221610721724e-01 -2.602569608276748436e+00
-5.931622221610721724e-01 -2.602569608276748436e+00 2.000000000000000000e+00 1.000000000000000021e-08 -1.022913963586491892e+00 -4.297517414254197199e+00
-1.022913963586491892e+00 -4.297517414254197199e+00 2.000000000000000000e+00 9.999000000000000110e-01 -1.570796326794896558e+00 -5.000000000000000000e+00
2.053106744517411986e-03 -3.722507155674839585e-02 0.000000000000000000e+00 1.000000000000000021e-08 7.918220121870545025e-02 7.712909447418803133e-01
7.918220121870545025e-02 7.712909447418803133e-01 2.000000000000000000e+00 1.000000000000000021e-08 8.412472178143833024e-02 4.942520562732877210e-02
8.412472178143833024e-02 4.942520562732877210e-02 0.000000000000000000e+00 1.000000000000000021e-08 2.055446642926684331e-01 1.214199425112300945e+00
2.055446642926684331e-01 1.214199425112300945e+00 0.000000000000000000e+00 1.000000000000000021e-08 4.635677352431354925e-01 2.580230709504670372e+00
4.635677352431354925e-01 2.580230709504670372e+00 2.000000000000000000e+00 1.000000000000000021e-08 7.108850380476019470e-01 2.473173028044664878e+00
7.108850380476019470e-01 2.473173028044664878e+00 0.000000000000000000e+00 1.000000000000000021e-08 1.117634587957274661e+00 4.067495499096725808e+00
1.117634587957274661e+00 4.067495499096725808e+00 0.000000000000000000e+00 9.999000000000000110e-01 1.570796326794896558e+00 5.000000000000000000e+00
-2.436428382178341956e-03 4.742416980651024960e-02 2.000000000000000000e+00 1.000000000000000021e-08 -7.795851521975322163e-02 -7.552208683757486440e-01
-7.795851521975322163e-02 -7.552208683757486440e-01 0.000000000000000000e+00 1.000000000000000021e-08 -7.921419579816876833e-02 -1.255680578415541149e-02
-7.921419579816876833e-02 -1.255680578415541149e-02 0.000000000000000000e+00 1.000000000000000021e-08 -1.401685755102508035e-02 6.519733824714368797e-01
-1.401685755102508035e-02 6.519733824714368797e-01 2.000000000000000000e+00 1.000000000000000021e-08 -5.237065886284195115e-02 -3.835380131181687080e-01
-5.237065886284195115e-02 -3.835380131181687080e-01 1.000000000000000000e+00 1.000000000000000021e-08 -8.969247052188165925e-02 -3.732181165903970532e-01
-8.969247052188165925e-02 -3.732181165903970532e-01 0.000000000000000000e+00 1.000000000000000021e-08 -5.346954454946824947e-02 3.622292597241341117e-01
-5.346954454946824947e-02 3.622292597241341117e-01 0.000000000000000000e+00 1.000000000000000021e-08 7.124183770926292847e-02 1.247113822587311738e+00
7.124183770926292847e-02 1.247113822587311738e+00 1.000000000000000000e+00 1.000000000000000021e-08 2.222004071713466755e-01 1.509585694620837470e+00
2.222004071713466755e-01 1.509585694620837470e+00 1.000000000000000000e+00 1.000000000000000021e-08 3.989108422905571771e-01 1.767104351192104517e+00
3.989108422905571771e-01 1.767104351192104517e+00 1.000000000000000000e+00 1.000000000000000021e-08 6.476639563785496767e-01 2.487531140879925218e+00
6.476639563785496767e-01 2.487531140879925218e+00 2.000000000000000000e+00 1.000000000000000021e-08 9.288848521846420070e-01 2.812208958060923525e+00
9.288848521846420070e-01 2.812208958060923525e+00 1.000000000000000000e+00 1.000000000000000021e-08 1.325560147188461491e+00 3.966752950038194836e+00
1.325560147188461491e+00 3.966752950038194836e+00 1.000000000000000000e+00 9.999000000000000110e-01 1.570796326794896558e+00 5.000000000000000000e+00
5.313903751803475406e-02 3.440939542686460850e-02 1.000000000000000000e+00 1.000000000000000021e-08 8.021497131205541919e-02 2.707593379402066236e-01
8.021497131205541919e-02 2.707593379402066236e-01 0.000000000000000000e+00 1.000000000000000021e-08 2.021063488418697318e-01 1.218913775298142932e+00
2.021063488418697318e-01 1.218913775298142932e+00 1.000000000000000000e+00 1.000000000000000021e-08 3.435206270413455609e-01 1.414142781994758513e+00
3.435206270413455609e-01 1.414142781994758513e+00 0.000000000000000000e+00 1.000000000000000021e-08 6.236816061936987232e-01 2.801609791523532067e+00
6.236816061936987232e-01 2.801609791523532067e+00 1.000000000000000000e+00 1.000000000000000021e-08 9.862059232640160156e-01 3.625243170703172702e+00
9.862059232640160156e-01 3.625243170703172702e+00 2.000000000000000000e+00 1.000000000000000021e-08 1.419967049462574904e+00 4.337611261985588662e+00
1.419967049462574904e+00 4.337611261985588662e+00 2.000000000000000000e+00 9.999000000000000110e-01 1.570796326794896558e+00 5.000000000000000000e+00
-2.349241530792873373e-02 -6.211381591646943090e-02 2.000000000000000000e+00 1.000000000000000021e-08 -1.154264241764142995e-01 -9.193400886848557274e-01
-1.154264241764142995e-01 -9.193400886848557274e-01 0.000000000000000000e+00 1.000000000000000021e-08 -1.259859837924452164e-01 -1.055955961603092241e-01
-1.259859837924452164e-01 -1.055955961603092241e-01 2.000000000000000000e+00 1.000000000000000021e-08 -2.558995029275302757e-01 -1.299135191350850205e+00
-2.558995029275302757e-01 -1.299135191350850205e+00 0.000000000000000000e+00 1.000000000000000021e-08 -3.514490161315103611e-01 -9.554951320398008541e-01
-3.514490161315103611e-01 -9.554951320398008541e-01 2.000000000000000000e+00 1.000000000000000021e-08 -5.843372947247733595e-01 -2.328882785932629318e+00
-5.843372947247733595e-01 -2.328882785932629318e+00 2.000000000000000000e+00 1.000000000000000021e-08 -9.616089303010668665e-01 -3.772716355762934626e+00
-9.616089303010668665e-01 -3.772716355762934626e+00 2.000000000000000000e+00 1.000000000000000021e-08 -1.491530811697956427e+00 -5.000000000000000000e+00
-1.491530811697956427e+00 -5.000000000000000000e+00 0.000000000000000000e+00 9.999000000000000110e-01 -1.570796326794896558e+00 -5.000000000000000000e+00
-8.259725136558959679e-02 3.846708024516214131e-02 0.000000000000000000e+00 1.000000000000000021e-08 -8.676461598240481354e-03 7.392078976734911544e-01
-8.676461598240481354e-03 7.392078976734911544e-01 2.000000000000000000e+00 1.000000000000000021e-08 -3.690568013546871584e-02 -2.822921853722822894e-01
-3.690568013546871584e-02 -2.822921853722822894e-01 0.000000000000000000e+00 1.000000000000000021e-08 1.959883008268070714e-02 5.650451021814941743e-01
1.959883008268070714e-02 5.650451021814941743e-01 1.000000000000000000e+00 1.000000000000000021e-08 7.783923698106171019e-02 5.824040689838099194e-01
7.783923698106171019e-02 5.824040689838099194e-01 0.000000000000000000e+00 1.000000000000000021e-08 2.248254254783351724e-01 1.469861884972734511e+00
2.248254254783351724e-01 1.469861884972734511e+00 2.000000000000000000e+00 1.000000000000000021e-08 3.217783022303831730e-01 9.695287675204796729e-01
3.217783022303831730e-01 9.695287675204796729e-01 0.000000000000000000e+00 1.000000000000000021e-08 5.472019425507728130e-01 2.254236403203896177e+00
5.472019425507728130e-01 2.254236403203896177e+00 2.000000000000000000e+00 1.000000000000000021e-08 7.853633435794665774e-01 2.381614010286937866e+00
7.853633435794665774e-01 2.381614010286937866e+00 1.000000000000000000e+00 1.000000000000000021e-08 1.130148217089085527e+00 3.447848735096187944e+00
1.130148217089085527e+00 3.447848735096187944e+00 0.000000000000000000e+00 9.999000000000000110e-01 1.570796326794896558e+00 5.000000000000000000e+00
2.485216019563097831e-02 -8.384041908787182723e-03 2.000000000000000000e+00 1.000000000000000021e-08 -4.430949317803441201e-02 -6.916165337366538823e-01
-4.430949317803441201e-02 -6.916165337366538823e-01 2.000000000000000000e+00 1.000000000000000021e-08 -2.175032419093042568e-01 -1.731937487312698476e+00
-2.175032419093042568e-01 -1.731937487312698476e+00 2.000000000000000000e+00 1.000000000000000021e-08 -5.118571843259043241e-01 -2.943539424166000451e+00
-5.118571843259043241e-01 -2.943539424166000451e+00 0.000000000000000000e+00 1.000000000000000021e-08 -8.131650355338526648e-01 -3.013078512079483406e+00
-8.131650355338526648e-01 -3.013078512079483406e+00 1.000000000000000000e+00 1.000000000000000021e-08 -1.216216147453483387e+00 -4.030511119196307668e+00
-1.216216147453483387e+00 -4.030511119196307668e+00 2.000000000000000000e+00 9.999000000000000110e-01 -1.570796326794896558e+00 -5.000000000000000000e+00
7.896124800273121580e-02 -4.540725181611499767e-02 1.000000000000000000e+00 1.000000000000000021e-08 8.885475097576144010e-02 9.893502973030221526e-02
8.885475097576144010e-02 9.893502973030221526e-02 1.000000000000000000e+00 1.000000000000000021e-08 1.170885169027263972e-01 2.823376592696494880e-01
1.170885169027263972e-01 2.823376592696494880e-01 1.000000000000000000e+00 1.000000000000000021e-08 1.755570323608738326e-01 5.846851545814744089e-01
1.755570323608738326e-01 5.846851545814744089e-01 0.000000000000000000e+00 1.000000000000000021e-08 3.586444615127549751e-01 1.830874291518811647e+00
3.586444615127549751e-01 1.830874291518811647e+00 2.000000000000000000e+00 1.000000000000000021e-08 5.284988789545104204e-01 1.698544174417554897e+00
5.284988789545104204e-01 1.698544174417554897e+00 2.000000000000000000e+00 1.000000000000000021e-08 6.923355986519267313e-01 1.638367196974163109e+00
6.923355986519267313e-01 1.638367196974163109e+00 0.000000000000000000e+00 1.000000000000000021e-08 1.027310524368874489e+00 3.349749257169478245e+00
1.027310524368874489e+00 3.349749257169478245e+00 0.000000000000000000e+00 1.000000000000000021e-08 1.528738951969930371e+00 5.000000000000000000e+00
1.528738951969930371e+00 5.000000000000000000e+00 1.000000000000000000e+00 9.999000000000000110e-01 1.570796326794896558e+00 5.000000000000000000e+00
-5.099602543958726975e-04 6.803687193709467840e-02 0.000000000000000000e+00 1.000000000000000021e-08 1.038411491313794843e-01 1.043511093857753425e+00
1.038411491313794843e-01 1.043511093857753425e+00 1.000000000000000000e+00 1.000000000000000021e-08 2.362788004368936157e-01 1.324376513055141258e+00
2.362788004368936157e-01 1.324376513055141258e+00 1.000000000000000000e+00 1.000000000000000021e-08 3.923983858808026692e-01 1.561195854439090258e+00
3.923983858808026692e-01 1.561195854439090258e+00 1.000000000000000000e+00 1.000000000000000021e-08 6.091585798801778528e-01 2.167601939993752058e+00
6.091585798801778528e-01 2.167601939993752058e+00 1.000000000000000000e+00 1.000000000000000021e-08 9.201683215972054075e-01 3.110097417170275769e+00
9.201683215972054075e-01 3.110097417170275769e+00 1.000000000000000000e+00 1.000000000000000021e-08 1.351060706550017310e+00 4.308923849528119021e+00
1.351060706550017310e+00 4.308923849528119021e+00 1.000000000000000000e+00 9.999000000000000110e-01 1.570796326794896558e+00 5.000000000000000000e+00
7.668075314301922574e-02 -3.907980133560463865e-02 0.000000000000000000e+00 1.000000000000000021e-08 1.812207746491391325e-01 1.045400215061198956e+00
1.812207746491391325e-01 1.045400215061198956e+00 1.000000000000000000e+00 1.000000000000000021e-08 3.336437702988690468e-01 1.524229956497298977e+00
3.336437702988690468e-01 1.524229956497298977e+00 2.000000000000000000e+00 1.000000000000000021e-08 4.582680407127645572e-01 1.246242704138955215e+00
4.582680407127645572e-01 1.246242704138955215e+00 1.000000000000000000e+00 1.000000000000000021e-08 6.599729712293710415e-01 2.017049305166064954e+00
6.599729712293710415e-01 2.017049305166064954e+00 2.000000000000000000e+00 1.000000000000000021e-08 8.899108822167358657e-01 2.299379109873648463e+00
8.899108822167358657e-01 2.299379109873648463e+00 0.000000000000000000e+00 1.000000000000000021e-08 1.291139544454459109e+00 4.012286622377231105e+00
1.291139544454459109e+00 4.012286622377231105e+00 2.000000000000000000e+00 9.999000000000000110e-01 1.570796326794896558e+00 5.000000000000000000e+00
-8.314849020638667709e-02 1.369889671064720288e-02 0.000000000000000000e+00 1.000000000000000021e-08 -2.220640758133357595e-03 8.092784944825330840e-01
-2.220640758133357595e-03 8.092784944825330840e-01 0.000000000000000000e+00 1.000000000000000021e-08 1.840684585751262148e-01 1.862890993332595668e+00
1.840684585751262148e-01 1.862890993332595668e+00 2.000000000000000000e+00 1.000000000000000021e-08 3.283326804438148061e-01 1.442642218686885913e+00
3.283326804438148061e-01 1.442642218686885913e+00 1.000000000000000000e+00 1.000000000000000021e-08 5.211559697333246755e-01 1.928232892895098693e+00
5.211559697333246755e-01 1.928232892895098693e+00 2.000000000000000000e+00 1.000000000000000021e-08 7.072029416485772213e-01 1.860469719152524792e+00
7.072029416485772213e-01 1.860469719152524792e+00 1.000000000000000000e+00 1.000000000000000021e-08 9.926343923266351954e-01 2.854314506780579741e+00
9.926343923266351954e-01 2.854314506780579741e+00 1.000000000000000000e+00 1.000000000000000021e-08 1.393698961348884824e+00 4.010645690222495396e+00
1.393698961348884824e+00 4.010645690222495396e+00 1.000000000000000000e+00 9.999000000000000110e-01 1.570796326794896558e+00 5.000000000000000000e+00
-2.448573798381752792e-02 6.990907516557945400e-02 0.000000000000000000e+00 1.000000000000000021e-08 7.623526800057087160e-02 1.007210059843884009e+00
7.623526800057087160e-02 1.007210059843884009e+00 0.000000000000000000e+00 1.000000000000000021e-08 2.702562481041332343e-01 1.940209801035623460e+00
2.702562481041332343e-01 1.940209801035623460e+00 0.000000000000000000e+00 1.000000000000000021e-08 5.806971474382938148e-01 3.104408993341605694e+00
5.806971474382938148e-01 3.104408993341605694e+00 2.000000000000000000e+00 1.000000000000000021e-08 8.954691770937863726e-01 3.147720296554925135e+00
8.954691770937863726e-01 3.147720296554925135e+00 1.000000000000000000e+00 1.000000000000000021e-08 1.323901842706321386e+00 4.284326656125350574e+00
1.323901842706321386e+00 4.284326656125350574e+00 2.000000000000000000e+00 9.999000000000000110e-01 1.570796326794896558e+00 5.000000000000000000e+00
1.734842684228007914e-02 -5.184657402891301725e-02 1.000000000000000000e+00 1.000000000000000021e-08 1.230569976337119245e-02 -5.042727078908885996e-02
1.230569976337119245e-02 -5.042727078908885996e-02 1.000000000000000000e+00 1.000000000000000021e-08 1.686957743972191531e-02 4.563877676350723556e-02
1.686957743972191531e-02 4.563877676350723556e-02 2.000000000000000000e+00 1.000000000000000021e-08 -7.666369317949084383e-02 -9.353327061921274943e-01
-7.666369317949084383e-02 -9.353327061921274943e-01 2.000000000000000000e+00 1.000000000000000021e-08 -2.634261078423146829e-01 -1.867624146628238613e+00
-2.634261078423146829e-01 -1.867624146628238613e+00 1.000000000000000000e+00 1.000000000000000021e-08 -4.989550930063768597e-01 -2.355289851640621990e+00
-4.989550930063768597e-01 -2.355289851640621990e+00 2.000000000000000000e+00 1.000000000000000021e-08 -8.950618616035526109e-01 -3.961067685971757957e+00
-8.950618616035526109e-01 -3.961067685971757957e+00 0.000000000000000000e+00 1.000000000000000021e-08 -1.343251187511030231e+00 -4.481893259074777092e+00
-1.343251187511030231e+00 -4.481893259074777092e+00 1.000000000000000000e+00 9.999000000000000110e-01 -1.570796326794896558e+00 -5.000000000000000000e+00
6.551992628036321098e-02 3.120205475931900688e-02 2.000000000000000000e+00 1.000000000000000021e-08 -2.274773113557734816e-02 -8.826765741594055914e-01
-2.274773113557734816e-02 -8.826765741594055914e-01 0.000000000000000000e+00 1.000000000000000021e-08 -3.394628805261513255e-02 -1.119855691703778300e-01
-3.394628805261513255e-02 -1.119855691703778300e-01 0.000000000000000000e+00 1.000000000000000021e-08 5.405866368001075589e-02 8.800495173262588011e-01
5.405866368001075589e-02 8.800495173262588011e-01 1.000000000000000000e+00 1.000000000000000021e-08 1.451833516119232503e-01 9.112468793191249583e-01
1.451833516119232503e-01 9.112468793191249583e-01 2.000000000000000000e+00 1.000000000000000021e-08 1.765927467938644135e-01 3.140939518194116875e-01
1.765927467938644135e-01 3.140939518194116875e-01 1.000000000000000000e+00 1.000000000000000021e-08 2.398012302391089867e-01 6.320848344524458984e-01
2.398012302391089867e-01 6.320848344524458984e-01 2.000000000000000000e+00 1.000000000000000021e-08 2.621823579474330534e-01 2.238112770832407228e-01
2.621823579474330534e-01 2.238112770832407228e-01 2.000000000000000000e+00 1.000000000000000021e-08 2.499359059848278442e-01 -1.224645196260521485e-01
2.499359059848278442e-01 -1.224645196260521485e-01 1.000000000000000000e+00 1.000000000000000021e-08 2.753912846644606671e-01 2.545537867963283407e-01
2.753912846644606671e-01 2.545537867963283407e-01 2.000000000000000000e+00 1.000000000000000021e-08 2.530038643359694417e-01 -2.238742032849124208e-01
2.530038643359694417e-01 -2.238742032849124208e-01 1.000000000000000000e+00 1.000000000000000021e-08 2.700082656985368090e-01 1.700440136256737289e-01
2.700082656985368090e-01 1.700440136256737289e-01 0.000000000000000000e+00 1.000000000000000021e-08 4.218500768504853671e-01 1.518418111519485247e+00
4.218500768504853671e-01 1.518418111519485247e+00 2.000000000000000000e+00 1.000000000000000021e-08 5.663045518992688709e-01 1.444544750487834595e+00
5.663045518992688709e-01 1.444544750487834595e+00 1.000000000000000000e+00 1.000000000000000021e-08 7.952051406177819137e-01 2.289005887185130650e+00
7.952051406177819137e-01 2.289005887185130650e+00 0.000000000000000000e+00 1.000000000000000021e-08 1.182329577704509305e+00 3.871244370867274132e+00
1.182329577704509305e+00 3.871244370867274132e+00 0.000000000000000000e+00 9.999000000000000110e-01 1.570796326794896558e+00 5.000000000000000000e+00
-2.666511219144912168e-02 5.384696478558498312e-02 1.000000000000000000e+00 1.000000000000000021e-08 -1.362330108870563744e-02 1.304181110274348354e-01
-1.362330108870563744e-02 1.304181110274348354e-01 1.000000000000000000e+00 1.000000000000000021e-08 -2.004743816863609890e-02 -6.424137079930461458e-02
-2.004743816863609890e-02 -6.424137079930461458e-02 2.000000000000000000e+00 1.000000000000000021e-08 -1.096184346441116120e-01 -8.957099647547550614e-01
-1.096184346441116120e-01 -8.957099647547550614e-01 1.000000000000000000e+00 1.000000000000000021e-08 -2.049827438802202528e-01 -9.536430923610864641e-01
-2.049827438802202528e-01 -9.536430923610864641e-01 2.000000000000000000e+00 1.000000000000000021e-08 -4.127019463748498596e-01 -2.077192024946295845e+00
-4.127019463748498596e-01 -2.077192024946295845e+00 1.000000000000000000e+00 1.000000000000000021e-08 -6.840776211281786034e-01 -2.713756747533287328e+00
-6.840776211281786034e-01 -2.713756747533287328e+00 0.000000000000000000e+00 1.000000000000000021e-08 -9.817554704079143324e-01 -2.976778492797357067e+00
-9.817554704079143324e-01 -2.976778492797357067e+00 2.000000000000000000e+00 1.000000000000000021e-08 -1.444170802641069340e+00 -4.624153322331550520e+00
-1.444170802641069340e+00 -4.624153322331550520e+00 1.000000000000000000e+00 9.999000000000000110e-01 -1.570796326794896558e+00 -5.000000000000000000e+00
1.548793004419462757e-02 3.217087280698539831e-02 1.000000000000000000e+00 1.000000000000000021e-08 2.576214490370961827e-02 1.027421485951498931e-01
2.576214490370961827e-02 1.027421485951498931e-01 0.000000000000000000e+00 1.000000000000000021e-08 1.413810238158600963e-01 1.156188789121504801e+00
1.413810238158600963e-01 1.156188789121504801e+00 1.000000000000000000e+00 1.000000000000000021e-08 2.743200476024438839e-01 1.329390237865838209e+00
2.743200476024438839e-01 1.329390237865838209e+00 1.000000000000000000e+00 1.000000000000000021e-08 4.631217992863609911e-01 1.888017516839171073e+00
4.631217992863609911e-01 1.888017516839171073e+00 2.000000000000000000e+00 1.000000000000000021e-08 6.409064658985560436e-01 1.777846666121950081e+00
6.409064658985560436e-01 1.777846666121950081e+00 2.000000000000000000e+00 1.000000000000000021e-08 8.503480414114130692e-01 2.094415755128570034e+00
8.503480414114130692e-01 2.094415755128570034e+00 2.000000000000000000e+00 1.000000000000000021e-08 1.130171160226271621e+00 2.798231188148584181e+00
1.130171160226271621e+00 2.798231188148584181e+00 1.000000000000000000e+00 1.000000000000000021e-08 1.538121397992447514e+00 4.079502377661759382e+00
1.538121397992447514e+00 4.079502377661759382e+00 0.000000000000000000e+00 9.999000000000000110e-01 1.570796326794896558e+00 5.000000000000000000e+00
-2.794871519389598158e-02 -6.477743193360216423e-02 0.000000000000000000e+00 1.000000000000000021e-08 4.921277733768046614e-02 7.716149253157644772e-01
4.921277733768046614e-02 7.716149253157644772e-01 2.000000000000000000e+00 1.000000000000000021e-08 4.974676635210897868e-02 5.339890144285153184e-03
4.974676635210897868e-02 5.339890144285153184e-03 2.000000000000000000e+00 1.000000000000000021e-08 -3.221076996543084658e-02 -8.195753631753981416e-01
-3.221076996543084658e-02 -8.195753631753981416e-01 2.000000000000000000e+00 1.000000000000000021e-08 -1.919862796319940779e-01 -1.597755096665632202e+00
-1.919862796319940779e-01 -1.597755096665632202e+00 2.000000000000000000e+00 1.000000000000000021e-08 -4.687684871292637778e-01 -2.767822074972697166e+00
-4.687684871292637778e-01 -2.767822074972697166e+00 0.000000000000000000e+00 1.000000000000000021e-08 -7.315170310742231674e-01 -2.627485439449594118e+00
-7.315170310742231674e-01 -2.627485439449594118e+00 2.000000000000000000e+00 1.000000000000000021e-08 -1.146758625474392446e+00 -4.152415944001692338e+00
-1.146758625474392446e+00 -4.152415944001692338e+00 0.000000000000000000e+00 9.999000000000000110e-01 -1.570796326794896558e+00 -5.000000000000000000e+00
-2.436488741917808287e-02 2.693904503428648164e-02 1.000000000000000000e+00 1.000000000000000021e-08 -2.815226933371177756e-02 -3.787381914533695382e-02
-2.815226933371177756e-02 -3.787381914533695382e-02 0.000000000000000000e+00 1.000000000000000021e-08 6.733772550794835110e-02 9.548999484166011964e-01
6.733772550794835110e-02 9.548999484166011964e-01 0.000000000000000000e+00 1.000000000000000021e-08 2.609285133572701865e-01 1.935907878493218437e+00
2.609285133572701865e-01 1.935907878493218437e+00 0.000000000000000000e+00 1.000000000000000021e-08 5.790113405953530856e-01 3.180828272380828992e+00
5.790113405953530856e-01 3.180828272380828992e+00 0.000000000000000000e+00 1.000000000000000021e-08 1.060314779829662601e+00 4.813034392343094936e+00
1.060314779829662601e+00 4.813034392343094936e+00 1.000000000000000000e+00 9.999000000000000110e-01 1.570796326794896558e+00 5.000000000000000000e+00
8.278780401865323824e-02 2.336441788947127979e-02 2.000000000000000000e+00 1.000000000000000021e-08 2.282020433741545340e-02 -5.996759968123778206e-01
2.282020433741545340e-02 -5.996759968123778206e-01 2.000000000000000000e+00 1.000000000000000021e-08 -1.257075688820284420e-01 -1.485277732194439038e+00
-1.257075688820284420e-01 -1.485277732194439038e+00 1.000000000000000000e+00 1.000000000000000021e-08 -2.969368479141250017e-01 -1.712292790320965707e+00
-2.969368479141250017e-01 -1.712292790320965707e+00 0.000000000000000000e+00 1.000000000000000021e-08 -4.258688548152995690e-01 -1.289320069011745895e+00
-4.258688548152995690e-01 -1.289320069011745895e+00 2.000000000000000000e+00 1.000000000000000021e-08 -7.005796088792484166e-01 -2.747107540639487588e+00
-7.005796088792484166e-01 -2.747107540639487588e+00 0.000000000000000000e+00 1.000000000000000021e-08 -1.001660623801643002e+00 -3.010810149223945853e+00
-1.001660623801643002e+00 -3.010810149223945853e+00 0.000000000000000000e+00 1.000000000000000021e-08 -1.375740496161981685e+00 -3.740798723603387721e+00
-1.375740496161981685e+00 -3.740798723603387721e+00 0.000000000000000000e+00 9.999000000000000110e-01 -1.570796326794896558e+00 -4.976041581728033236e+00
7.281120227379074550e-02 -3.441143215925437926e-04 0.000000000000000000e+00 1.000000000000000021e-08 1.650481170468803549e-01 9.223691477308960662e-01
1.650481170468803549e-01 9.223691477308960662e-01 0.000000000000000000e+00 1.000000000000000021e-08 3.801658681338407897e-01 2.151177510869604070e+00
3.801658681338407897e-01 2.151177510869604070e+00 2.000000000000000000e+00 1.000000000000000021e-08 5.885113001288336809e-01 2.083454319949928468e+00
5.885113001288336809e-01 2.083454319949928468e+00 0.000000000000000000e+00 1.000000000000000021e-08 9.550853240447771952e-01 3.665740239159434921e+00
9.550853240447771952e-01 3.665740239159434921e+00 2.000000000000000000e+00 1.000000000000000021e-08 1.401081581804328513e+00 4.459962577595513622e+00
1.401081581804328513e+00 4.459962577595513622e+00 1.000000000000000000e+00 9.999000000000000110e-01 1.570796326794896558e+00 5.000000000000000000e+00
5.240936596882631721e-02 2.976049581723464246e-02 2.000000000000000000e+00 1.000000000000000021e-08 -1.923057113078224106e-02 -7.163993709960855272e-01
-1.923057113078224106e-02 -7.163993709960855272e-01 0.000000000000000000e+00 1.000000000000000021e-08 -1.460470172720730597e-02 4.625869403574933703e-02
-1.460470172720730597e-02 4.625869403574933703e-02 2.000000000000000000e+00 1.000000000000000021e-08 -1.151460692557061821e-01 -1.005413675284988706e+00
-1.151460692557061821e-01 -1.005413675284988706e+00 1.000000000000000000e+00 1.000000000000000021e-08 -2.239589175647057062e-01 -1.088128483089995102e+00
-2.239589175647057062e-01 -1.088128483089995102e+00 1.000000000000000000e+00 1.000000000000000021e-08 -3.801082161104998303e-01 -1.561492985457941129e+00
-3.801082161104998303e-01 -1.561492985457941129e+00 2.000000000000000000e+00 1.000000000000000021e-08 -6.834320722648261626e-01 -3.033238561543263323e+00
-6.834320722648261626e-01 -3.033238561543263323e+00 2.000000000000000000e+00 1.000000000000000021e-08 -1.151301807086747786e+00 -4.678697348219215790e+00
-1.151301807086747786e+00 -4.678697348219215790e+00 2.000000000000000000e+00 9.999000000000000110e-01 -1.570796326794896558e+00 -5.000000000000000000e+00
6.787907734989850894e-02 -1.776810575320802305e-02 2.000000000000000000e+00 1.000000000000000021e-08 -2.682425206202958268e-02 -9.470332941192808329e-01
-2.682425206202958268e-02 -9.470332941192808329e-01 1.000000000000000000e+00 1.000000000000000021e-08 -1.410429219714216531e-01 -1.142186699093920677e+00
-1.410429219714216531e-01 -1.142186699093920677e+00 2.000000000000000000e+00 1.000000000000000021e-08 -3.763796095548103127e-01 -2.353366875833886596e+00
-3.763796095548103127e-01 -2.353366875833886596e+00 0.000000000000000000e+00 1.000000000000000021e-08 -5.949305992219907635e-01 -2.185509896671804064e+00
-5.949305992219907635e-01 -2.185509896671804064e+00 0.000000000000000000e+00 1.000000000000000021e-08 -8.436472701544102115e-01 -2.487166709324194702e+00
-8.436472701544102115e-01 -2.487166709324194702e+00 0.000000000000000000e+00 1.000000000000000021e-08 -1.150657129019593050e+00 -3.070098588651828386e+00
-1.150657129019593050e+00 -3.070098588651828386e+00 1.000000000000000000e+00 9.999000000000000110e-01 -1.570796326794896558e+00 -4.349761829048077288e+00
-1.349301989749654429e-02 5.812967516781274158e-02 0.000000000000000000e+00 1.000000000000000021e-08 7.340267659203134065e-02 8.689569648952787384e-01
7.340267659203134065e-02 8.689569648952787384e-01 1.000000000000000000e+00 1.000000000000000021e-08 1.750557593172392956e-01 1.016530827252079439e+00
1.750557593172392956e-01 1.016530827252079439e+00 1.000000000000000000e+00 1.000000000000000021e-08 3.191189170570670752e-01 1.440631577398277630e+00
3.191189170570670752e-01 1.440631577398277630e+00 0.000000000000000000e+00 1.000000000000000021e-08 5.891915026263950805e-01 2.700725855693280053e+00
5.891915026263950805e-01 2.700725855693280053e+00 0.000000000000000000e+00 1.000000000000000021e-08 1.020812239239422325e+00 4.316207366130273115e+00
1.020812239239422325e+00 4.316207366130273115e+00 0.000000000000000000e+00 9.999000000000000110e-01 1.570796326794896558e+00 5.000000000000000000e+00
7.570707870125462091e-02 6.470583999271714570e-02 1.000000000000000000e+00 1.000000000000000021e-08 8.302658623868920673e-02 7.319507537434589983e-02
8.302658623868920673e-02 7.319507537434589983e-02 2.000000000000000000e+00 1.000000000000000021e-08 2.999592090951515300e-02 -5.303066532917405373e-01
2.999592090951515300e-02 -5.303066532917405373e-01 1.000000000000000000e+00 1.000000000000000021e-08 -2.987832190546883121e-02 -5.987424281498398004e-01
-2.987832190546883121e-02 -5.987424281498398004e-01 1.000000000000000000e+00 1.000000000000000021e-08 -8.166510842247234891e-02 -5.178678651700352464e-01
-8.166510842247234891e-02 -5.178678651700352464e-01 2.000000000000000000e+00 1.000000000000000021e-08 -2.396830329492873335e-01 -1.580179245268149790e+00
-2.396830329492873335e-01 -1.580179245268149790e+00 1.000000000000000000e+00 1.000000000000000021e-08 -4.462350495710242226e-01 -2.065520166217368558e+00
-4.462350495710242226e-01 -2.065520166217368558e+00 0.000000000000000000e+00 1.000000000000000021e-08 -6.455940002568074654e-01 -1.993589506857832871e+00
-6.455940002568074654e-01 -1.993589506857832871e+00 1.000000000000000000e+00 1.000000000000000021e-08 -9.354413805563387418e-01 -2.898473802995312543e+00
-9.354413805563387418e-01 -2.898473802995312543e+00 0.000000000000000000e+00 1.000000000000000021e-08 -1.300064197523606246e+00 -3.646228169672675268e+00
-1.300064197523606246e+00 -3.646228169672675268e+00 2.000000000000000000e+00 9.999000000000000110e-01 -1.570796326794896558e+00 -5.000000000000000000e+00
2.788879925195598269e-02 1.366201248415585892e-02 2.000000000000000000e+00 1.000000000000000021e-08 -5.423176435237498511e-02 -8.212056360433096502e-01
-5.423176435237498511e-02 -8.212056360433096502e-01 2.000000000000000000e+00 1.000000000000000021e-08 -2.425378101056663294e-01 -1.883060457532913290e+00
-2.425378101056663294e-01 -1.883060457532913290e+00 1.000000000000000000e+00 1.000000000000000021e-08 -4.637688485996686039e-01 -2.212310384940022523e+00
-4.637688485996686039e-01 -2.212310384940022523e+00 0.000000000000000000e+00 1.000000000000000021e-08 -6.810418444960859574e-01 -2.172729958964172869e+00
-6.810418444960859574e-01 -2.172729958964172869e+00 1.000000000000000000e+00 1.000000000000000021e-08 -9.848996523715312090e-01 -3.038578078754452516e+00
-9.848996523715312090e-01 -3.038578078754452516e+00 0.000000000000000000e+00 1.000000000000000021e-08 -1.364788674653199863e+00 -3.798890222816686979e+00
-1.364788674653199863e+00 -3.798890222816686979e+00 0.000000000000000000e+00 9.999000000000000110e-01 -1.570796326794896558e+00 -5.000000000000000000e+00
8.127737155546264913e-02 7.449405432566039154e-02 1.000000000000000000e+00 1.000000000000000021e-08 1.056639295530445999e-01 2.438655799758194243e-01
1.056639295530445999e-01 2.438655799758194243e-01 0.000000000000000000e+00 1.000000000000000021e-08 2.363398584218319998e-01 1.306759288687873832e+00
2.363398584218319998e-01 1.306759288687873832e+00 0.000000000000000000e+00 1.000000000000000021e-08 4.974008098741692363e-01 2.610609514523372532e+00
4.974008098741692363e-01 2.610609514523372532e+00 1.000000000000000000e+00 1.000000000000000021e-08 8.427060757453450623e-01 3.453052658711757594e+00
8.427060757453450623e-01 3.453052658711757594e+00 2.000000000000000000e+00 1.000000000000000021e-08 1.249590726079774949e+00 4.068846503344297538e+00
1.249590726079774949e+00 4.068846503344297538e+00 1.000000000000000000e+00 9.999000000000000110e-01 1.570796326794896558e+00 5.000000000000000000e+00
-4.990884524852225862e-02 5.425470667656763502e-02 2.000000000000000000e+00 1.000000000000000021e-08 -1.266722880721961875e-01 -7.676344282367391081e-01
-1.266722880721961875e-01 -7.676344282367391081e-01 2.000000000000000000e+00 1.000000000000000021e-08 -3.069233063199239275e-01 -1.802510182477277123e+00
-3.069233063199239275e-01 -1.802510182477277123e+00 2.000000000000000000e+00 1.000000000000000021e-08 -6.281560198089044533e-01 -3.212327134889804370e+00
-6.281560198089044533e-01 -3.212327134889804370e+00 0.000000000000000000e+00 1.000000000000000021e-08 -9.703349635227065395e-01 -3.421789437138020418e+00
-9.703349635227065395e-01 -3.421789437138020418e+00 2.000000000000000000e+00 1.000000000000000021e-08 -1.475371561980315605e+00 -5.000000000000000000e+00
-1.475371561980315605e+00 -5.000000000000000000e+00 2.000000000000000000e+00 9.999000000000000110e-01 -1.570796326794896558e+00 -5.000000000000000000e+00
7.228651339165040324e-02 8.420326780894300811e-02 2.000000000000000000e+00 1.000000000000000021e-08 7.500144208742454133e-04 -7.153649897077615227e-01
7.500144208742454133e-04 -7.153649897077615227e-01 1.000000000000000000e+00 1.000000000000000021e-08 -5.654025535550279147e-02 -5.729026977637703411e-01
-5.654025535550279147e-02 -5.729026977637703411e-01 0.000000000000000000e+00 1.000000000000000021e-08 -5.140092701055857388e-02 5.139328344944216198e-02
-5.140092701055857388e-02 5.139328344944216198e-02 1.000000000000000000e+00 1.000000000000000021e-08 -6.225987517388902048e-02 -1.085894816333044521e-01
-6.225987517388902048e-02 -1.085894816333044521e-01 2.000000000000000000e+00 1.000000000000000021e-08 -1.659456413899854099e-01 -1.036857662160963756e+00
-1.659456413899854099e-01 -1.036857662160963756e+00 1.000000000000000000e+00 1.000000000000000021e-08 -2.993092735907311175e-01 -1.333636322007457409e+00
-2.993092735907311175e-01 -1.333636322007457409e+00 0.000000000000000000e+00 1.000000000000000021e-08 -4.088706843151848624e-01 -1.095614107244537561e+00
