1.920092190332589946e-02 -6.195541278693553200e-02 0.000000000000000000e+00 1.000000000000000021e-08 1.023389094849615627e-01 8.313798758163566394e-01
1.023389094849615627e-01 8.313798758163566394e-01 0.000000000000000000e+00 1.000000000000000021e-08 2.858154190023086128e-01 1.834765095173470417e+00
2.858154190023086128e-01 1.834765095173470417e+00 2.000000000000000000e+00 1.000000000000000021e-08 4.224894296940513438e-01 1.366740106917427200e+00
4.224894296940513438e-01 1.366740106917427200e+00 1.000000000000000000e+00 1.000000000000000021e-08 6.299223936682853964e-01 2.074329639742340969e+00
6.299223936682853964e-01 2.074329639742340969e+00 1.000000000000000000e+00 1.000000000000000021e-08 9.277841401490585227e-01 2.978617464807731263e+00
9.277841401490585227e-01 2.978617464807731263e+00 0.000000000000000000e+00 1.000000000000000021e-08 1.383716784814563283e+00 4.559326446655047604e+00
1.383716784814563283e+00 4.559326446655047604e+00 2.000000000000000000e+00 9.999000000000000110e-01 1.570796326794896558e+00 5.000000000000000000e+00
-8.493458908555659437e-02 -7.120430181925245516e-02 1.000000000000000000e+00 1.000000000000000021e-08 -1.125520775188059569e-01 -2.761748843324936531e-01
-1.125520775188059569e-01 -2.761748843324936531e-01 0.000000000000000000e+00 1.000000000000000021e-08 -8.303090659225298431e-02 2.952117092655296982e-01
-8.303090659225298431e-02 2.952117092655296982e-01 0.000000000000000000e+00 1.000000000000000021e-08 2.904518347486489960e-02 1.120760900671178728e+00
2.904518347486489960e-02 1.120760900671178728e+00 2.000000000000000000e+00 1.000000000000000021e-08 6.870860407161899497e-02 3.966342059675408427e-01
6.870860407161899497e-02 3.966342059675408427e-01 1.000000000000000000e+00 1.000000000000000021e-08 1.114944653879412079e-01 4.278586131632221012e-01
1.114944653879412079e-01 4.278586131632221012e-01 0.000000000000000000e+00 1.000000000000000021e-08 2.484837374944114385e-01 1.369892721064702279e+00
2.484837374944114385e-01 1.369892721064702279e+00 0.000000000000000000e+00 1.000000000000000021e-08 5.267000863069088989e-01 2.782163488124974826e+00
5.267000863069088989e-01 2.782163488124974826e+00 0.000000000000000000e+00 1.000000000000000021e-08 9.524818998062263287e-01 4.257818134993174297e+00
9.524818998062263287e-01 4.257818134993174297e+00 2.000000000000000000e+00 1.000000000000000021e-08 1.436771039319256094e+00 4.842891395130297205e+00
1.436771039319256094e+00 4.842891395130297205e+00 1.000000000000000000e+00 9.999000000000000110e-01 1.570796326794896558e+00 5.000000000000000000e+00
5.782659271653042832e-02 -1.248264931323232740e-02 0.000000000000000000e+00 1.000000000000000021e-08 1.408070937216388818e-01 8.298050100510844240e-01
1.408070937216388818e-01 8.298050100510844240e-01 1.000000000000000000e+00 1.000000000000000021e-08 2.622926943496511898e-01 1.214856006280123246e+00
2.622926943496511898e-01 1.214856006280123246e+00 1.000000000000000000e+00 1.000000000000000021e-08 4.260818249045837947e-01 1.637891305549326049e+00
4.260818249045837947e-01 1.637891305549326049e+00 2.000000000000000000e+00 1.000000000000000021e-08 5.732370516392337745e-01 1.471552267346499576e+00
5.732370516392337745e-01 1.471552267346499576e+00 2.000000000000000000e+00 1.000000000000000021e-08 7.421502544092779541e-01 1.689132027700441352e+00
7.421502544092779541e-01 1.689132027700441352e+00 0.000000000000000000e+00 1.000000000000000021e-08 1.069650713397624964e+00 3.275004589883470096e+00
1.069650713397624964e+00 3.275004589883470096e+00 1.000000000000000000e+00 1.000000000000000021e-08 1.529497128199919231e+00 4.598464148022941345e+00
1.529497128199919231e+00 4.598464148022941345e+00 0.000000000000000000e+00 9.999000000000000110e-01 1.570796326794896558e+00 5.000000000000000000e+00
-4.501350204831909563e-02 6.901530539354412686e-02 2.000000000000000000e+00 1.000000000000000021e-08 -1.319892645327696290e-01 -8.697576248445052505e-01
-1.319892645327696290e-01 -8.697576248445052505e-01 2.000000000000000000e+00 1.000000000000000021e-08 -3.138961135959911219e-01 -1.819068490632214985e+00
-3.138961135959911219e-01 -1.819068490632214985e+00 2.000000000000000000e+00 1.000000000000000021e-08 -6.410634440242864995e-01 -3.271673304282953332e+00
-6.410634440242864995e-01 -3.271673304282953332e+00 0.000000000000000000e+00 1.000000000000000021e-08 -9.985938711213845353e-01 -3.575304270970979914e+00
-9.985938711213845353e-01 -3.575304270970979914e+00 2.000000000000000000e+00 1.000000000000000021e-08 -1.524986348794535651e+00 -5.000000000000000000e+00
-1.524986348794535651e+00 -5.000000000000000000e+00 1.000000000000000000e+00 9.999000000000000110e-01 -1.570796326794896558e+00 -5.000000000000000000e+00
-6.525622269255031138e-02 6.872059505305627702e-02 1.000000000000000000e+00 1.000000000000000021e-08 -6.452403361063238640e-02 7.321890819179187326e-03
-6.452403361063238640e-02 7.321890819179187326e-03 1.000000000000000000e+00 1.000000000000000021e-08 -7.966017874944368582e-02 -1.513614513881129942e-01
-7.966017874944368582e-02 -1.513614513881129942e-01 1.000000000000000000e+00 1.000000000000000021e-08 -1.137588899547375826e-01 -3.409871120529389676e-01
-1.137588899547375826e-01 -3.409871120529389676e-01 2.000000000000000000e+00 1.000000000000000021e-08 -2.511256884134222545e-01 -1.373667984586846469e+00
-2.511256884134222545e-01 -1.373667984586846469e+00 0.000000000000000000e+00 1.000000000000000021e-08 -3.405800087849919500e-01 -8.945432037156967331e-01
-3.405800087849919500e-01 -8.945432037156967331e-01 1.000000000000000000e+00 1.000000000000000021e-08 -4.946281014492760475e-01 -1.540480926642841197e+00
-4.946281014492760475e-01 -1.540480926642841197e+00 1.000000000000000000e+00 1.000000000000000021e-08 -7.401094262868486151e-01 -2.454813248375725898e+00
-7.401094262868486151e-01 -2.454813248375725898e+00 1.000000000000000000e+00 1.000000000000000021e-08 -1.100695347901074372e+00 -3.605859216142257573e+00
-1.100695347901074372e+00 -3.605859216142257573e+00 0.000000000000000000e+00 1.000000000000000021e-08 -1.557327224295527834e+00 -4.566318763944535064e+00
-1.557327224295527834e+00 -4.566318763944535064e+00 2.000000000000000000e+00 9.999000000000000110e-01 -1.570796326794896558e+00 -5.000000000000000000e+00
3.794231108779971828e-02 -2.820488099197029225e-02 0.000000000000000000e+00 1.000000000000000021e-08 1.282889406498524121e-01 9.034662956205270490e-01
1.282889406498524121e-01 9.034662956205270490e-01 2.000000000000000000e+00 1.000000000000000021e-08 1.516071818522535808e-01 2.331824120240116871e-01
1.516071818522535808e-01 2.331824120240116871e-01 2.000000000000000000e+00 1.000000000000000021e-08 1.158692969335196610e-01 -3.573788491873390871e-01
1.158692969335196610e-01 -3.573788491873390871e-01 1.000000000000000000e+00 1.000000000000000021e-08 1.005293265867926306e-01 -1.533997034672703041e-01
1.005293265867926306e-01 -1.533997034672703041e-01 0.000000000000000000e+00 1.000000000000000021e-08 1.966030201584403336e-01 9.607369357164767809e-01
1.966030201584403336e-01 9.607369357164767809e-01 2.000000000000000000e+00 1.000000000000000021e-08 2.305901960386609606e-01 3.398717588022062142e-01
2.305901960386609606e-01 3.398717588022062142e-01 1.000000000000000000e+00 1.000000000000000021e-08 3.046175755574799249e-01 7.402737951881895873e-01
3.046175755574799249e-01 7.402737951881895873e-01 2.000000000000000000e+00 1.000000000000000021e-08 3.463615742609021941e-01 4.174399870342223595e-01
3.463615742609021941e-01 4.174399870342223595e-01 2.000000000000000000e+00 1.000000000000000021e-08 3.745815264168966818e-01 2.821995215599448770e-01
3.745815264168966818e-01 2.821995215599448770e-01 0.000000000000000000e+00 1.000000000000000021e-08 5.413724192267318491e-01 1.667908928098351451e+00
5.413724192267318491e-01 1.667908928098351451e+00 0.000000000000000000e+00 1.000000000000000021e-08 8.625012535310180306e-01 3.211288343042861371e+00
8.625012535310180306e-01 3.211288343042861371e+00 1.000000000000000000e+00 1.000000000000000021e-08 1.287356226324731345e+00 4.248549727937131593e+00
1.287356226324731345e+00 4.248549727937131593e+00 2.000000000000000000e+00 9.999000000000000110e-01 1.570796326794896558e+00 5.000000000000000000e+00
-6.016276347548672743e-02 2.524760282266641509e-02 2.000000000000000000e+00 1.000000000000000021e-08 -1.603311076878021768e-01 -1.001683442123154411e+00
-1.603311076878021768e-01 -1.001683442123154411e+00 2.000000000000000000e+00 1.000000000000000021e-08 -3.784414536791678163e-01 -2.181103459913656284e+00
-3.784414536791678163e-01 -2.181103459913656284e+00 2.000000000000000000e+00 1.000000000000000021e-08 -7.488178790829309595e-01 -3.703764254037631432e+00
-7.488178790829309595e-01 -3.703764254037631432e+00 2.000000000000000000e+00 1.000000000000000021e-08 -1.279007849646316197e+00 -5.000000000000000000e+00
-1.279007849646316197e+00 -5.000000000000000000e+00 1.000000000000000000e+00 9.999000000000000110e-01 -1.570796326794896558e+00 -5.000000000000000000e+00
7.850030139954283781e-02 -8.078396656758421446e-02 0.000000000000000000e+00 1.000000000000000021e-08 1.878583871394205740e-01 1.093580857398777306e+00
1.878583871394205740e-01 1.093580857398777306e+00 2.000000000000000000e+00 1.000000000000000021e-08 2.582378227810860349e-01 7.037943564166547761e-01
2.582378227810860349e-01 7.037943564166547761e-01 2.000000000000000000e+00 1.000000000000000021e-08 2.781773695263299317e-01 1.993954674524390791e-01
2.781773695263299317e-01 1.993954674524390791e-01 1.000000000000000000e+00 1.000000000000000021e-08 3.598780746667618047e-01 8.170070514043183962e-01
3.598780746667618047e-01 8.170070514043183962e-01 0.000000000000000000e+00 1.000000000000000021e-08 5.897300585313784982e-01 2.298519838646167379e+00
5.897300585313784982e-01 2.298519838646167379e+00 1.000000000000000000e+00 1.000000000000000021e-08 9.067477530673896391e-01 3.170176945360111187e+00
9.067477530673896391e-01 3.170176945360111187e+00 2.000000000000000000e+00 1.000000000000000021e-08 1.293277139418174126e+00 3.865293863507843763e+00
1.293277139418174126e+00 3.865293863507843763e+00 2.000000000000000000e+00 9.999000000000000110e-01 1.570796326794896558e+00 5.000000000000000000e+00
-3.246569204635267603e-02 6.838210758381291221e-02 0.000000000000000000e+00 1.000000000000000021e-08 6.613217728560517872e-02 9.859786933195784364e-01
6.613217728560517872e-02 9.859786933195784364e-01 1.000000000000000000e+00 1.000000000000000021e-08 1.676172651578530237e-01 1.014850878722478367e+00
1.676172651578530237e-01 1.014850878722478367e+00 1.000000000000000000e+00 1.000000000000000021e-08 3.093564469085880453e-01 1.417391817507350105e+00
3.093564469085880453e-01 1.417391817507350105e+00 2.000000000000000000e+00 1.000000000000000021e-08 4.141992347278078412e-01 1.048427878192197849e+00
4.141992347278078412e-01 1.048427878192197849e+00 2.000000000000000000e+00 1.000000000000000021e-08 4.919291012075802660e-01 7.772986647977239150e-01
4.919291012075802660e-01 7.772986647977239150e-01 2.000000000000000000e+00 1.000000000000000021e-08 5.714380511893825121e-01 7.950894998180227935e-01
5.714380511893825121e-01 7.950894998180227935e-01 1.000000000000000000e+00 1.000000000000000021e-08 7.487090286262862993e-01 1.772709774369037428e+00
7.487090286262862993e-01 1.772709774369037428e+00 2.000000000000000000e+00 1.000000000000000021e-08 9.809160678133106437e-01 2.322070391870243888e+00
9.809160678133106437e-01 2.322070391870243888e+00 1.000000000000000000e+00 1.000000000000000021e-08 1.344596939247908907e+00 3.636808714345983518e+00
1.344596939247908907e+00 3.636808714345983518e+00 2.000000000000000000e+00 9.999000000000000110e-01 1.570796326794896558e+00 4.872401593947186527e+00
4.995379335756101186e-02 -5.055077681813879842e-02 1.000000000000000000e+00 1.000000000000000021e-08 5.143813747706969808e-02 1.484344119508687609e-02
5.143813747706969808e-02 1.484344119508687609e-02 1.000000000000000000e+00 1.000000000000000021e-08 6.952444281799941006e-02 1.808630534092971198e-01
6.952444281799941006e-02 1.808630534092971198e-01 1.000000000000000000e+00 1.000000000000000021e-08 8.244091967550594424e-02 1.291647685750653141e-01
8.244091967550594424e-02 1.291647685750653141e-01 1.000000000000000000e+00 1.000000000000000021e-08 1.185025873721909928e-01 3.606166769668504024e-01
1.185025873721909928e-01 3.606166769668504024e-01 0.000000000000000000e+00 1.000000000000000021e-08 2.556037768932493126e-01 1.371011895210583420e+00
2.556037768932493126e-01 1.371011895210583420e+00 2.000000000000000000e+00 1.000000000000000021e-08 3.549246943477460947e-01 9.932091745449675990e-01
3.549246943477460947e-01 9.932091745449675990e-01 1.000000000000000000e+00 1.000000000000000021e-08 5.138609342707110006e-01 1.589362399229648837e+00
5.138609342707110006e-01 1.589362399229648837e+00 1.000000000000000000e+00 1.000000000000000021e-08 7.483244530531556471e-01 2.344635187824446465e+00
7.483244530531556471e-01 2.344635187824446465e+00 2.000000000000000000e+00 1.000000000000000021e-08 1.036844882515506994e+00 2.885204294623513466e+00
1.036844882515506994e+00 2.885204294623513466e+00 2.000000000000000000e+00 1.000000000000000021e-08 1.405973671981455286e+00 3.691287894659483371e+00
1.405973671981455286e+00 3.691287894659483371e+00 1.000000000000000000e+00 9.999000000000000110e-01 1.570796326794896558e+00 5.000000000000000000e+00
3.466844676479317183e-02 2.697939531468797683e-02 1.000000000000000000e+00 1.000000000000000021e-08 6.032027484679407942e-02 2.565182808200090481e-01
6.032027484679407942e-02 2.565182808200090481e-01 0.000000000000000000e+00 1.000000000000000021e-08 1.825338537788227244e-01 1.222135789320286436e+00
1.825338537788227244e-01 1.222135789320286436e+00 2.000000000000000000e+00 1.000000000000000021e-08 2.655134329610222554e-01 8.297957918219955875e-01
2.655134329610222554e-01 8.297957918219955875e-01 2.000000000000000000e+00 1.000000000000000021e-08 3.160332403615789265e-01 5.051980740055664887e-01
3.160332403615789265e-01 5.051980740055664887e-01 0.000000000000000000e+00 1.000000000000000021e-08 5.159423077819291770e-01 1.999090674203501727e+00
5.159423077819291770e-01 1.999090674203501727e+00 0.000000000000000000e+00 1.000000000000000021e-08 8.807382436741602039e-01 3.647959358922310713e+00
8.807382436741602039e-01 3.647959358922310713e+00 2.000000000000000000e+00 1.000000000000000021e-08 1.295164492886963892e+00 4.144262492128037323e+00
1.295164492886963892e+00 4.144262492128037323e+00 2.000000000000000000e+00 9.999000000000000110e-01 1.570796326794896558e+00 5.000000000000000000e+00
7.633081281374869131e-02 -3.005002904469620401e-03 0.000000000000000000e+00 1.000000000000000021e-08 1.847997686229096437e-01 1.084689558091609607e+00
1.847997686229096437e-01 1.084689558091609607e+00 0.000000000000000000e+00 1.000000000000000021e-08 4.225032011665958431e-01 2.377034325436861995e+00
4.225032011665958431e-01 2.377034325436861995e+00 2.000000000000000000e+00 1.000000000000000021e-08 6.621915560985640603e-01 2.396883549319682061e+00
6.621915560985640603e-01 2.396883549319682061e+00 2.000000000000000000e+00 1.000000000000000021e-08 9.187268652212741138e-01 2.565353091227100535e+00
9.187268652212741138e-01 2.565353091227100535e+00 1.000000000000000000e+00 1.000000000000000021e-08 1.294954532681146686e+00 3.762276674598726167e+00
1.294954532681146686e+00 3.762276674598726167e+00 0.000000000000000000e+00 9.999000000000000110e-01 1.570796326794896558e+00 5.000000000000000000e+00
8.414369009210388717e-02 -5.809714831998425560e-02 2.000000000000000000e+00 1.000000000000000021e-08 -9.536723397683244396e-03 -9.368041348978712879e-01
-9.536723397683244396e-03 -9.368041348978712879e-01 0.000000000000000000e+00 1.000000000000000021e-08 -2.507203445106324230e-02 -1.553531105337999652e-01
-2.507203445106324230e-02 -1.553531105337999652e-01 2.000000000000000000e+00 1.000000000000000021e-08 -1.491810852013275845e-01 -1.241090507502643492e+00
-1.491810852013275845e-01 -1.241090507502643492e+00 2.000000000000000000e+00 1.000000000000000021e-08 -3.882259797079352093e-01 -2.390448945066076192e+00
-3.882259797079352093e-01 -2.390448945066076192e+00 0.000000000000000000e+00 1.000000000000000021e-08 -6.047297587191966528e-01 -2.165037790112614324e+00
-6.047297587191966528e-01 -2.165037790112614324e+00 0.000000000000000000e+00 1.000000000000000021e-08 -8.463842177747469275e-01 -2.416544590555502303e+00
-8.463842177747469275e-01 -2.416544590555502303e+00 1.000000000000000000e+00 1.000000000000000021e-08 -1.195802654347636773e+00 -3.494184365728898456e+00
-1.195802654347636773e+00 -3.494184365728898456e+00 0.000000000000000000e+00 9.999000000000000110e-01 -1.570796326794896558e+00 -4.593676189313563363e+00
-5.781508691065272154e-02 -7.837117272553192904e-02 2.000000000000000000e+00 1.000000000000000021e-08 -1.788253350025827693e-01 -1.210102480919300394e+00
-1.788253350025827693e-01 -1.210102480919300394e+00 1.000000000000000000e+00 1.000000000000000021e-08 -3.136156421170707143e-01 -1.347903071144879616e+00
-3.136156421170707143e-01 -1.347903071144879616e+00 1.000000000000000000e+00 1.000000000000000021e-08 -5.012676226852995631e-01 -1.876519805682288489e+00
-5.012676226852995631e-01 -1.876519805682288489e+00 2.000000000000000000e+00 1.000000000000000021e-08 -8.320915628373772854e-01 -3.308239401520777001e+00
-8.320915628373772854e-01 -3.308239401520777001e+00 1.000000000000000000e+00 1.000000000000000021e-08 -1.277720306913973314e+00 -4.456287440765960284e+00
-1.277720306913973314e+00 -4.456287440765960284e+00 1.000000000000000000e+00 9.999000000000000110e-01 -1.570796326794896558e+00 -5.000000000000000000e+00
-4.323121824688046233e-03 -7.790188831382231782e-02 1.000000000000000000e+00 1.000000000000000021e-08 -3.549851704410742111e-03 7.732701202773042959e-03
-3.549851704410742111e-03 7.732701202773042959e-03 1.000000000000000000e+00 1.000000000000000021e-08 3.705239799591903901e-04 3.920375684369932501e-02
3.705239799591903901e-04 3.920375684369932501e-02 0.000000000000000000e+00 1.000000000000000021e-08 1.024272747185976939e-01 1.020567507386384909e+00
1.024272747185976939e-01 1.020567507386384909e+00 2.000000000000000000e+00 1.000000000000000021e-08 1.518235148667859413e-01 4.939624014818825293e-01
1.518235148667859413e-01 4.939624014818825293e-01 0.000000000000000000e+00 1.000000000000000021e-08 3.267607859763438927e-01 1.749372711095579458e+00
3.267607859763438927e-01 1.749372711095579458e+00 1.000000000000000000e+00 1.000000000000000021e-08 5.452287996219291610e-01 2.184680136455853017e+00
5.452287996219291610e-01 2.184680136455853017e+00 1.000000000000000000e+00 1.000000000000000021e-08 8.598915761328582708e-01 3.146627765109291541e+00
8.598915761328582708e-01 3.146627765109291541e+00 1.000000000000000000e+00 1.000000000000000021e-08 1.293866331692673732e+00 4.339747555598154172e+00
1.293866331692673732e+00 4.339747555598154172e+00 1.000000000000000000e+00 9.999000000000000110e-01 1.570796326794896558e+00 5.000000000000000000e+00
-6.371638724692513245e-02 -8.354240332948140169e-02 1.000000000000000000e+00 1.000000000000000021e-08 -9.689684152986202670e-02 -3.318045428293688870e-01
-9.689684152986202670e-02 -3.318045428293688870e-01 1.000000000000000000e+00 1.000000000000000021e-08 -1.535611671007296453e-01 -5.666432557086760191e-01
-1.535611671007296453e-01 -5.666432557086760191e-01 0.000000000000000000e+00 1.000000000000000021e-08 -1.538378632628557008e-01 -2.766961621260444204e-03
-1.538378632628557008e-01 -2.766961621260444204e-03 2.000000000000000000e+00 1.000000000000000021e-08 -2.661816982385329378e-01 -1.123438349756772148e+00
-2.661816982385329378e-01 -1.123438349756772148e+00 1.000000000000000000e+00 1.000000000000000021e-08 -4.200350422076888912e-01 -1.538533439691559312e+00
-4.200350422076888912e-01 -1.538533439691559312e+00 2.000000000000000000e+00 1.000000000000000021e-08 -7.042699518254391666e-01 -2.842349096177501977e+00
-7.042699518254391666e-01 -2.842349096177501977e+00 0.000000000000000000e+00 1.000000000000000021e-08 -1.026288170748338224e+00 -3.220182189228991021e+00
-1.026288170748338224e+00 -3.220182189228991021e+00 2.000000000000000000e+00 1.000000000000000021e-08 -1.513897731982104533e+00 -4.876095612337663532e+00
-1.513897731982104533e+00 -4.876095612337663532e+00 2.000000000000000000e+00 9.999000000000000110e-01 -1.570796326794896558e+00 -5.000000000000000000e+00
6.431050866211275585e-02 -2.300393688306933554e-02 1.000000000000000000e+00 1.000000000000000021e-08 5.937794314287864889e-02 -4.932565519234104884e-02
5.937794314287864889e-02 -4.932565519234104884e-02 1.000000000000000000e+00 1.000000000000000021e-08 7.517143114750710065e-02 1.579348800462845037e-01
7.517143114750710065e-02 1.579348800462845037e-01 1.000000000000000000e+00 1.000000000000000021e-08 1.149328760589305443e-01 3.976144491142344917e-01
1.149328760589305443e-01 3.976144491142344917e-01 2.000000000000000000e+00 1.000000000000000021e-08 1.021029623695640237e-01 -1.282991368936652332e-01
1.021029623695640237e-01 -1.282991368936652332e-01 1.000000000000000000e+00 1.000000000000000021e-08 9.170949205521544689e-02 -1.039347031434858237e-01
9.170949205521544689e-02 -1.039347031434858237e-01 1.000000000000000000e+00 1.000000000000000021e-08 9.623775120364425062e-02 4.528259148428806502e-02
9.623775120364425062e-02 4.528259148428806502e-02 1.000000000000000000e+00 1.000000000000000021e-08 1.223400928682929767e-01 2.610234166464872052e-01
1.223400928682929767e-01 2.610234166464872052e-01 1.000000000000000000e+00 1.000000000000000021e-08 1.699292233764553017e-01 4.758913050816232504e-01
1.699292233764553017e-01 4.758913050816232504e-01 0.000000000000000000e+00 1.000000000000000021e-08 3.493730828495925644e-01 1.794438594731372572e+00
3.493730828495925644e-01 1.794438594731372572e+00 2.000000000000000000e+00 1.000000000000000021e-08 5.189681650545860947e-01 1.695950822049935747e+00
5.189681650545860947e-01 1.695950822049935747e+00 1.000000000000000000e+00 1.000000000000000021e-08 7.544623938936506624e-01 2.354942288390645455e+00
7.544623938936506624e-01 2.354942288390645455e+00 1.000000000000000000e+00 1.000000000000000021e-08 1.101175762483332488e+00 3.467133685896817585e+00
1.101175762483332488e+00 3.467133685896817585e+00 1.000000000000000000e+00 9.999000000000000110e-01 1.570796326794896558e+00 4.801336283258256898e+00
-5.422879153476681258e-02 6.880555426492571125e-02 2.000000000000000000e+00 1.000000000000000021e-08 -1.360602876357581703e-01 -8.183149610099136329e-01
-1.360602876357581703e-01 -8.183149610099136329e-01 1.000000000000000000e+00 1.000000000000000021e-08 -2.289723869808299450e-01 -9.291209934507178581e-01
-2.289723869808299450e-01 -9.291209934507178581e-01 1.000000000000000000e+00 1.000000000000000021e-08 -3.577259998354495041e-01 -1.287536128546195258e+00
-3.577259998354495041e-01 -1.287536128546195258e+00 2.000000000000000000e+00 1.000000000000000021e-08 -6.232099573331624232e-01 -2.654839574977128969e+00
-6.232099573331624232e-01 -2.654839574977128969e+00 1.000000000000000000e+00 1.000000000000000021e-08 -9.723989239270205420e-01 -3.491889665938581189e+00
-9.723989239270205420e-01 -3.491889665938581189e+00 0.000000000000000000e+00 1.000000000000000021e-08 -1.388412755403880317e+00 -4.160138314768597745e+00
-1.388412755403880317e+00 -4.160138314768597745e+00 2.000000000000000000e+00 9.999000000000000110e-01 -1.570796326794896558e+00 -5.000000000000000000e+00
2.646435629920056154e-02 4.054491387606282138e-02 0.000000000000000000e+00 1.000000000000000021e-08 1.155444803113244712e-01 8.908012401212390685e-01
1.155444803113244712e-01 8.908012401212390685e-01 1.000000000000000000e+00 1.000000000000000021e-08 2.165113890604892788e-01 1.009669087491647854e+00
2.165113890604892788e-01 1.009669087491647854e+00 2.000000000000000000e+00 1.000000000000000021e-08 2.649185092721169088e-01 4.840712021162759671e-01
2.649185092721169088e-01 4.840712021162759671e-01 1.000000000000000000e+00 1.000000000000000021e-08 3.484629692943338464e-01 8.354446002221694867e-01
3.484629692943338464e-01 8.354446002221694867e-01 0.000000000000000000e+00 1.000000000000000021e-08 5.858301940865913160e-01 2.373672247922574030e+00
5.858301940865913160e-01 2.373672247922574030e+00 1.000000000000000000e+00 1.000000000000000021e-08 9.016852187561041898e-01 3.158550246695128294e+00
9.016852187561041898e-01 3.158550246695128294e+00 1.000000000000000000e+00 1.000000000000000021e-08 1.324438869529554363e+00 4.227536507734502180e+00
1.324438869529554363e+00 4.227536507734502180e+00 2.000000000000000000e+00 9.999000000000000110e-01 1.570796326794896558e+00 5.000000000000000000e+00
-6.388635081555490980e-02 5.167694754010772329e-02 1.000000000000000000e+00 1.000000000000000021e-08 -8.167156083863126581e-02 -1.778521002307635324e-01
-8.167156083863126581e-02 -1.778521002307635324e-01 0.000000000000000000e+00 1.000000000000000021e-08 -1.440559511429326256e-02 6.726596572433800603e-01
-1.440559511429326256e-02 6.726596572433800603e-01 0.000000000000000000e+00 1.000000000000000021e-08 1.408111521366690322e-01 1.552167472509622836e+00
1.408111521366690322e-01 1.552167472509622836e+00 1.000000000000000000e+00 1.000000000000000021e-08 3.297160350532624129e-01 1.889048829165933530e+00
3.297160350532624129e-01 1.889048829165933530e+00 0.000000000000000000e+00 1.000000000000000021e-08 6.686422489823691251e-01 3.389262139291066234e+00
6.686422489823691251e-01 3.389262139291066234e+00 1.000000000000000000e+00 1.000000000000000021e-08 1.094758508023274235e+00 4.261162590409050210e+00
1.094758508023274235e+00 4.261162590409050210e+00 1.000000000000000000e+00 9.999000000000000110e-01 1.570796326794896558e+00 5.000000000000000000e+00
3.565667012615500453e-02 5.883949095764959281e-02 1.000000000000000000e+00 1.000000000000000021e-08 3.805760789106375080e-02 2.400937764908746969e-02
3.805760789106375080e-02 2.400937764908746969e-02 0.000000000000000000e+00 1.000000000000000021e-08 1.283959120854131775e-01 9.033830419434942804e-01
1.283959120854131775e-01 9.033830419434942804e-01 0.000000000000000000e+00 1.000000000000000021e-08 3.320988250858704083e-01 2.037029130004571975e+00
3.320988250858704083e-01 2.037029130004571975e+00 0.000000000000000000e+00 1.000000000000000021e-08 6.755386563628873464e-01 3.434398312770169603e+00
6.755386563628873464e-01 3.434398312770169603e+00 2.000000000000000000e+00 1.000000000000000021e-08 1.056002831689487831e+00 3.804641753266004844e+00
1.056002831689487831e+00 3.804641753266004844e+00 2.000000000000000000e+00 1.000000000000000021e-08 1.514217555328846609e+00 4.582147236393588230e+00
1.514217555328846609e+00 4.582147236393588230e+00 1.000000000000000000e+00 9.999000000000000110e-01 1.570796326794896558e+00 5.000000000000000000e+00
3.659996536689183455e-02 -3.762787376077950108e-02 2.000000000000000000e+00 1.000000000000000021e-08 -6.650583983067863414e-02 -1.031058051975704659e+00
-6.650583983067863414e-02 -1.031058051975704659e+00 2.000000000000000000e+00 1.000000000000000021e-08 -2.706876315453148885e-01 -2.041817917146362404e+00
-2.706876315453148885e-01 -2.041817917146362404e+00 2.000000000000000000e+00 1.000000000000000021e-08 -5.907756943277775452e-01 -3.200880627824625790e+00
-5.907756943277775452e-01 -3.200880627824625790e+00 1.000000000000000000e+00 1.000000000000000021e-08 -9.808877845165544507e-01 -3.901120901887769499e+00
-9.808877845165544507e-01 -3.901120901887769499e+00 0.000000000000000000e+00 1.000000000000000021e-08 -1.444773129615501528e+00 -4.638853450989469884e+00
-1.444773129615501528e+00 -4.638853450989469884e+00 1.000000000000000000e+00 9.999000000000000110e-01 -1.570796326794896558e+00 -5.000000000000000000e+00
4.356710080223445691e-02 3.150143245970998124e-02 2.000000000000000000e+00 1.000000000000000021e-08 -1.674185243553552582e-02 -6.030895323776997996e-01
-1.674185243553552582e-02 -6.030895323776997996e-01 0.000000000000000000e+00 1.000000000000000021e-08 1.891106410891652684e-02 3.565291654445205127e-01
1.891106410891652684e-02 3.565291654445205127e-01 2.000000000000000000e+00 1.000000000000000021e-08 -2.370867169773410027e-02 -4.261973580665062711e-01
-2.370867169773410027e-02 -4.261973580665062711e-01 0.000000000000000000e+00 1.000000000000000021e-08 8.820972587239149509e-03 3.252964428497324700e-01
8.820972587239149509e-03 3.252964428497324700e-01 1.000000000000000000e+00 1.000000000000000021e-08 5.064692279054143487e-02 4.182595020330228119e-01
5.064692279054143487e-02 4.182595020330228119e-01 0.000000000000000000e+00 1.000000000000000021e-08 1.923539894632657621e-01 1.417070666727243022e+00
1.923539894632657621e-01 1.417070666727243022e+00 0.000000000000000000e+00 1.000000000000000021e-08 4.575776212921223163e-01 2.652236318288565542e+00
4.575776212921223163e-01 2.652236318288565542e+00 1.000000000000000000e+00 1.000000000000000021e-08 8.026309780047524711e-01 3.450533567126300660e+00
8.026309780047524711e-01 3.450533567126300660e+00 1.000000000000000000e+00 1.000000000000000021e-08 1.257216311107711926e+00 4.545853331029594102e+00
1.257216311107711926e+00 4.545853331029594102e+00 0.000000000000000000e+00 9.999000000000000110e-01 1.570796326794896558e+00 5.000000000000000000e+00
-3.968185177109176398e-02 -8.193272817671667929e-02 2.000000000000000000e+00 1.000000000000000021e-08 -1.393978791344334667e-01 -9.971602736334169714e-01
-1.393978791344334667e-01 -9.971602736334169714e-01 0.000000000000000000e+00 1.000000000000000021e-08 -1.699421964701136045e-01 -3.054431733568014895e-01
-1.699421964701136045e-01 -3.054431733568014895e-01 1.000000000000000000e+00 1.000000000000000021e-08 -2.240727558377767492e-01 -5.413055936766315579e-01
-2.240727558377767492e-01 -5.413055936766315579e-01 2.000000000000000000e+00 1.000000000000000021e-08 -4.168653674857104585e-01 -1.927926116479337093e+00
-4.168653674857104585e-01 -1.927926116479337093e+00 0.000000000000000000e+00 1.000000000000000021e-08 -5.836210126228605910e-01 -1.667556451371501325e+00
-5.836210126228605910e-01 -1.667556451371501325e+00 0.000000000000000000e+00 1.000000000000000021e-08 -7.579431549223263342e-01 -1.743221422994657210e+00
-7.579431549223263342e-01 -1.743221422994657210e+00 0.000000000000000000e+00 1.000000000000000021e-08 -9.885228119110025524e-01 -2.305796569886761738e+00
-9.885228119110025524e-01 -2.305796569886761738e+00 1.000000000000000000e+00 1.000000000000000021e-08 -1.338742164821215441e+00 -3.502193529102128444e+00
-1.338742164821215441e+00 -3.502193529102128444e+00 2.000000000000000000e+00 9.999000000000000110e-01 -1.570796326794896558e+00 -5.000000000000000000e+00
-2.549044376380166926e-02 -8.292033086032603306e-02 2.000000000000000000e+00 1.000000000000000021e-08 -1.091351078405897457e-01 -8.364466407678806670e-01
-1.091351078405897457e-01 -8.364466407678806670e-01 2.000000000000000000e+00 1.000000000000000021e-08 -2.907152327914785395e-01 -1.815801249508887771e+00
-2.907152327914785395e-01 -1.815801249508887771e+00 0.000000000000000000e+00 1.000000000000000021e-08 -4.509931942446175901e-01 -1.602779614531390395e+00
-4.509931942446175901e-01 -1.602779614531390395e+00 0.000000000000000000e+00 1.000000000000000021e-08 -5.973345291074060315e-01 -1.463413348627884414e+00
-5.973345291074060315e-01 -1.463413348627884414e+00 1.000000000000000000e+00 1.000000000000000021e-08 -8.411945924265639141e-01 -2.438600633191578382e+00
-8.411945924265639141e-01 -2.438600633191578382e+00 0.000000000000000000e+00 1.000000000000000021e-08 -1.139525206304386806e+00 -2.983306138778228256e+00
-1.139525206304386806e+00 -2.983306138778228256e+00 1.000000000000000000e+00 9.999000000000000110e-01 -1.570796326794896558e+00 -4.342488891251921501e+00
-7.399972137504672032e-02 -1.346770743014024177e-02 1.000000000000000000e+00 1.000000000000000021e-08 -1.043046470932270098e-01 -3.030492571818028114e-01
-1.043046470932270098e-01 -3.030492571818028114e-01 1.000000000000000000e+00 1.000000000000000021e-08 -1.577951278804541890e-01 -5.349048078722716815e-01
-1.577951278804541890e-01 -5.349048078722716815e-01 1.000000000000000000e+00 1.000000000000000021e-08 -2.371184573278013463e-01 -7.932332944734713509e-01
-2.371184573278013463e-01 -7.932332944734713509e-01 0.000000000000000000e+00 1.000000000000000021e-08 -2.570314944821948111e-01 -1.991303715439345368e-01
-2.570314944821948111e-01 -1.991303715439345368e-01 0.000000000000000000e+00 1.000000000000000021e-08 -2.206391379177438383e-01 3.639235656445096723e-01
-2.206391379177438383e-01 3.639235656445096723e-01 2.000000000000000000e+00 1.000000000000000021e-08 -3.101217841144869869e-01 -8.948264619674315412e-01
-3.101217841144869869e-01 -8.948264619674315412e-01 0.000000000000000000e+00 1.000000000000000021e-08 -3.713734365310144558e-01 -6.125165241652748005e-01
-3.713734365310144558e-01 -6.125165241652748005e-01 1.000000000000000000e+00 1.000000000000000021e-08 -5.035666869100298149e-01 -1.321932503790153701e+00
-5.035666869100298149e-01 -1.321932503790153701e+00 1.000000000000000000e+00 1.000000000000000021e-08 -7.136594286873672033e-01 -2.100927417773374106e+00
-7.136594286873672033e-01 -2.100927417773374106e+00 0.000000000000000000e+00 1.000000000000000021e-08 -9.700266190018386192e-01 -2.563671903144713937e+00
-9.700266190018386192e-01 -2.563671903144713937e+00 1.000000000000000000e+00 1.000000000000000021e-08 -1.348950266568528900e+00 -3.789236475666902138e+00
-1.348950266568528900e+00 -3.789236475666902138e+00 0.000000000000000000e+00 9.999000000000000110e-01 -1.570796326794896558e+00 -4.995584653856131929e+00
-4.411634496799257676e-02 5.234849883674341786e-04 2.000000000000000000e+00 1.000000000000000021e-08 -1.381015358993830655e-01 -9.398519093139047209e-01
-1.381015358993830655e-01 -9.398519093139047209e-01 0.000000000000000000e+00 1.000000000000000021e-08 -1.715552700250394524e-01 -3.345373412565638693e-01
-1.715552700250394524e-01 -3.345373412565638693e-01 1.000000000000000000e+00 1.000000000000000021e-08 -2.503215622847467237e-01 -7.876629225970728232e-01
-2.503215622847467237e-01 -7.876629225970728232e-01 1.000000000000000000e+00 1.000000000000000021e-08 -3.555780629745154409e-01 -1.052565006897686839e+00
-3.555780629745154409e-01 -1.052565006897686839e+00 1.000000000000000000e+00 1.000000000000000021e-08 -5.234874784776147871e-01 -1.679094155030993019e+00
-5.234874784776147871e-01 -1.679094155030993019e+00 0.000000000000000000e+00 1.000000000000000021e-08 -6.868666616728940078e-01 -1.633791831952792206e+00
-6.868666616728940078e-01 -1.633791831952792206e+00 0.000000000000000000e+00 1.000000000000000021e-08 -8.982962043942396280e-01 -2.114295427213455980e+00
-8.982962043942396280e-01 -2.114295427213455980e+00 1.000000000000000000e+00 1.000000000000000021e-08 -1.226549934770594152e+00 -3.282537303763543690e+00
-1.226549934770594152e+00 -3.282537303763543690e+00 0.000000000000000000e+00 9.999000000000000110e-01 -1.570796326794896558e+00 -4.346441773562182753e+00
4.814513975442698268e-02 -4.875941677456373247e-02 0.000000000000000000e+00 1.000000000000000021e-08 1.436617311315729062e-01 9.551659137714592074e-01
1.436617311315729062e-01 9.551659137714592074e-01 1.000000000000000000e+00 1.000000000000000021e-08 2.529155293743875488e-01 1.092537982428146037e+00
2.529155293743875488e-01 1.092537982428146037e+00 2.000000000000000000e+00 1.000000000000000021e-08 3.225446810737103154e-01 6.962915169932275550e-01
3.225446810737103154e-01 6.962915169932275550e-01 2.000000000000000000e+00 1.000000000000000021e-08 3.599405471960234748e-01 3.739586612231318163e-01
3.599405471960234748e-01 3.739586612231318163e-01 2.000000000000000000e+00 1.000000000000000021e-08 3.765700020635278644e-01 1.662945486750440349e-01
3.765700020635278644e-01 1.662945486750440349e-01 1.000000000000000000e+00 1.000000000000000021e-08 4.634324132572609223e-01 8.686241119373305786e-01
4.634324132572609223e-01 8.686241119373305786e-01 2.000000000000000000e+00 1.000000000000000021e-08 5.345338048686022470e-01 7.110139161134132468e-01
5.345338048686022470e-01 7.110139161134132468e-01 2.000000000000000000e+00 1.000000000000000021e-08 6.063207034149101782e-01 7.178689854630796452e-01
6.063207034149101782e-01 7.178689854630796452e-01 1.000000000000000000e+00 1.000000000000000021e-08 7.715958775890712218e-01 1.652751741741610658e+00
7.715958775890712218e-01 1.652751741741610658e+00 2.000000000000000000e+00 1.000000000000000021e-08 9.809117885464317954e-01 2.093159109573605736e+00
9.809117885464317954e-01 2.093159109573605736e+00 0.000000000000000000e+00 1.000000000000000021e-08 1.362549677053470187e+00 3.816378885070383475e+00
1.362549677053470187e+00 3.816378885070383475e+00 1.000000000000000000e+00 9.999000000000000110e-01 1.570796326794896558e+00 5.000000000000000000e+00
2.319415572468558687e-02 3.292830847111256204e-02 0.000000000000000000e+00 1.000000000000000021e-08 1.294533825533401017e-01 1.062592268286545183e+00
1.294533825533401017e-01 1.062592268286545183e+00 0.000000000000000000e+00 1.000000000000000021e-08 3.509779155797015382e-01 2.215245330263614143e+00
3.509779155797015382e-01 2.215245330263614143e+00 2.000000000000000000e+00 1.000000000000000021e-08 5.311074474060279993e-01 1.801295318263265166e+00
5.311074474060279993e-01 1.801295318263265166e+00 2.000000000000000000e+00 1.000000000000000021e-08 7.144441844482434245e-01 1.833367370422154252e+00
7.144441844482434245e-01 1.833367370422154252e+00 1.000000000000000000e+00 1.000000000000000021e-08 1.007797468726851386e+00 2.933532842786078731e+00
1.007797468726851386e+00 2.933532842786078731e+00 0.000000000000000000e+00 1.000000000000000021e-08 1.464188906910430799e+00 4.563914381835792788e+00
1.464188906910430799e+00 4.563914381835792788e+00 2.000000000000000000e+00 9.999000000000000110e-01 1.570796326794896558e+00 5.000000000000000000e+00
-7.840823719553937504e-03 3.026669926423241133e-02 2.000000000000000000e+00 1.000000000000000021e-08 -9.858560574855169956e-02 -9.074478202899775026e-01
-9.858560574855169956e-02 -9.074478202899775026e-01 1.000000000000000000e+00 1.000000000000000021e-08 -1.913062726200186470e-01 -9.272066687146692798e-01
-1.913062726200186470e-01 -9.272066687146692798e-01 2.000000000000000000e+00 1.000000000000000021e-08 -3.906264282695034451e-01 -1.993201556494847981e+00
-3.906264282695034451e-01 -1.993201556494847981e+00 2.000000000000000000e+00 1.000000000000000021e-08 -7.373469074238454546e-01 -3.467204791543419873e+00
-7.373469074238454546e-01 -3.467204791543419873e+00 1.000000000000000000e+00 1.000000000000000021e-08 -1.184283138670930047e+00 -4.469362312470845922e+00
-1.184283138670930047e+00 -4.469362312470845922e+00 2.000000000000000000e+00 9.999000000000000110e-01 -1.570796326794896558e+00 -5.000000000000000000e+00
-6.372971516805381320e-02 8.348845603948293337e-02 1.000000000000000000e+00 1.000000000000000021e-08 -7.237566809784470867e-02 -8.645952929790895469e-02
-7.237566809784470867e-02 -8.645952929790895469e-02 0.000000000000000000e+00 1.000000000000000021e-08 1.069914858875482822e-02 8.307481668659952856e-01
1.069914858875482822e-02 8.307481668659952856e-01 2.000000000000000000e+00 1.000000000000000021e-08 1.510505751928672633e-03 -9.188642836826155236e-02
1.510505751928672633e-03 -9.188642836826155236e-02 1.000000000000000000e+00 1.000000000000000021e-08 2.054968249442729392e-04 -1.305008926984399520e-02
2.054968249442729392e-04 -1.305008926984399520e-02 0.000000000000000000e+00 1.000000000000000021e-08 8.386389425770618411e-02 8.365839743276189955e-01
8.386389425770618411e-02 8.365839743276189955e-01 2.000000000000000000e+00 1.000000000000000021e-08 7.667017284826890822e-02 -7.193721409437270342e-02
7.667017284826890822e-02 -7.193721409437270342e-02 0.000000000000000000e+00 1.000000000000000021e-08 1.578113633317725639e-01 8.114119048350365571e-01
1.578113633317725639e-01 8.114119048350365571e-01 2.000000000000000000e+00 1.000000000000000021e-08 1.782399659975610062e-01 2.042860266578843120e-01
1.782399659975610062e-01 2.042860266578843120e-01 0.000000000000000000e+00 1.000000000000000021e-08 3.171920025185733238e-01 1.389520365210123121e+00
3.171920025185733238e-01 1.389520365210123121e+00 1.000000000000000000e+00 1.000000000000000021e-08 5.206922615992140013e-01 2.035002590806407330e+00
5.206922615992140013e-01 2.035002590806407330e+00 1.000000000000000000e+00 1.000000000000000021e-08 8.012619524639805757e-01 2.805696908647666188e+00
8.012619524639805757e-01 2.805696908647666188e+00 0.000000000000000000e+00 1.000000000000000021e-08 1.237706526806865215e+00 4.364445743428845503e+00
1.237706526806865215e+00 4.364445743428845503e+00 0.000000000000000000e+00 9.999000000000000110e-01 1.570796326794896558e+00 5.000000000000000000e+00
-4.026478273090359356e-02 -4.805554964500001469e-02 2.000000000000000000e+00 1.000000000000000021e-08 -1.346296578588415671e-01 -9.436487512793797494e-01
-1.346296578588415671e-01 -9.436487512793797494e-01 1.000000000000000000e+00 1.000000000000000021e-08 -2.424897625389340339e-01 -1.078601046800924612e+00
-2.424897625389340339e-01 -1.078601046800924612e+00 0.000000000000000000e+00 1.000000000000000021e-08 -3.219581787440098930e-01 -7.946841620507586468e-01
-3.219581787440098930e-01 -7.946841620507586468e-01 1.000000000000000000e+00 1.000000000000000021e-08 -4.707890962099082754e-01 -1.488309174658983824e+00
-4.707890962099082754e-01 -1.488309174658983824e+00 1.000000000000000000e+00 1.000000000000000021e-08 -6.909495009883410699e-01 -2.201604047784327722e+00
-6.909495009883410699e-01 -2.201604047784327722e+00 2.000000000000000000e+00 1.000000000000000021e-08 -1.075354925664184114e+00 -3.844054246758429549e+00
-1.075354925664184114e+00 -3.844054246758429549e+00 0.000000000000000000e+00 1.000000000000000021e-08 -1.544609247165743771e+00 -4.692543215015597013e+00
-1.544609247165743771e+00 -4.692543215015597013e+00 2.000000000000000000e+00 9.999000000000000110e-01 -1.570796326794896558e+00 -5.000000000000000000e+00
6.068230402584504773e-02 -3.846724789669995342e-02 0.000000000000000000e+00 1.000000000000000021e-08 1.690737593975931430e-01 1.083914553717481022e+00
1.690737593975931430e-01 1.083914553717481022e+00 2.000000000000000000e+00 1.000000000000000021e-08 2.309993429160103195e-01 6.192558351841717101e-01
2.309993429160103195e-01 6.192558351841717101e-01 0.000000000000000000e+00 1.000000000000000021e-08 4.319336202540683400e-01 2.009342773380580205e+00
4.319336202540683400e-01 2.009342773380580205e+00 0.000000000000000000e+00 1.000000000000000021e-08 7.735500863150985840e-01 3.416164660610302217e+00
7.735500863150985840e-01 3.416164660610302217e+00 1.000000000000000000e+00 1.000000000000000021e-08 1.226301707698500110e+00 4.527516213834015701e+00
1.226301707698500110e+00 4.527516213834015701e+00 2.000000000000000000e+00 9.999000000000000110e-01 1.570796326794896558e+00 5.000000000000000000e+00
2.328584346235602551e-02 -1.039720622589670844e-02 2.000000000000000000e+00 1.000000000000000021e-08 -7.639662678334337154e-02 -9.968247024569939496e-01
-7.639662678334337154e-02 -9.968247024569939496e-01 0.000000000000000000e+00 1.000000000000000021e-08 -1.012219777818792604e-01 -2.482535099853588889e-01
-1.012219777818792604e-01 -2.482535099853588889e-01 1.000000000000000000e+00 1.000000000000000021e-08 -1.331073416997190784e-01 -3.188536391783981516e-01
-1.331073416997190784e-01 -3.188536391783981516e-01 2.000000000000000000e+00 1.000000000000000021e-08 -2.693586725967910822e-01 -1.362513308970719983e+00
-2.693586725967910822e-01 -1.362513308970719983e+00 2.000000000000000000e+00 1.000000000000000021e-08 -5.325417199666835355e-01 -2.631830473698924422e+00
-5.325417199666835355e-01 -2.631830473698924422e+00 1.000000000000000000e+00 1.000000000000000021e-08 -8.765038394427413504e-01 -3.439621194760577261e+00
-8.765038394427413504e-01 -3.439621194760577261e+00 0.000000000000000000e+00 1.000000000000000021e-08 -1.285231481559882649e+00 -4.087276421171411656e+00
-1.285231481559882649e+00 -4.087276421171411656e+00 2.000000000000000000e+00 9.999000000000000110e-01 -1.570796326794896558e+00 -5.000000000000000000e+00
-7.424202668418138085e-02 -6.400463821959438693e-02 0.000000000000000000e+00 1.000000000000000021e-08 -1.947896667036620733e-02 5.476306001381516797e-01
-1.947896667036620733e-02 5.476306001381516797e-01 2.000000000000000000e+00 1.000000000000000021e-08 -4.411843650909966219e-02 -2.463946983873345209e-01
-4.411843650909966219e-02 -2.463946983873345209e-01 1.000000000000000000e+00 1.000000000000000021e-08 -7.704265096361143095e-02 -3.292421445451177431e-01
-7.704265096361143095e-02 -3.292421445451177431e-01 1.000000000000000000e+00 1.000000000000000021e-08 -1.217731283050091928e-01 -4.473047734139776188e-01
-1.217731283050091928e-01 -4.473047734139776188e-01 1.000000000000000000e+00 1.000000000000000021e-08 -1.886425730725492245e-01 -6.686944476754000943e-01
-1.886425730725492245e-01 -6.686944476754000943e-01 2.000000000000000000e+00 1.000000000000000021e-08 -3.761261756345551932e-01 -1.874836025620059576e+00
-3.761261756345551932e-01 -1.874836025620059576e+00 0.000000000000000000e+00 1.000000000000000021e-08 -5.417553766361495882e-01 -1.656292010015943506e+00
-5.417553766361495882e-01 -1.656292010015943506e+00 1.000000000000000000e+00 1.000000000000000021e-08 -7.898453995414207451e-01 -2.480900229052712014e+00
-7.898453995414207451e-01 -2.480900229052712014e+00 1.000000000000000000e+00 1.000000000000000021e-08 -1.156838256508073259e+00 -3.669928569666525142e+00
-1.156838256508073259e+00 -3.669928569666525142e+00 1.000000000000000000e+00 9.999000000000000110e-01 -1.570796326794896558e+00 -4.929427788955312195e+00
2.245226375050377379e-02 1.956306169574645662e-02 2.000000000000000000e+00 1.000000000000000021e-08 -6.796614674759453301e-02 -9.041841049809830055e-01
-6.796614674759453301e-02 -9.041841049809830055e-01 0.000000000000000000e+00 1.000000000000000021e-08 -7.756683795876796739e-02 -9.600691211173428830e-02
-7.756683795876796739e-02 -9.600691211173428830e-02 2.000000000000000000e+00 1.000000000000000021e-08 -1.803264361363824397e-01 -1.027595981776144640e+00
-1.803264361363824397e-01 -1.027595981776144640e+00 0.000000000000000000e+00 1.000000000000000021e-08 -2.377026761303202285e-01 -5.737623999393779428e-01
-2.377026761303202285e-01 -5.737623999393779428e-01 2.000000000000000000e+00 1.000000000000000021e-08 -4.293245776997066665e-01 -1.916219015693863881e+00
-4.293245776997066665e-01 -1.916219015693863881e+00 0.000000000000000000e+00 1.000000000000000021e-08 -6.144824493865739257e-01 -1.851578716868672592e+00
-6.144824493865739257e-01 -1.851578716868672592e+00 1.000000000000000000e+00 1.000000000000000021e-08 -8.780503512312722858e-01 -2.635679018446983157e+00
-8.780503512312722858e-01 -2.635679018446983157e+00 0.000000000000000000e+00 1.000000000000000021e-08 -1.203511142232060793e+00 -3.254607910007884186e+00
-1.203511142232060793e+00 -3.254607910007884186e+00 2.000000000000000000e+00 9.999000000000000110e-01 -1.570796326794896558e+00 -4.855437007983272046e+00
-7.233278987669149174e-02 -6.507931069699990356e-03 1.000000000000000000e+00 1.000000000000000021e-08 -7.054257707921585130e-02 1.790212797475640438e-02
-7.054257707921585130e-02 1.790212797475640438e-02 0.000000000000000000e+00 1.000000000000000021e-08 -4.512422247327244063e-03 6.603015483188861001e-01
-4.512422247327244063e-03 6.603015483188861001e-01 1.000000000000000000e+00 1.000000000000000021e-08 4.837739108983156455e-02 5.288981333715880861e-01
4.837739108983156455e-02 5.288981333715880861e-01 1.000000000000000000e+00 1.000000000000000021e-08 1.125457034070571904e-01 6.416831231722562867e-01
1.125457034070571904e-01 6.416831231722562867e-01 1.000000000000000000e+00 1.000000000000000021e-08 2.111443086746977726e-01 9.859860526764058219e-01
2.111443086746977726e-01 9.859860526764058219e-01 0.000000000000000000e+00 1.000000000000000021e-08 4.235958717077635827e-01 2.124515630330658045e+00
4.235958717077635827e-01 2.124515630330658045e+00 0.000000000000000000e+00 1.000000000000000021e-08 7.925176244459253283e-01 3.689217527381616790e+00
7.925176244459253283e-01 3.689217527381616790e+00 2.000000000000000000e+00 1.000000000000000021e-08 1.202120254177276859e+00 4.096026297313514419e+00
1.202120254177276859e+00 4.096026297313514419e+00 2.000000000000000000e+00 9.999000000000000110e-01 1.570796326794896558e+00 5.000000000000000000e+00
-6.090330215192932273e-02 -3.785804342795441590e-02 0.000000000000000000e+00 1.000000000000000021e-08 1.324842755057076271e-02 7.415172970250007989e-01
1.324842755057076271e-02 7.415172970250007989e-01 2.000000000000000000e+00 1.000000000000000021e-08 7.578693336129860118e-03 -5.669734214440902420e-02
7.578693336129860118e-03 -5.669734214440902420e-02 2.000000000000000000e+00 1.000000000000000021e-08 -8.324785034697156083e-02 -9.082654368310141280e-01
-8.324785034697156083e-02 -9.082654368310141280e-01 0.000000000000000000e+00 1.000000000000000021e-08 -9.751055900451893743e-02 -1.426270865754737383e-01
-9.751055900451893743e-02 -1.426270865754737383e-01 1.000000000000000000e+00 1.000000000000000021e-08 -1.244283715101700827e-01 -2.691781250565115080e-01
-1.244283715101700827e-01 -2.691781250565115080e-01 0.000000000000000000e+00 1.000000000000000021e-08 -8.079171283016009508e-02 4.363665868000997650e-01
-8.079171283016009508e-02 4.363665868000997650e-01 1.000000000000000000e+00 1.000000000000000021e-08 -4.708297352782987027e-02 3.370873930233022620e-01
-4.708297352782987027e-02 3.370873930233022620e-01 0.000000000000000000e+00 1.000000000000000021e-08 6.482204978155486907e-02 1.119050233093847435e+00
6.482204978155486907e-02 1.119050233093847435e+00 1.000000000000000000e+00 1.000000000000000021e-08 1.836815724914969694e-01 1.188595227099421114e+00
1.836815724914969694e-01 1.188595227099421114e+00 0.000000000000000000e+00 1.000000000000000021e-08 4.040170469136418752e-01 2.203354744221448946e+00
4.040170469136418752e-01 2.203354744221448946e+00 2.000000000000000000e+00 1.000000000000000021e-08 6.056041816662199873e-01 2.015871347525780788e+00
6.056041816662199873e-01 2.015871347525780788e+00 1.000000000000000000e+00 1.000000000000000021e-08 9.097620530721051146e-01 3.041578714058850608e+00
9.097620530721051146e-01 3.041578714058850608e+00 0.000000000000000000e+00 1.000000000000000021e-08 1.387221895032306307e+00 4.774598419602012811e+00
1.387221895032306307e+00 4.774598419602012811e+00 0.000000000000000000e+00 9.999000000000000110e-01 1.570796326794896558e+00 5.000000000000000000e+00
4.170995675962274607e-02 2.181599308868494361e-02 2.000000000000000000e+00 1.000000000000000021e-08 -4.205410724729147232e-02 -8.376406400691421839e-01
-4.205410724729147232e-02 -8.376406400691421839e-01 0.000000000000000000e+00 1.000000000000000021e-08 -4.688516660416838094e-02 -4.831059356876910016e-02
-4.688516660416838094e-02 -4.831059356876910016e-02 0.000000000000000000e+00 1.000000000000000021e-08 4.433747668183018326e-02 9.122264328599856142e-01
4.433747668183018326e-02 9.122264328599856142e-01 1.000000000000000000e+00 1.000000000000000021e-08 1.309093839625252720e-01 8.657190728069509289e-01
1.309093839625252720e-01 8.657190728069509289e-01 0.000000000000000000e+00 1.000000000000000021e-08 3.138959115192741511e-01 1.829865275567488681e+00
3.138959115192741511e-01 1.829865275567488681e+00 2.000000000000000000e+00 1.000000000000000021e-08 4.635487688867466760e-01 1.496528573674724916e+00
4.635487688867466760e-01 1.496528573674724916e+00 0.000000000000000000e+00 1.000000000000000021e-08 7.745542498012784050e-01 3.110054809145317289e+00
7.745542498012784050e-01 3.110054809145317289e+00 2.000000000000000000e+00 1.000000000000000021e-08 1.120239202958174696e+00 3.456849531568963130e+00
1.120239202958174696e+00 3.456849531568963130e+00 2.000000000000000000e+00 1.000000000000000021e-08 1.557175369089157879e+00 4.369361661309830502e+00
1.557175369089157879e+00 4.369361661309830502e+00 0.000000000000000000e+00 9.999000000000000110e-01 1.570796326794896558e+00 5.000000000000000000e+00
6.872723913804945628e-02 -5.485315827927880056e-02 2.000000000000000000e+00 1.000000000000000021e-08 -3.003056403902421012e-02 -9.875780317707366640e-01
-3.003056403902421012e-02 -9.875780317707366640e-01 2.000000000000000000e+00 1.000000000000000021e-08 -2.147092149045624621e-01 -1.846786508655382519e+00
-2.147092149045624621e-01 -1.846786508655382519e+00 0.000000000000000000e+00 1.000000000000000021e-08 -3.576101930573527543e-01 -1.429009781527903256e+00
-3.576101930573527543e-01 -1.429009781527903256e+00 2.000000000000000000e+00 1.000000000000000021e-08 -6.283685792007878135e-01 -2.707583861434350592e+00
-6.283685792007878135e-01 -2.707583861434350592e+00 2.000000000000000000e+00 1.000000000000000021e-08 -1.048053035802545940e+00 -4.196844566017581712e+00
-1.048053035802545940e+00 -4.196844566017581712e+00 2.000000000000000000e+00 9.999000000000000110e-01 -1.570796326794896558e+00 -5.000000000000000000e+00
8.222601656889313299e-03 -5.120830017908561960e-02 0.000000000000000000e+00 1.000000000000000021e-08 1.037553173305600929e-01 9.553271567367077610e-01
1.037553173305600929e-01 9.553271567367077610e-01 1.000000000000000000e+00 1.000000000000000021e-08 2.018736140543713198e-01 9.811829672381123801e-01
2.018736140543713198e-01 9.811829672381123801e-01 1.000000000000000000e+00 1.000000000000000021e-08 3.178860533658168230e-01 1.160124393114455144e+00
3.178860533658168230e-01 1.160124393114455144e+00 0.000000000000000000e+00 1.000000000000000021e-08 5.832962947580457858e-01 2.654102413922289738e+00
5.832962947580457858e-01 2.654102413922289738e+00 0.000000000000000000e+00 1.000000000000000021e-08 9.998033804075088238e-01 4.165070856494629936e+00
9.998033804075088238e-01 4.165070856494629936e+00 2.000000000000000000e+00 1.000000000000000021e-08 1.497821713716505521e+00 4.980183333089967412e+00
1.497821713716505521e+00 4.980183333089967412e+00 2.000000000000000000e+00 9.999000000000000110e-01 1.570796326794896558e+00 5.000000000000000000e+00
3.201848658408029680e-04 -8.307288052978277493e-04 2.000000000000000000e+00 1.000000000000000021e-08 -8.982476201829982243e-02 -9.014494688414061985e-01
-8.982476201829982243e-02 -9.014494688414061985e-01 0.000000000000000000e+00 1.000000000000000021e-08 -1.118861145467066609e-01 -2.206135252840684124e-01
-1.118861145467066609e-01 -2.206135252840684124e-01 2.000000000000000000e+00 1.000000000000000021e-08 -2.471558958883646462e-01 -1.352697813416579686e+00
-2.471558958883646462e-01 -1.352697813416579686e+00 1.000000000000000000e+00 1.000000000000000021e-08 -4.256883523063207386e-01 -1.785324564179560536e+00
-4.256883523063207386e-01 -1.785324564179560536e+00 2.000000000000000000e+00 1.000000000000000021e-08 -7.392266909696791899e-01 -3.135383386633583847e+00
-7.392266909696791899e-01 -3.135383386633583847e+00 1.000000000000000000e+00 1.000000000000000021e-08 -1.143372191971758323e+00 -4.041455010020790439e+00
-1.143372191971758323e+00 -4.041455010020790439e+00 0.000000000000000000e+00 9.999000000000000110e-01 -1.570796326794896558e+00 -5.000000000000000000e+00
-4.927045326490255006e-02 -3.586469842237205441e-03 1.000000000000000000e+00 1.000000000000000021e-08 -4.630074097309619385e-02 2.969712291806354126e-02
-4.630074097309619385e-02 2.969712291806354126e-02 2.000000000000000000e+00 1.000000000000000021e-08 -1.440710052565418731e-01 -9.777026428344566256e-01
-1.440710052565418731e-01 -9.777026428344566256e-01 1.000000000000000000e+00 1.000000000000000021e-08 -2.632147602537113773e-01 -1.191437549971694931e+00
-2.632147602537113773e-01 -1.191437549971694931e+00 0.000000000000000000e+00 1.000000000000000021e-08 -3.362211319757949513e-01 -7.300637172208354064e-01
-3.362211319757949513e-01 -7.300637172208354064e-01 0.000000000000000000e+00 1.000000000000000021e-08 -3.977354210789370015e-01 -6.151428910314202803e-01
-3.977354210789370015e-01 -6.151428910314202803e-01 1.000000000000000000e+00 1.000000000000000021e-08 -5.339476854899983804e-01 -1.362122644110614011e+00
-5.339476854899983804e-01 -1.362122644110614011e+00 0.000000000000000000e+00 1.000000000000000021e-08 -6.720203209118142951e-01 -1.380726354218159146e+00
-6.720203209118142951e-01 -1.380726354218159146e+00 0.000000000000000000e+00 1.000000000000000021e-08 -8.525287566489728741e-01 -1.805084357371585568e+00
-8.525287566489728741e-01 -1.805084357371585568e+00 2.000000000000000000e+00 1.000000000000000021e-08 -1.194655589472759516e+00 -3.421268328237867529e+00
-1.194655589472759516e+00 -3.421268328237867529e+00 1.000000000000000000e+00 9.999000000000000110e-01 -1.570796326794896558e+00 -4.789313128555975574e+00
-1.977135884352079764e-02 6.454763451681785891e-02 1.000000000000000000e+00 1.000000000000000021e-08 -2.220506393000872686e-02 -2.433705086487927827e-02
-2.220506393000872686e-02 -2.433705086487927827e-02 2.000000000000000000e+00 1.000000000000000021e-08 -1.297465361164504838e-01 -1.075414721864417444e+00
-1.297465361164504838e-01 -1.075414721864417444e+00 1.000000000000000000e+00 1.000000000000000021e-08 -2.766059129072589995e-01 -1.468593767908084935e+00
-2.766059129072589995e-01 -1.468593767908084935e+00 1.000000000000000000e+00 1.000000000000000021e-08 -4.569909732105273958e-01 -1.803850603032683741e+00
-4.569909732105273958e-01 -1.803850603032683741e+00 1.000000000000000000e+00 1.000000000000000021e-08 -7.234916469850096732e-01 -2.665006737744822551e+00
-7.234916469850096732e-01 -2.665006737744822551e+00 0.000000000000000000e+00 1.000000000000000021e-08 -1.026340284705002492e+00 -3.028486377199927748e+00
-1.026340284705002492e+00 -3.028486377199927748e+00 1.000000000000000000e+00 1.000000000000000021e-08 -1.447838928251577117e+00 -4.214986435465745807e+00
-1.447838928251577117e+00 -4.214986435465745807e+00 1.000000000000000000e+00 9.999000000000000110e-01 -1.570796326794896558e+00 -5.000000000000000000e+00
2.036878918217877379e-02 2.878017441432232856e-02 2.000000000000000000e+00 1.000000000000000021e-08 -5.726551343199390298e-02 -7.763430261417266776e-01
-5.726551343199390298e-02 -7.763430261417266776e-01 2.000000000000000000e+00 1.000000000000000021e-08 -2.322482520397256278e-01 -1.749827386077317248e+00
-2.322482520397256278e-01 -1.749827386077317248e+00 2.000000000000000000e+00 1.000000000000000021e-08 -5.311631580139147824e-01 -2.989149059741891268e+00
-5.311631580139147824e-01 -2.989149059741891268e+00 2.000000000000000000e+00 1.000000000000000021e-08 -9.820514830468098921e-01 -4.508883250328951320e+00
-9.820514830468098921e-01 -4.508883250328951320e+00 2.000000000000000000e+00 9.999000000000000110e-01 -1.570796326794896558e+00 -5.000000000000000000e+00
5.004625694831250221e-02 -8.125057705557735266e-03 1.000000000000000000e+00 1.000000000000000021e-08 6.500518155020872102e-02 1.495892460189621742e-01
6.500518155020872102e-02 1.495892460189621742e-01 2.000000000000000000e+00 1.000000000000000021e-08 -1.157323826997373739e-02 -7.657841982018245286e-01
-1.157323826997373739e-02 -7.657841982018245286e-01 2.000000000000000000e+00 1.000000000000000021e-08 -1.654699592856410106e-01 -1.538967210156672483e+00
-1.654699592856410106e-01 -1.538967210156672483e+00 2.000000000000000000e+00 1.000000000000000021e-08 -4.364695342222190688e-01 -2.709995749365780249e+00
-4.364695342222190688e-01 -2.709995749365780249e+00 2.000000000000000000e+00 1.000000000000000021e-08 -8.540911471543093381e-01 -4.176216129320902581e+00
-8.540911471543093381e-01 -4.176216129320902581e+00 0.000000000000000000e+00 1.000000000000000021e-08 -1.325198620606148570e+00 -4.711074734518390983e+00
-1.325198620606148570e+00 -4.711074734518390983e+00 0.000000000000000000e+00 9.999000000000000110e-01 -1.570796326794896558e+00 -5.000000000000000000e+00
3.387102410099632199e-02 7.110838142725117716e-03 2.000000000000000000e+00 1.000000000000000021e-08 -4.850194702929244706e-02 -8.237297113028876350e-01
-4.850194702929244706e-02 -8.237297113028876350e-01 2.000000000000000000e+00 1.000000000000000021e-08 -2.153765298708230636e-01 -1.668745828415306054e+00
-2.153765298708230636e-01 -1.668745828415306054e+00 2.000000000000000000e+00 1.000000000000000021e-08 -4.961658157183121975e-01 -2.807892858474891007e+00
-4.961658157183121975e-01 -2.807892858474891007e+00 2.000000000000000000e+00 1.000000000000000021e-08 -9.145579033475813580e-01 -4.183920876292691382e+00
-9.145579033475813580e-01 -4.183920876292691382e+00 1.000000000000000000e+00 1.000000000000000021e-08 -1.435536799352526094e+00 -5.000000000000000000e+00
-1.435536799352526094e+00 -5.000000000000000000e+00 1.000000000000000000e+00 9.999000000000000110e-01 -1.570796326794896558e+00 -5.000000000000000000e+00
6.812776696681636934e-02 3.157608406460305633e-02 1.000000000000000000e+00 1.000000000000000021e-08 6.581073102976567335e-02 -2.317035937050700850e-02
6.581073102976567335e-02 -2.317035937050700850e-02 2.000000000000000000e+00 1.000000000000000021e-08 1.804084980291456586e-03 -6.400664604947421399e-01
1.804084980291456586e-03 -6.400664604947421399e-01 2.000000000000000000e+00 1.000000000000000021e-08 -1.492181509344391310e-01 -1.510222359147305626e+00
-1.492181509344391310e-01 -1.510222359147305626e+00 1.000000000000000000e+00 1.000000000000000021e-08 -3.274175435595919059e-01 -1.781993926251527638e+00
-3.274175435595919059e-01 -1.781993926251527638e+00 2.000000000000000000e+00 1.000000000000000021e-08 -6.425209170584738061e-01 -3.151033734988819113e+00
-6.425209170584738061e-01 -3.151033734988819113e+00 1.000000000000000000e+00 1.000000000000000021e-08 -1.057090719360645137e+00 -4.145698023021712864e+00
-1.057090719360645137e+00 -4.145698023021712864e+00 2.000000000000000000e+00 9.999000000000000110e-01 -1.570796326794896558e+00 -5.000000000000000000e+00
7.264736810145064339e-02 1.406812096583410013e-02 2.000000000000000000e+00 1.000000000000000021e-08 -1.017465785920744492e-02 -8.282202596065808553e-01
-1.017465785920744492e-02 -8.282202596065808553e-01 0.000000000000000000e+00 1.000000000000000021e-08 -4.102285395817814075e-03 6.072372463389630326e-02
-4.102285395817814075e-03 6.072372463389630326e-02 0.000000000000000000e+00 1.000000000000000021e-08 8.326238402314703468e-02 8.736466941896484650e-01
8.326238402314703468e-02 8.736466941896484650e-01 2.000000000000000000e+00 1.000000000000000021e-08 8.711361803386062641e-02 3.851234010713588951e-02
8.711361803386062641e-02 3.851234010713588951e-02 0.000000000000000000e+00 1.000000000000000021e-08 1.874549666418516836e-01 1.003413486079910655e+00
1.874549666418516836e-01 1.003413486079910655e+00 2.000000000000000000e+00 1.000000000000000021e-08 2.176928943985619314e-01 3.023792775671023669e-01
2.176928943985619314e-01 3.023792775671023669e-01 1.000000000000000000e+00 1.000000000000000021e-08 2.747900958539442051e-01 5.709720145538224045e-01
2.747900958539442051e-01 5.709720145538224045e-01 1.000000000000000000e+00 1.000000000000000021e-08 3.869963185532865890e-01 1.122062226993423728e+00
3.869963185532865890e-01 1.122062226993423728e+00 1.000000000000000000e+00 1.000000000000000021e-08 5.571334384947707052e-01 1.701371199414841051e+00
5.571334384947707052e-01 1.701371199414841051e+00 0.000000000000000000e+00 1.000000000000000021e-08 8.828396233591477849e-01 3.257061848643770574e+00
8.828396233591477849e-01 3.257061848643770574e+00 1.000000000000000000e+00 1.000000000000000021e-08 1.330620866302831606e+00 4.477812429436837327e+00
1.330620866302831606e+00 4.477812429436837327e+00 1.000000000000000000e+00 9.999000000000000110e-01 1.570796326794896558e+00 5.000000000000000000e+00
-4.077100216991347975e-02 -5.260685317622408597e-02 0.000000000000000000e+00 1.000000000000000021e-08 2.448285501397406277e-02 6.525385718388754253e-01
2.448285501397406277e-02 6.525385718388754253e-01 1.000000000000000000e+00 1.000000000000000021e-08 1.039652429221566976e-01 7.948238790818262789e-01
1.039652429221566976e-01 7.948238790818262789e-01 2.000000000000000000e+00 1.000000000000000021e-08 9.714365651922240996e-02 -6.821586402934287641e-02
9.714365651922240996e-02 -6.821586402934287641e-02 1.000000000000000000e+00 1.000000000000000021e-08 9.830644780478217659e-02 1.162791285559770793e-02
9.830644780478217659e-02 1.162791285559770793e-02 2.000000000000000000e+00 1.000000000000000021e-08 3.585661624232623634e-02 -6.244983156245593747e-01
3.585661624232623634e-02 -6.244983156245593747e-01 2.000000000000000000e+00 1.000000000000000021e-08 -1.244831785661724005e-01 -1.603397948084986258e+00
-1.244831785661724005e-01 -1.603397948084986258e+00 2.000000000000000000e+00 1.000000000000000021e-08 -3.817160740818203446e-01 -2.572328955156478969e+00
-3.817160740818203446e-01 -2.572328955156478969e+00 1.000000000000000000e+00 1.000000000000000021e-08 -6.916450444998474278e-01 -3.099289704180270277e+00
-6.916450444998474278e-01 -3.099289704180270277e+00 2.000000000000000000e+00 1.000000000000000021e-08 -1.156991664053099278e+00 -4.653466195532518057e+00
-1.156991664053099278e+00 -4.653466195532518057e+00 0.000000000000000000e+00 9.999000000000000110e-01 -1.570796326794896558e+00 -5.000000000000000000e+00
2.949557976285871810e-02 -5.820469384204896013e-02 0.000000000000000000e+00 1.000000000000000021e-08 1.019950756547415016e-01 7.249949589188278143e-01
1.019950756547415016e-01 7.249949589188278143e-01 0.000000000000000000e+00 1.000000000000000021e-08 2.668336377587995356e-01 1.648385621040579840e+00
2.668336377587995356e-01 1.648385621040579840e+00 2.000000000000000000e+00 1.000000000000000021e-08 3.980628652792886912e-01 1.312292275204891112e+00
3.980628652792886912e-01 1.312292275204891112e+00 2.000000000000000000e+00 1.000000000000000021e-08 5.111747409278039056e-01 1.131118756485152366e+00
5.111747409278039056e-01 1.131118756485152366e+00 2.000000000000000000e+00 1.000000000000000021e-08 6.430394352835042682e-01 1.318646943557002960e+00
6.430394352835042682e-01 1.318646943557002960e+00 0.000000000000000000e+00 1.000000000000000021e-08 9.306537091845197285e-01 2.876142739010154159e+00
9.306537091845197285e-01 2.876142739010154159e+00 1.000000000000000000e+00 1.000000000000000021e-08 1.341418256837242140e+00 4.107645476527222783e+00
1.341418256837242140e+00 4.107645476527222783e+00 1.000000000000000000e+00 9.999000000000000110e-01 1.570796326794896558e+00 5.000000000000000000e+00
6.703354288748880618e-03 -1.385932705607389667e-02 1.000000000000000000e+00 1.000000000000000021e-08 1.379094236543075905e-02 7.087588076681877736e-02
1.379094236543075905e-02 7.087588076681877736e-02 2.000000000000000000e+00 1.000000000000000021e-08 -6.703662766162150899e-02 -8.082757002705225347e-01
-6.703662766162150899e-02 -8.082757002705225347e-01 1.000000000000000000e+00 1.000000000000000021e-08 -1.546297744115408546e-01 -8.759314674991935945e-01
-1.546297744115408546e-01 -8.759314674991935945e-01 1.000000000000000000e+00 1.000000000000000021e-08 -2.810597174971938284e-01 -1.264299430856530071e+00
-2.810597174971938284e-01 -1.264299430856530071e+00 0.000000000000000000e+00 1.000000000000000021e-08 -3.658551309767762438e-01 -8.479541347958241548e-01
-3.658551309767762438e-01 -8.479541347958241548e-01 0.000000000000000000e+00 1.000000000000000021e-08 -4.221883535177754498e-01 -5.633322254099921711e-01
-4.221883535177754498e-01 -5.633322254099921711e-01 1.000000000000000000e+00 1.000000000000000021e-08 -5.558434452494390721e-01 -1.336550917316636555e+00
-5.558434452494390721e-01 -1.336550917316636555e+00 0.000000000000000000e+00 1.000000000000000021e-08 -7.132755220556293851e-01 -1.574320768061902687e+00
-7.132755220556293851e-01 -1.574320768061902687e+00 2.000000000000000000e+00 1.000000000000000021e-08 -1.043547860549917772e+00 -3.302723384942882756e+00
-1.043547860549917772e+00 -3.302723384942882756e+00 0.000000000000000000e+00 1.000000000000000021e-08 -1.466302354836940935e+00 -4.227544942870231637e+00
-1.466302354836940935e+00 -4.227544942870231637e+00 2.000000000000000000e+00 9.999000000000000110e-01 -1.570796326794896558e+00 -5.000000000000000000e+00
-6.202828069961335844e-02 -5.263260021778689429e-02 0.000000000000000000e+00 1.000000000000000021e-08 6.885810480768306263e-03 6.891409118038166470e-01
6.885810480768306263e-03 6.891409118038166470e-01 2.000000000000000000e+00 1.000000000000000021e-08 -2.872120034244233372e-02 -3.560701082321063859e-01
-2.872120034244233372e-02 -3.560701082321063859e-01 0.000000000000000000e+00 1.000000000000000021e-08 3.335060984723690197e-02 6.207181018967923292e-01
3.335060984723690197e-02 6.207181018967923292e-01 0.000000000000000000e+00 1.000000000000000021e-08 1.963099806931356828e-01 1.629593708458987766e+00
1.963099806931356828e-01 1.629593708458987766e+00 0.000000000000000000e+00 1.000000000000000021e-08 4.705551681210058401e-01 2.742451874278701851e+00
4.705551681210058401e-01 2.742451874278701851e+00 2.000000000000000000e+00 1.000000000000000021e-08 7.510868427100130251e-01 2.805316745890070962e+00
7.510868427100130251e-01 2.805316745890070962e+00 0.000000000000000000e+00 1.000000000000000021e-08 1.196878525317160769e+00 4.457916826071476990e+00
1.196878525317160769e+00 4.457916826071476990e+00 1.000000000000000000e+00 9.999000000000000110e-01 1.570796326794896558e+00 5.000000000000000000e+00
3.661320099850758764e-02 -5.417281262765828720e-02 1.000000000000000000e+00 1.000000000000000021e-08 5.488380188509028174e-02 1.827060088658269410e-01
5.488380188509028174e-02 1.827060088658269410e-01 2.000000000000000000e+00 1.000000000000000021e-08 -1.994318053734480539e-02 -7.482698242243508435e-01
-1.994318053734480539e-02 -7.482698242243508435e-01 2.000000000000000000e+00 1.000000000000000021e-08 -1.703762527012507022e-01 -1.504330721639058677e+00
-1.703762527012507022e-01 -1.504330721639058677e+00 0.000000000000000000e+00 1.000000000000000021e-08 -2.691697876862170768e-01 -9.879353498496635799e-01
-2.691697876862170768e-01 -9.879353498496635799e-01 1.000000000000000000e+00 1.000000000000000021e-08 -4.295044731227508072e-01 -1.603346854365337304e+00
-4.295044731227508072e-01 -1.603346854365337304e+00 1.000000000000000000e+00 1.000000000000000021e-08 -6.531255818729015949e-01 -2.236211087501507322e+00
-6.531255818729015949e-01 -2.236211087501507322e+00 2.000000000000000000e+00 1.000000000000000021e-08 -1.030860494552582329e+00 -3.777349126796807788e+00
-1.030860494552582329e+00 -3.777349126796807788e+00 1.000000000000000000e+00 1.000000000000000021e-08 -1.524991230475347459e+00 -4.941307359227651297e+00
-1.524991230475347459e+00 -4.941307359227651297e+00 1.000000000000000000e+00 9.999000000000000110e-01 -1.570796326794896558e+00 -5.000000000000000000e+00
1.798992414116193719e-02 2.282430341155026327e-02 2.000000000000000000e+00 1.000000000000000021e-08 -7.252616298837240294e-02 -9.051608712953432834e-01
-7.252616298837240294e-02 -9.051608712953432834e-01 0.000000000000000000e+00 1.000000000000000021e-08 -9.986761155290370395e-02 -2.734144856453130101e-01
-9.986761155290370395e-02 -2.734144856453130101e-01 0.000000000000000000e+00 1.000000000000000021e-08 -5.491437615777590431e-02 4.495323539512779965e-01
-5.491437615777590431e-02 4.495323539512779965e-01 2.000000000000000000e+00 1.000000000000000021e-08 -9.757244503170492411e-02 -4.265806887392902258e-01
-9.757244503170492411e-02 -4.265806887392902258e-01 2.000000000000000000e+00 1.000000000000000021e-08 -2.460019786560437849e-01 -1.484295336243388608e+00
-2.460019786560437849e-01 -1.484295336243388608e+00 1.000000000000000000e+00 1.000000000000000021e-08 -4.320600274044354983e-01 -1.860580487483917356e+00
-4.320600274044354983e-01 -1.860580487483917356e+00 1.000000000000000000e+00 1.000000000000000021e-08 -7.006881070666667322e-01 -2.686280796622312117e+00
-7.006881070666667322e-01 -2.686280796622312117e+00 0.000000000000000000e+00 1.000000000000000021e-08 -1.006521169658359804e+00 -3.058330625916930057e+00
-1.006521169658359804e+00 -3.058330625916930057e+00 1.000000000000000000e+00 1.000000000000000021e-08 -1.440924637118363050e+00 -4.344034674600031565e+00
-1.440924637118363050e+00 -4.344034674600031565e+00 0.000000000000000000e+00 9.999000000000000110e-01 -1.570796326794896558e+00 -5.000000000000000000e+00
6.549876536469766142e-02 -3.199746113092914734e-02 2.000000000000000000e+00 1.000000000000000021e-08 2.905650600793535654e-03 -6.259311476390412299e-01
2.905650600793535654e-03 -6.259311476390412299e-01 2.000000000000000000e+00 1.000000000000000021e-08 -1.578908763850167263e-01 -1.607965269858102619e+00
-1.578908763850167263e-01 -1.607965269858102619e+00 1.000000000000000000e+00 1.000000000000000021e-08 -3.354518702902828942e-01 -1.775609939052661845e+00
-3.354518702902828942e-01 -1.775609939052661845e+00 2.000000000000000000e+00 1.000000000000000021e-08 -6.331606419887865211e-01 -2.977087716985036714e+00
-6.331606419887865211e-01 -2.977087716985036714e+00 2.000000000000000000e+00 1.000000000000000021e-08 -1.091816472136885263e+00 -4.586558301480986977e+00
-1.091816472136885263e+00 -4.586558301480986977e+00 2.000000000000000000e+00 9.999000000000000110e-01 -1.570796326794896558e+00 -5.000000000000000000e+00
-8.163805472657545415e-02 7.987468400034997140e-02 1.000000000000000000e+00 1.000000000000000021e-08 -8.767925198952518373e-02 -6.041197262949729585e-02
-8.767925198952518373e-02 -6.041197262949729585e-02 0.000000000000000000e+00 1.000000000000000021e-08 -1.419326229263041805e-02 7.348598969689476013e-01
-1.419326229263041805e-02 7.348598969689476013e-01 1.000000000000000000e+00 1.000000000000000021e-08 6.277107991870897741e-02 7.696434221133938713e-01
6.277107991870897741e-02 7.696434221133938713e-01 0.000000000000000000e+00 1.000000000000000021e-08 2.523321064575937966e-01 1.895610265388848026e+00
2.523321064575937966e-01 1.895610265388848026e+00 2.000000000000000000e+00 1.000000000000000021e-08 3.831456358780371274e-01 1.308135294204433308e+00
3.831456358780371274e-01 1.308135294204433308e+00 0.000000000000000000e+00 1.000000000000000021e-08 6.460528643784166913e-01 2.629072285003795528e+00
6.460528643784166913e-01 2.629072285003795528e+00 2.000000000000000000e+00 1.000000000000000021e-08 9.251359038646351785e-01 2.790830394862183983e+00
9.251359038646351785e-01 2.790830394862183983e+00 2.000000000000000000e+00 1.000000000000000021e-08 1.280766632477328582e+00 3.556307286126934919e+00
1.280766632477328582e+00 3.556307286126934919e+00 2.000000000000000000e+00 9.999000000000000110e-01 1.570796326794896558e+00 4.708022088367883384e+00
-6.588993939546494011e-03 3.574462870003427412e-02 0.000000000000000000e+00 1.000000000000000021e-08 9.341112806291763937e-02 1.000001220024641313e+00
9.341112806291763937e-02 1.000001220024641313e+00 1.000000000000000000e+00 1.000000000000000021e-08 1.928469443678066941e-01 9.943581630488904644e-01
1.928469443678066941e-01 9.943581630488904644e-01 2.000000000000000000e+00 1.000000000000000021e-08 2.306941543102872250e-01 3.784720994248054193e-01
2.306941543102872250e-01 3.784720994248054193e-01 1.000000000000000000e+00 1.000000000000000021e-08 3.097570811357483467e-01 7.906292682546113282e-01
3.097570811357483467e-01 7.906292682546113282e-01 0.000000000000000000e+00 1.000000000000000021e-08 5.239824006550903857e-01 2.142253195193420279e+00
5.239824006550903857e-01 2.142253195193420279e+00 2.000000000000000000e+00 1.000000000000000021e-08 7.392856312104776340e-01 2.153032305553872039e+00
7.392856312104776340e-01 2.153032305553872039e+00 1.000000000000000000e+00 1.000000000000000021e-08 1.058191306401094156e+00 3.189056751906163889e+00
1.058191306401094156e+00 3.189056751906163889e+00 0.000000000000000000e+00 1.000000000000000021e-08 1.535396735740953700e+00 4.772054293398595881e+00
1.535396735740953700e+00 4.772054293398595881e+00 2.000000000000000000e+00 9.999000000000000110e-01 1.570796326794896558e+00 5.000000000000000000e+00
3.152603668116069763e-02 6.563095404264895905e-02 0.000000000000000000e+00 1.000000000000000021e-08 1.284492613845359121e-01 9.692322470337519924e-01
1.284492613845359121e-01 9.692322470337519924e-01 1.000000000000000000e+00 1.000000000000000021e-08 2.508113289491738507e-01 1.223620675646379219e+00
2.508113289491738507e-01 1.223620675646379219e+00 2.000000000000000000e+00 1.000000000000000021e-08 3.446790913083681018e-01 9.386776235919425115e-01
3.446790913083681018e-01 9.386776235919425115e-01 2.000000000000000000e+00 1.000000000000000021e-08 4.195715313541018565e-01 7.489244004573377689e-01
