9.653550931133011298e-03 4.415229520598944191e-02 1.000000000000000000e+00 1.000000000000000021e-08 1.376187568188646203e-02 4.108324750753450383e-02
1.376187568188646203e-02 4.108324750753450383e-02 0.000000000000000000e+00 1.000000000000000021e-08 1.026166227070220011e-01 8.885474702513553868e-01
1.026166227070220011e-01 8.885474702513553868e-01 1.000000000000000000e+00 1.000000000000000021e-08 2.081616422045290127e-01 1.055450194975070088e+00
2.081616422045290127e-01 1.055450194975070088e+00 0.000000000000000000e+00 1.000000000000000021e-08 4.452755851335779003e-01 2.371139429290488820e+00
4.452755851335779003e-01 2.371139429290488820e+00 2.000000000000000000e+00 1.000000000000000021e-08 6.807457067188453781e-01 2.354701215852674778e+00
6.807457067188453781e-01 2.354701215852674778e+00 2.000000000000000000e+00 1.000000000000000021e-08 9.612274926129952268e-01 2.804817858941498265e+00
9.612274926129952268e-01 2.804817858941498265e+00 0.000000000000000000e+00 1.000000000000000021e-08 1.411498993787539957e+00 4.502715011745447526e+00
1.411498993787539957e+00 4.502715011745447526e+00 2.000000000000000000e+00 9.999000000000000110e-01 1.570796326794896558e+00 5.000000000000000000e+00
7.405166194732298868e-02 -4.712511917409385742e-02 0.000000000000000000e+00 1.000000000000000021e-08 1.771928821976050950e-01 1.031412202502821174e+00
1.771928821976050950e-01 1.031412202502821174e+00 2.000000000000000000e+00 1.000000000000000021e-08 2.150711947430626325e-01 3.787831254545754867e-01
2.150711947430626325e-01 3.787831254545754867e-01 1.000000000000000000e+00 1.000000000000000021e-08 2.769916815506704433e-01 6.192048680760779966e-01
2.769916815506704433e-01 6.192048680760779966e-01 0.000000000000000000e+00 1.000000000000000021e-08 4.565175225602625675e-01 1.795258410095921464e+00
4.565175225602625675e-01 1.795258410095921464e+00 2.000000000000000000e+00 1.000000000000000021e-08 6.324080099944644484e-01 1.758904874342019031e+00
6.324080099944644484e-01 1.758904874342019031e+00 2.000000000000000000e+00 1.000000000000000021e-08 8.305129443088169472e-01 1.981049343143524988e+00
8.305129443088169472e-01 1.981049343143524988e+00 1.000000000000000000e+00 1.000000000000000021e-08 1.132318485398358998e+00 3.018055410895419399e+00
1.132318485398358998e+00 3.018055410895419399e+00 2.000000000000000000e+00 1.000000000000000021e-08 1.528808740584363335e+00 3.964902551860043367e+00
1.528808740584363335e+00 3.964902551860043367e+00 1.000000000000000000e+00 9.999000000000000110e-01 1.570796326794896558e+00 5.000000000000000000e+00
5.232772882692750260e-02 4.650582521839100036e-02 1.000000000000000000e+00 1.000000000000000021e-08 5.605904023863382546e-02 3.731311411706323550e-02
5.605904023863382546e-02 3.731311411706323550e-02 1.000000000000000000e+00 1.000000000000000021e-08 5.696771237808254118e-02 9.086721394487164150e-03
5.696771237808254118e-02 9.086721394487164150e-03 1.000000000000000000e+00 1.000000000000000021e-08 7.341027852566395229e-02 1.644256614758140278e-01
7.341027852566395229e-02 1.644256614758140278e-01 0.000000000000000000e+00 1.000000000000000021e-08 1.794056192951566930e-01 1.059953407694927296e+00
1.794056192951566930e-01 1.059953407694927296e+00 2.000000000000000000e+00 1.000000000000000021e-08 2.448181338346196723e-01 6.541251453946297367e-01
2.448181338346196723e-01 6.541251453946297367e-01 0.000000000000000000e+00 1.000000000000000021e-08 4.489324307800793834e-01 2.041142969454597278e+00
4.489324307800793834e-01 2.041142969454597278e+00 2.000000000000000000e+00 1.000000000000000021e-08 6.403793615988884191e-01 1.914469308188090579e+00
6.403793615988884191e-01 1.914469308188090579e+00 1.000000000000000000e+00 1.000000000000000021e-08 9.263162474168661342e-01 2.859368858179776929e+00
9.263162474168661342e-01 2.859368858179776929e+00 2.000000000000000000e+00 1.000000000000000021e-08 1.277613486101671469e+00 3.512972386848052686e+00
1.277613486101671469e+00 3.512972386848052686e+00 2.000000000000000000e+00 9.999000000000000110e-01 1.570796326794896558e+00 4.662430995597472538e+00
5.691862035978836887e-02 7.440313529204821419e-02 1.000000000000000000e+00 1.000000000000000021e-08 7.442127350087587856e-02 1.750265314108750969e-01
7.442127350087587856e-02 1.750265314108750969e-01 1.000000000000000000e+00 1.000000000000000021e-08 9.715236082953113139e-02 2.273108732865525006e-01
9.715236082953113139e-02 2.273108732865525006e-01 0.000000000000000000e+00 1.000000000000000021e-08 2.121380498728658581e-01 1.149856890433347267e+00
2.121380498728658581e-01 1.149856890433347267e+00 2.000000000000000000e+00 1.000000000000000021e-08 2.879278911929846752e-01 7.578984132011883368e-01
2.879278911929846752e-01 7.578984132011883368e-01 0.000000000000000000e+00 1.000000000000000021e-08 5.105068562808284804e-01 2.225789650878438053e+00
5.105068562808284804e-01 2.225789650878438053e+00 2.000000000000000000e+00 1.000000000000000021e-08 7.311263448975876544e-01 2.206194886167591740e+00
7.311263448975876544e-01 2.206194886167591740e+00 0.000000000000000000e+00 1.000000000000000021e-08 1.116557258959506527e+00 3.854309140619188945e+00
1.116557258959506527e+00 3.854309140619188945e+00 1.000000000000000000e+00 9.999000000000000110e-01 1.570796326794896558e+00 5.000000000000000000e+00
7.056055588877506446e-02 -2.636308557660976826e-03 2.000000000000000000e+00 1.000000000000000021e-08 -2.063314248651572369e-02 -9.119369837529078815e-01
-2.063314248651572369e-02 -9.119369837529078815e-01 0.000000000000000000e+00 1.000000000000000021e-08 -1.254539274524807575e-02 8.087749741267646897e-02
-1.254539274524807575e-02 8.087749741267646897e-02 2.000000000000000000e+00 1.000000000000000021e-08 -1.044341820861230119e-01 -9.188878934087493233e-01
-1.044341820861230119e-01 -9.188878934087493233e-01 0.000000000000000000e+00 1.000000000000000021e-08 -1.216772793226945787e-01 -1.724309723657156956e-01
-1.216772793226945787e-01 -1.724309723657156956e-01 0.000000000000000000e+00 1.000000000000000021e-08 -7.909625533957066745e-02 4.258102398312391124e-01
-7.909625533957066745e-02 4.258102398312391124e-01 2.000000000000000000e+00 1.000000000000000021e-08 -1.491434167327240212e-01 -7.004716139315336765e-01
-1.491434167327240212e-01 -7.004716139315336765e-01 1.000000000000000000e+00 1.000000000000000021e-08 -2.280674902175922614e-01 -7.892407348486822904e-01
-2.280674902175922614e-01 -7.892407348486822904e-01 0.000000000000000000e+00 1.000000000000000021e-08 -2.548213288383366359e-01 -2.675383862074435237e-01
-2.548213288383366359e-01 -2.675383862074435237e-01 2.000000000000000000e+00 1.000000000000000021e-08 -3.932367534149554533e-01 -1.384154245766188396e+00
-3.932367534149554533e-01 -1.384154245766188396e+00 0.000000000000000000e+00 1.000000000000000021e-08 -5.267297871848340973e-01 -1.334930337698786440e+00
-5.267297871848340973e-01 -1.334930337698786440e+00 2.000000000000000000e+00 1.000000000000000021e-08 -8.160470059977384949e-01 -2.893172188129044642e+00
-8.160470059977384949e-01 -2.893172188129044642e+00 1.000000000000000000e+00 1.000000000000000021e-08 -1.217370154625050382e+00 -4.013231486273118875e+00
-1.217370154625050382e+00 -4.013231486273118875e+00 2.000000000000000000e+00 9.999000000000000110e-01 -1.570796326794896558e+00 -5.000000000000000000e+00
1.361934122458573204e-02 8.354773497656524384e-02 0.000000000000000000e+00 1.000000000000000021e-08 1.296259946181346212e-01 1.160066533935488975e+00
1.296259946181346212e-01 1.160066533935488975e+00 0.000000000000000000e+00 1.000000000000000021e-08 3.604681837789430188e-01 2.308421891608083865e+00
3.604681837789430188e-01 2.308421891608083865e+00 2.000000000000000000e+00 1.000000000000000021e-08 5.773410883841860741e-01 2.168729046052429776e+00
5.773410883841860741e-01 2.168729046052429776e+00 2.000000000000000000e+00 1.000000000000000021e-08 8.139396716570210799e-01 2.365985832728350502e+00
8.139396716570210799e-01 2.365985832728350502e+00 0.000000000000000000e+00 1.000000000000000021e-08 1.214928844676879560e+00 4.009891730198583915e+00
1.214928844676879560e+00 4.009891730198583915e+00 1.000000000000000000e+00 9.999000000000000110e-01 1.570796326794896558e+00 5.000000000000000000e+00
-3.785229623493167189e-02 -7.227289227660204513e-03 2.000000000000000000e+00 1.000000000000000021e-08 -1.255178310446092849e-01 -8.766553480967760326e-01
-1.255178310446092849e-01 -8.766553480967760326e-01 0.000000000000000000e+00 1.000000000000000021e-08 -1.543091422084559572e-01 -2.879131116384666678e-01
-1.543091422084559572e-01 -2.879131116384666678e-01 1.000000000000000000e+00 1.000000000000000021e-08 -1.982283967626304877e-01 -4.391925455417453605e-01
-1.982283967626304877e-01 -4.391925455417453605e-01 0.000000000000000000e+00 1.000000000000000021e-08 -1.884335835581842644e-01 9.794813204446217725e-02
-1.884335835581842644e-01 9.794813204446217725e-02 0.000000000000000000e+00 1.000000000000000021e-08 -1.282514248998928852e-01 6.018215865829136257e-01
-1.282514248998928852e-01 6.018215865829136257e-01 1.000000000000000000e+00 1.000000000000000021e-08 -8.711751264192385547e-02 4.113391225796901862e-01
-8.711751264192385547e-02 4.113391225796901862e-01 1.000000000000000000e+00 1.000000000000000021e-08 -6.716562149363737577e-02 1.995189114828648247e-01
-6.716562149363737577e-02 1.995189114828648247e-01 2.000000000000000000e+00 1.000000000000000021e-08 -1.472883564804758905e-01 -8.012273498683852857e-01
-1.472883564804758905e-01 -8.012273498683852857e-01 0.000000000000000000e+00 1.000000000000000021e-08 -1.488012730636270320e-01 -1.512916583151135974e-02
-1.488012730636270320e-01 -1.512916583151135974e-02 2.000000000000000000e+00 1.000000000000000021e-08 -2.580409627264590444e-01 -1.092396896628319958e+00
-2.580409627264590444e-01 -1.092396896628319958e+00 0.000000000000000000e+00 1.000000000000000021e-08 -3.190606114409768046e-01 -6.101964871451774908e-01
-3.190606114409768046e-01 -6.101964871451774908e-01 1.000000000000000000e+00 1.000000000000000021e-08 -4.463471387521278366e-01 -1.272865273111510209e+00
-4.463471387521278366e-01 -1.272865273111510209e+00 0.000000000000000000e+00 1.000000000000000021e-08 -5.772818027272782482e-01 -1.309346639751503671e+00
-5.772818027272782482e-01 -1.309346639751503671e+00 2.000000000000000000e+00 1.000000000000000021e-08 -8.774400130470086934e-01 -3.001582103197304008e+00
-8.774400130470086934e-01 -3.001582103197304008e+00 2.000000000000000000e+00 1.000000000000000021e-08 -1.332709820832961523e+00 -4.552698077859528070e+00
-1.332709820832961523e+00 -4.552698077859528070e+00 1.000000000000000000e+00 9.999000000000000110e-01 -1.570796326794896558e+00 -5.000000000000000000e+00
3.455621602848574225e-02 -8.450716052472836970e-02 0.000000000000000000e+00 1.000000000000000021e-08 1.270137847379947948e-01 9.245756870950906370e-01
1.270137847379947948e-01 9.245756870950906370e-01 1.000000000000000000e+00 1.000000000000000021e-08 2.484681443265772671e-01 1.214543595885824834e+00
2.484681443265772671e-01 1.214543595885824834e+00 0.000000000000000000e+00 1.000000000000000021e-08 5.001846362545193658e-01 2.517164919279420765e+00
5.001846362545193658e-01 2.517164919279420765e+00 2.000000000000000000e+00 1.000000000000000021e-08 7.663989914379227830e-01 2.662143551834033950e+00
7.663989914379227830e-01 2.662143551834033950e+00 2.000000000000000000e+00 1.000000000000000021e-08 1.077478550048429184e+00 3.110795586105064459e+00
1.077478550048429184e+00 3.110795586105064459e+00 1.000000000000000000e+00 1.000000000000000021e-08 1.515198708847022013e+00 4.377201587985927844e+00
1.515198708847022013e+00 4.377201587985927844e+00 0.000000000000000000e+00 9.999000000000000110e-01 1.570796326794896558e+00 5.000000000000000000e+00
7.238548087095576788e-02 -8.621975043923685300e-02 0.000000000000000000e+00 1.000000000000000021e-08 1.681214005767938946e-01 9.573591970583812394e-01
1.681214005767938946e-01 9.573591970583812394e-01 2.000000000000000000e+00 1.000000000000000021e-08 1.938134327759342412e-01 2.569203219914034664e-01
1.938134327759342412e-01 2.569203219914034664e-01 0.000000000000000000e+00 1.000000000000000021e-08 3.414545304695326688e-01 1.476410976935984554e+00
3.414545304695326688e-01 1.476410976935984554e+00 1.000000000000000000e+00 1.000000000000000021e-08 5.565703605051800507e-01 2.151158300356474040e+00
5.565703605051800507e-01 2.151158300356474040e+00 2.000000000000000000e+00 1.000000000000000021e-08 7.882812221083845827e-01 2.317108616032045099e+00
7.882812221083845827e-01 2.317108616032045099e+00 2.000000000000000000e+00 1.000000000000000021e-08 1.079773417970234295e+00 2.914921958618496234e+00
1.079773417970234295e+00 2.914921958618496234e+00 1.000000000000000000e+00 1.000000000000000021e-08 1.494989567071921766e+00 4.152161491016874706e+00
1.494989567071921766e+00 4.152161491016874706e+00 1.000000000000000000e+00 9.999000000000000110e-01 1.570796326794896558e+00 5.000000000000000000e+00
1.691679039859977918e-02 1.193662689494091877e-02 2.000000000000000000e+00 1.000000000000000021e-08 -6.654989814486418631e-02 -8.346668854346396271e-01
-6.654989814486418631e-02 -8.346668854346396271e-01 1.000000000000000000e+00 1.000000000000000021e-08 -1.448604207047368697e-01 -7.831052255987269728e-01
-1.448604207047368697e-01 -7.831052255987269728e-01 0.000000000000000000e+00 1.000000000000000021e-08 -1.777965438380539887e-01 -3.293612313331711339e-01
-1.777965438380539887e-01 -3.293612313331711339e-01 2.000000000000000000e+00 1.000000000000000021e-08 -3.432400773014149253e-01 -1.654435334633609367e+00
-3.432400773014149253e-01 -1.654435334633609367e+00 1.000000000000000000e+00 1.000000000000000021e-08 -5.711871660782232851e-01 -2.279470887768083820e+00
-5.711871660782232851e-01 -2.279470887768083820e+00 2.000000000000000000e+00 1.000000000000000021e-08 -9.598969799036176642e-01 -3.887098138253942903e+00
-9.598969799036176642e-01 -3.887098138253942903e+00 0.000000000000000000e+00 1.000000000000000021e-08 -1.416437657960944119e+00 -4.565406780573264989e+00
-1.416437657960944119e+00 -4.565406780573264989e+00 1.000000000000000000e+00 9.999000000000000110e-01 -1.570796326794896558e+00 -5.000000000000000000e+00
1.606104776366704123e-02 3.299256627141906872e-02 0.000000000000000000e+00 1.000000000000000021e-08 1.127296729576140882e-01 9.666862519394704423e-01
1.127296729576140882e-01 9.666862519394704423e-01 2.000000000000000000e+00 1.000000000000000021e-08 1.434638350825678255e-01 3.073416212495373445e-01
1.434638350825678255e-01 3.073416212495373445e-01 2.000000000000000000e+00 1.000000000000000021e-08 9.472559915721426305e-02 -4.873823592535355687e-01
9.472559915721426305e-02 -4.873823592535355687e-01 1.000000000000000000e+00 1.000000000000000021e-08 7.620814233726376508e-02 -1.851745681995049519e-01
7.620814233726376508e-02 -1.851745681995049519e-01 2.000000000000000000e+00 1.000000000000000021e-08 -2.885668943666712394e-02 -1.050648317739308890e+00
-2.885668943666712394e-02 -1.050648317739308890e+00 0.000000000000000000e+00 1.000000000000000021e-08 -3.688580358836350548e-02 -8.029114151696381541e-02
-3.688580358836350548e-02 -8.029114151696381541e-02 2.000000000000000000e+00 1.000000000000000021e-08 -1.535395433245042573e-01 -1.166537397361407491e+00
-1.535395433245042573e-01 -1.166537397361407491e+00 0.000000000000000000e+00 1.000000000000000021e-08 -2.104012537561303908e-01 -5.686171043162614458e-01
-2.104012537561303908e-01 -5.686171043162614458e-01 2.000000000000000000e+00 1.000000000000000021e-08 -3.910731338442814398e-01 -1.806718800881510489e+00
-3.910731338442814398e-01 -1.806718800881510489e+00 2.000000000000000000e+00 1.000000000000000021e-08 -7.195197981667948994e-01 -3.284466643225133708e+00
-7.195197981667948994e-01 -3.284466643225133708e+00 2.000000000000000000e+00 1.000000000000000021e-08 -1.196120288733100834e+00 -4.766004905663058899e+00
-1.196120288733100834e+00 -4.766004905663058899e+00 1.000000000000000000e+00 9.999000000000000110e-01 -1.570796326794896558e+00 -5.000000000000000000e+00
7.498261640368168723e-02 7.312199968810355333e-02 0.000000000000000000e+00 1.000000000000000021e-08 1.666995839079298269e-01 9.171696750424812583e-01
1.666995839079298269e-01 9.171696750424812583e-01 1.000000000000000000e+00 1.000000000000000021e-08 2.985850471995054045e-01 1.318854632915755776e+00
2.985850471995054045e-01 1.318854632915755776e+00 2.000000000000000000e+00 1.000000000000000021e-08 4.088756294734652297e-01 1.102905822739598252e+00
4.088756294734652297e-01 1.102905822739598252e+00 1.000000000000000000e+00 1.000000000000000021e-08 5.825438436428158617e-01 1.736682141693505876e+00
5.825438436428158617e-01 1.736682141693505876e+00 0.000000000000000000e+00 1.000000000000000021e-08 9.202510015760962947e-01 3.377071579332804774e+00
9.202510015760962947e-01 3.377071579332804774e+00 1.000000000000000000e+00 1.000000000000000021e-08 1.379135441338385393e+00 4.588844397622890092e+00
1.379135441338385393e+00 4.588844397622890092e+00 0.000000000000000000e+00 9.999000000000000110e-01 1.570796326794896558e+00 5.000000000000000000e+00
-1.434096881760552750e-02 7.335288552802915474e-02 2.000000000000000000e+00 1.000000000000000021e-08 -9.290711181188696099e-02 -7.856614299428141823e-01
-9.290711181188696099e-02 -7.856614299428141823e-01 1.000000000000000000e+00 1.000000000000000021e-08 -1.856650209990644007e-01 -9.275790918717742306e-01
-1.856650209990644007e-01 -9.275790918717742306e-01 0.000000000000000000e+00 1.000000000000000021e-08 -2.338139665379066479e-01 -4.814894553884224160e-01
-2.338139665379066479e-01 -4.814894553884224160e-01 0.000000000000000000e+00 1.000000000000000021e-08 -2.253755156904795054e-01 8.438450847427142465e-02
-2.253755156904795054e-01 8.438450847427142465e-02 1.000000000000000000e+00 1.000000000000000021e-08 -2.583556772980852290e-01 -3.298016160760570692e-01
-2.583556772980852290e-01 -3.298016160760570692e-01 0.000000000000000000e+00 1.000000000000000021e-08 -2.393704024138902653e-01 1.898527488419495812e-01
-2.393704024138902653e-01 1.898527488419495812e-01 1.000000000000000000e+00 1.000000000000000021e-08 -2.728783446496494958e-01 -3.350794223575923603e-01
-2.728783446496494958e-01 -3.350794223575923603e-01 0.000000000000000000e+00 1.000000000000000021e-08 -2.562422522554309579e-01 1.663609239421851571e-01
-2.562422522554309579e-01 1.663609239421851571e-01 1.000000000000000000e+00 1.000000000000000021e-08 -2.905436728585886197e-01 -3.430142060315763963e-01
-2.905436728585886197e-01 -3.430142060315763963e-01 0.000000000000000000e+00 1.000000000000000021e-08 -2.774224671728490743e-01 1.312120568573956203e-01
-2.774224671728490743e-01 1.312120568573956203e-01 2.000000000000000000e+00 1.000000000000000021e-08 -4.088810398465699825e-01 -1.314585726737209415e+00
-4.088810398465699825e-01 -1.314585726737209415e+00 1.000000000000000000e+00 1.000000000000000021e-08 -6.167940644383782534e-01 -2.079130245918082487e+00
-6.167940644383782534e-01 -2.079130245918082487e+00 1.000000000000000000e+00 1.000000000000000021e-08 -9.098998518967182925e-01 -2.931057874583400835e+00
-9.098998518967182925e-01 -2.931057874583400835e+00 2.000000000000000000e+00 1.000000000000000021e-08 -1.374354727942133314e+00 -4.644548760454149772e+00
-1.374354727942133314e+00 -4.644548760454149772e+00 1.000000000000000000e+00 9.999000000000000110e-01 -1.570796326794896558e+00 -5.000000000000000000e+00
-5.907874702660652344e-02 6.569678274463176815e-02 1.000000000000000000e+00 1.000000000000000021e-08 -7.793419371629327352e-02 -1.885544668968675008e-01
-7.793419371629327352e-02 -1.885544668968675008e-01 2.000000000000000000e+00 1.000000000000000021e-08 -1.904484156181710519e-01 -1.125142219018777867e+00
-1.904484156181710519e-01 -1.125142219018777867e+00 1.000000000000000000e+00 1.000000000000000021e-08 -3.483808680735082652e-01 -1.579324524553372022e+00
-3.483808680735082652e-01 -1.579324524553372022e+00 1.000000000000000000e+00 1.000000000000000021e-08 -5.727829908631241196e-01 -2.244021227896158877e+00
-5.727829908631241196e-01 -2.244021227896158877e+00 1.000000000000000000e+00 1.000000000000000021e-08 -8.744710972339506672e-01 -3.016881063708265476e+00
-8.744710972339506672e-01 -3.016881063708265476e+00 1.000000000000000000e+00 1.000000000000000021e-08 -1.279991178683464792e+00 -4.055200814495139916e+00
-1.279991178683464792e+00 -4.055200814495139916e+00 2.000000000000000000e+00 9.999000000000000110e-01 -1.570796326794896558e+00 -5.000000000000000000e+00
8.380495163704848594e-02 -5.069518194290353191e-02 0.000000000000000000e+00 1.000000000000000021e-08 1.856895158947359237e-01 1.018845642576874155e+00
1.856895158947359237e-01 1.018845642576874155e+00 2.000000000000000000e+00 1.000000000000000021e-08 2.249829617876311361e-01 3.929344589289520684e-01
2.249829617876311361e-01 3.929344589289520684e-01 0.000000000000000000e+00 1.000000000000000021e-08 3.800478929077710788e-01 1.550649311201399261e+00
3.800478929077710788e-01 1.550649311201399261e+00 2.000000000000000000e+00 1.000000000000000021e-08 5.212548738867256448e-01 1.412069809789545882e+00
5.212548738867256448e-01 1.412069809789545882e+00 1.000000000000000000e+00 1.000000000000000021e-08 7.505739875074705081e-01 2.293191136207448633e+00
7.505739875074705081e-01 2.293191136207448633e+00 1.000000000000000000e+00 1.000000000000000021e-08 1.095537665493234503e+00 3.449636779857638835e+00
1.095537665493234503e+00 3.449636779857638835e+00 0.000000000000000000e+00 9.999000000000000110e-01 1.570796326794896558e+00 5.000000000000000000e+00
-5.534633630504441626e-02 2.111608040025794372e-02 0.000000000000000000e+00 1.000000000000000021e-08 1.368676730099945005e-02 6.903310360604386631e-01
1.368676730099945005e-02 6.903310360604386631e-01 1.000000000000000000e+00 1.000000000000000021e-08 9.306698154183276617e-02 7.938021424083331334e-01
9.306698154183276617e-02 7.938021424083331334e-01 0.000000000000000000e+00 1.000000000000000021e-08 2.868806863396203832e-01 1.938137047977876115e+00
2.868806863396203832e-01 1.938137047977876115e+00 2.000000000000000000e+00 1.000000000000000021e-08 4.506048121438251952e-01 1.637241258042048120e+00
4.506048121438251952e-01 1.637241258042048120e+00 0.000000000000000000e+00 1.000000000000000021e-08 7.645256006295638729e-01 3.139207884857386333e+00
7.645256006295638729e-01 3.139207884857386333e+00 0.000000000000000000e+00 1.000000000000000021e-08 1.247484071974183983e+00 4.829584713446199551e+00
1.247484071974183983e+00 4.829584713446199551e+00 2.000000000000000000e+00 9.999000000000000110e-01 1.570796326794896558e+00 5.000000000000000000e+00
8.813668131727910027e-03 -4.197613604726142811e-02 2.000000000000000000e+00 1.000000000000000021e-08 -8.047802945164797550e-02 -8.929169758337587304e-01
-8.047802945164797550e-02 -8.929169758337587304e-01 1.000000000000000000e+00 1.000000000000000021e-08 -1.661664909708824023e-01 -8.568846151923442678e-01
-1.661664909708824023e-01 -8.568846151923442678e-01 2.000000000000000000e+00 1.000000000000000021e-08 -3.601322895254198686e-01 -1.939657985545374164e+00
-3.601322895254198686e-01 -1.939657985545374164e+00 2.000000000000000000e+00 1.000000000000000021e-08 -6.873008966404269282e-01 -3.271686071150070152e+00
-6.873008966404269282e-01 -3.271686071150070152e+00 0.000000000000000000e+00 1.000000000000000021e-08 -1.042126314984936242e+00 -3.548254183445092469e+00
-1.042126314984936242e+00 -3.548254183445092469e+00 0.000000000000000000e+00 1.000000000000000021e-08 -1.480688599075739242e+00 -4.385622840908029119e+00
-1.480688599075739242e+00 -4.385622840908029119e+00 0.000000000000000000e+00 9.999000000000000110e-01 -1.570796326794896558e+00 -5.000000000000000000e+00
5.103526360032169251e-02 -3.743472733454423357e-03 1.000000000000000000e+00 1.000000000000000021e-08 7.035286331533213700e-02 1.931759971501045003e-01
7.035286331533213700e-02 1.931759971501045003e-01 0.000000000000000000e+00 1.000000000000000021e-08 1.891946321688153521e-01 1.188417688534832095e+00
1.891946321688153521e-01 1.188417688534832095e+00 0.000000000000000000e+00 1.000000000000000021e-08 4.266694107588688278e-01 2.374747785900534591e+00
4.266694107588688278e-01 2.374747785900534591e+00 0.000000000000000000e+00 1.000000000000000021e-08 8.133413289419265668e-01 3.866719181830577057e+00
8.133413289419265668e-01 3.866719181830577057e+00 0.000000000000000000e+00 1.000000000000000021e-08 1.362997007522788406e+00 5.000000000000000000e+00
1.362997007522788406e+00 5.000000000000000000e+00 0.000000000000000000e+00 9.999000000000000110e-01 1.570796326794896558e+00 5.000000000000000000e+00
4.202667785987556498e-02 -4.812803970043916246e-02 2.000000000000000000e+00 1.000000000000000021e-08 -5.302756659683239421e-02 -9.505424445670795919e-01
-5.302756659683239421e-02 -9.505424445670795919e-01 0.000000000000000000e+00 1.000000000000000021e-08 -5.862468983444685949e-02 -5.597123237614465285e-02
-5.862468983444685949e-02 -5.597123237614465285e-02 0.000000000000000000e+00 1.000000000000000021e-08 6.262822097149317591e-05 5.868731805541834712e-01
6.262822097149317591e-05 5.868731805541834712e-01 0.000000000000000000e+00 1.000000000000000021e-08 1.455439598110644939e-01 1.454813315900929993e+00
1.455439598110644939e-01 1.454813315900929993e+00 2.000000000000000000e+00 1.000000000000000021e-08 2.425755736510833427e-01 9.703161384001883771e-01
2.425755736510833427e-01 9.703161384001883771e-01 2.000000000000000000e+00 1.000000000000000021e-08 2.982133116737435419e-01 5.563773802266016588e-01
2.982133116737435419e-01 5.563773802266016588e-01 2.000000000000000000e+00 1.000000000000000021e-08 3.221403429900941973e-01 2.392703131635068314e-01
3.221403429900941973e-01 2.392703131635068314e-01 1.000000000000000000e+00 1.000000000000000021e-08 4.094216055635396256e-01 8.728126257344543948e-01
4.094216055635396256e-01 8.728126257344543948e-01 2.000000000000000000e+00 1.000000000000000021e-08 4.939952287575538059e-01 8.457362319401418027e-01
4.939952287575538059e-01 8.457362319401418027e-01 0.000000000000000000e+00 1.000000000000000021e-08 7.429472728363186729e-01 2.489520440787649225e+00
7.429472728363186729e-01 2.489520440787649225e+00 0.000000000000000000e+00 1.000000000000000021e-08 1.153442339544386464e+00 4.104950667080678350e+00
1.153442339544386464e+00 4.104950667080678350e+00 1.000000000000000000e+00 9.999000000000000110e-01 1.570796326794896558e+00 5.000000000000000000e+00
-3.441574519138543287e-02 -5.152112805866238682e-02 1.000000000000000000e+00 1.000000000000000021e-08 -5.511352606238667518e-02 -2.069778087100123676e-01
-5.511352606238667518e-02 -2.069778087100123676e-01 0.000000000000000000e+00 1.000000000000000021e-08 -4.356851807136984112e-03 5.075667425524968968e-01
-4.356851807136984112e-03 5.075667425524968968e-01 2.000000000000000000e+00 1.000000000000000021e-08 -3.582991092824180240e-02 -3.147305912110481829e-01
-3.582991092824180240e-02 -3.147305912110481829e-01 0.000000000000000000e+00 1.000000000000000021e-08 2.810006740662431696e-02 6.392997833486612214e-01
2.810006740662431696e-02 6.392997833486612214e-01 2.000000000000000000e+00 1.000000000000000021e-08 -7.863589079384031288e-03 -3.596365648600834408e-01
-7.863589079384031288e-03 -3.596365648600834408e-01 0.000000000000000000e+00 1.000000000000000021e-08 4.556519919692521986e-02 5.342878827630924699e-01
4.556519919692521986e-02 5.342878827630924699e-01 0.000000000000000000e+00 1.000000000000000021e-08 2.029763448841085949e-01 1.574111456871833514e+00
2.029763448841085949e-01 1.574111456871833514e+00 1.000000000000000000e+00 1.000000000000000021e-08 4.042517563918585632e-01 2.012754115077499684e+00
4.042517563918585632e-01 2.012754115077499684e+00 2.000000000000000000e+00 1.000000000000000021e-08 5.755836460109415853e-01 1.713318896190830110e+00
5.755836460109415853e-01 1.713318896190830110e+00 2.000000000000000000e+00 1.000000000000000021e-08 7.730250733969189492e-01 1.974414273859773861e+00
7.730250733969189492e-01 1.974414273859773861e+00 0.000000000000000000e+00 1.000000000000000021e-08 1.141305299502362258e+00 3.682802261054433313e+00
1.141305299502362258e+00 3.682802261054433313e+00 2.000000000000000000e+00 9.999000000000000110e-01 1.570796326794896558e+00 4.692055616776799276e+00
-6.489335083002703564e-02 2.587530682495899417e-02 0.000000000000000000e+00 1.000000000000000021e-08 1.006465127272287985e-02 7.495800210274990993e-01
1.006465127272287985e-02 7.495800210274990993e-01 1.000000000000000000e+00 1.000000000000000021e-08 9.302374202484182952e-02 8.295909075211894690e-01
9.302374202484182952e-02 8.295909075211894690e-01 0.000000000000000000e+00 1.000000000000000021e-08 2.658144105034618287e-01 1.727906684786200131e+00
2.658144105034618287e-01 1.727906684786200131e+00 1.000000000000000000e+00 1.000000000000000021e-08 4.753772650116197540e-01 2.095628545081579031e+00
4.753772650116197540e-01 2.095628545081579031e+00 1.000000000000000000e+00 1.000000000000000021e-08 7.432016998486408177e-01 2.678244348370210304e+00
7.432016998486408177e-01 2.678244348370210304e+00 1.000000000000000000e+00 1.000000000000000021e-08 1.104524975872664516e+00 3.613232760240236541e+00
1.104524975872664516e+00 3.613232760240236541e+00 0.000000000000000000e+00 9.999000000000000110e-01 1.570796326794896558e+00 5.000000000000000000e+00
7.813436755479616358e-04 -6.098326396624725865e-02 0.000000000000000000e+00 1.000000000000000021e-08 1.004165828387431347e-01 9.963523916319516616e-01
1.004165828387431347e-01 9.963523916319516616e-01 2.000000000000000000e+00 1.000000000000000021e-08 1.331799852932969985e-01 3.276340245455384714e-01
1.331799852932969985e-01 3.276340245455384714e-01 2.000000000000000000e+00 1.000000000000000021e-08 8.662643630090222091e-02 -4.655354899239477762e-01
8.662643630090222091e-02 -4.655354899239477762e-01 2.000000000000000000e+00 1.000000000000000021e-08 -1.813083519070191052e-02 -1.047572714916041203e+00
-1.813083519070191052e-02 -1.047572714916041203e+00 0.000000000000000000e+00 1.000000000000000021e-08 -5.206852805510289034e-02 -3.393769286440098121e-01
-5.206852805510289034e-02 -3.393769286440098121e-01 1.000000000000000000e+00 1.000000000000000021e-08 -9.188246886152701132e-02 -3.981394080642411404e-01
-9.188246886152701132e-02 -3.981394080642411404e-01 1.000000000000000000e+00 1.000000000000000021e-08 -1.609601081880214224e-01 -6.907763932649439997e-01
-1.609601081880214224e-01 -6.907763932649439997e-01 0.000000000000000000e+00 1.000000000000000021e-08 -1.736890711722897107e-01 -1.272896298426829942e-01
-1.736890711722897107e-01 -1.272896298426829942e-01 2.000000000000000000e+00 1.000000000000000021e-08 -2.998422082458784832e-01 -1.261531370735887503e+00
-2.998422082458784832e-01 -1.261531370735887503e+00 2.000000000000000000e+00 1.000000000000000021e-08 -5.620443899767173512e-01 -2.622021817308388236e+00
-5.620443899767173512e-01 -2.622021817308388236e+00 1.000000000000000000e+00 1.000000000000000021e-08 -9.054412915269933748e-01 -3.433969015502759348e+00
-9.054412915269933748e-01 -3.433969015502759348e+00 2.000000000000000000e+00 1.000000000000000021e-08 -1.402347762941096088e+00 -4.969064714141026684e+00
-1.402347762941096088e+00 -4.969064714141026684e+00 0.000000000000000000e+00 9.999000000000000110e-01 -1.570796326794896558e+00 -5.000000000000000000e+00
-7.673429720225258266e-02 -1.761359269398013114e-02 0.000000000000000000e+00 1.000000000000000021e-08 7.330514004387445048e-03 8.406481120664002216e-01
7.330514004387445048e-03 8.406481120664002216e-01 1.000000000000000000e+00 1.000000000000000021e-08 1.065954711499313839e-01 9.926495714554393057e-01
1.065954711499313839e-01 9.926495714554393057e-01 1.000000000000000000e+00 1.000000000000000021e-08 2.142797307136035945e-01 1.076842595636722022e+00
2.142797307136035945e-01 1.076842595636722022e+00 2.000000000000000000e+00 1.000000000000000021e-08 2.806576011957564454e-01 6.637787048215282315e-01
2.806576011957564454e-01 6.637787048215282315e-01 0.000000000000000000e+00 1.000000000000000021e-08 4.871438922986561781e-01 2.064862911028996884e+00
4.871438922986561781e-01 2.064862911028996884e+00 2.000000000000000000e+00 1.000000000000000021e-08 7.030170964168335201e-01 2.158732041181773198e+00
7.030170964168335201e-01 2.158732041181773198e+00 2.000000000000000000e+00 1.000000000000000021e-08 9.491278174579811377e-01 2.461107210411475510e+00
9.491278174579811377e-01 2.461107210411475510e+00 1.000000000000000000e+00 1.000000000000000021e-08 1.319268096329653916e+00 3.701402788716728232e+00
1.319268096329653916e+00 3.701402788716728232e+00 1.000000000000000000e+00 9.999000000000000110e-01 1.570796326794896558e+00 5.000000000000000000e+00
6.905718327923046629e-02 -1.171208847841147954e-02 1.000000000000000000e+00 1.000000000000000021e-08 9.524471036024352577e-02 2.618752708101305671e-01
9.524471036024352577e-02 2.618752708101305671e-01 2.000000000000000000e+00 1.000000000000000021e-08 6.697685884987894522e-02 -2.826785151036457777e-01
6.697685884987894522e-02 -2.826785151036457777e-01 2.000000000000000000e+00 1.000000000000000021e-08 -2.160633105499110140e-02 -8.858318990487004108e-01
-2.160633105499110140e-02 -8.858318990487004108e-01 2.000000000000000000e+00 1.000000000000000021e-08 -2.094235801428772914e-01 -1.878172490878861733e+00
-2.094235801428772914e-01 -1.878172490878861733e+00 1.000000000000000000e+00 1.000000000000000021e-08 -4.287147636907309711e-01 -2.192911835478536631e+00
-4.287147636907309711e-01 -2.192911835478536631e+00 2.000000000000000000e+00 1.000000000000000021e-08 -8.012490140490726720e-01 -3.725342503583416232e+00
-8.012490140490726720e-01 -3.725342503583416232e+00 2.000000000000000000e+00 1.000000000000000021e-08 -1.326778034145460028e+00 -5.000000000000000000e+00
-1.326778034145460028e+00 -5.000000000000000000e+00 1.000000000000000000e+00 9.999000000000000110e-01 -1.570796326794896558e+00 -5.000000000000000000e+00
-5.745144714523771345e-02 5.190951639298772846e-03 0.000000000000000000e+00 1.000000000000000021e-08 3.237692078938890494e-02 8.982836793462661840e-01
3.237692078938890494e-02 8.982836793462661840e-01 2.000000000000000000e+00 1.000000000000000021e-08 3.944513720266011603e-02 7.068216413271211085e-02
3.944513720266011603e-02 7.068216413271211085e-02 2.000000000000000000e+00 1.000000000000000021e-08 -2.464819627928420409e-02 -6.409333348194431457e-01
-2.464819627928420409e-02 -6.409333348194431457e-01 2.000000000000000000e+00 1.000000000000000021e-08 -1.718009892083113832e-01 -1.471527929290271874e+00
-1.718009892083113832e-01 -1.471527929290271874e+00 1.000000000000000000e+00 1.000000000000000021e-08 -3.596956563292134090e-01 -1.878946671209020147e+00
-3.596956563292134090e-01 -1.878946671209020147e+00 0.000000000000000000e+00 1.000000000000000021e-08 -5.197965086079842090e-01 -1.601008522787707999e+00
-5.197965086079842090e-01 -1.601008522787707999e+00 2.000000000000000000e+00 1.000000000000000021e-08 -8.419098129531789043e-01 -3.221133043451946509e+00
-8.419098129531789043e-01 -3.221133043451946509e+00 1.000000000000000000e+00 1.000000000000000021e-08 -1.278409795790851788e+00 -4.364999828376729951e+00
-1.278409795790851788e+00 -4.364999828376729951e+00 1.000000000000000000e+00 9.999000000000000110e-01 -1.570796326794896558e+00 -5.000000000000000000e+00
-8.231893197369774540e-02 -2.562169450561428002e-03 1.000000000000000000e+00 1.000000000000000021e-08 -8.223671247575309318e-02 8.221949794465529919e-04
-8.223671247575309318e-02 8.221949794465529919e-04 0.000000000000000000e+00 1.000000000000000021e-08 -6.790642435216612260e-03 7.544607004053647259e-01
-6.790642435216612260e-03 7.544607004053647259e-01 0.000000000000000000e+00 1.000000000000000021e-08 1.608425914504544307e-01 1.676332338856710180e+00
1.608425914504544307e-01 1.676332338856710180e+00 1.000000000000000000e+00 1.000000000000000021e-08 3.648642453352449744e-01 2.040216538847905436e+00
3.648642453352449744e-01 2.040216538847905436e+00 0.000000000000000000e+00 1.000000000000000021e-08 7.194649263375736403e-01 3.546006810023286882e+00
7.194649263375736403e-01 3.546006810023286882e+00 0.000000000000000000e+00 1.000000000000000021e-08 1.227210423718020138e+00 5.000000000000000000e+00
1.227210423718020138e+00 5.000000000000000000e+00 0.000000000000000000e+00 9.999000000000000110e-01 1.570796326794896558e+00 5.000000000000000000e+00
-5.724903485092424499e-03 2.157922281791003344e-02 1.000000000000000000e+00 1.000000000000000021e-08 2.124212202101518135e-03 7.849115687193941593e-02
2.124212202101518135e-03 7.849115687193941593e-02 2.000000000000000000e+00 1.000000000000000021e-08 -8.633918584778375871e-02 -8.846339804988526678e-01
-8.633918584778375871e-02 -8.846339804988526678e-01 0.000000000000000000e+00 1.000000000000000021e-08 -8.543810647993378693e-02 9.010793678499773307e-03
-8.543810647993378693e-02 9.010793678499773307e-03 1.000000000000000000e+00 1.000000000000000021e-08 -8.201773668561200548e-02 3.420369794321787699e-02
-8.201773668561200548e-02 3.420369794321787699e-02 2.000000000000000000e+00 1.000000000000000021e-08 -1.656805735361274734e-01 -8.366283685051547625e-01
-1.656805735361274734e-01 -8.366283685051547625e-01 0.000000000000000000e+00 1.000000000000000021e-08 -2.046777721545204876e-01 -3.899719861839301416e-01
-2.046777721545204876e-01 -3.899719861839301416e-01 1.000000000000000000e+00 1.000000000000000021e-08 -2.939446810319065184e-01 -8.926690887738601976e-01
-2.939446810319065184e-01 -8.926690887738601976e-01 0.000000000000000000e+00 1.000000000000000021e-08 -3.340350342954894747e-01 -4.009035326358295070e-01
-3.340350342954894747e-01 -4.009035326358295070e-01 0.000000000000000000e+00 1.000000000000000021e-08 -3.357954544909257377e-01 -1.760420195436285251e-02
-3.357954544909257377e-01 -1.760420195436285251e-02 0.000000000000000000e+00 1.000000000000000021e-08 -3.234181805684057109e-01 1.237727392252000180e-01
-3.234181805684057109e-01 1.237727392252000180e-01 2.000000000000000000e+00 1.000000000000000021e-08 -4.433102197293451452e-01 -1.198920391609394009e+00
-4.433102197293451452e-01 -1.198920391609394009e+00 0.000000000000000000e+00 1.000000000000000021e-08 -5.508277301347289656e-01 -1.075175104053838426e+00
-5.508277301347289656e-01 -1.075175104053838426e+00 0.000000000000000000e+00 1.000000000000000021e-08 -6.678531025082929951e-01 -1.170253723735639850e+00
-6.678531025082929951e-01 -1.170253723735639850e+00 1.000000000000000000e+00 1.000000000000000021e-08 -8.969417007361982774e-01 -2.290885982279052602e+00
-8.969417007361982774e-01 -2.290885982279052602e+00 2.000000000000000000e+00 1.000000000000000021e-08 -1.284349163999154220e+00 -3.874074632629558756e+00
-1.284349163999154220e+00 -3.874074632629558756e+00 0.000000000000000000e+00 9.999000000000000110e-01 -1.570796326794896558e+00 -5.000000000000000000e+00
3.650423130134911043e-02 7.497750205252845523e-02 0.000000000000000000e+00 1.000000000000000021e-08 1.407347170880496323e-01 1.042304857867005330e+00
1.407347170880496323e-01 1.042304857867005330e+00 0.000000000000000000e+00 1.000000000000000021e-08 3.662454346651236037e-01 2.255107175770739936e+00
3.662454346651236037e-01 2.255107175770739936e+00 1.000000000000000000e+00 1.000000000000000021e-08 6.435694505093421114e-01 2.773240158442185077e+00
6.435694505093421114e-01 2.773240158442185077e+00 1.000000000000000000e+00 1.000000000000000021e-08 1.015286327991675286e+00 3.717168774823331745e+00
1.015286327991675286e+00 3.717168774823331745e+00 2.000000000000000000e+00 1.000000000000000021e-08 1.463529719420304520e+00 4.482433914286293231e+00
1.463529719420304520e+00 4.482433914286293231e+00 0.000000000000000000e+00 9.999000000000000110e-01 1.570796326794896558e+00 5.000000000000000000e+00
8.434338834204668789e-02 6.844324089230274799e-02 0.000000000000000000e+00 1.000000000000000021e-08 1.927510491186025243e-01 1.084076607765558364e+00
1.927510491186025243e-01 1.084076607765558364e+00 1.000000000000000000e+00 1.000000000000000021e-08 3.349114099359535857e-01 1.421603608173510169e+00
3.349114099359535857e-01 1.421603608173510169e+00 1.000000000000000000e+00 1.000000000000000021e-08 5.441829113958169817e-01 2.092715014598633516e+00
5.441829113958169817e-01 2.092715014598633516e+00 1.000000000000000000e+00 1.000000000000000021e-08 8.314661773340639161e-01 2.872832659382468456e+00
8.314661773340639161e-01 2.872832659382468456e+00 0.000000000000000000e+00 1.000000000000000021e-08 1.280456639686321729e+00 4.489904623522578575e+00
1.280456639686321729e+00 4.489904623522578575e+00 2.000000000000000000e+00 9.999000000000000110e-01 1.570796326794896558e+00 5.000000000000000000e+00
-6.053344307374620981e-02 -1.968760965753625636e-02 2.000000000000000000e+00 1.000000000000000021e-08 -1.549964258559546337e-01 -9.446298278220841560e-01
-1.549964258559546337e-01 -9.446298278220841560e-01 0.000000000000000000e+00 1.000000000000000021e-08 -1.861858860308493457e-01 -3.118946017489471201e-01
-1.861858860308493457e-01 -3.118946017489471201e-01 2.000000000000000000e+00 1.000000000000000021e-08 -3.347629409323247263e-01 -1.485770549014753694e+00
-3.347629409323247263e-01 -1.485770549014753694e+00 2.000000000000000000e+00 1.000000000000000021e-08 -6.226615122449923323e-01 -2.878985713126675172e+00
-6.226615122449923323e-01 -2.878985713126675172e+00 2.000000000000000000e+00 1.000000000000000021e-08 -1.063254310790971768e+00 -4.405927985459793028e+00
-1.063254310790971768e+00 -4.405927985459793028e+00 0.000000000000000000e+00 9.999000000000000110e-01 -1.570796326794896558e+00 -5.000000000000000000e+00
7.756165768381546866e-02 -2.352459829229036625e-02 2.000000000000000000e+00 1.000000000000000021e-08 -1.037188105732744781e-02 -8.793353874114291369e-01
-1.037188105732744781e-02 -8.793353874114291369e-01 1.000000000000000000e+00 1.000000000000000021e-08 -1.164336424018383165e-01 -1.060617613445108631e+00
-1.164336424018383165e-01 -1.060617613445108631e+00 2.000000000000000000e+00 1.000000000000000021e-08 -3.249843587988167082e-01 -2.085507163969783750e+00
-3.249843587988167082e-01 -2.085507163969783750e+00 1.000000000000000000e+00 1.000000000000000021e-08 -5.995935983968530003e-01 -2.746092395980363587e+00
-5.995935983968530003e-01 -2.746092395980363587e+00 2.000000000000000000e+00 1.000000000000000021e-08 -1.031277156502802939e+00 -4.316835581059498494e+00
-1.031277156502802939e+00 -4.316835581059498494e+00 0.000000000000000000e+00 1.000000000000000021e-08 -1.543585639076496818e+00 -5.000000000000000000e+00
-1.543585639076496818e+00 -5.000000000000000000e+00 2.000000000000000000e+00 9.999000000000000110e-01 -1.570796326794896558e+00 -5.000000000000000000e+00
-5.808620278930042707e-02 -3.631565720934610414e-03 1.000000000000000000e+00 1.000000000000000021e-08 -6.519323303847940343e-02 -7.107030249178980519e-02
-6.519323303847940343e-02 -7.107030249178980519e-02 0.000000000000000000e+00 1.000000000000000021e-08 -1.121895484761450262e-02 5.397427819086489942e-01
-1.121895484761450262e-02 5.397427819086489942e-01 0.000000000000000000e+00 1.000000000000000021e-08 1.320330180354775396e-01 1.432519728830920380e+00
1.320330180354775396e-01 1.432519728830920380e+00 2.000000000000000000e+00 1.000000000000000021e-08 2.186081299023616697e-01 8.657511186688412463e-01
2.186081299023616697e-01 8.657511186688412463e-01 2.000000000000000000e+00 1.000000000000000021e-08 2.475335865977436045e-01 2.892545669538194586e-01
2.475335865977436045e-01 2.892545669538194586e-01 0.000000000000000000e+00 1.000000000000000021e-08 3.994827923016818771e-01 1.519492057039382615e+00
3.994827923016818771e-01 1.519492057039382615e+00 2.000000000000000000e+00 1.000000000000000021e-08 5.379684877195328729e-01 1.384856954178510069e+00
5.379684877195328729e-01 1.384856954178510069e+00 0.000000000000000000e+00 1.000000000000000021e-08 8.437583979354015273e-01 3.057899102158686766e+00
8.437583979354015273e-01 3.057899102158686766e+00 2.000000000000000000e+00 1.000000000000000021e-08 1.200469305686261201e+00 3.567109077508596737e+00
1.200469305686261201e+00 3.567109077508596737e+00 0.000000000000000000e+00 9.999000000000000110e-01 1.570796326794896558e+00 5.000000000000000000e+00
-8.010899949889099814e-02 2.137068201672059908e-03 1.000000000000000000e+00 1.000000000000000021e-08 -1.039888318688699798e-01 -2.387983236997897885e-01
-1.039888318688699798e-01 -2.387983236997897885e-01 0.000000000000000000e+00 1.000000000000000021e-08 -6.022963765952919768e-02 4.375919420934077930e-01
-6.022963765952919768e-02 4.375919420934077930e-01 2.000000000000000000e+00 1.000000000000000021e-08 -1.122120139590282034e-01 -5.198237629949900018e-01
-1.122120139590282034e-01 -5.198237629949900018e-01 1.000000000000000000e+00 1.000000000000000021e-08 -1.967803549149340081e-01 -8.456834095590578526e-01
-1.967803549149340081e-01 -8.456834095590578526e-01 0.000000000000000000e+00 1.000000000000000021e-08 -2.203597898290202417e-01 -2.357943491408623915e-01
-2.203597898290202417e-01 -2.357943491408623915e-01 2.000000000000000000e+00 1.000000000000000021e-08 -3.735779934788417411e-01 -1.532182036498214828e+00
-3.735779934788417411e-01 -1.532182036498214828e+00 0.000000000000000000e+00 1.000000000000000021e-08 -5.140126452655783273e-01 -1.404346517867365751e+00
-5.140126452655783273e-01 -1.404346517867365751e+00 2.000000000000000000e+00 1.000000000000000021e-08 -8.099667655726872084e-01 -2.959541203071088589e+00
-8.099667655726872084e-01 -2.959541203071088589e+00 2.000000000000000000e+00 1.000000000000000021e-08 -1.272815829348673766e+00 -4.628490637759866466e+00
-1.272815829348673766e+00 -4.628490637759866466e+00 0.000000000000000000e+00 9.999000000000000110e-01 -1.570796326794896558e+00 -5.000000000000000000e+00
3.862990035336516526e-02 2.177265216257400285e-02 0.000000000000000000e+00 1.000000000000000021e-08 1.491987513123848030e-01 1.105688509590196267e+00
1.491987513123848030e-01 1.105688509590196267e+00 1.000000000000000000e+00 1.000000000000000021e-08 2.681162563589075676e-01 1.189175050465227645e+00
2.681162563589075676e-01 1.189175050465227645e+00 2.000000000000000000e+00 1.000000000000000021e-08 3.632213524571035190e-01 9.510509609819595145e-01
3.632213524571035190e-01 9.510509609819595145e-01 2.000000000000000000e+00 1.000000000000000021e-08 4.258709976755502002e-01 6.264964521844665901e-01
4.258709976755502002e-01 6.264964521844665901e-01 0.000000000000000000e+00 1.000000000000000021e-08 6.343371626123068818e-01 2.084661649367566927e+00
6.343371626123068818e-01 2.084661649367566927e+00 2.000000000000000000e+00 1.000000000000000021e-08 8.579961511477115499e-01 2.236589885354046459e+00
8.579961511477115499e-01 2.236589885354046459e+00 0.000000000000000000e+00 1.000000000000000021e-08 1.249548633506270212e+00 3.915524823585586844e+00
1.249548633506270212e+00 3.915524823585586844e+00 2.000000000000000000e+00 9.999000000000000110e-01 1.570796326794896558e+00 5.000000000000000000e+00
1.144926674598761504e-02 4.930082016052174387e-02 1.000000000000000000e+00 1.000000000000000021e-08 1.243388379272824390e-02 9.846170467406288596e-03
1.243388379272824390e-02 9.846170467406288596e-03 1.000000000000000000e+00 1.000000000000000021e-08 4.680456658645175232e-03 -7.753427134083068495e-02
4.680456658645175232e-03 -7.753427134083068495e-02 0.000000000000000000e+00 1.000000000000000021e-08 9.072650566954491846e-02 8.604604901089972779e-01
9.072650566954491846e-02 8.604604901089972779e-01 2.000000000000000000e+00 1.000000000000000021e-08 9.862726052746703664e-02 7.900754857922120955e-02
9.862726052746703664e-02 7.900754857922120955e-02 1.000000000000000000e+00 1.000000000000000021e-08 1.085186327480680696e-01 9.891372220601034326e-02
1.085186327480680696e-01 9.891372220601034326e-02 1.000000000000000000e+00 1.000000000000000021e-08 1.420692989291008346e-01 3.355066618103277332e-01
1.420692989291008346e-01 3.355066618103277332e-01 2.000000000000000000e+00 1.000000000000000021e-08 1.251245726902467659e-01 -1.694472623885405760e-01
1.251245726902467659e-01 -1.694472623885405760e-01 1.000000000000000000e+00 1.000000000000000021e-08 1.342147905599734015e-01 9.090217869726630040e-02
1.342147905599734015e-01 9.090217869726630040e-02 1.000000000000000000e+00 1.000000000000000021e-08 1.502597921760468191e-01 1.604500161607342601e-01
1.502597921760468191e-01 1.604500161607342601e-01 2.000000000000000000e+00 1.000000000000000021e-08 1.221067060597318260e-01 -2.815308611631499591e-01
1.221067060597318260e-01 -2.815308611631499591e-01 0.000000000000000000e+00 1.000000000000000021e-08 2.109180912694172960e-01 8.881138520968545613e-01
2.109180912694172960e-01 8.881138520968545613e-01 0.000000000000000000e+00 1.000000000000000021e-08 4.333791416734837920e-01 2.224610504040664516e+00
4.333791416734837920e-01 2.224610504040664516e+00 0.000000000000000000e+00 1.000000000000000021e-08 8.031661695134384438e-01 3.697870278399546962e+00
8.031661695134384438e-01 3.697870278399546962e+00 1.000000000000000000e+00 1.000000000000000021e-08 1.284184482804848315e+00 4.810183132914097826e+00
1.284184482804848315e+00 4.810183132914097826e+00 1.000000000000000000e+00 9.999000000000000110e-01 1.570796326794896558e+00 5.000000000000000000e+00
4.529182966765533946e-02 -7.267404097294604542e-03 0.000000000000000000e+00 1.000000000000000021e-08 1.248664889887574209e-01 7.957465932110208140e-01
1.248664889887574209e-01 7.957465932110208140e-01 2.000000000000000000e+00 1.000000000000000021e-08 1.537389608830296017e-01 2.887247189427218919e-01
1.537389608830296017e-01 2.887247189427218919e-01 2.000000000000000000e+00 1.000000000000000021e-08 1.294842784104233147e-01 -2.425468247260628152e-01
1.294842784104233147e-01 -2.425468247260628152e-01 0.000000000000000000e+00 1.000000000000000021e-08 2.303134284559590350e-01 1.008291500455356982e+00
2.303134284559590350e-01 1.008291500455356982e+00 0.000000000000000000e+00 1.000000000000000021e-08 4.713163882858070197e-01 2.410029598298479847e+00
4.713163882858070197e-01 2.410029598298479847e+00 2.000000000000000000e+00 1.000000000000000021e-08 7.124550477452791242e-01 2.411386594594721267e+00
7.124550477452791242e-01 2.411386594594721267e+00 2.000000000000000000e+00 1.000000000000000021e-08 9.946756109938644785e-01 2.822205632485853322e+00
9.946756109938644785e-01 2.822205632485853322e+00 1.000000000000000000e+00 1.000000000000000021e-08 1.406796709536883849e+00 4.121210985430193041e+00
1.406796709536883849e+00 4.121210985430193041e+00 0.000000000000000000e+00 9.999000000000000110e-01 1.570796326794896558e+00 5.000000000000000000e+00
-5.560600938074106159e-02 -3.583437475644533909e-02 2.000000000000000000e+00 1.000000000000000021e-08 -1.416583506120983049e-01 -8.605234123135724333e-01
-1.416583506120983049e-01 -8.605234123135724333e-01 0.000000000000000000e+00 1.000000000000000021e-08 -1.657133122097783628e-01 -2.405496159768004683e-01
-1.657133122097783628e-01 -2.405496159768004683e-01 0.000000000000000000e+00 1.000000000000000021e-08 -1.152037532777948348e-01 5.050955893198352253e-01
-1.152037532777948348e-01 5.050955893198352253e-01 2.000000000000000000e+00 1.000000000000000021e-08 -1.829770314784096852e-01 -6.777327820061485042e-01
-1.829770314784096852e-01 -6.777327820061485042e-01 2.000000000000000000e+00 1.000000000000000021e-08 -3.682924177327955295e-01 -1.853153862543858166e+00
-3.682924177327955295e-01 -1.853153862543858166e+00 1.000000000000000000e+00 1.000000000000000021e-08 -6.006878390744068152e-01 -2.323954213416113301e+00
-6.006878390744068152e-01 -2.323954213416113301e+00 0.000000000000000000e+00 1.000000000000000021e-08 -8.609679577208735335e-01 -2.602801186464667182e+00
-8.609679577208735335e-01 -2.602801186464667182e+00 1.000000000000000000e+00 1.000000000000000021e-08 -1.228314719994146431e+00 -3.673467622732729421e+00
-1.228314719994146431e+00 -3.673467622732729421e+00 1.000000000000000000e+00 9.999000000000000110e-01 -1.570796326794896558e+00 -5.000000000000000000e+00
3.107228796251977621e-02 -8.717717050667814216e-02 0.000000000000000000e+00 1.000000000000000021e-08 1.131440188573145794e-01 8.207173089479480321e-01
1.131440188573145794e-01 8.207173089479480321e-01 1.000000000000000000e+00 1.000000000000000021e-08 2.266278357021439538e-01 1.134838168448293771e+00
2.266278357021439538e-01 1.134838168448293771e+00 2.000000000000000000e+00 1.000000000000000021e-08 2.921570180552059415e-01 6.552918235306199879e-01
2.921570180552059415e-01 6.552918235306199879e-01 1.000000000000000000e+00 1.000000000000000021e-08 4.225193355863118283e-01 1.303623175311058979e+00
4.225193355863118283e-01 1.303623175311058979e+00 0.000000000000000000e+00 1.000000000000000021e-08 6.961429231499568493e-01 2.736235875636450210e+00
6.961429231499568493e-01 2.736235875636450210e+00 2.000000000000000000e+00 1.000000000000000021e-08 1.008522359201844854e+00 3.123794360518879376e+00
1.008522359201844854e+00 3.123794360518879376e+00 2.000000000000000000e+00 1.000000000000000021e-08 1.395034340066659606e+00 3.865119808648148414e+00
1.395034340066659606e+00 3.865119808648148414e+00 2.000000000000000000e+00 9.999000000000000110e-01 1.570796326794896558e+00 5.000000000000000000e+00
-6.842207283943632645e-02 -4.804550589405423566e-02 0.000000000000000000e+00 1.000000000000000021e-08 1.497695280095433235e-02 8.339902564039065602e-01
1.497695280095433235e-02 8.339902564039065602e-01 0.000000000000000000e+00 1.000000000000000021e-08 2.066730638787048213e-01 1.916961110777504640e+00
2.066730638787048213e-01 1.916961110777504640e+00 1.000000000000000000e+00 1.000000000000000021e-08 4.488038785164091271e-01 2.421308146377043169e+00
4.488038785164091271e-01 2.421308146377043169e+00 2.000000000000000000e+00 1.000000000000000021e-08 6.785775831671371217e-01 2.297737046507279501e+00
6.785775831671371217e-01 2.297737046507279501e+00 1.000000000000000000e+00 1.000000000000000021e-08 1.002957859573656796e+00 3.243802764065196520e+00
1.002957859573656796e+00 3.243802764065196520e+00 1.000000000000000000e+00 1.000000000000000021e-08 1.444009278495302473e+00 4.410514189216456771e+00
1.444009278495302473e+00 4.410514189216456771e+00 1.000000000000000000e+00 9.999000000000000110e-01 1.570796326794896558e+00 5.000000000000000000e+00
7.508648225393191322e-02 -5.250442210283422229e-02 1.000000000000000000e+00 1.000000000000000021e-08 8.188417493017835502e-02 6.797692676246440413e-02
8.188417493017835502e-02 6.797692676246440413e-02 2.000000000000000000e+00 1.000000000000000021e-08 -3.994172185076833026e-04 -8.228359214868603555e-01
-3.994172185076833026e-04 -8.228359214868603555e-01 0.000000000000000000e+00 1.000000000000000021e-08 7.704213742432517928e-03 8.103630960940200190e-02
7.704213742432517928e-03 8.103630960940200190e-02 2.000000000000000000e+00 1.000000000000000021e-08 -8.845070661975512616e-02 -9.615492036218764582e-01
-8.845070661975512616e-02 -9.615492036218764582e-01 1.000000000000000000e+00 1.000000000000000021e-08 -2.072994080365392344e-01 -1.188487014167840972e+00
-2.072994080365392344e-01 -1.188487014167840972e+00 2.000000000000000000e+00 1.000000000000000021e-08 -4.581105494925077903e-01 -2.508111414559685670e+00
-4.581105494925077903e-01 -2.508111414559685670e+00 2.000000000000000000e+00 1.000000000000000021e-08 -8.529658250262700525e-01 -3.948552755337622511e+00
-8.529658250262700525e-01 -3.948552755337622511e+00 2.000000000000000000e+00 1.000000000000000021e-08 -1.407434392760758879e+00 -5.000000000000000000e+00
-1.407434392760758879e+00 -5.000000000000000000e+00 0.000000000000000000e+00 9.999000000000000110e-01 -1.570796326794896558e+00 -5.000000000000000000e+00
-1.627470269872284894e-02 3.803893531771330994e-02 2.000000000000000000e+00 1.000000000000000021e-08 -8.733597567341774837e-02 -7.106127297469490012e-01
-8.733597567341774837e-02 -7.106127297469490012e-01 1.000000000000000000e+00 1.000000000000000021e-08 -1.583132682151466852e-01 -7.097729254172894242e-01
-1.583132682151466852e-01 -7.097729254172894242e-01 2.000000000000000000e+00 1.000000000000000021e-08 -3.294421460994108042e-01 -1.711288778842641189e+00
-3.294421460994108042e-01 -1.711288778842641189e+00 1.000000000000000000e+00 1.000000000000000021e-08 -5.604608959905023058e-01 -2.310187498910914794e+00
-5.604608959905023058e-01 -2.310187498910914794e+00 0.000000000000000000e+00 1.000000000000000021e-08 -7.908149283536251017e-01 -2.303540323631227960e+00
-7.908149283536251017e-01 -2.303540323631227960e+00 2.000000000000000000e+00 1.000000000000000021e-08 -1.195956625113668181e+00 -4.051416967600431462e+00
-1.195956625113668181e+00 -4.051416967600431462e+00 1.000000000000000000e+00 9.999000000000000110e-01 -1.570796326794896558e+00 -5.000000000000000000e+00
7.227616857612263745e-02 -9.438648621486779577e-03 0.000000000000000000e+00 1.000000000000000021e-08 1.885972196062910555e-01 1.163210510301684320e+00
1.885972196062910555e-01 1.163210510301684320e+00 2.000000000000000000e+00 1.000000000000000021e-08 2.666014961225943170e-01 7.800427651630323922e-01
2.666014961225943170e-01 7.800427651630323922e-01 2.000000000000000000e+00 1.000000000000000021e-08 3.135674780392662120e-01 4.696598191667190059e-01
3.135674780392662120e-01 4.696598191667190059e-01 2.000000000000000000e+00 1.000000000000000021e-08 3.317273061052497529e-01 1.815982806598352428e-01
3.317273061052497529e-01 1.815982806598352428e-01 0.000000000000000000e+00 1.000000000000000021e-08 4.817214891774386221e-01 1.499941830721888580e+00
4.817214891774386221e-01 1.499941830721888580e+00 2.000000000000000000e+00 1.000000000000000021e-08 6.304807637884053406e-01 1.487592746109666519e+00
6.304807637884053406e-01 1.487592746109666519e+00 2.000000000000000000e+00 1.000000000000000021e-08 8.047895027839691018e-01 1.743087389955638056e+00
8.047895027839691018e-01 1.743087389955638056e+00 2.000000000000000000e+00 1.000000000000000021e-08 1.035017846034884892e+00 2.302283432509158345e+00
1.035017846034884892e+00 2.302283432509158345e+00 1.000000000000000000e+00 1.000000000000000021e-08 1.395091867514233641e+00 3.600740214793487937e+00
1.395091867514233641e+00 3.600740214793487937e+00 2.000000000000000000e+00 9.999000000000000110e-01 1.570796326794896558e+00 4.879447242052575184e+00
-5.737702295150354237e-02 5.734376199567511184e-02 1.000000000000000000e+00 1.000000000000000021e-08 -6.198410829934125621e-02 -4.607085347837713146e-02
-6.198410829934125621e-02 -4.607085347837713146e-02 1.000000000000000000e+00 1.000000000000000021e-08 -6.130055190653772162e-02 6.835563928035366665e-03
-6.130055190653772162e-02 6.835563928035366665e-03 1.000000000000000000e+00 1.000000000000000021e-08 -8.325956793429538372e-02 -2.195901602775766348e-01
-8.325956793429538372e-02 -2.195901602775766348e-01 0.000000000000000000e+00 1.000000000000000021e-08 -1.556943033406676946e-02 6.769013760022860593e-01
-1.556943033406676946e-02 6.769013760022860593e-01 2.000000000000000000e+00 1.000000000000000021e-08 -4.968863502525985160e-02 -3.411920469119308352e-01
-4.968863502525985160e-02 -3.411920469119308352e-01 0.000000000000000000e+00 1.000000000000000021e-08 5.181596774697184993e-03 5.487023179995703659e-01
5.181596774697184993e-03 5.487023179995703659e-01 1.000000000000000000e+00 1.000000000000000021e-08 7.788183435559445367e-02 7.270023758089725341e-01
7.788183435559445367e-02 7.270023758089725341e-01 0.000000000000000000e+00 1.000000000000000021e-08 2.644787269982346034e-01 1.865968926426401664e+00
2.644787269982346034e-01 1.865968926426401664e+00 0.000000000000000000e+00 1.000000000000000021e-08 5.704405352687313968e-01 3.059618082704967712e+00
5.704405352687313968e-01 3.059618082704967712e+00 0.000000000000000000e+00 1.000000000000000021e-08 1.029396890762153571e+00 4.589563554934221301e+00
1.029396890762153571e+00 4.589563554934221301e+00 1.000000000000000000e+00 9.999000000000000110e-01 1.570796326794896558e+00 5.000000000000000000e+00
-2.535790533463076063e-02 -4.846332272463123314e-02 2.000000000000000000e+00 1.000000000000000021e-08 -1.161492144453886710e-01 -9.079130911075790067e-01
-1.161492144453886710e-01 -9.079130911075790067e-01 2.000000000000000000e+00 1.000000000000000021e-08 -3.272971054780949296e-01 -2.111478910327062586e+00
-3.272971054780949296e-01 -2.111478910327062586e+00 1.000000000000000000e+00 1.000000000000000021e-08 -5.826234779036394418e-01 -2.553263724255445233e+00
-5.826234779036394418e-01 -2.553263724255445233e+00 2.000000000000000000e+00 1.000000000000000021e-08 -9.939564114613052004e-01 -4.113329335576657364e+00
-9.939564114613052004e-01 -4.113329335576657364e+00 2.000000000000000000e+00 1.000000000000000021e-08 -1.567655451865467064e+00 -5.000000000000000000e+00
-1.567655451865467064e+00 -5.000000000000000000e+00 1.000000000000000000e+00 9.999000000000000110e-01 -1.570796326794896558e+00 -5.000000000000000000e+00
5.049867658822888156e-03 2.154118578787523122e-02 2.000000000000000000e+00 1.000000000000000021e-08 -7.754560243294514321e-02 -8.259547009176801957e-01
-7.754560243294514321e-02 -8.259547009176801957e-01 0.000000000000000000e+00 1.000000000000000021e-08 -9.503391004525529873e-02 -1.748830761231014996e-01
-9.503391004525529873e-02 -1.748830761231014996e-01 1.000000000000000000e+00 1.000000000000000021e-08 -1.163200371609565131e-01 -2.128612711570120608e-01
-1.163200371609565131e-01 -2.128612711570120608e-01 2.000000000000000000e+00 1.000000000000000021e-08 -2.398787916627092565e-01 -1.235587545017527544e+00
-2.398787916627092565e-01 -1.235587545017527544e+00 0.000000000000000000e+00 1.000000000000000021e-08 -3.176354405997361408e-01 -7.775664893702685099e-01
-3.176354405997361408e-01 -7.775664893702685099e-01 0.000000000000000000e+00 1.000000000000000021e-08 -3.755380544118223085e-01 -5.790261381208613445e-01
-3.755380544118223085e-01 -5.790261381208613445e-01 2.000000000000000000e+00 1.000000000000000021e-08 -5.762211321615872128e-01 -2.006830777497649265e+00
-5.762211321615872128e-01 -2.006830777497649265e+00 0.000000000000000000e+00 1.000000000000000021e-08 -8.017166052822916056e-01 -2.254954731207043928e+00
-8.017166052822916056e-01 -2.254954731207043928e+00 0.000000000000000000e+00 1.000000000000000021e-08 -1.075503689717990596e+00 -2.737870844356990574e+00
-1.075503689717990596e+00 -2.737870844356990574e+00 2.000000000000000000e+00 1.000000000000000021e-08 -1.518069824515896782e+00 -4.425661347979062299e+00
-1.518069824515896782e+00 -4.425661347979062299e+00 1.000000000000000000e+00 9.999000000000000110e-01 -1.570796326794896558e+00 -5.000000000000000000e+00
4.751090274919874540e-02 9.562234019970996396e-03 2.000000000000000000e+00 1.000000000000000021e-08 -2.964487046666473141e-02 -7.715577321586346571e-01
-2.964487046666473141e-02 -7.715577321586346571e-01 2.000000000000000000e+00 1.000000000000000021e-08 -2.059909058631800849e-01 -1.763460353965153438e+00
-2.059909058631800849e-01 -1.763460353965153438e+00 0.000000000000000000e+00 1.000000000000000021e-08 -3.387278783796238146e-01 -1.327369725164436964e+00
-3.387278783796238146e-01 -1.327369725164436964e+00 0.000000000000000000e+00 1.000000000000000021e-08 -4.375282698563815464e-01 -9.880039147675770961e-01
-4.375282698563815464e-01 -9.880039147675770961e-01 1.000000000000000000e+00 1.000000000000000021e-08 -6.116582125101631684e-01 -1.741299426537815886e+00
-6.116582125101631684e-01 -1.741299426537815886e+00 2.000000000000000000e+00 1.000000000000000021e-08 -9.336050955295129850e-01 -3.219468830193497944e+00
-9.336050955295129850e-01 -3.219468830193497944e+00 0.000000000000000000e+00 1.000000000000000021e-08 -1.321473305040633761e+00 -3.878682095111207762e+00
-1.321473305040633761e+00 -3.878682095111207762e+00 0.000000000000000000e+00 9.999000000000000110e-01 -1.570796326794896558e+00 -5.000000000000000000e+00
3.622309751472750639e-02 -5.253778297497042199e-02 1.000000000000000000e+00 1.000000000000000021e-08 4.525579319368587539e-02 9.032695678958371777e-02
4.525579319368587539e-02 9.032695678958371777e-02 0.000000000000000000e+00 1.000000000000000021e-08 1.605450541769394279e-01 1.152892609832535609e+00
1.605450541769394279e-01 1.152892609832535609e+00 2.000000000000000000e+00 1.000000000000000021e-08 2.241768968368781367e-01 6.363184265993871991e-01
2.241768968368781367e-01 6.363184265993871991e-01 2.000000000000000000e+00 1.000000000000000021e-08 2.303111176901434798e-01 6.134220853265337503e-02
2.303111176901434798e-01 6.134220853265337503e-02 0.000000000000000000e+00 1.000000000000000021e-08 3.716911394142921599e-01 1.413800217241486745e+00
3.716911394142921599e-01 1.413800217241486745e+00 1.000000000000000000e+00 1.000000000000000021e-08 5.836800711792418106e-01 2.119889317649497062e+00
5.836800711792418106e-01 2.119889317649497062e+00 0.000000000000000000e+00 1.000000000000000021e-08 9.434042536187774441e-01 3.597241824395356335e+00
9.434042536187774441e-01 3.597241824395356335e+00 1.000000000000000000e+00 1.000000000000000021e-08 1.427656026943825651e+00 4.842517733250481626e+00
1.427656026943825651e+00 4.842517733250481626e+00 2.000000000000000000e+00 9.999000000000000110e-01 1.570796326794896558e+00 5.000000000000000000e+00
2.821863590576003875e-02 7.179161254785558499e-02 0.000000000000000000e+00 1.000000000000000021e-08 1.322656262300270502e-01 1.040469903242670080e+00
1.322656262300270502e-01 1.040469903242670080e+00 2.000000000000000000e+00 1.000000000000000021e-08 1.594735904476110855e-01 2.720796421758402417e-01
1.594735904476110855e-01 2.720796421758402417e-01 2.000000000000000000e+00 1.000000000000000021e-08 1.255537913662322091e-01 -3.391979908137886524e-01
1.255537913662322091e-01 -3.391979908137886524e-01 1.000000000000000000e+00 1.000000000000000021e-08 1.112671721371810418e-01 -1.428661922905116177e-01
1.112671721371810418e-01 -1.428661922905116177e-01 0.000000000000000000e+00 1.000000000000000021e-08 2.043015320430853488e-01 9.303435990590429583e-01
2.043015320430853488e-01 9.303435990590429583e-01 0.000000000000000000e+00 1.000000000000000021e-08 4.190126747228577475e-01 2.147111426797723599e+00
4.190126747228577475e-01 2.147111426797723599e+00 1.000000000000000000e+00 1.000000000000000021e-08 7.102080674610800060e-01 2.911953927382222584e+00
7.102080674610800060e-01 2.911953927382222584e+00 1.000000000000000000e+00 1.000000000000000021e-08 1.102503470796666107e+00 3.922954033355860126e+00
1.102503470796666107e+00 3.922954033355860126e+00 1.000000000000000000e+00 9.999000000000000110e-01 1.570796326794896558e+00 5.000000000000000000e+00
4.660346233610751510e-03 7.145434015132143268e-02 0.000000000000000000e+00 1.000000000000000021e-08 8.427612364176566284e-02 7.961577740815490856e-01
8.427612364176566284e-02 7.961577740815490856e-01 1.000000000000000000e+00 1.000000000000000021e-08 1.838522103649905259e-01 9.957608672322485477e-01
1.838522103649905259e-01 9.957608672322485477e-01 1.000000000000000000e+00 1.000000000000000021e-08 3.181337273171088720e-01 1.342815169521183183e+00
3.181337273171088720e-01 1.342815169521183183e+00 1.000000000000000000e+00 1.000000000000000021e-08 5.092671474644927532e-01 1.911334201473839034e+00
5.092671474644927532e-01 1.911334201473839034e+00 2.000000000000000000e+00 1.000000000000000021e-08 7.123067479075669839e-01 2.030396004430742529e+00
7.123067479075669839e-01 2.030396004430742529e+00 1.000000000000000000e+00 1.000000000000000021e-08 1.028874294911181764e+00 3.165675470036147132e+00
1.028874294911181764e+00 3.165675470036147132e+00 0.000000000000000000e+00 1.000000000000000021e-08 1.510704687310641336e+00 4.818303923994594840e+00
1.510704687310641336e+00 4.818303923994594840e+00 0.000000000000000000e+00 9.999000000000000110e-01 1.570796326794896558e+00 5.000000000000000000e+00
-7.914627721401501503e-03 -2.955800641220779346e-02 0.000000000000000000e+00 1.000000000000000021e-08 7.869097718298044553e-02 8.660560490438193870e-01
7.869097718298044553e-02 8.660560490438193870e-01 2.000000000000000000e+00 1.000000000000000021e-08 8.194771455843348484e-02 3.256737375453033767e-02
8.194771455843348484e-02 3.256737375453033767e-02 1.000000000000000000e+00 1.000000000000000021e-08 1.055795618519611151e-01 2.363184729352763302e-01
1.055795618519611151e-01 2.363184729352763302e-01 0.000000000000000000e+00 1.000000000000000021e-08 2.431682188049467119e-01 1.375886569529855663e+00
2.431682188049467119e-01 1.375886569529855663e+00 1.000000000000000000e+00 1.000000000000000021e-08 4.144875336058984616e-01 1.713193148009517275e+00
4.144875336058984616e-01 1.713193148009517275e+00 1.000000000000000000e+00 1.000000000000000021e-08 6.385411805612182246e-01 2.240536469553197740e+00
6.385411805612182246e-01 2.240536469553197740e+00 0.000000000000000000e+00 1.000000000000000021e-08 1.018676371149797255e+00 3.801351905885791194e+00
1.018676371149797255e+00 3.801351905885791194e+00 0.000000000000000000e+00 1.000000000000000021e-08 1.563988502837796002e+00 5.000000000000000000e+00
1.563988502837796002e+00 5.000000000000000000e+00 2.000000000000000000e+00 9.999000000000000110e-01 1.570796326794896558e+00 5.000000000000000000e+00
4.572252292125000145e-02 -1.530487945727700659e-02 1.000000000000000000e+00 1.000000000000000021e-08 5.793762537438173349e-02 1.221510245313173343e-01
5.793762537438173349e-02 1.221510245313173343e-01 0.000000000000000000e+00 1.000000000000000021e-08 1.738570673836747904e-01 1.159194420092930500e+00
1.738570673836747904e-01 1.159194420092930500e+00 2.000000000000000000e+00 1.000000000000000021e-08 2.320586823443783475e-01 5.820161496070356266e-01
2.320586823443783475e-01 5.820161496070356266e-01 1.000000000000000000e+00 1.000000000000000021e-08 3.136033737126467935e-01 8.154469136826842934e-01
3.136033737126467935e-01 8.154469136826842934e-01 1.000000000000000000e+00 1.000000000000000021e-08 4.557923474103332540e-01 1.421889736976864382e+00
4.557923474103332540e-01 1.421889736976864382e+00 1.000000000000000000e+00 1.000000000000000021e-08 6.593067160319631137e-01 2.035143686216298597e+00
6.593067160319631137e-01 2.035143686216298597e+00 0.000000000000000000e+00 1.000000000000000021e-08 1.013508307333210734e+00 3.542015913012476425e+00
1.013508307333210734e+00 3.542015913012476425e+00 0.000000000000000000e+00 1.000000000000000021e-08 1.535241265627776963e+00 5.000000000000000000e+00
1.535241265627776963e+00 5.000000000000000000e+00 0.000000000000000000e+00 9.999000000000000110e-01 1.570796326794896558e+00 5.000000000000000000e+00
4.324730130367425429e-02 -7.912415655446057572e-03 2.000000000000000000e+00 1.000000000000000021e-08 -2.304337630276465099e-02 -6.629067760643890805e-01
-2.304337630276465099e-02 -6.629067760643890805e-01 0.000000000000000000e+00 1.000000000000000021e-08 -6.664995487088976739e-03 1.637838081567567494e-01
-6.664995487088976739e-03 1.637838081567567494e-01 2.000000000000000000e+00 1.000000000000000021e-08 -7.025714652438470875e-02 -6.359215103729572993e-01
-7.025714652438470875e-02 -6.359215103729572993e-01 0.000000000000000000e+00 1.000000000000000021e-08 -5.197850113202980016e-02 1.827864539235490859e-01
-5.197850113202980016e-02 1.827864539235490859e-01 0.000000000000000000e+00 1.000000000000000021e-08 4.007711935691563032e-02 9.205562048894542215e-01
4.007711935691563032e-02 9.205562048894542215e-01 1.000000000000000000e+00 1.000000000000000021e-08 1.372215908807045137e-01 9.714447152378888894e-01
1.372215908807045137e-01 9.714447152378888894e-01 1.000000000000000000e+00 1.000000000000000021e-08 2.571479090098864329e-01 1.199263181291819080e+00
2.571479090098864329e-01 1.199263181291819080e+00 1.000000000000000000e+00 1.000000000000000021e-08 4.291461032508963602e-01 1.719981942410099052e+00
4.291461032508963602e-01 1.719981942410099052e+00 1.000000000000000000e+00 1.000000000000000021e-08 6.717050680522205219e-01 2.425589648013240840e+00
6.717050680522205219e-01 2.425589648013240840e+00 1.000000000000000000e+00 1.000000000000000021e-08 1.003871909903505166e+00 3.321668418512845999e+00
1.003871909903505166e+00 3.321668418512845999e+00 2.000000000000000000e+00 1.000000000000000021e-08 1.413689284259203482e+00 4.098173743556983162e+00
1.413689284259203482e+00 4.098173743556983162e+00 2.000000000000000000e+00 9.999000000000000110e-01 1.570796326794896558e+00 5.000000000000000000e+00
2.833078638975033633e-02 7.294085174570702490e-02 1.000000000000000000e+00 1.000000000000000021e-08 4.055554564305664800e-02 1.222475925330631097e-01
4.055554564305664800e-02 1.222475925330631097e-01 1.000000000000000000e+00 1.000000000000000021e-08 5.380103215155233182e-02 1.324548650849568521e-01
5.380103215155233182e-02 1.324548650849568521e-01 0.000000000000000000e+00 1.000000000000000021e-08 1.818002397003923298e-01 1.279992075488399994e+00
1.818002397003923298e-01 1.279992075488399994e+00 2.000000000000000000e+00 1.000000000000000021e-08 2.628758872797138935e-01 8.107564757932158583e-01
2.628758872797138935e-01 8.107564757932158583e-01 2.000000000000000000e+00 1.000000000000000021e-08 3.158036118011809945e-01 5.292772452146707884e-01
3.158036118011809945e-01 5.292772452146707884e-01 2.000000000000000000e+00 1.000000000000000021e-08 3.357006319386286464e-01 1.989702013744764630e-01
3.357006319386286464e-01 1.989702013744764630e-01 1.000000000000000000e+00 1.000000000000000021e-08 4.071728623652877133e-01 7.147223042665908910e-01
4.071728623652877133e-01 7.147223042665908910e-01 1.000000000000000000e+00 1.000000000000000021e-08 5.474669795002081729e-01 1.402941171349204375e+00
5.474669795002081729e-01 1.402941171349204375e+00 1.000000000000000000e+00 1.000000000000000021e-08 7.697815053380561157e-01 2.223145258378478761e+00
7.697815053380561157e-01 2.223145258378478761e+00 0.000000000000000000e+00 1.000000000000000021e-08 1.155724392768923137e+00 3.859428874308670210e+00
1.155724392768923137e+00 3.859428874308670210e+00 2.000000000000000000e+00 9.999000000000000110e-01 1.570796326794896558e+00 4.798222939104148210e+00
6.829492678679902062e-02 3.569986265562369310e-02 1.000000000000000000e+00 1.000000000000000021e-08 7.919693917830172847e-02 1.090201239150271062e-01
7.919693917830172847e-02 1.090201239150271062e-01 0.000000000000000000e+00 1.000000000000000021e-08 1.806414949863417441e-01 1.014445558080400156e+00
1.806414949863417441e-01 1.014445558080400156e+00 1.000000000000000000e+00 1.000000000000000021e-08 3.001084277789079491e-01 1.194669327925662161e+00
3.001084277789079491e-01 1.194669327925662161e+00 0.000000000000000000e+00 1.000000000000000021e-08 5.558699642632214388e-01 2.557615364843134120e+00
5.558699642632214388e-01 2.557615364843134120e+00 0.000000000000000000e+00 1.000000000000000021e-08 9.743863417484228684e-01 4.185163774852014740e+00
9.743863417484228684e-01 4.185163774852014740e+00 2.000000000000000000e+00 1.000000000000000021e-08 1.460653369463753126e+00 4.862670277153303466e+00
1.460653369463753126e+00 4.862670277153303466e+00 2.000000000000000000e+00 9.999000000000000110e-01 1.570796326794896558e+00 5.000000000000000000e+00
4.923062038595528433e-02 6.743780907506513600e-02 0.000000000000000000e+00 1.000000000000000021e-08 1.615504026726892195e-01 1.123197822867339157e+00
1.615504026726892195e-01 1.123197822867339157e+00 1.000000000000000000e+00 1.000000000000000021e-08 2.955148738784567630e-01 1.339644712057675768e+00
2.955148738784567630e-01 1.339644712057675768e+00 2.000000000000000000e+00 1.000000000000000021e-08 4.072331230992243256e-01 1.117182492207675404e+00
4.072331230992243256e-01 1.117182492207675404e+00 0.000000000000000000e+00 1.000000000000000021e-08 6.536039506931328180e-01 2.463708275939084480e+00
6.536039506931328180e-01 2.463708275939084480e+00 0.000000000000000000e+00 1.000000000000000021e-08 1.063076584651327483e+00 4.094726339581946206e+00
1.063076584651327483e+00 4.094726339581946206e+00 0.000000000000000000e+00 9.999000000000000110e-01 1.570796326794896558e+00 5.000000000000000000e+00
7.721779318944578530e-02 7.500930185557053154e-02 0.000000000000000000e+00 1.000000000000000021e-08 1.867583724086321340e-01 1.095405792191863625e+00
1.867583724086321340e-01 1.095405792191863625e+00 0.000000000000000000e+00 1.000000000000000021e-08 4.042259024179470916e-01 2.174675300093149133e+00
4.042259024179470916e-01 2.174675300093149133e+00 2.000000000000000000e+00 1.000000000000000021e-08 6.193145352381655977e-01 2.150886328202184838e+00
