4.456615187861148741e-02 6.852410078735700349e-02 1.000000000000000000e+00 1.000000000000000021e-08 6.107326331126743113e-02 1.650711143265594649e-01
6.107326331126743113e-02 1.650711143265594649e-01 0.000000000000000000e+00 1.000000000000000021e-08 1.696182649178638591e-01 1.085450016065964141e+00
1.696182649178638591e-01 1.085450016065964141e+00 1.000000000000000000e+00 1.000000000000000021e-08 3.109545143169490933e-01 1.413362493990852009e+00
3.109545143169490933e-01 1.413362493990852009e+00 1.000000000000000000e+00 1.000000000000000021e-08 4.968827209210995854e-01 1.859282066041504811e+00
4.968827209210995854e-01 1.859282066041504811e+00 0.000000000000000000e+00 1.000000000000000021e-08 8.460088010040549555e-01 3.491260800829554256e+00
8.460088010040549555e-01 3.491260800829554256e+00 2.000000000000000000e+00 1.000000000000000021e-08 1.244659487698882794e+00 3.986506866948277938e+00
1.244659487698882794e+00 3.986506866948277938e+00 1.000000000000000000e+00 9.999000000000000110e-01 1.570796326794896558e+00 5.000000000000000000e+00
5.158883928363568183e-02 -7.728616185389071414e-02 2.000000000000000000e+00 1.000000000000000021e-08 -3.958560420046908224e-02 -9.117444348410476129e-01
-3.958560420046908224e-02 -9.117444348410476129e-01 0.000000000000000000e+00 1.000000000000000021e-08 -5.254085410837854020e-02 -1.295524990790946074e-01
-5.254085410837854020e-02 -1.295524990790946074e-01 0.000000000000000000e+00 1.000000000000000021e-08 2.285394297593826285e-02 7.539479708431680027e-01
2.285394297593826285e-02 7.539479708431680027e-01 1.000000000000000000e+00 1.000000000000000021e-08 1.071902617561194260e-01 8.433631878018115202e-01
1.071902617561194260e-01 8.433631878018115202e-01 1.000000000000000000e+00 1.000000000000000021e-08 2.093446440736494440e-01 1.021543823175300236e+00
2.093446440736494440e-01 1.021543823175300236e+00 1.000000000000000000e+00 1.000000000000000021e-08 3.546985274784242859e-01 1.453538834047748418e+00
3.546985274784242859e-01 1.453538834047748418e+00 1.000000000000000000e+00 1.000000000000000021e-08 5.614557469983637583e-01 2.067572195199394613e+00
5.614557469983637583e-01 2.067572195199394613e+00 0.000000000000000000e+00 1.000000000000000021e-08 9.256147926875170073e-01 3.641590456891532490e+00
9.256147926875170073e-01 3.641590456891532490e+00 2.000000000000000000e+00 1.000000000000000021e-08 1.352382101089830480e+00 4.267673084023134500e+00
1.352382101089830480e+00 4.267673084023134500e+00 0.000000000000000000e+00 9.999000000000000110e-01 1.570796326794896558e+00 5.000000000000000000e+00
5.514624437573624471e-02 7.555492235652812305e-02 2.000000000000000000e+00 1.000000000000000021e-08 -9.653038258550211692e-03 -6.479928263428644808e-01
-9.653038258550211692e-03 -6.479928263428644808e-01 0.000000000000000000e+00 1.000000000000000021e-08 1.422793746131365000e-02 2.388097571986386169e-01
1.422793746131365000e-02 2.388097571986386169e-01 2.000000000000000000e+00 1.000000000000000021e-08 -6.171756097830879972e-02 -7.594549843962244973e-01
-6.171756097830879972e-02 -7.594549843962244973e-01 1.000000000000000000e+00 1.000000000000000021e-08 -1.364513033980592205e-01 -7.473374241975042631e-01
-1.364513033980592205e-01 -7.473374241975042631e-01 1.000000000000000000e+00 1.000000000000000021e-08 -2.345813861292083413e-01 -9.813008273114911528e-01
-2.345813861292083413e-01 -9.813008273114911528e-01 1.000000000000000000e+00 1.000000000000000021e-08 -3.752888101768442342e-01 -1.407074240476359206e+00
-3.752888101768442342e-01 -1.407074240476359206e+00 2.000000000000000000e+00 1.000000000000000021e-08 -6.556952694092901268e-01 -2.804064592324459149e+00
-6.556952694092901268e-01 -2.804064592324459149e+00 0.000000000000000000e+00 1.000000000000000021e-08 -9.706967559888773911e-01 -3.150014865795872421e+00
-9.706967559888773911e-01 -3.150014865795872421e+00 1.000000000000000000e+00 1.000000000000000021e-08 -1.408869108452283747e+00 -4.381723524634063338e+00
-1.408869108452283747e+00 -4.381723524634063338e+00 2.000000000000000000e+00 9.999000000000000110e-01 -1.570796326794896558e+00 -5.000000000000000000e+00
3.956789692161301331e-02 3.201231267276900827e-02 0.000000000000000000e+00 1.000000000000000021e-08 1.313878133464150277e-01 9.181991642480201721e-01
1.313878133464150277e-01 9.181991642480201721e-01 0.000000000000000000e+00 1.000000000000000021e-08 3.429025294245740541e-01 2.115147160781590152e+00
3.429025294245740541e-01 2.115147160781590152e+00 0.000000000000000000e+00 1.000000000000000021e-08 6.900470610676436856e-01 3.471445316430695982e+00
6.900470610676436856e-01 3.471445316430695982e+00 1.000000000000000000e+00 1.000000000000000021e-08 1.142001943536206987e+00 4.519548824685632127e+00
1.142001943536206987e+00 4.519548824685632127e+00 1.000000000000000000e+00 9.999000000000000110e-01 1.570796326794896558e+00 5.000000000000000000e+00
2.297058537395009828e-02 -7.279831522665750065e-02 0.000000000000000000e+00 1.000000000000000021e-08 9.129796262033573750e-02 6.832737724638563437e-01
9.129796262033573750e-02 6.832737724638563437e-01 1.000000000000000000e+00 1.000000000000000021e-08 1.927507868264405344e-01 1.014528242061047969e+00
1.927507868264405344e-01 1.014528242061047969e+00 0.000000000000000000e+00 1.000000000000000021e-08 4.081175210345380222e-01 2.153667342080975100e+00
4.081175210345380222e-01 2.153667342080975100e+00 0.000000000000000000e+00 1.000000000000000021e-08 7.538648220062700300e-01 3.457473009717319634e+00
7.538648220062700300e-01 3.457473009717319634e+00 2.000000000000000000e+00 1.000000000000000021e-08 1.140996348718734676e+00 3.871315267124646464e+00
1.140996348718734676e+00 3.871315267124646464e+00 0.000000000000000000e+00 9.999000000000000110e-01 1.570796326794896558e+00 5.000000000000000000e+00
-3.222003764083287980e-02 -7.045878220233800504e-02 1.000000000000000000e+00 1.000000000000000021e-08 -6.030826777533129790e-02 -2.808823013449842088e-01
-6.030826777533129790e-02 -2.808823013449842088e-01 0.000000000000000000e+00 1.000000000000000021e-08 -2.385287106573822508e-02 3.645539670959307421e-01
-2.385287106573822508e-02 3.645539670959307421e-01 0.000000000000000000e+00 1.000000000000000021e-08 9.340119972607285881e-02 1.172540707918110714e+00
9.340119972607285881e-02 1.172540707918110714e+00 2.000000000000000000e+00 1.000000000000000021e-08 1.402267741349644548e-01 4.682557440889160150e-01
1.402267741349644548e-01 4.682557440889160150e-01 1.000000000000000000e+00 1.000000000000000021e-08 2.196474217810631402e-01 7.942064764609867433e-01
2.196474217810631402e-01 7.942064764609867433e-01 1.000000000000000000e+00 1.000000000000000021e-08 3.475701236001745298e-01 1.279227018191113840e+00
3.475701236001745298e-01 1.279227018191113840e+00 2.000000000000000000e+00 1.000000000000000021e-08 4.528937984468404121e-01 1.053236748466658712e+00
4.528937984468404121e-01 1.053236748466658712e+00 1.000000000000000000e+00 1.000000000000000021e-08 6.174740016884697758e-01 1.645802032416293192e+00
6.174740016884697758e-01 1.645802032416293192e+00 1.000000000000000000e+00 1.000000000000000021e-08 8.614984060704486968e-01 2.440244043819788988e+00
8.614984060704486968e-01 2.440244043819788988e+00 1.000000000000000000e+00 1.000000000000000021e-08 1.220691104580585939e+00 3.591926985101373315e+00
1.220691104580585939e+00 3.591926985101373315e+00 1.000000000000000000e+00 9.999000000000000110e-01 1.570796326794896558e+00 4.946635949181495739e+00
-4.833600965811112038e-02 -1.171669616972782074e-02 2.000000000000000000e+00 1.000000000000000021e-08 -1.481940649016472156e-01 -9.985805524353608131e-01
-1.481940649016472156e-01 -9.985805524353608131e-01 1.000000000000000000e+00 1.000000000000000021e-08 -2.627626254714816589e-01 -1.145685605698344434e+00
-2.627626254714816589e-01 -1.145685605698344434e+00 1.000000000000000000e+00 1.000000000000000021e-08 -4.115956702678243428e-01 -1.488330447963426728e+00
-4.115956702678243428e-01 -1.488330447963426728e+00 2.000000000000000000e+00 1.000000000000000021e-08 -7.104767264174252084e-01 -2.988810561496008766e+00
-7.104767264174252084e-01 -2.988810561496008766e+00 2.000000000000000000e+00 1.000000000000000021e-08 -1.175073808840700895e+00 -4.645970824232757757e+00
-1.175073808840700895e+00 -4.645970824232757757e+00 2.000000000000000000e+00 9.999000000000000110e-01 -1.570796326794896558e+00 -5.000000000000000000e+00
2.415021706555121536e-02 1.199374324790314014e-02 2.000000000000000000e+00 1.000000000000000021e-08 -5.194128280117410457e-02 -7.609149986672532062e-01
-5.194128280117410457e-02 -7.609149986672532062e-01 1.000000000000000000e+00 1.000000000000000021e-08 -1.227231461445254246e-01 -7.078186334335131447e-01
-1.227231461445254246e-01 -7.078186334335131447e-01 0.000000000000000000e+00 1.000000000000000021e-08 -1.302306631261077319e-01 -7.507516981582307292e-02
-1.302306631261077319e-01 -7.507516981582307292e-02 2.000000000000000000e+00 1.000000000000000021e-08 -2.402285886934124315e-01 -1.099979255673046996e+00
-2.402285886934124315e-01 -1.099979255673046996e+00 2.000000000000000000e+00 1.000000000000000021e-08 -4.834855287539754909e-01 -2.432569400605630427e+00
-4.834855287539754909e-01 -2.432569400605630427e+00 2.000000000000000000e+00 1.000000000000000021e-08 -8.758383476561406589e-01 -3.923528189021650903e+00
-8.758383476561406589e-01 -3.923528189021650903e+00 0.000000000000000000e+00 1.000000000000000021e-08 -1.329764834914835214e+00 -4.539264872586945998e+00
-1.329764834914835214e+00 -4.539264872586945998e+00 0.000000000000000000e+00 9.999000000000000110e-01 -1.570796326794896558e+00 -5.000000000000000000e+00
2.958316721814542929e-02 5.025961364020276045e-02 0.000000000000000000e+00 1.000000000000000021e-08 1.370723712663516891e-01 1.074892040482062550e+00
1.370723712663516891e-01 1.074892040482062550e+00 2.000000000000000000e+00 1.000000000000000021e-08 1.927085636468911511e-01 5.563619238053946203e-01
1.927085636468911511e-01 5.563619238053946203e-01 1.000000000000000000e+00 1.000000000000000021e-08 2.748648174644109377e-01 8.215625381751978651e-01
2.748648174644109377e-01 8.215625381751978651e-01 1.000000000000000000e+00 1.000000000000000021e-08 3.974607401433551956e-01 1.225959226789442358e+00
3.974607401433551956e-01 1.225959226789442358e+00 1.000000000000000000e+00 1.000000000000000021e-08 5.957800263989729839e-01 1.983192862556177438e+00
5.957800263989729839e-01 1.983192862556177438e+00 2.000000000000000000e+00 1.000000000000000021e-08 8.224774800202043767e-01 2.266974536212313929e+00
8.224774800202043767e-01 2.266974536212313929e+00 2.000000000000000000e+00 1.000000000000000021e-08 1.112248521286081315e+00 2.897710412658768497e+00
1.112248521286081315e+00 2.897710412658768497e+00 2.000000000000000000e+00 1.000000000000000021e-08 1.494589137024892711e+00 3.823406157388113069e+00
1.494589137024892711e+00 3.823406157388113069e+00 1.000000000000000000e+00 9.999000000000000110e-01 1.570796326794896558e+00 5.000000000000000000e+00
1.681216387220805034e-02 2.774350065068310195e-02 0.000000000000000000e+00 1.000000000000000021e-08 1.088473345578438722e-01 9.203517068563581427e-01
1.088473345578438722e-01 9.203517068563581427e-01 2.000000000000000000e+00 1.000000000000000021e-08 1.308457426613856001e-01 2.199840810354172227e-01
1.308457426613856001e-01 2.199840810354172227e-01 2.000000000000000000e+00 1.000000000000000021e-08 9.928123324987772613e-02 -3.156450941150787948e-01
9.928123324987772613e-02 -3.156450941150787948e-01 1.000000000000000000e+00 1.000000000000000021e-08 8.530066682256522148e-02 -1.398056642731250188e-01
8.530066682256522148e-02 -1.398056642731250188e-01 1.000000000000000000e+00 1.000000000000000021e-08 9.913579676350092740e-02 1.383512994093569759e-01
9.913579676350092740e-02 1.383512994093569759e-01 2.000000000000000000e+00 1.000000000000000021e-08 4.235098739334719475e-02 -5.678480937015373264e-01
4.235098739334719475e-02 -5.678480937015373264e-01 2.000000000000000000e+00 1.000000000000000021e-08 -7.985968972402926469e-02 -1.222106771173764539e+00
-7.985968972402926469e-02 -1.222106771173764539e+00 1.000000000000000000e+00 1.000000000000000021e-08 -2.044494009866976159e-01 -1.245897112626683345e+00
-2.044494009866976159e-01 -1.245897112626683345e+00 1.000000000000000000e+00 1.000000000000000021e-08 -3.651079727356543181e-01 -1.606585717489566800e+00
-3.651079727356543181e-01 -1.606585717489566800e+00 1.000000000000000000e+00 1.000000000000000021e-08 -5.716113391973736135e-01 -2.065033664617193399e+00
-5.716113391973736135e-01 -2.065033664617193399e+00 1.000000000000000000e+00 1.000000000000000021e-08 -8.681193421888740991e-01 -2.965080029915004634e+00
-8.681193421888740991e-01 -2.965080029915004634e+00 1.000000000000000000e+00 1.000000000000000021e-08 -1.267288063090148853e+00 -3.991687209012748205e+00
-1.267288063090148853e+00 -3.991687209012748205e+00 2.000000000000000000e+00 9.999000000000000110e-01 -1.570796326794896558e+00 -5.000000000000000000e+00
2.962923540024397714e-02 -2.881771408269007823e-02 1.000000000000000000e+00 1.000000000000000021e-08 2.754329043989022646e-02 -2.085944960353748948e-02
2.754329043989022646e-02 -2.085944960353748948e-02 0.000000000000000000e+00 1.000000000000000021e-08 1.063564394552824477e-01 7.881314901539220319e-01
1.063564394552824477e-01 7.881314901539220319e-01 1.000000000000000000e+00 1.000000000000000021e-08 2.165347286264290849e-01 1.101782891711466483e+00
2.165347286264290849e-01 1.101782891711466483e+00 0.000000000000000000e+00 1.000000000000000021e-08 4.514727516510942951e-01 2.349380230246651990e+00
4.514727516510942951e-01 2.349380230246651990e+00 2.000000000000000000e+00 1.000000000000000021e-08 6.752517044263358637e-01 2.237789527752415353e+00
6.752517044263358637e-01 2.237789527752415353e+00 2.000000000000000000e+00 1.000000000000000021e-08 9.439604582970408941e-01 2.687087538707050971e+00
9.439604582970408941e-01 2.687087538707050971e+00 0.000000000000000000e+00 1.000000000000000021e-08 1.377111259928648357e+00 4.331508016316075071e+00
1.377111259928648357e+00 4.331508016316075071e+00 0.000000000000000000e+00 9.999000000000000110e-01 1.570796326794896558e+00 5.000000000000000000e+00
-4.665227666519104754e-02 -8.377901284895991618e-02 0.000000000000000000e+00 1.000000000000000021e-08 2.414733128739322832e-02 7.079960795258427586e-01
2.414733128739322832e-02 7.079960795258427586e-01 2.000000000000000000e+00 1.000000000000000021e-08 2.603998883945968582e-02 1.892657552066456805e-02
2.603998883945968582e-02 1.892657552066456805e-02 2.000000000000000000e+00 1.000000000000000021e-08 -6.830516042508266716e-02 -9.434514926454233841e-01
-6.830516042508266716e-02 -9.434514926454233841e-01 2.000000000000000000e+00 1.000000000000000021e-08 -2.680721138305840467e-01 -1.997669534055013907e+00
-2.680721138305840467e-01 -1.997669534055013907e+00 1.000000000000000000e+00 1.000000000000000021e-08 -5.151420038953853364e-01 -2.470698900648012675e+00
-5.151420038953853364e-01 -2.470698900648012675e+00 0.000000000000000000e+00 1.000000000000000021e-08 -7.538174935110211194e-01 -2.386754896156357830e+00
-7.538174935110211194e-01 -2.386754896156357830e+00 2.000000000000000000e+00 1.000000000000000021e-08 -1.168456745576154310e+00 -4.146392520651332347e+00
-1.168456745576154310e+00 -4.146392520651332347e+00 2.000000000000000000e+00 9.999000000000000110e-01 -1.570796326794896558e+00 -5.000000000000000000e+00
-2.599562062635696683e-02 -7.101251894088154992e-02 1.000000000000000000e+00 1.000000000000000021e-08 -3.128763644017651391e-02 -5.292015813819543613e-02
-3.128763644017651391e-02 -5.292015813819543613e-02 2.000000000000000000e+00 1.000000000000000021e-08 -1.185510995413169427e-01 -8.726346310114042604e-01
-1.185510995413169427e-01 -8.726346310114042604e-01 1.000000000000000000e+00 1.000000000000000021e-08 -2.116251968685552431e-01 -9.307409732723829210e-01
-2.116251968685552431e-01 -9.307409732723829210e-01 1.000000000000000000e+00 1.000000000000000021e-08 -3.454828338232395213e-01 -1.338576369546843114e+00
-3.454828338232395213e-01 -1.338576369546843114e+00 2.000000000000000000e+00 1.000000000000000021e-08 -6.204323114952132734e-01 -2.749494776719736855e+00
-6.204323114952132734e-01 -2.749494776719736855e+00 0.000000000000000000e+00 1.000000000000000021e-08 -9.246774747941919337e-01 -3.042451632989786159e+00
-9.246774747941919337e-01 -3.042451632989786159e+00 2.000000000000000000e+00 1.000000000000000021e-08 -1.400430331479292079e+00 -4.757528566851000562e+00
-1.400430331479292079e+00 -4.757528566851000562e+00 0.000000000000000000e+00 9.999000000000000110e-01 -1.570796326794896558e+00 -5.000000000000000000e+00
-5.915421461274526088e-03 9.350844058967997668e-03 2.000000000000000000e+00 1.000000000000000021e-08 -8.856868678085105806e-02 -8.265326531957652989e-01
-8.856868678085105806e-02 -8.265326531957652989e-01 0.000000000000000000e+00 1.000000000000000021e-08 -1.040590041429583917e-01 -1.549031736210733090e-01
-1.040590041429583917e-01 -1.549031736210733090e-01 1.000000000000000000e+00 1.000000000000000021e-08 -1.204295765547408747e-01 -1.637057241178247469e-01
-1.204295765547408747e-01 -1.637057241178247469e-01 1.000000000000000000e+00 1.000000000000000021e-08 -1.565828279598383554e-01 -3.615325140509748070e-01
-1.565828279598383554e-01 -3.615325140509748070e-01 2.000000000000000000e+00 1.000000000000000021e-08 -3.096818013442799167e-01 -1.530989733844415390e+00
-3.096818013442799167e-01 -1.530989733844415390e+00 2.000000000000000000e+00 1.000000000000000021e-08 -5.887472237113348106e-01 -2.790654223670548717e+00
-5.887472237113348106e-01 -2.790654223670548717e+00 2.000000000000000000e+00 1.000000000000000021e-08 -1.027395916521566921e+00 -4.386486928102321770e+00
-1.027395916521566921e+00 -4.386486928102321770e+00 0.000000000000000000e+00 1.000000000000000021e-08 -1.550030740588007827e+00 -5.000000000000000000e+00
-1.550030740588007827e+00 -5.000000000000000000e+00 0.000000000000000000e+00 9.999000000000000110e-01 -1.570796326794896558e+00 -5.000000000000000000e+00
-4.459971697940437463e-02 4.326845672724233260e-02 2.000000000000000000e+00 1.000000000000000021e-08 -1.236836489696729879e-01 -7.908393199026860776e-01
-1.236836489696729879e-01 -7.908393199026860776e-01 2.000000000000000000e+00 1.000000000000000021e-08 -3.250161665464894600e-01 -2.013325175768164499e+00
-3.250161665464894600e-01 -2.013325175768164499e+00 0.000000000000000000e+00 1.000000000000000021e-08 -4.931529702650823133e-01 -1.681368037185928754e+00
-4.931529702650823133e-01 -1.681368037185928754e+00 1.000000000000000000e+00 1.000000000000000021e-08 -7.446607669511209338e-01 -2.515077966860386649e+00
-7.446607669511209338e-01 -2.515077966860386649e+00 2.000000000000000000e+00 1.000000000000000021e-08 -1.166851726701413350e+00 -4.221909597502924605e+00
-1.166851726701413350e+00 -4.221909597502924605e+00 2.000000000000000000e+00 9.999000000000000110e-01 -1.570796326794896558e+00 -5.000000000000000000e+00
2.952153215960196669e-02 -3.356210871908504867e-02 1.000000000000000000e+00 1.000000000000000021e-08 4.345404477386818204e-02 1.393251261426621535e-01
4.345404477386818204e-02 1.393251261426621535e-01 1.000000000000000000e+00 1.000000000000000021e-08 6.411692659327536403e-02 2.066288181940717228e-01
6.411692659327536403e-02 2.066288181940717228e-01 1.000000000000000000e+00 1.000000000000000021e-08 1.071287673522782341e-01 4.301184075900286730e-01
1.071287673522782341e-01 4.301184075900286730e-01 2.000000000000000000e+00 1.000000000000000021e-08 7.038975483763225405e-02 -3.673901251464598006e-01
7.038975483763225405e-02 -3.673901251464598006e-01 2.000000000000000000e+00 1.000000000000000021e-08 -3.493221994316510204e-02 -1.053219747807973450e+00
-3.493221994316510204e-02 -1.053219747807973450e+00 2.000000000000000000e+00 1.000000000000000021e-08 -2.487559041326944387e-01 -2.138236841895293061e+00
-2.487559041326944387e-01 -2.138236841895293061e+00 0.000000000000000000e+00 1.000000000000000021e-08 -4.265409507263654421e-01 -1.777850465936709812e+00
-4.265409507263654421e-01 -1.777850465936709812e+00 1.000000000000000000e+00 1.000000000000000021e-08 -6.763606859097106572e-01 -2.498197351833451485e+00
-6.763606859097106572e-01 -2.498197351833451485e+00 2.000000000000000000e+00 1.000000000000000021e-08 -1.092472072851553566e+00 -4.161113869418429978e+00
-1.092472072851553566e+00 -4.161113869418429978e+00 1.000000000000000000e+00 9.999000000000000110e-01 -1.570796326794896558e+00 -5.000000000000000000e+00
-5.744669192795102963e-02 -4.878802042188061516e-02 0.000000000000000000e+00 1.000000000000000021e-08 2.275457659256099885e-02 8.020126852051202571e-01
2.275457659256099885e-02 8.020126852051202571e-01 2.000000000000000000e+00 1.000000000000000021e-08 2.700515013400210315e-02 4.250573541441104997e-02
2.700515013400210315e-02 4.250573541441104997e-02 2.000000000000000000e+00 1.000000000000000021e-08 -3.696000257027134972e-02 -6.396515270427345357e-01
-3.696000257027134972e-02 -6.396515270427345357e-01 1.000000000000000000e+00 1.000000000000000021e-08 -1.116767072542897421e-01 -7.471670468401838683e-01
-1.116767072542897421e-01 -7.471670468401838683e-01 1.000000000000000000e+00 1.000000000000000021e-08 -2.191069027489935261e-01 -1.074301954947037618e+00
-2.191069027489935261e-01 -1.074301954947037618e+00 0.000000000000000000e+00 1.000000000000000021e-08 -2.817063292690333842e-01 -6.259942652003982477e-01
-2.817063292690333842e-01 -6.259942652003982477e-01 2.000000000000000000e+00 1.000000000000000021e-08 -4.619714312227543584e-01 -1.802651019537209631e+00
-4.619714312227543584e-01 -1.802651019537209631e+00 1.000000000000000000e+00 1.000000000000000021e-08 -7.256255907777682257e-01 -2.636541595550139228e+00
-7.256255907777682257e-01 -2.636541595550139228e+00 0.000000000000000000e+00 1.000000000000000021e-08 -1.018021936563304752e+00 -2.923963457855365267e+00
-1.018021936563304752e+00 -2.923963457855365267e+00 1.000000000000000000e+00 1.000000000000000021e-08 -1.436116372858563972e+00 -4.180944362952592641e+00
-1.436116372858563972e+00 -4.180944362952592641e+00 0.000000000000000000e+00 9.999000000000000110e-01 -1.570796326794896558e+00 -5.000000000000000000e+00
-2.842607181502688346e-02 -6.459570173574233354e-02 2.000000000000000000e+00 1.000000000000000021e-08 -1.249072060835599851e-01 -9.648113426853309749e-01
-1.249072060835599851e-01 -9.648113426853309749e-01 0.000000000000000000e+00 1.000000000000000021e-08 -1.436185253709121035e-01 -1.871131928735211281e-01
-1.436185253709121035e-01 -1.871131928735211281e-01 1.000000000000000000e+00 1.000000000000000021e-08 -1.704512995164029210e-01 -2.683277414549082307e-01
-1.704512995164029210e-01 -2.683277414549082307e-01 0.000000000000000000e+00 1.000000000000000021e-08 -1.521458964684997972e-01 1.830540304790313488e-01
-1.521458964684997972e-01 1.830540304790313488e-01 1.000000000000000000e+00 1.000000000000000021e-08 -1.571109357173110510e-01 -4.965039248811242700e-02
-1.571109357173110510e-01 -4.965039248811242700e-02 2.000000000000000000e+00 1.000000000000000021e-08 -2.904781160217811409e-01 -1.333671803044700788e+00
-2.904781160217811409e-01 -1.333671803044700788e+00 0.000000000000000000e+00 1.000000000000000021e-08 -3.946311924442106878e-01 -1.041530764224295469e+00
-3.946311924442106878e-01 -1.041530764224295469e+00 0.000000000000000000e+00 1.000000000000000021e-08 -4.684651579862998405e-01 -7.383396554208913054e-01
-4.684651579862998405e-01 -7.383396554208913054e-01 1.000000000000000000e+00 1.000000000000000021e-08 -6.152393461465425206e-01 -1.467741881602426801e+00
-6.152393461465425206e-01 -1.467741881602426801e+00 2.000000000000000000e+00 1.000000000000000021e-08 -9.143396235066045818e-01 -2.991002773600619946e+00
-9.143396235066045818e-01 -2.991002773600619946e+00 0.000000000000000000e+00 1.000000000000000021e-08 -1.273438471961526819e+00 -3.590988484549223259e+00
-1.273438471961526819e+00 -3.590988484549223259e+00 1.000000000000000000e+00 9.999000000000000110e-01 -1.570796326794896558e+00 -4.948394840774666292e+00
4.551770781067328991e-02 2.776283702015215973e-02 2.000000000000000000e+00 1.000000000000000021e-08 -3.828773669208882652e-02 -8.380544450276211643e-01
-3.828773669208882652e-02 -8.380544450276211643e-01 2.000000000000000000e+00 1.000000000000000021e-08 -2.185629863548348151e-01 -1.802752496627459955e+00
-2.185629863548348151e-01 -1.802752496627459955e+00 0.000000000000000000e+00 1.000000000000000021e-08 -3.600948505007508516e-01 -1.415318641459160531e+00
-3.600948505007508516e-01 -1.415318641459160531e+00 1.000000000000000000e+00 1.000000000000000021e-08 -5.692626692753286477e-01 -2.091678187745777517e+00
-5.692626692753286477e-01 -2.091678187745777517e+00 1.000000000000000000e+00 1.000000000000000021e-08 -8.718251869297632961e-01 -3.025625176544346040e+00
-8.718251869297632961e-01 -3.025625176544346040e+00 1.000000000000000000e+00 1.000000000000000021e-08 -1.294797934752120572e+00 -4.229727478223572312e+00
-1.294797934752120572e+00 -4.229727478223572312e+00 0.000000000000000000e+00 9.999000000000000110e-01 -1.570796326794896558e+00 -5.000000000000000000e+00
-3.815661912660196081e-02 -4.485432369262755403e-02 0.000000000000000000e+00 1.000000000000000021e-08 3.456430282325614195e-02 7.272092194985809721e-01
3.456430282325614195e-02 7.272092194985809721e-01 1.000000000000000000e+00 1.000000000000000021e-08 1.179388086083665854e-01 8.337450578511043098e-01
1.179388086083665854e-01 8.337450578511043098e-01 2.000000000000000000e+00 1.000000000000000021e-08 1.201837516291045377e-01 2.244943020737955042e-02
1.201837516291045377e-01 2.244943020737955042e-02 0.000000000000000000e+00 1.000000000000000021e-08 2.464375421323694582e-01 1.262537905032649288e+00
2.464375421323694582e-01 1.262537905032649288e+00 1.000000000000000000e+00 1.000000000000000021e-08 4.048722166931023603e-01 1.584346745607328799e+00
4.048722166931023603e-01 1.584346745607328799e+00 0.000000000000000000e+00 1.000000000000000021e-08 7.118839993573783387e-01 3.070117826642759340e+00
7.118839993573783387e-01 3.070117826642759340e+00 2.000000000000000000e+00 1.000000000000000021e-08 1.057544713383138157e+00 3.456607140257597965e+00
1.057544713383138157e+00 3.456607140257597965e+00 1.000000000000000000e+00 1.000000000000000021e-08 1.520957664589526637e+00 4.634129512063883460e+00
1.520957664589526637e+00 4.634129512063883460e+00 1.000000000000000000e+00 9.999000000000000110e-01 1.570796326794896558e+00 5.000000000000000000e+00
-1.470447376899719494e-02 1.697387406192251563e-02 0.000000000000000000e+00 1.000000000000000021e-08 8.616830171360734258e-02 1.008727754826045375e+00
8.616830171360734258e-02 1.008727754826045375e+00 0.000000000000000000e+00 1.000000000000000021e-08 2.940664224306214769e-01 2.078981207170141232e+00
2.940664224306214769e-01 2.078981207170141232e+00 2.000000000000000000e+00 1.000000000000000021e-08 4.788033177842935251e-01 1.847368953536720149e+00
4.788033177842935251e-01 1.847368953536720149e+00 0.000000000000000000e+00 1.000000000000000021e-08 8.283181023433660028e-01 3.495147845590724778e+00
8.283181023433660028e-01 3.495147845590724778e+00 0.000000000000000000e+00 1.000000000000000021e-08 1.341979028574698418e+00 5.000000000000000000e+00
1.341979028574698418e+00 5.000000000000000000e+00 2.000000000000000000e+00 9.999000000000000110e-01 1.570796326794896558e+00 5.000000000000000000e+00
-7.485609226627094881e-02 5.786313524561340071e-02 2.000000000000000000e+00 1.000000000000000021e-08 -1.732838399632743720e-01 -9.842774769700342041e-01
-1.732838399632743720e-01 -9.842774769700342041e-01 1.000000000000000000e+00 1.000000000000000021e-08 -3.122656820580338999e-01 -1.389818420947595223e+00
-3.122656820580338999e-01 -1.389818420947595223e+00 2.000000000000000000e+00 1.000000000000000021e-08 -5.714589015315127973e-01 -2.591932194734789086e+00
-5.714589015315127973e-01 -2.591932194734789086e+00 1.000000000000000000e+00 1.000000000000000021e-08 -9.126476360850406255e-01 -3.411887345535277394e+00
-9.126476360850406255e-01 -3.411887345535277394e+00 2.000000000000000000e+00 1.000000000000000021e-08 -1.419325108404855929e+00 -5.000000000000000000e+00
-1.419325108404855929e+00 -5.000000000000000000e+00 2.000000000000000000e+00 9.999000000000000110e-01 -1.570796326794896558e+00 -5.000000000000000000e+00
-7.416846920261935261e-02 6.427111921648920312e-02 1.000000000000000000e+00 1.000000000000000021e-08 -6.803202453496423607e-02 6.136444667655115148e-02
-6.803202453496423607e-02 6.136444667655115148e-02 2.000000000000000000e+00 1.000000000000000021e-08 -1.789432728191873434e-01 -1.109112482842230962e+00
-1.789432728191873434e-01 -1.109112482842230962e+00 2.000000000000000000e+00 1.000000000000000021e-08 -3.971757629557461922e-01 -2.182324901365588765e+00
-3.971757629557461922e-01 -2.182324901365588765e+00 1.000000000000000000e+00 1.000000000000000021e-08 -6.694246053731127688e-01 -2.722488424173666210e+00
-6.694246053731127688e-01 -2.722488424173666210e+00 1.000000000000000000e+00 1.000000000000000021e-08 -1.024656162498475354e+00 -3.552315571253625848e+00
-1.024656162498475354e+00 -3.552315571253625848e+00 1.000000000000000000e+00 1.000000000000000021e-08 -1.496195408557143836e+00 -4.715392460586684820e+00
-1.496195408557143836e+00 -4.715392460586684820e+00 2.000000000000000000e+00 9.999000000000000110e-01 -1.570796326794896558e+00 -5.000000000000000000e+00
7.085327902676122336e-02 -4.307907423419619908e-02 1.000000000000000000e+00 1.000000000000000021e-08 6.941819094246005906e-02 -1.435088084301165690e-02
6.941819094246005906e-02 -1.435088084301165690e-02 0.000000000000000000e+00 1.000000000000000021e-08 1.806647224991844713e-01 1.112465315567244151e+00
1.806647224991844713e-01 1.112465315567244151e+00 2.000000000000000000e+00 1.000000000000000021e-08 2.326970155105569649e-01 5.203229301137249907e-01
2.326970155105569649e-01 5.203229301137249907e-01 0.000000000000000000e+00 1.000000000000000021e-08 4.057405357661653111e-01 1.730435202556082963e+00
4.057405357661653111e-01 1.730435202556082963e+00 2.000000000000000000e+00 1.000000000000000021e-08 5.608726337331879641e-01 1.551320979670226086e+00
5.608726337331879641e-01 1.551320979670226086e+00 1.000000000000000000e+00 1.000000000000000021e-08 7.953061242365405681e-01 2.344334905033526262e+00
7.953061242365405681e-01 2.344334905033526262e+00 1.000000000000000000e+00 1.000000000000000021e-08 1.131594412900734703e+00 3.362882886641941127e+00
1.131594412900734703e+00 3.362882886641941127e+00 0.000000000000000000e+00 9.999000000000000110e-01 1.570796326794896558e+00 4.929014664275083391e+00
-1.976945916993649160e-02 8.137732473935532784e-02 1.000000000000000000e+00 1.000000000000000021e-08 -1.724772618707251515e-02 2.521732982863975070e-02
-1.724772618707251515e-02 2.521732982863975070e-02 0.000000000000000000e+00 1.000000000000000021e-08 7.920381117888171396e-02 9.645153736595422078e-01
7.920381117888171396e-02 9.645153736595422078e-01 0.000000000000000000e+00 1.000000000000000021e-08 2.621052260874320305e-01 1.829014149085503194e+00
2.621052260874320305e-01 1.829014149085503194e+00 2.000000000000000000e+00 1.000000000000000021e-08 3.939741645394020386e-01 1.318689384519699859e+00
3.939741645394020386e-01 1.318689384519699859e+00 0.000000000000000000e+00 1.000000000000000021e-08 6.785899667010473202e-01 2.846158021616453482e+00
6.785899667010473202e-01 2.846158021616453482e+00 1.000000000000000000e+00 1.000000000000000021e-08 1.048925834284716974e+00 3.703358675836695202e+00
1.048925834284716974e+00 3.703358675836695202e+00 1.000000000000000000e+00 1.000000000000000021e-08 1.538756335710871559e+00 4.898305014261545409e+00
1.538756335710871559e+00 4.898305014261545409e+00 0.000000000000000000e+00 9.999000000000000110e-01 1.570796326794896558e+00 5.000000000000000000e+00
3.514863355106850190e-03 2.495837668183439884e-02 1.000000000000000000e+00 1.000000000000000021e-08 2.420636570734526968e-02 2.069150235223841949e-01
2.420636570734526968e-02 2.069150235223841949e-01 1.000000000000000000e+00 1.000000000000000021e-08 5.052946145622763674e-02 2.632309574888236359e-01
5.052946145622763674e-02 2.632309574888236359e-01 0.000000000000000000e+00 1.000000000000000021e-08 1.860264826281183559e-01 1.354970211718907080e+00
1.860264826281183559e-01 1.354970211718907080e+00 2.000000000000000000e+00 1.000000000000000021e-08 2.513812655505586191e-01 6.535478292244023546e-01
2.513812655505586191e-01 6.535478292244023546e-01 2.000000000000000000e+00 1.000000000000000021e-08 2.705755990523546206e-01 1.919433350179599040e-01
2.705755990523546206e-01 1.919433350179599040e-01 2.000000000000000000e+00 1.000000000000000021e-08 2.664668677568530764e-01 -4.108731295501533154e-02
2.664668677568530764e-01 -4.108731295501533154e-02 1.000000000000000000e+00 1.000000000000000021e-08 3.202129488035749261e-01 5.374608104672183861e-01
3.202129488035749261e-01 5.374608104672183861e-01 0.000000000000000000e+00 1.000000000000000021e-08 5.137976370486951883e-01 1.935846882451202511e+00
5.137976370486951883e-01 1.935846882451202511e+00 1.000000000000000000e+00 1.000000000000000021e-08 7.907688520918211283e-01 2.769712150431259179e+00
7.907688520918211283e-01 2.769712150431259179e+00 1.000000000000000000e+00 1.000000000000000021e-08 1.180997467383352317e+00 3.902286152915311668e+00
1.180997467383352317e+00 3.902286152915311668e+00 0.000000000000000000e+00 9.999000000000000110e-01 1.570796326794896558e+00 5.000000000000000000e+00
9.782597855392122232e-03 4.299347595911502673e-02 2.000000000000000000e+00 1.000000000000000021e-08 -6.910939452753203649e-02 -7.889199238292414762e-01
-6.910939452753203649e-02 -7.889199238292414762e-01 2.000000000000000000e+00 1.000000000000000021e-08 -2.468809979488166551e-01 -1.777716034212845964e+00
-2.468809979488166551e-01 -1.777716034212845964e+00 1.000000000000000000e+00 1.000000000000000021e-08 -4.613094202957403467e-01 -2.144284223469236750e+00
-4.613094202957403467e-01 -2.144284223469236750e+00 1.000000000000000000e+00 1.000000000000000021e-08 -7.387018792067654438e-01 -2.773924589110251304e+00
-7.387018792067654438e-01 -2.773924589110251304e+00 1.000000000000000000e+00 1.000000000000000021e-08 -1.127642283951791669e+00 -3.889404047450261803e+00
-1.127642283951791669e+00 -3.889404047450261803e+00 2.000000000000000000e+00 9.999000000000000110e-01 -1.570796326794896558e+00 -5.000000000000000000e+00
4.780169795786944065e-02 -7.986579508039437503e-02 2.000000000000000000e+00 1.000000000000000021e-08 -5.015721956862796704e-02 -9.795891752649740214e-01
-5.015721956862796704e-02 -9.795891752649740214e-01 1.000000000000000000e+00 1.000000000000000021e-08 -1.739367912687261875e-01 -1.237795717000982121e+00
-1.739367912687261875e-01 -1.237795717000982121e+00 1.000000000000000000e+00 1.000000000000000021e-08 -3.254446947339219021e-01 -1.515079034651957368e+00
-3.254446947339219021e-01 -1.515079034651957368e+00 2.000000000000000000e+00 1.000000000000000021e-08 -6.071613172407861470e-01 -2.817166225068643115e+00
-6.071613172407861470e-01 -2.817166225068643115e+00 1.000000000000000000e+00 1.000000000000000021e-08 -9.690601904210985884e-01 -3.618988731803124193e+00
-9.690601904210985884e-01 -3.618988731803124193e+00 0.000000000000000000e+00 1.000000000000000021e-08 -1.404504983181341871e+00 -4.354447927602432600e+00
-1.404504983181341871e+00 -4.354447927602432600e+00 0.000000000000000000e+00 9.999000000000000110e-01 -1.570796326794896558e+00 -5.000000000000000000e+00
8.107861150739596734e-02 1.296249857262562338e-02 2.000000000000000000e+00 1.000000000000000021e-08 1.330675179686073573e-02 -6.777185971053523161e-01
1.330675179686073573e-02 -6.777185971053523161e-01 2.000000000000000000e+00 1.000000000000000021e-08 -1.468972476329481469e-01 -1.602039994298088965e+00
-1.468972476329481469e-01 -1.602039994298088965e+00 2.000000000000000000e+00 1.000000000000000021e-08 -4.019385867481528041e-01 -2.550413391152046572e+00
-4.019385867481528041e-01 -2.550413391152046572e+00 0.000000000000000000e+00 1.000000000000000021e-08 -6.395302351017380094e-01 -2.375916483535852386e+00
-6.395302351017380094e-01 -2.375916483535852386e+00 2.000000000000000000e+00 1.000000000000000021e-08 -1.047000022495248928e+00 -4.074697873935107850e+00
-1.047000022495248928e+00 -4.074697873935107850e+00 2.000000000000000000e+00 9.999000000000000110e-01 -1.570796326794896558e+00 -5.000000000000000000e+00
2.406932803606411098e-03 3.816166019607417081e-02 2.000000000000000000e+00 1.000000000000000021e-08 -9.284044424885715130e-02 -9.524737705246354436e-01
-9.284044424885715130e-02 -9.524737705246354436e-01 0.000000000000000000e+00 1.000000000000000021e-08 -1.113808914166431741e-01 -1.854044716778602275e-01
-1.113808914166431741e-01 -1.854044716778602275e-01 1.000000000000000000e+00 1.000000000000000021e-08 -1.408125447950814846e-01 -2.943165337843830498e-01
-1.408125447950814846e-01 -2.943165337843830498e-01 0.000000000000000000e+00 1.000000000000000021e-08 -1.199263548392077577e-01 2.088618995587372407e-01
-1.199263548392077577e-01 2.088618995587372407e-01 2.000000000000000000e+00 1.000000000000000021e-08 -2.067028302928573535e-01 -8.677647545364957082e-01
-2.067028302928573535e-01 -8.677647545364957082e-01 1.000000000000000000e+00 1.000000000000000021e-08 -3.321586986724916479e-01 -1.254558683796342944e+00
-3.321586986724916479e-01 -1.254558683796342944e+00 1.000000000000000000e+00 1.000000000000000021e-08 -4.974340197702432631e-01 -1.652753210977515819e+00
-4.974340197702432631e-01 -1.652753210977515819e+00 2.000000000000000000e+00 1.000000000000000021e-08 -7.998066595929699263e-01 -3.023726398227266632e+00
-7.998066595929699263e-01 -3.023726398227266632e+00 2.000000000000000000e+00 1.000000000000000021e-08 -1.264377358215501346e+00 -4.645706986225315305e+00
-1.264377358215501346e+00 -4.645706986225315305e+00 1.000000000000000000e+00 9.999000000000000110e-01 -1.570796326794896558e+00 -5.000000000000000000e+00
-1.733082326545927823e-02 -3.420835525156165624e-02 1.000000000000000000e+00 1.000000000000000021e-08 -1.367964217321429241e-02 3.651181092244985826e-02
-1.367964217321429241e-02 3.651181092244985826e-02 2.000000000000000000e+00 1.000000000000000021e-08 -9.181512636706257169e-02 -7.813548419384827026e-01
-9.181512636706257169e-02 -7.813548419384827026e-01 2.000000000000000000e+00 1.000000000000000021e-08 -2.748646261959303283e-01 -1.830494998288677788e+00
-2.748646261959303283e-01 -1.830494998288677788e+00 1.000000000000000000e+00 1.000000000000000021e-08 -4.992604649350980139e-01 -2.243958387391677078e+00
-4.992604649350980139e-01 -2.243958387391677078e+00 0.000000000000000000e+00 1.000000000000000021e-08 -7.193953228939524713e-01 -2.201348579588545018e+00
-7.193953228939524713e-01 -2.201348579588545018e+00 2.000000000000000000e+00 1.000000000000000021e-08 -1.105310482109057357e+00 -3.859151592151049748e+00
-1.105310482109057357e+00 -3.859151592151049748e+00 0.000000000000000000e+00 9.999000000000000110e-01 -1.570796326794896558e+00 -4.734346592104351714e+00
2.648434216262689905e-02 4.165995587241549253e-02 2.000000000000000000e+00 1.000000000000000021e-08 -6.285774228674378961e-02 -8.934208444937069560e-01
-6.285774228674378961e-02 -8.934208444937069560e-01 0.000000000000000000e+00 1.000000000000000021e-08 -9.165200945365820084e-02 -2.879426716691441124e-01
-9.165200945365820084e-02 -2.879426716691441124e-01 2.000000000000000000e+00 1.000000000000000021e-08 -2.329666961472381947e-01 -1.413146866935799828e+00
-2.329666961472381947e-01 -1.413146866935799828e+00 2.000000000000000000e+00 1.000000000000000021e-08 -4.995137391355295997e-01 -2.665470429882914161e+00
-4.995137391355295997e-01 -2.665470429882914161e+00 0.000000000000000000e+00 1.000000000000000021e-08 -7.770460524375921718e-01 -2.775323133020625388e+00
-7.770460524375921718e-01 -2.775323133020625388e+00 0.000000000000000000e+00 1.000000000000000021e-08 -1.101864989966343966e+00 -3.248189375287517056e+00
-1.101864989966343966e+00 -3.248189375287517056e+00 0.000000000000000000e+00 1.000000000000000021e-08 -1.527323327652691187e+00 -4.254583376863473099e+00
-1.527323327652691187e+00 -4.254583376863473099e+00 0.000000000000000000e+00 9.999000000000000110e-01 -1.570796326794896558e+00 -5.000000000000000000e+00
-8.687091603105814852e-02 -4.297747654908219000e-02 1.000000000000000000e+00 1.000000000000000021e-08 -9.119507320711560394e-02 -4.324157176057458196e-02
-9.119507320711560394e-02 -4.324157176057458196e-02 2.000000000000000000e+00 1.000000000000000021e-08 -1.878728277601278140e-01 -9.667775455301221843e-01
-1.878728277601278140e-01 -9.667775455301221843e-01 2.000000000000000000e+00 1.000000000000000021e-08 -3.954398720702065884e-01 -2.075670443100787299e+00
-3.954398720702065884e-01 -2.075670443100787299e+00 0.000000000000000000e+00 1.000000000000000021e-08 -5.853507089918275064e-01 -1.899108369216209624e+00
-5.853507089918275064e-01 -1.899108369216209624e+00 0.000000000000000000e+00 1.000000000000000021e-08 -7.924870689864261797e-01 -2.071363599945986511e+00
-7.924870689864261797e-01 -2.071363599945986511e+00 2.000000000000000000e+00 1.000000000000000021e-08 -1.156448777499411218e+00 -3.639617085129849272e+00
-1.156448777499411218e+00 -3.639617085129849272e+00 0.000000000000000000e+00 9.999000000000000110e-01 -1.570796326794896558e+00 -4.582986126879608157e+00
6.714296803752144160e-02 -4.320186064551648220e-02 1.000000000000000000e+00 1.000000000000000021e-08 8.474593774156312376e-02 1.760296970404167938e-01
8.474593774156312376e-02 1.760296970404167938e-01 1.000000000000000000e+00 1.000000000000000021e-08 1.247560124698898071e-01 4.001007472832668332e-01
1.247560124698898071e-01 4.001007472832668332e-01 0.000000000000000000e+00 1.000000000000000021e-08 2.676973948290042316e-01 1.429413823591144439e+00
2.676973948290042316e-01 1.429413823591144439e+00 2.000000000000000000e+00 1.000000000000000021e-08 3.861342692186689463e-01 1.184368743896647036e+00
3.861342692186689463e-01 1.184368743896647036e+00 2.000000000000000000e+00 1.000000000000000021e-08 4.770567441527006070e-01 9.092247493403164960e-01
4.770567441527006070e-01 9.092247493403164960e-01 2.000000000000000000e+00 1.000000000000000021e-08 5.696178897672057317e-01 9.256114561450516920e-01
5.696178897672057317e-01 9.256114561450516920e-01 1.000000000000000000e+00 1.000000000000000021e-08 7.574134539257614263e-01 1.877955641585557167e+00
7.574134539257614263e-01 1.877955641585557167e+00 2.000000000000000000e+00 1.000000000000000021e-08 1.003833134162930296e+00 2.464196802371688033e+00
1.003833134162930296e+00 2.464196802371688033e+00 0.000000000000000000e+00 1.000000000000000021e-08 1.412641395302778324e+00 4.088082611398479393e+00
1.412641395302778324e+00 4.088082611398479393e+00 0.000000000000000000e+00 9.999000000000000110e-01 1.570796326794896558e+00 5.000000000000000000e+00
-7.081543846888932459e-02 5.049156450697232096e-03 0.000000000000000000e+00 1.000000000000000021e-08 2.044710492777632171e-02 9.126254339666564075e-01
2.044710492777632171e-02 9.126254339666564075e-01 2.000000000000000000e+00 1.000000000000000021e-08 3.355498882722204868e-02 1.310788389944572696e-01
3.355498882722204868e-02 1.310788389944572696e-01 2.000000000000000000e+00 1.000000000000000021e-08 -3.093425567355996553e-02 -6.448924450078200588e-01
-3.093425567355996553e-02 -6.448924450078200588e-01 1.000000000000000000e+00 1.000000000000000021e-08 -1.162486510726039451e-01 -8.531439539904397407e-01
-1.162486510726039451e-01 -8.531439539904397407e-01 2.000000000000000000e+00 1.000000000000000021e-08 -2.922235699486166460e-01 -1.759749188760126870e+00
-2.922235699486166460e-01 -1.759749188760126870e+00 0.000000000000000000e+00 1.000000000000000021e-08 -4.190184790696532269e-01 -1.267949091210365697e+00
-4.190184790696532269e-01 -1.267949091210365697e+00 0.000000000000000000e+00 1.000000000000000021e-08 -5.253346235411961995e-01 -1.063161444715429393e+00
-5.253346235411961995e-01 -1.063161444715429393e+00 0.000000000000000000e+00 1.000000000000000021e-08 -6.469493679821696208e-01 -1.216147444409734657e+00
-6.469493679821696208e-01 -1.216147444409734657e+00 1.000000000000000000e+00 1.000000000000000021e-08 -8.617287672453765035e-01 -2.147793992632069049e+00
-8.617287672453765035e-01 -2.147793992632069049e+00 2.000000000000000000e+00 1.000000000000000021e-08 -1.253196190929414033e+00 -3.914674236840375521e+00
-1.253196190929414033e+00 -3.914674236840375521e+00 0.000000000000000000e+00 9.999000000000000110e-01 -1.570796326794896558e+00 -5.000000000000000000e+00
-4.582334715003558157e-02 -6.058573886805354580e-02 0.000000000000000000e+00 1.000000000000000021e-08 1.619192343913880561e-02 6.201527058917438717e-01
1.619192343913880561e-02 6.201527058917438717e-01 1.000000000000000000e+00 1.000000000000000021e-08 8.876057486128376139e-02 7.256865142214494746e-01
8.876057486128376139e-02 7.256865142214494746e-01 2.000000000000000000e+00 1.000000000000000021e-08 9.479377979754718964e-02 6.033204936263425466e-02
9.479377979754718964e-02 6.033204936263425466e-02 1.000000000000000000e+00 1.000000000000000021e-08 1.074001488867599302e-01 1.260636908921274335e-01
1.074001488867599302e-01 1.260636908921274335e-01 0.000000000000000000e+00 1.000000000000000021e-08 2.379758713883605159e-01 1.305757225016005663e+00
2.379758713883605159e-01 1.305757225016005663e+00 1.000000000000000000e+00 1.000000000000000021e-08 4.089827037292070866e-01 1.710068323408465929e+00
4.089827037292070866e-01 1.710068323408465929e+00 1.000000000000000000e+00 1.000000000000000021e-08 6.495504204405878612e-01 2.405677167113807968e+00
6.495504204405878612e-01 2.405677167113807968e+00 2.000000000000000000e+00 1.000000000000000021e-08 9.082905105667162804e-01 2.587400901261283970e+00
9.082905105667162804e-01 2.587400901261283970e+00 2.000000000000000000e+00 1.000000000000000021e-08 1.244065457983517531e+00 3.357749474168012505e+00
1.244065457983517531e+00 3.357749474168012505e+00 0.000000000000000000e+00 9.999000000000000110e-01 1.570796326794896558e+00 4.973840129748635874e+00
2.835443079692169521e-02 5.423368463623802482e-02 0.000000000000000000e+00 1.000000000000000021e-08 1.427352450558078689e-01 1.143808142588861765e+00
1.427352450558078689e-01 1.143808142588861765e+00 1.000000000000000000e+00 1.000000000000000021e-08 2.714647790860068577e-01 1.287295340301989555e+00
2.714647790860068577e-01 1.287295340301989555e+00 2.000000000000000000e+00 1.000000000000000021e-08 3.597602987796446605e-01 8.829551969363781394e-01
3.597602987796446605e-01 8.829551969363781394e-01 2.000000000000000000e+00 1.000000000000000021e-08 4.186895218725809054e-01 5.892922309293623373e-01
4.186895218725809054e-01 5.892922309293623373e-01 2.000000000000000000e+00 1.000000000000000021e-08 4.776098026296022869e-01 5.892028075702138157e-01
4.776098026296022869e-01 5.892028075702138157e-01 1.000000000000000000e+00 1.000000000000000021e-08 6.197754647243367554e-01 1.421656620947344463e+00
6.197754647243367554e-01 1.421656620947344463e+00 2.000000000000000000e+00 1.000000000000000021e-08 8.004128356480145756e-01 1.806373709236778202e+00
8.004128356480145756e-01 1.806373709236778202e+00 1.000000000000000000e+00 1.000000000000000021e-08 1.082510927866253914e+00 2.820980922182392714e+00
1.082510927866253914e+00 2.820980922182392714e+00 2.000000000000000000e+00 1.000000000000000021e-08 1.464081624125512127e+00 3.815706962592581242e+00
1.464081624125512127e+00 3.815706962592581242e+00 1.000000000000000000e+00 9.999000000000000110e-01 1.570796326794896558e+00 5.000000000000000000e+00
-7.526130607234139680e-02 -5.259187843378580751e-02 0.000000000000000000e+00 1.000000000000000021e-08 -1.715327384780446218e-04 7.508977333386334108e-01
-1.715327384780446218e-04 7.508977333386334108e-01 1.000000000000000000e+00 1.000000000000000021e-08 7.224530076698995606e-02 7.241683350546800346e-01
7.224530076698995606e-02 7.241683350546800346e-01 0.000000000000000000e+00 1.000000000000000021e-08 2.458884626244554894e-01 1.736431618574655111e+00
2.458884626244554894e-01 1.736431618574655111e+00 2.000000000000000000e+00 1.000000000000000021e-08 3.741842608910491141e-01 1.282957982665936303e+00
3.741842608910491141e-01 1.282957982665936303e+00 2.000000000000000000e+00 1.000000000000000021e-08 4.683321437851636349e-01 9.414788289411453182e-01
4.683321437851636349e-01 9.414788289411453182e-01 1.000000000000000000e+00 1.000000000000000021e-08 6.420716351253723531e-01 1.737394913402087626e+00
6.420716351253723531e-01 1.737394913402087626e+00 1.000000000000000000e+00 1.000000000000000021e-08 9.185910412018767346e-01 2.765194060765043815e+00
9.185910412018767346e-01 2.765194060765043815e+00 1.000000000000000000e+00 1.000000000000000021e-08 1.316175487448602244e+00 3.975844462467255980e+00
1.316175487448602244e+00 3.975844462467255980e+00 2.000000000000000000e+00 9.999000000000000110e-01 1.570796326794896558e+00 5.000000000000000000e+00
-5.975723299634354280e-02 6.075803540926110607e-03 2.000000000000000000e+00 1.000000000000000021e-08 -1.558206353633313501e-01 -9.606340236698778234e-01
-1.558206353633313501e-01 -9.606340236698778234e-01 1.000000000000000000e+00 1.000000000000000021e-08 -2.634344020062144853e-01 -1.076137666428831574e+00
-2.634344020062144853e-01 -1.076137666428831574e+00 2.000000000000000000e+00 1.000000000000000021e-08 -5.112856639274474535e-01 -2.478512619212329238e+00
-5.112856639274474535e-01 -2.478512619212329238e+00 1.000000000000000000e+00 1.000000000000000021e-08 -8.495454213423665468e-01 -3.382597574149190933e+00
-8.495454213423665468e-01 -3.382597574149190933e+00 1.000000000000000000e+00 1.000000000000000021e-08 -1.286712439067606351e+00 -4.371670177252396705e+00
-1.286712439067606351e+00 -4.371670177252396705e+00 2.000000000000000000e+00 9.999000000000000110e-01 -1.570796326794896558e+00 -5.000000000000000000e+00
6.025800666875521377e-02 -8.683402813926902053e-02 2.000000000000000000e+00 1.000000000000000021e-08 -2.342621972362627508e-02 -8.368422639238147775e-01
-2.342621972362627508e-02 -8.368422639238147775e-01 1.000000000000000000e+00 1.000000000000000021e-08 -1.245675830966403164e-01 -1.011413633730140482e+00
-1.245675830966403164e-01 -1.011413633730140482e+00 2.000000000000000000e+00 1.000000000000000021e-08 -3.335040541656003610e-01 -2.089364710689600280e+00
-3.335040541656003610e-01 -2.089364710689600280e+00 1.000000000000000000e+00 1.000000000000000021e-08 -5.862096301799433196e-01 -2.527055760143428920e+00
-5.862096301799433196e-01 -2.527055760143428920e+00 2.000000000000000000e+00 1.000000000000000021e-08 -9.853430927580886234e-01 -3.991334625781453038e+00
-9.853430927580886234e-01 -3.991334625781453038e+00 2.000000000000000000e+00 1.000000000000000021e-08 -1.543130333042693758e+00 -5.000000000000000000e+00
-1.543130333042693758e+00 -5.000000000000000000e+00 0.000000000000000000e+00 9.999000000000000110e-01 -1.570796326794896558e+00 -5.000000000000000000e+00
5.912723920040684200e-04 8.684216161856479765e-02 2.000000000000000000e+00 1.000000000000000021e-08 -9.604240436882888199e-02 -9.663367676083294278e-01
-9.604240436882888199e-02 -9.663367676083294278e-01 2.000000000000000000e+00 1.000000000000000021e-08 -2.993730470133209587e-01 -2.033306426444920767e+00
-2.993730470133209587e-01 -2.033306426444920767e+00 0.000000000000000000e+00 1.000000000000000021e-08 -4.605157085910946413e-01 -1.611426615777736604e+00
-4.605157085910946413e-01 -1.611426615777736604e+00 1.000000000000000000e+00 1.000000000000000021e-08 -6.968979458248565351e-01 -2.363822372337618827e+00
-6.968979458248565351e-01 -2.363822372337618827e+00 2.000000000000000000e+00 1.000000000000000021e-08 -1.087114099068207773e+00 -3.902161532433511937e+00
-1.087114099068207773e+00 -3.902161532433511937e+00 2.000000000000000000e+00 9.999000000000000110e-01 -1.570796326794896558e+00 -5.000000000000000000e+00
-2.754503484534823882e-02 -8.417870245454317502e-03 2.000000000000000000e+00 1.000000000000000021e-08 -1.185226955089667411e-01 -9.097766066361849813e-01
-1.185226955089667411e-01 -9.097766066361849813e-01 2.000000000000000000e+00 1.000000000000000021e-08 -3.213601001462154105e-01 -2.028374046372486639e+00
-3.213601001462154105e-01 -2.028374046372486639e+00 0.000000000000000000e+00 1.000000000000000021e-08 -4.974571367068784111e-01 -1.760970365606629784e+00
-4.974571367068784111e-01 -1.760970365606629784e+00 0.000000000000000000e+00 1.000000000000000021e-08 -6.836011209615855400e-01 -1.861439842547070622e+00
-6.836011209615855400e-01 -1.861439842547070622e+00 1.000000000000000000e+00 1.000000000000000021e-08 -9.688053379277309363e-01 -2.852042169661453741e+00
-9.688053379277309363e-01 -2.852042169661453741e+00 0.000000000000000000e+00 1.000000000000000021e-08 -1.329774355574246059e+00 -3.609690176465150113e+00
-1.329774355574246059e+00 -3.609690176465150113e+00 0.000000000000000000e+00 9.999000000000000110e-01 -1.570796326794896558e+00 -4.792346985960955763e+00
3.914498820963106807e-02 -4.989884434487827647e-02 0.000000000000000000e+00 1.000000000000000021e-08 1.389129866205701669e-01 9.976799841093908494e-01
1.389129866205701669e-01 9.976799841093908494e-01 0.000000000000000000e+00 1.000000000000000021e-08 3.371759682432326488e-01 1.982629816226624708e+00
3.371759682432326488e-01 1.982629816226624708e+00 0.000000000000000000e+00 1.000000000000000021e-08 6.635890837601059467e-01 3.264131155168732867e+00
6.635890837601059467e-01 3.264131155168732867e+00 2.000000000000000000e+00 1.000000000000000021e-08 1.010474250617045655e+00 3.468851668569395752e+00
1.010474250617045655e+00 3.468851668569395752e+00 0.000000000000000000e+00 1.000000000000000021e-08 1.523081103648081580e+00 5.000000000000000000e+00
1.523081103648081580e+00 5.000000000000000000e+00 0.000000000000000000e+00 9.999000000000000110e-01 1.570796326794896558e+00 5.000000000000000000e+00
-1.081626585185255750e-02 -3.671035616086718023e-02 2.000000000000000000e+00 1.000000000000000021e-08 -1.089674041470996835e-01 -9.815113829524712008e-01
-1.089674041470996835e-01 -9.815113829524712008e-01 2.000000000000000000e+00 1.000000000000000021e-08 -3.142824723548208743e-01 -2.053150682077212075e+00
-3.142824723548208743e-01 -2.053150682077212075e+00 2.000000000000000000e+00 1.000000000000000021e-08 -6.675916392772401897e-01 -3.533091669224193154e+00
-6.675916392772401897e-01 -3.533091669224193154e+00 0.000000000000000000e+00 1.000000000000000021e-08 -1.058534160194958940e+00 -3.909425209177187721e+00
-1.058534160194958940e+00 -3.909425209177187721e+00 1.000000000000000000e+00 9.999000000000000110e-01 -1.570796326794896558e+00 -5.000000000000000000e+00
8.119178861980520800e-02 3.848183643114309882e-02 0.000000000000000000e+00 1.000000000000000021e-08 2.024921868504647171e-01 1.213003982306595230e+00
2.024921868504647171e-01 1.213003982306595230e+00 1.000000000000000000e+00 1.000000000000000021e-08 3.698409993677111429e-01 1.673488125172464258e+00
3.698409993677111429e-01 1.673488125172464258e+00 0.000000000000000000e+00 1.000000000000000021e-08 6.659986426325422704e-01 2.961576432648310941e+00
6.659986426325422704e-01 2.961576432648310941e+00 1.000000000000000000e+00 1.000000000000000021e-08 1.054875686183441630e+00 3.888770435508994261e+00
1.054875686183441630e+00 3.888770435508994261e+00 2.000000000000000000e+00 1.000000000000000021e-08 1.523033640168776515e+00 4.681579539853348848e+00
1.523033640168776515e+00 4.681579539853348848e+00 2.000000000000000000e+00 9.999000000000000110e-01 1.570796326794896558e+00 5.000000000000000000e+00
4.301970202589154579e-02 8.851242361192016017e-03 0.000000000000000000e+00 1.000000000000000021e-08 1.283267100649899684e-01 8.530700803909839758e-01
1.283267100649899684e-01 8.530700803909839758e-01 0.000000000000000000e+00 1.000000000000000021e-08 3.151234151463261912e-01 1.867967050813362118e+00
3.151234151463261912e-01 1.867967050813362118e+00 1.000000000000000000e+00 1.000000000000000021e-08 5.446648232438215942e-01 2.295414080974953919e+00
5.446648232438215942e-01 2.295414080974953919e+00 1.000000000000000000e+00 1.000000000000000021e-08 8.640764824524929111e-01 3.194116592086712725e+00
8.640764824524929111e-01 3.194116592086712725e+00 2.000000000000000000e+00 1.000000000000000021e-08 1.248311972166532557e+00 3.842354897140396908e+00
1.248311972166532557e+00 3.842354897140396908e+00 2.000000000000000000e+00 9.999000000000000110e-01 1.570796326794896558e+00 4.924501083092717835e+00
-6.005443445626926224e-02 -5.934498981628484604e-02 1.000000000000000000e+00 1.000000000000000021e-08 -7.478826014773824749e-02 -1.473382569146898247e-01
-7.478826014773824749e-02 -1.473382569146898247e-01 0.000000000000000000e+00 1.000000000000000021e-08 -3.088304330173971546e-02 4.390521684599852925e-01
-3.088304330173971546e-02 4.390521684599852925e-01 1.000000000000000000e+00 1.000000000000000021e-08 1.669865070271827484e-02 4.758169400445798614e-01
1.669865070271827484e-02 4.758169400445798614e-01 0.000000000000000000e+00 1.000000000000000021e-08 1.666377606414594648e-01 1.499391099387411774e+00
1.666377606414594648e-01 1.499391099387411774e+00 1.000000000000000000e+00 1.000000000000000021e-08 3.335558761172577324e-01 1.669181154757982455e+00
3.335558761172577324e-01 1.669181154757982455e+00 0.000000000000000000e+00 1.000000000000000021e-08 6.208752599419540275e-01 2.873193838246963505e+00
6.208752599419540275e-01 2.873193838246963505e+00 1.000000000000000000e+00 1.000000000000000021e-08 1.000059239126396715e+00 3.791839791844427321e+00
1.000059239126396715e+00 3.791839791844427321e+00 2.000000000000000000e+00 1.000000000000000021e-08 1.458118664984036084e+00 4.580594258576393685e+00
1.458118664984036084e+00 4.580594258576393685e+00 2.000000000000000000e+00 9.999000000000000110e-01 1.570796326794896558e+00 5.000000000000000000e+00
-3.943436506617947063e-02 -4.059432444807800633e-02 0.000000000000000000e+00 1.000000000000000021e-08 3.725699584117785762e-02 7.669136090735731992e-01
3.725699584117785762e-02 7.669136090735731992e-01 2.000000000000000000e+00 1.000000000000000021e-08 1.759704020235621988e-02 -1.965995563882163566e-01
1.759704020235621988e-02 -1.965995563882163566e-01 0.000000000000000000e+00 1.000000000000000021e-08 1.002714347746843787e-01 8.267439457232814704e-01
1.002714347746843787e-01 8.267439457232814704e-01 0.000000000000000000e+00 1.000000000000000021e-08 2.791567970273978183e-01 1.788853622527134535e+00
2.791567970273978183e-01 1.788853622527134535e+00 1.000000000000000000e+00 1.000000000000000021e-08 4.924370897057446794e-01 2.132802926783468500e+00
4.924370897057446794e-01 2.132802926783468500e+00 1.000000000000000000e+00 1.000000000000000021e-08 7.867296537682662017e-01 2.942925640625215777e+00
7.867296537682662017e-01 2.942925640625215777e+00 0.000000000000000000e+00 1.000000000000000021e-08 1.232482672256689282e+00 4.457530184884229918e+00
1.232482672256689282e+00 4.457530184884229918e+00 2.000000000000000000e+00 9.999000000000000110e-01 1.570796326794896558e+00 5.000000000000000000e+00
9.261908881093763174e-03 -8.430976686838234646e-02 1.000000000000000000e+00 1.000000000000000021e-08 1.999738864619569206e-02 1.073547976510192681e-01
1.999738864619569206e-02 1.073547976510192681e-01 2.000000000000000000e+00 1.000000000000000021e-08 -3.830632620844984931e-02 -5.830371485464553860e-01
-3.830632620844984931e-02 -5.830371485464553860e-01 1.000000000000000000e+00 1.000000000000000021e-08 -1.084949669073441147e-01 -7.018864069889426682e-01
-1.084949669073441147e-01 -7.018864069889426682e-01 2.000000000000000000e+00 1.000000000000000021e-08 -2.754325763292774232e-01 -1.669376094219332973e+00
-2.754325763292774232e-01 -1.669376094219332973e+00 1.000000000000000000e+00 1.000000000000000021e-08 -5.030076197475528144e-01 -2.275750434182753246e+00
-5.030076197475528144e-01 -2.275750434182753246e+00 0.000000000000000000e+00 1.000000000000000021e-08 -7.404478292458197553e-01 -2.374402094982669187e+00
-7.404478292458197553e-01 -2.374402094982669187e+00 1.000000000000000000e+00 1.000000000000000021e-08 -1.079398608339260823e+00 -3.389507790934410458e+00
-1.079398608339260823e+00 -3.389507790934410458e+00 0.000000000000000000e+00 1.000000000000000021e-08 -1.511670592956623871e+00 -4.322719846173630032e+00
-1.511670592956623871e+00 -4.322719846173630032e+00 0.000000000000000000e+00 9.999000000000000110e-01 -1.570796326794896558e+00 -5.000000000000000000e+00
5.015948613746558371e-02 -3.193998263085807976e-02 2.000000000000000000e+00 1.000000000000000021e-08 -4.252309992743490141e-02 -9.268258606490048512e-01
-4.252309992743490141e-02 -9.268258606490048512e-01 1.000000000000000000e+00 1.000000000000000021e-08 -1.589497016180409505e-01 -1.164266016906060575e+00
-1.589497016180409505e-01 -1.164266016906060575e+00 0.000000000000000000e+00 1.000000000000000021e-08 -2.117606929433533403e-01 -5.281099132531239526e-01
-2.117606929433533403e-01 -5.281099132531239526e-01 0.000000000000000000e+00 1.000000000000000021e-08 -2.231562716937931790e-01 -1.139557875043983870e-01
-2.231562716937931790e-01 -1.139557875043983870e-01 2.000000000000000000e+00 1.000000000000000021e-08 -3.659871570705172661e-01 -1.428308853767240816e+00
-3.659871570705172661e-01 -1.428308853767240816e+00 1.000000000000000000e+00 1.000000000000000021e-08 -5.830646647781434488e-01 -2.170775077076261717e+00
-5.830646647781434488e-01 -2.170775077076261717e+00 1.000000000000000000e+00 1.000000000000000021e-08 -8.903117117236782896e-01 -3.072470469455348407e+00
-8.903117117236782896e-01 -3.072470469455348407e+00 0.000000000000000000e+00 1.000000000000000021e-08 -1.271139804809437113e+00 -3.808280930857588231e+00
-1.271139804809437113e+00 -3.808280930857588231e+00 1.000000000000000000e+00 9.999000000000000110e-01 -1.570796326794896558e+00 -5.000000000000000000e+00
-1.180333080945024544e-02 2.186327730699971078e-02 2.000000000000000000e+00 1.000000000000000021e-08 -1.148677857459226709e-01 -1.030644549364724272e+00
-1.148677857459226709e-01 -1.030644549364724272e+00 2.000000000000000000e+00 1.000000000000000021e-08 -3.286043092076334493e-01 -2.137365234617107479e+00
-3.286043092076334493e-01 -2.137365234617107479e+00 0.000000000000000000e+00 1.000000000000000021e-08 -5.014100645780161791e-01 -1.728057553703827853e+00
-5.014100645780161791e-01 -1.728057553703827853e+00 1.000000000000000000e+00 1.000000000000000021e-08 -7.528722214233272148e-01 -2.514621568453110800e+00
-7.528722214233272148e-01 -2.514621568453110800e+00 1.000000000000000000e+00 1.000000000000000021e-08 -1.097240171983909773e+00 -3.443679505605825142e+00
-1.097240171983909773e+00 -3.443679505605825142e+00 2.000000000000000000e+00 9.999000000000000110e-01 -1.570796326794896558e+00 -5.000000000000000000e+00
5.917327994135343494e-02 -3.544559302084646091e-02 1.000000000000000000e+00 1.000000000000000021e-08 6.950011653503129772e-02 1.032683659367786833e-01
6.950011653503129772e-02 1.032683659367786833e-01 2.000000000000000000e+00 1.000000000000000021e-08 3.406420543935709255e-03 -6.609369599109559124e-01
3.406420543935709255e-03 -6.609369599109559124e-01 1.000000000000000000e+00 1.000000000000000021e-08 -6.404074076372821833e-02 -6.744716130766392759e-01
-6.404074076372821833e-02 -6.744716130766392759e-01 0.000000000000000000e+00 1.000000000000000021e-08 -4.937027093464470967e-02 1.467046982908351005e-01
-4.937027093464470967e-02 1.467046982908351005e-01 2.000000000000000000e+00 1.000000000000000021e-08 -1.347772157633820023e-01 -8.540694482873727456e-01
-1.347772157633820023e-01 -8.540694482873727456e-01 0.000000000000000000e+00 1.000000000000000021e-08 -1.576602370111435947e-01 -2.288302124776158131e-01
-1.576602370111435947e-01 -2.288302124776158131e-01 2.000000000000000000e+00 1.000000000000000021e-08 -2.822293962683566915e-01 -1.245691592572131023e+00
-2.822293962683566915e-01 -1.245691592572131023e+00 0.000000000000000000e+00 1.000000000000000021e-08 -3.839527184400217119e-01 -1.017233221716649982e+00
-3.839527184400217119e-01 -1.017233221716649982e+00 0.000000000000000000e+00 1.000000000000000021e-08 -4.799036117469687168e-01 -9.595089330694702712e-01
-4.799036117469687168e-01 -9.595089330694702712e-01 2.000000000000000000e+00 1.000000000000000021e-08 -7.290230327832902812e-01 -2.491194210363215866e+00
-7.290230327832902812e-01 -2.491194210363215866e+00 1.000000000000000000e+00 1.000000000000000021e-08 -1.078512928442709740e+00 -3.494898956594193251e+00
-1.078512928442709740e+00 -3.494898956594193251e+00 1.000000000000000000e+00 1.000000000000000021e-08 -1.548894607365084886e+00 -4.703816789223751904e+00
-1.548894607365084886e+00 -4.703816789223751904e+00 1.000000000000000000e+00 9.999000000000000110e-01 -1.570796326794896558e+00 -5.000000000000000000e+00
-2.961110484045369889e-02 2.851349877697976348e-03 2.000000000000000000e+00 1.000000000000000021e-08 -1.163433516072609752e-01 -8.673224676680726386e-01
-1.163433516072609752e-01 -8.673224676680726386e-01 0.000000000000000000e+00 1.000000000000000021e-08 -1.431921238351102077e-01 -2.684877222784922690e-01
-1.431921238351102077e-01 -2.684877222784922690e-01 1.000000000000000000e+00 1.000000000000000021e-08 -1.956364258238595111e-01 -5.244430198874930893e-01
-1.956364258238595111e-01 -5.244430198874930893e-01 2.000000000000000000e+00 1.000000000000000021e-08 -3.787966272455138839e-01 -1.831602014216543672e+00
-3.787966272455138839e-01 -1.831602014216543672e+00 1.000000000000000000e+00 1.000000000000000021e-08 -6.288501387486716832e-01 -2.500535115031577771e+00
-6.288501387486716832e-01 -2.500535115031577771e+00 2.000000000000000000e+00 1.000000000000000021e-08 -1.049959980624115996e+00 -4.211098418754443351e+00
-1.049959980624115996e+00 -4.211098418754443351e+00 2.000000000000000000e+00 9.999000000000000110e-01 -1.570796326794896558e+00 -5.000000000000000000e+00
-7.600382505218621076e-02 3.522061587054235027e-02 0.000000000000000000e+00 1.000000000000000021e-08 1.737952638960778284e-02 9.338335144179399361e-01
1.737952638960778284e-02 9.338335144179399361e-01 0.000000000000000000e+00 1.000000000000000021e-08 2.020579502797134608e-01 1.846784238901056696e+00
2.020579502797134608e-01 1.846784238901056696e+00 0.000000000000000000e+00 1.000000000000000021e-08 4.979716556721835441e-01 2.959137053924700833e+00
4.979716556721835441e-01 2.959137053924700833e+00 2.000000000000000000e+00 1.000000000000000021e-08 7.891390381712929392e-01 2.911673824991094062e+00
7.891390381712929392e-01 2.911673824991094062e+00 0.000000000000000000e+00 1.000000000000000021e-08 1.241345048865169165e+00 4.522060106938763369e+00
1.241345048865169165e+00 4.522060106938763369e+00 1.000000000000000000e+00 9.999000000000000110e-01 1.570796326794896558e+00 5.000000000000000000e+00
6.539754512231749084e-02 -3.978028280438378889e-02 2.000000000000000000e+00 1.000000000000000021e-08 -3.146727682802552550e-02 -9.686482195034301634e-01
-3.146727682802552550e-02 -9.686482195034301634e-01 0.000000000000000000e+00 1.000000000000000021e-08 -4.357517410994199425e-02 -1.210789728191646875e-01
-4.357517410994199425e-02 -1.210789728191646875e-01 0.000000000000000000e+00 1.000000000000000021e-08 3.938438316525094685e-02 8.295955727519292999e-01
3.938438316525094685e-02 8.295955727519292999e-01 0.000000000000000000e+00 1.000000000000000021e-08 2.216917332068321367e-01 1.823073500415811843e+00
2.216917332068321367e-01 1.823073500415811843e+00 1.000000000000000000e+00 1.000000000000000021e-08 4.401769692711033355e-01 2.184852360642711933e+00
4.401769692711033355e-01 2.184852360642711933e+00 2.000000000000000000e+00 1.000000000000000021e-08 6.377458739697057233e-01 1.975689046986023545e+00
6.377458739697057233e-01 1.975689046986023545e+00 2.000000000000000000e+00 1.000000000000000021e-08 8.633335260565078162e-01 2.255876520868020929e+00
8.633335260565078162e-01 2.255876520868020929e+00 2.000000000000000000e+00 1.000000000000000021e-08 1.142469812161835074e+00 2.791362861053273026e+00
1.142469812161835074e+00 2.791362861053273026e+00 2.000000000000000000e+00 1.000000000000000021e-08 1.518167440221767306e+00 3.756976280599322315e+00
1.518167440221767306e+00 3.756976280599322315e+00 2.000000000000000000e+00 9.999000000000000110e-01 1.570796326794896558e+00 5.000000000000000000e+00
-5.916829598126045753e-02 -4.129033575342895557e-03 2.000000000000000000e+00 1.000000000000000021e-08 -1.544565790546153505e-01 -9.528828307335488468e-01
-1.544565790546153505e-01 -9.528828307335488468e-01 1.000000000000000000e+00 1.000000000000000021e-08 -2.601686604174691109e-01 -1.057120813628537492e+00
-2.601686604174691109e-01 -1.057120813628537492e+00 2.000000000000000000e+00 1.000000000000000021e-08 -4.892883019681618650e-01 -2.291196415506927764e+00
-4.892883019681618650e-01 -2.291196415506927764e+00 1.000000000000000000e+00 1.000000000000000021e-08 -7.902841825294868450e-01 -3.009958805613250021e+00
-7.902841825294868450e-01 -3.009958805613250021e+00 1.000000000000000000e+00 1.000000000000000021e-08 -1.202335346474572964e+00 -4.120511639450861630e+00
-1.202335346474572964e+00 -4.120511639450861630e+00 0.000000000000000000e+00 9.999000000000000110e-01 -1.570796326794896558e+00 -5.000000000000000000e+00
-7.264859495077828633e-02 4.611072700280622466e-02 0.000000000000000000e+00 1.000000000000000021e-08 2.663855007373858164e-03 7.531244995815213894e-01
2.663855007373858164e-03 7.531244995815213894e-01 0.000000000000000000e+00 1.000000000000000021e-08 1.556253426878507207e-01 1.529614876804768375e+00
1.556253426878507207e-01 1.529614876804768375e+00 1.000000000000000000e+00 1.000000000000000021e-08 3.471209194312230295e-01 1.914955767433723199e+00
3.471209194312230295e-01 1.914955767433723199e+00 1.000000000000000000e+00 1.000000000000000021e-08 5.842534325101789161e-01 2.371325130789559310e+00
5.842534325101789161e-01 2.371325130789559310e+00 1.000000000000000000e+00 1.000000000000000021e-08 9.027980445450225488e-01 3.185446120348436327e+00
9.027980445450225488e-01 3.185446120348436327e+00 2.000000000000000000e+00 1.000000000000000021e-08 1.293636100578503312e+00 3.908380560334808074e+00
1.293636100578503312e+00 3.908380560334808074e+00 1.000000000000000000e+00 9.999000000000000110e-01 1.570796326794896558e+00 5.000000000000000000e+00
1.494675154093039540e-02 -4.430074879216060191e-02 2.000000000000000000e+00 1.000000000000000021e-08 -6.946343553146601402e-02 -8.441018707239640317e-01
-6.946343553146601402e-02 -8.441018707239640317e-01 0.000000000000000000e+00 1.000000000000000021e-08 -7.494272928693232472e-02 -5.479293755466307925e-02
-7.494272928693232472e-02 -5.479293755466307925e-02 2.000000000000000000e+00 1.000000000000000021e-08 -1.971902015163935484e-01 -1.222474722294612182e+00
-1.971902015163935484e-01 -1.222474722294612182e+00 2.000000000000000000e+00 1.000000000000000021e-08 -4.532786821291872048e-01 -2.560884806127936564e+00
-4.532786821291872048e-01 -2.560884806127936564e+00 2.000000000000000000e+00 1.000000000000000021e-08 -8.443162791311997761e-01 -3.910375970020126157e+00
-8.443162791311997761e-01 -3.910375970020126157e+00 0.000000000000000000e+00 1.000000000000000021e-08 -1.277434472448569780e+00 -4.331181933173700038e+00
-1.277434472448569780e+00 -4.331181933173700038e+00 0.000000000000000000e+00 9.999000000000000110e-01 -1.570796326794896558e+00 -5.000000000000000000e+00
-7.150642045434044136e-02 -3.926382958719508431e-02 2.000000000000000000e+00 1.000000000000000021e-08 -1.910566551937248059e-01 -1.195502347393843534e+00
-1.910566551937248059e-01 -1.195502347393843534e+00 1.000000000000000000e+00 1.000000000000000021e-08 -3.538320786551398811e-01 -1.627754234614150475e+00
-3.538320786551398811e-01 -1.627754234614150475e+00 0.000000000000000000e+00 1.000000000000000021e-08 -4.955564261651922431e-01 -1.417243475100523842e+00
-4.955564261651922431e-01 -1.417243475100523842e+00 2.000000000000000000e+00 1.000000000000000021e-08 -7.750153158160797418e-01 -2.794588896508874765e+00
-7.750153158160797418e-01 -2.794588896508874765e+00 0.000000000000000000e+00 1.000000000000000021e-08 -1.109181239182148282e+00 -3.341659233660686290e+00
-1.109181239182148282e+00 -3.341659233660686290e+00 0.000000000000000000e+00 1.000000000000000021e-08 -1.541055135962653644e+00 -4.318738967805053619e+00
-1.541055135962653644e+00 -4.318738967805053619e+00 0.000000000000000000e+00 9.999000000000000110e-01 -1.570796326794896558e+00 -5.000000000000000000e+00
5.439952889576148143e-02 -5.111483323833491271e-02 1.000000000000000000e+00 1.000000000000000021e-08 7.068725498328441714e-02 1.628772608752293294e-01
7.068725498328441714e-02 1.628772608752293294e-01 1.000000000000000000e+00 1.000000000000000021e-08 1.108543458876693200e-01 4.016709090438489449e-01
1.108543458876693200e-01 4.016709090438489449e-01 0.000000000000000000e+00 1.000000000000000021e-08 2.540339666426254528e-01 1.431796207549560940e+00
2.540339666426254528e-01 1.431796207549560940e+00 1.000000000000000000e+00 1.000000000000000021e-08 4.411328811705944597e-01 1.870989145279690291e+00
4.411328811705944597e-01 1.870989145279690291e+00 2.000000000000000000e+00 1.000000000000000021e-08 6.222103061670966051e-01 1.810774249965021010e+00
6.222103061670966051e-01 1.810774249965021010e+00 2.000000000000000000e+00 1.000000000000000021e-08 8.236102391886748197e-01 2.013999330215781924e+00
8.236102391886748197e-01 2.013999330215781924e+00 1.000000000000000000e+00 1.000000000000000021e-08 1.128410727240345190e+00 3.048004880516703707e+00
1.128410727240345190e+00 3.048004880516703707e+00 2.000000000000000000e+00 1.000000000000000021e-08 1.535995595808408387e+00 4.075848685680631966e+00
1.535995595808408387e+00 4.075848685680631966e+00 1.000000000000000000e+00 9.999000000000000110e-01 1.570796326794896558e+00 5.000000000000000000e+00
-1.738545200291768608e-02 3.161153915500870826e-02 1.000000000000000000e+00 1.000000000000000021e-08 -2.337193201240611237e-02 -5.986480009488426290e-02
-2.337193201240611237e-02 -5.986480009488426290e-02 1.000000000000000000e+00 1.000000000000000021e-08 -2.460255727430693540e-02 -1.230625261900822331e-02
-2.460255727430693540e-02 -1.230625261900822331e-02 0.000000000000000000e+00 1.000000000000000021e-08 6.571271873625622595e-02 9.031527601056316135e-01
6.571271873625622595e-02 9.031527601056316135e-01 2.000000000000000000e+00 1.000000000000000021e-08 7.123169281867698654e-02 5.518974082420757821e-02
7.123169281867698654e-02 5.518974082420757821e-02 0.000000000000000000e+00 1.000000000000000021e-08 1.772613432322170390e-01 1.060296504135400664e+00
1.772613432322170390e-01 1.060296504135400664e+00 2.000000000000000000e+00 1.000000000000000021e-08 2.244846849504989472e-01 4.722334171828190819e-01
2.244846849504989472e-01 4.722334171828190819e-01 1.000000000000000000e+00 1.000000000000000021e-08 3.120357145805670585e-01 8.755102963006808903e-01
3.120357145805670585e-01 8.755102963006808903e-01 2.000000000000000000e+00 1.000000000000000021e-08 3.808994421440661804e-01 6.886372756349909974e-01
3.808994421440661804e-01 6.886372756349909974e-01 0.000000000000000000e+00 1.000000000000000021e-08 5.856802658165738418e-01 2.047808236725075837e+00
5.856802658165738418e-01 2.047808236725075837e+00 0.000000000000000000e+00 1.000000000000000021e-08 9.430738900758812715e-01 3.573936242593073853e+00
9.430738900758812715e-01 3.573936242593073853e+00 1.000000000000000000e+00 1.000000000000000021e-08 1.412870339501911321e+00 4.697964494260300938e+00
1.412870339501911321e+00 4.697964494260300938e+00 1.000000000000000000e+00 9.999000000000000110e-01 1.570796326794896558e+00 5.000000000000000000e+00
-2.047176806478614997e-02 -2.139305299776080027e-03 0.000000000000000000e+00 1.000000000000000021e-08 5.611023657624378269e-02 7.658200464102992155e-01
5.611023657624378269e-02 7.658200464102992155e-01 1.000000000000000000e+00 1.000000000000000021e-08 1.480574410388088014e-01 9.194720446256501312e-01
1.480574410388088014e-01 9.194720446256501312e-01 1.000000000000000000e+00 1.000000000000000021e-08 2.794421240546652863e-01 1.313846830158564849e+00
2.794421240546652863e-01 1.313846830158564849e+00 0.000000000000000000e+00 1.000000000000000021e-08 5.256008730118937322e-01 2.461587489572284237e+00
5.256008730118937322e-01 2.461587489572284237e+00 0.000000000000000000e+00 1.000000000000000021e-08 9.191306291759171465e-01 3.935297561640234587e+00
9.191306291759171465e-01 3.935297561640234587e+00 1.000000000000000000e+00 1.000000000000000021e-08 1.418628043269349437e+00 4.994974140934322904e+00
