-1.383673915018098811e-02 -7.469660618879798986e-02 2.000000000000000000e+00 1.000000000000000021e-08 -1.216436907573732878e-01 -1.078069516071922918e+00
-1.216436907573732878e-01 -1.078069516071922918e+00 0.000000000000000000e+00 1.000000000000000021e-08 -1.728850577002906119e-01 -5.124136694291732130e-01
-1.728850577002906119e-01 -5.124136694291732130e-01 2.000000000000000000e+00 1.000000000000000021e-08 -3.266864989820214005e-01 -1.538014412817307885e+00
-3.266864989820214005e-01 -1.538014412817307885e+00 0.000000000000000000e+00 1.000000000000000021e-08 -4.478999340422692432e-01 -1.212134350602478206e+00
-4.478999340422692432e-01 -1.212134350602478206e+00 0.000000000000000000e+00 1.000000000000000021e-08 -5.758661529081439134e-01 -1.279662188658746702e+00
-5.758661529081439134e-01 -1.279662188658746702e+00 0.000000000000000000e+00 1.000000000000000021e-08 -7.319842417955896297e-01 -1.561180888874456718e+00
-7.319842417955896297e-01 -1.561180888874456718e+00 1.000000000000000000e+00 1.000000000000000021e-08 -9.940269242124089022e-01 -2.620426824168192059e+00
-9.940269242124089022e-01 -2.620426824168192059e+00 0.000000000000000000e+00 1.000000000000000021e-08 -1.330676782643573031e+00 -3.366498584311642173e+00
-1.330676782643573031e+00 -3.366498584311642173e+00 1.000000000000000000e+00 9.999000000000000110e-01 -1.570796326794896558e+00 -4.785691630241851513e+00
-4.899824834854486777e-02 -8.190624123232129183e-02 1.000000000000000000e+00 1.000000000000000021e-08 -6.560480661948042691e-02 -1.660655827093555637e-01
-6.560480661948042691e-02 -1.660655827093555637e-01 2.000000000000000000e+00 1.000000000000000021e-08 -1.648738094296629542e-01 -9.926900281018251615e-01
-1.648738094296629542e-01 -9.926900281018251615e-01 1.000000000000000000e+00 1.000000000000000021e-08 -2.825845827419219969e-01 -1.177107733122590094e+00
-2.825845827419219969e-01 -1.177107733122590094e+00 2.000000000000000000e+00 1.000000000000000021e-08 -5.434060579861332840e-01 -2.608214752442112871e+00
-5.434060579861332840e-01 -2.608214752442112871e+00 2.000000000000000000e+00 1.000000000000000021e-08 -9.453593396939090621e-01 -4.019532817077757336e+00
-9.453593396939090621e-01 -4.019532817077757336e+00 1.000000000000000000e+00 1.000000000000000021e-08 -1.462219087452166999e+00 -5.000000000000000000e+00
-1.462219087452166999e+00 -5.000000000000000000e+00 0.000000000000000000e+00 9.999000000000000110e-01 -1.570796326794896558e+00 -5.000000000000000000e+00
3.417930305923581186e-02 3.568523699091970258e-02 0.000000000000000000e+00 1.000000000000000021e-08 1.493864115465880493e-01 1.152071084873522278e+00
1.493864115465880493e-01 1.152071084873522278e+00 2.000000000000000000e+00 1.000000000000000021e-08 1.920332009611536161e-01 4.264678941456557792e-01
1.920332009611536161e-01 4.264678941456557792e-01 1.000000000000000000e+00 1.000000000000000021e-08 2.804268178117743648e-01 8.839361685062075980e-01
2.804268178117743648e-01 8.839361685062075980e-01 1.000000000000000000e+00 1.000000000000000021e-08 4.316584659414351433e-01 1.512316481296607673e+00
4.316584659414351433e-01 1.512316481296607673e+00 2.000000000000000000e+00 1.000000000000000021e-08 5.763971565171464029e-01 1.447386905757112485e+00
5.763971565171464029e-01 1.447386905757112485e+00 0.000000000000000000e+00 1.000000000000000021e-08 8.727239481306550140e-01 2.963267916135085223e+00
8.727239481306550140e-01 2.963267916135085223e+00 0.000000000000000000e+00 1.000000000000000021e-08 1.330868377587416829e+00 4.581444294567618591e+00
1.330868377587416829e+00 4.581444294567618591e+00 2.000000000000000000e+00 9.999000000000000110e-01 1.570796326794896558e+00 5.000000000000000000e+00
3.533891489183504930e-02 -6.851814270338389690e-02 0.000000000000000000e+00 1.000000000000000021e-08 1.296084432674361464e-01 9.426952837560109710e-01
1.296084432674361464e-01 9.426952837560109710e-01 0.000000000000000000e+00 1.000000000000000021e-08 3.264907264661394137e-01 1.968822831987032229e+00
3.264907264661394137e-01 1.968822831987032229e+00 2.000000000000000000e+00 1.000000000000000021e-08 5.039797758031383523e-01 1.774890493369988942e+00
5.039797758031383523e-01 1.774890493369988942e+00 1.000000000000000000e+00 1.000000000000000021e-08 7.712657696732037049e-01 2.672859938700653082e+00
7.712657696732037049e-01 2.672859938700653082e+00 0.000000000000000000e+00 1.000000000000000021e-08 1.203565456485369500e+00 4.322996868121657066e+00
1.203565456485369500e+00 4.322996868121657066e+00 1.000000000000000000e+00 9.999000000000000110e-01 1.570796326794896558e+00 5.000000000000000000e+00
6.937273538204091761e-02 -8.550656970076649099e-02 1.000000000000000000e+00 1.000000000000000021e-08 6.885467170672400494e-02 -5.180636753169071129e-03
6.885467170672400494e-02 -5.180636753169071129e-03 2.000000000000000000e+00 1.000000000000000021e-08 -4.120847691793952383e-03 -7.297551939851795177e-01
-4.120847691793952383e-03 -7.297551939851795177e-01 1.000000000000000000e+00 1.000000000000000021e-08 -9.410820786564080831e-02 -8.998736017384685315e-01
-9.410820786564080831e-02 -8.998736017384685315e-01 1.000000000000000000e+00 1.000000000000000021e-08 -2.076546883800006182e-01 -1.135464805143598044e+00
-2.076546883800006182e-01 -1.135464805143598044e+00 2.000000000000000000e+00 1.000000000000000021e-08 -4.305842897103250300e-01 -2.229296013303244006e+00
-4.305842897103250300e-01 -2.229296013303244006e+00 0.000000000000000000e+00 1.000000000000000021e-08 -6.372160232578600869e-01 -2.066317335475349903e+00
-6.372160232578600869e-01 -2.066317335475349903e+00 2.000000000000000000e+00 1.000000000000000021e-08 -1.009806905932020271e+00 -3.725908826741601398e+00
-1.009806905932020271e+00 -3.725908826741601398e+00 2.000000000000000000e+00 1.000000000000000021e-08 -1.536730995919960874e+00 -5.000000000000000000e+00
-1.536730995919960874e+00 -5.000000000000000000e+00 2.000000000000000000e+00 9.999000000000000110e-01 -1.570796326794896558e+00 -5.000000000000000000e+00
-7.947821536692931121e-02 9.202942072259467921e-03 2.000000000000000000e+00 1.000000000000000021e-08 -1.827227639690395256e-01 -1.032445486021102088e+00
-1.827227639690395256e-01 -1.032445486021102088e+00 1.000000000000000000e+00 1.000000000000000021e-08 -3.293122723750731007e-01 -1.465895084060335751e+00
-3.293122723750731007e-01 -1.465895084060335751e+00 1.000000000000000000e+00 1.000000000000000021e-08 -5.455083621630714141e-01 -2.161960897879982912e+00
-5.455083621630714141e-01 -2.161960897879982912e+00 2.000000000000000000e+00 1.000000000000000021e-08 -9.247514898274367123e-01 -3.792431276643652982e+00
-9.247514898274367123e-01 -3.792431276643652982e+00 0.000000000000000000e+00 1.000000000000000021e-08 -1.365448771747248546e+00 -4.406972819198118785e+00
-1.365448771747248546e+00 -4.406972819198118785e+00 1.000000000000000000e+00 9.999000000000000110e-01 -1.570796326794896558e+00 -5.000000000000000000e+00
-1.201656945924076646e-02 2.220249318262059596e-02 2.000000000000000000e+00 1.000000000000000021e-08 -9.587964105314954188e-02 -8.386307159390877786e-01
-9.587964105314954188e-02 -8.386307159390877786e-01 0.000000000000000000e+00 1.000000000000000021e-08 -1.162356274621462182e-01 -2.035598640899667355e-01
-1.162356274621462182e-01 -2.035598640899667355e-01 0.000000000000000000e+00 1.000000000000000021e-08 -7.917513473902268450e-02 3.706049272312352816e-01
-7.917513473902268450e-02 3.706049272312352816e-01 0.000000000000000000e+00 1.000000000000000021e-08 1.685011301363673053e-02 9.602524775265941503e-01
1.685011301363673053e-02 9.602524775265941503e-01 2.000000000000000000e+00 1.000000000000000021e-08 1.706738446026722505e-02 2.172714466304959124e-03
1.706738446026722505e-02 2.172714466304959124e-03 0.000000000000000000e+00 1.000000000000000021e-08 1.092484523910887961e-01 9.218106793082155859e-01
1.092484523910887961e-01 9.218106793082155859e-01 0.000000000000000000e+00 1.000000000000000021e-08 2.962031616044062399e-01 1.869547092133174271e+00
2.962031616044062399e-01 1.869547092133174271e+00 1.000000000000000000e+00 1.000000000000000021e-08 5.322871087084277697e-01 2.360839471040214743e+00
5.322871087084277697e-01 2.360839471040214743e+00 2.000000000000000000e+00 1.000000000000000021e-08 7.731712180690105685e-01 2.408841093605828210e+00
7.731712180690105685e-01 2.408841093605828210e+00 0.000000000000000000e+00 1.000000000000000021e-08 1.190309459601720743e+00 4.171382415327101967e+00
1.190309459601720743e+00 4.171382415327101967e+00 1.000000000000000000e+00 9.999000000000000110e-01 1.570796326794896558e+00 5.000000000000000000e+00
-1.914412959792473681e-02 -4.238615817534933938e-02 0.000000000000000000e+00 1.000000000000000021e-08 4.396637869719256797e-02 6.311050829511729576e-01
4.396637869719256797e-02 6.311050829511729576e-01 0.000000000000000000e+00 1.000000000000000021e-08 1.915057217879027052e-01 1.475393430907101511e+00
1.915057217879027052e-01 1.475393430907101511e+00 1.000000000000000000e+00 1.000000000000000021e-08 3.602228346884325250e-01 1.687171129005297754e+00
3.602228346884325250e-01 1.687171129005297754e+00 0.000000000000000000e+00 1.000000000000000021e-08 6.766411467614115161e-01 3.164183120729790133e+00
6.766411467614115161e-01 3.164183120729790133e+00 2.000000000000000000e+00 1.000000000000000021e-08 1.029210153673851380e+00 3.525690069124399528e+00
1.029210153673851380e+00 3.525690069124399528e+00 2.000000000000000000e+00 1.000000000000000021e-08 1.470172367626255028e+00 4.409622139524037365e+00
1.470172367626255028e+00 4.409622139524037365e+00 2.000000000000000000e+00 9.999000000000000110e-01 1.570796326794896558e+00 5.000000000000000000e+00
-8.165705334410908178e-02 -7.149159895953538513e-02 0.000000000000000000e+00 1.000000000000000021e-08 -2.676349205457469183e-02 5.489356128953438718e-01
-2.676349205457469183e-02 5.489356128953438718e-01 0.000000000000000000e+00 1.000000000000000021e-08 1.159665784674705075e-01 1.427300705220451826e+00
1.159665784674705075e-01 1.427300705220451826e+00 2.000000000000000000e+00 1.000000000000000021e-08 1.898796920928479959e-01 7.391311362537748009e-01
1.898796920928479959e-01 7.391311362537748009e-01 0.000000000000000000e+00 1.000000000000000021e-08 3.714002358904519574e-01 1.815205437976039615e+00
3.714002358904519574e-01 1.815205437976039615e+00 1.000000000000000000e+00 1.000000000000000021e-08 5.984157755273178392e-01 2.270155396368659151e+00
5.984157755273178392e-01 2.270155396368659151e+00 2.000000000000000000e+00 1.000000000000000021e-08 8.571987347307350458e-01 2.587829592034171622e+00
8.571987347307350458e-01 2.587829592034171622e+00 2.000000000000000000e+00 1.000000000000000021e-08 1.178848952249056392e+00 3.216502175183213907e+00
1.178848952249056392e+00 3.216502175183213907e+00 0.000000000000000000e+00 9.999000000000000110e-01 1.570796326794896558e+00 4.804913543740171988e+00
-4.286882770035568835e-02 1.368738259762315376e-02 2.000000000000000000e+00 1.000000000000000021e-08 -1.205280118447762394e-01 -7.765918414442054551e-01
-1.205280118447762394e-01 -7.765918414442054551e-01 2.000000000000000000e+00 1.000000000000000021e-08 -2.901740862351860351e-01 -1.696460743904097956e+00
-2.901740862351860351e-01 -1.696460743904097956e+00 2.000000000000000000e+00 1.000000000000000021e-08 -6.056070640825315099e-01 -3.154329778473454748e+00
-6.056070640825315099e-01 -3.154329778473454748e+00 2.000000000000000000e+00 1.000000000000000021e-08 -1.069034615619828488e+00 -4.634275515372969778e+00
-1.069034615619828488e+00 -4.634275515372969778e+00 0.000000000000000000e+00 9.999000000000000110e-01 -1.570796326794896558e+00 -5.000000000000000000e+00
3.502878844948834058e-02 -4.283940116423121114e-02 1.000000000000000000e+00 1.000000000000000021e-08 3.491157137065228205e-02 -1.172170788360571425e-03
3.491157137065228205e-02 -1.172170788360571425e-03 2.000000000000000000e+00 1.000000000000000021e-08 -6.179930813653653626e-02 -9.671087950718881832e-01
-6.179930813653653626e-02 -9.671087950718881832e-01 1.000000000000000000e+00 1.000000000000000021e-08 -1.557475145499270797e-01 -9.394820641339054479e-01
-1.557475145499270797e-01 -9.394820641339054479e-01 0.000000000000000000e+00 1.000000000000000021e-08 -1.969533364608585524e-01 -4.120582191093148383e-01
-1.969533364608585524e-01 -4.120582191093148383e-01 1.000000000000000000e+00 1.000000000000000021e-08 -2.776037281724131889e-01 -8.065039171155460318e-01
-2.776037281724131889e-01 -8.065039171155460318e-01 1.000000000000000000e+00 1.000000000000000021e-08 -4.179279092595425960e-01 -1.403241810871294071e+00
-4.179279092595425960e-01 -1.403241810871294071e+00 0.000000000000000000e+00 1.000000000000000021e-08 -5.482606512265213450e-01 -1.303327419669786824e+00
-5.482606512265213450e-01 -1.303327419669786824e+00 2.000000000000000000e+00 1.000000000000000021e-08 -8.254794486642226259e-01 -2.772187974377012587e+00
-8.254794486642226259e-01 -2.772187974377012587e+00 1.000000000000000000e+00 1.000000000000000021e-08 -1.209148131942227478e+00 -3.836686832780047851e+00
-1.209148131942227478e+00 -3.836686832780047851e+00 0.000000000000000000e+00 9.999000000000000110e-01 -1.570796326794896558e+00 -4.842335444839847014e+00
-6.469858944613209040e-02 6.523196601338508704e-02 0.000000000000000000e+00 1.000000000000000021e-08 2.071105901416406270e-02 8.540964846029615032e-01
2.071105901416406270e-02 8.540964846029615032e-01 2.000000000000000000e+00 1.000000000000000021e-08 2.188080566172332861e-02 1.169746647559266606e-02
2.188080566172332861e-02 1.169746647559266606e-02 1.000000000000000000e+00 1.000000000000000021e-08 2.908821513844882245e-02 7.207409476725493147e-02
2.908821513844882245e-02 7.207409476725493147e-02 1.000000000000000000e+00 1.000000000000000021e-08 3.190605267708762627e-02 2.817837538638803124e-02
3.190605267708762627e-02 2.817837538638803124e-02 1.000000000000000000e+00 1.000000000000000021e-08 4.524780745057845055e-02 1.334175477349082428e-01
4.524780745057845055e-02 1.334175477349082428e-01 0.000000000000000000e+00 1.000000000000000021e-08 1.431367118888502432e-01 9.788890443827179544e-01
1.431367118888502432e-01 9.788890443827179544e-01 2.000000000000000000e+00 1.000000000000000021e-08 1.710253364503652729e-01 2.788862456151502967e-01
1.710253364503652729e-01 2.788862456151502967e-01 0.000000000000000000e+00 1.000000000000000021e-08 3.087881329106688666e-01 1.377627964603035604e+00
3.087881329106688666e-01 1.377627964603035604e+00 2.000000000000000000e+00 1.000000000000000021e-08 4.182940137116538670e-01 1.095058808009850226e+00
4.182940137116538670e-01 1.095058808009850226e+00 2.000000000000000000e+00 1.000000000000000021e-08 5.060712371388528252e-01 8.777722342719893600e-01
5.060712371388528252e-01 8.777722342719893600e-01 2.000000000000000000e+00 1.000000000000000021e-08 6.120239546454027124e-01 1.059527175065498650e+00
6.120239546454027124e-01 1.059527175065498650e+00 1.000000000000000000e+00 1.000000000000000021e-08 8.115359417327201452e-01 1.995119870873174772e+00
8.115359417327201452e-01 1.995119870873174772e+00 2.000000000000000000e+00 1.000000000000000021e-08 1.065057096161978301e+00 2.535211544292582442e+00
1.065057096161978301e+00 2.535211544292582442e+00 1.000000000000000000e+00 1.000000000000000021e-08 1.444298513616935509e+00 3.792414174549572969e+00
1.444298513616935509e+00 3.792414174549572969e+00 0.000000000000000000e+00 9.999000000000000110e-01 1.570796326794896558e+00 5.000000000000000000e+00
5.064475257645466300e-03 6.681780183545893426e-02 2.000000000000000000e+00 1.000000000000000021e-08 -9.257833428342801541e-02 -9.764280954107348309e-01
-9.257833428342801541e-02 -9.764280954107348309e-01 0.000000000000000000e+00 1.000000000000000021e-08 -1.243958374751957252e-01 -3.181750319176770425e-01
-1.243958374751957252e-01 -3.181750319176770425e-01 0.000000000000000000e+00 1.000000000000000021e-08 -7.445907128665493757e-02 4.993676618854079319e-01
-7.445907128665493757e-02 4.993676618854079319e-01 2.000000000000000000e+00 1.000000000000000021e-08 -1.222572064543160780e-01 -4.779813516766113768e-01
-1.222572064543160780e-01 -4.779813516766113768e-01 1.000000000000000000e+00 1.000000000000000021e-08 -2.032326660950591057e-01 -8.097545964074301938e-01
-2.032326660950591057e-01 -8.097545964074301938e-01 0.000000000000000000e+00 1.000000000000000021e-08 -2.280211033425187939e-01 -2.478843724745968258e-01
-2.280211033425187939e-01 -2.478843724745968258e-01 2.000000000000000000e+00 1.000000000000000021e-08 -3.900989179248276484e-01 -1.620778145823088323e+00
-3.900989179248276484e-01 -1.620778145823088323e+00 2.000000000000000000e+00 1.000000000000000021e-08 -7.095782256125254817e-01 -3.194793076876978333e+00
-7.095782256125254817e-01 -3.194793076876978333e+00 0.000000000000000000e+00 1.000000000000000021e-08 -1.065565031697940812e+00 -3.559868060854153526e+00
-1.065565031697940812e+00 -3.559868060854153526e+00 1.000000000000000000e+00 1.000000000000000021e-08 -1.547716241613498633e+00 -4.821512099155578213e+00
-1.547716241613498633e+00 -4.821512099155578213e+00 2.000000000000000000e+00 9.999000000000000110e-01 -1.570796326794896558e+00 -5.000000000000000000e+00
5.569174658332511074e-02 6.510384003430554067e-02 0.000000000000000000e+00 1.000000000000000021e-08 1.658668469329180606e-01 1.101751003495929471e+00
1.658668469329180606e-01 1.101751003495929471e+00 2.000000000000000000e+00 1.000000000000000021e-08 2.023558696581361782e-01 3.648902272521810097e-01
2.023558696581361782e-01 3.648902272521810097e-01 1.000000000000000000e+00 1.000000000000000021e-08 2.692954075898474908e-01 6.693953793171127931e-01
2.692954075898474908e-01 6.693953793171127931e-01 1.000000000000000000e+00 1.000000000000000021e-08 3.854775021534905810e-01 1.161820945636430791e+00
3.854775021534905810e-01 1.161820945636430791e+00 1.000000000000000000e+00 1.000000000000000021e-08 5.734058267157694511e-01 1.879283245622788368e+00
5.734058267157694511e-01 1.879283245622788368e+00 0.000000000000000000e+00 1.000000000000000021e-08 9.235039821509946067e-01 3.500981554352251557e+00
9.235039821509946067e-01 3.500981554352251557e+00 0.000000000000000000e+00 1.000000000000000021e-08 1.435742867228155806e+00 5.000000000000000000e+00
1.435742867228155806e+00 5.000000000000000000e+00 0.000000000000000000e+00 9.999000000000000110e-01 1.570796326794896558e+00 5.000000000000000000e+00
3.153935645745328809e-02 4.526396786940087985e-02 0.000000000000000000e+00 1.000000000000000021e-08 1.339323781678202763e-01 1.023930217103669715e+00
1.339323781678202763e-01 1.023930217103669715e+00 0.000000000000000000e+00 1.000000000000000021e-08 3.570934483288202843e-01 2.231610701609999747e+00
3.570934483288202843e-01 2.231610701609999747e+00 2.000000000000000000e+00 1.000000000000000021e-08 5.679493040103148482e-01 2.108558556814945195e+00
5.679493040103148482e-01 2.108558556814945195e+00 0.000000000000000000e+00 1.000000000000000021e-08 9.239207152567499026e-01 3.559714112464349878e+00
9.239207152567499026e-01 3.559714112464349878e+00 1.000000000000000000e+00 1.000000000000000021e-08 1.387644880689755666e+00 4.637241654330057194e+00
1.387644880689755666e+00 4.637241654330057194e+00 1.000000000000000000e+00 9.999000000000000110e-01 1.570796326794896558e+00 5.000000000000000000e+00
-2.159995755778518212e-02 4.034794086937446012e-02 2.000000000000000000e+00 1.000000000000000021e-08 -1.050582512726823958e-01 -8.345829371489721371e-01
-1.050582512726823958e-01 -8.345829371489721371e-01 0.000000000000000000e+00 1.000000000000000021e-08 -1.058661205689654106e-01 -8.078692962830147373e-03
-1.058661205689654106e-01 -8.078692962830147373e-03 1.000000000000000000e+00 1.000000000000000021e-08 -1.368876561850958795e-01 -3.102153561613046895e-01
-1.368876561850958795e-01 -3.102153561613046895e-01 0.000000000000000000e+00 1.000000000000000021e-08 -9.377072156680245352e-02 4.311693461829342322e-01
-9.377072156680245352e-02 4.311693461829342322e-01 0.000000000000000000e+00 1.000000000000000021e-08 3.064422649070101812e-02 1.244149480575034605e+00
3.064422649070101812e-02 1.244149480575034605e+00 0.000000000000000000e+00 1.000000000000000021e-08 2.400250547553848812e-01 2.093808282646838492e+00
2.400250547553848812e-01 2.093808282646838492e+00 2.000000000000000000e+00 1.000000000000000021e-08 3.898529479222275773e-01 1.498278931668426628e+00
3.898529479222275773e-01 1.498278931668426628e+00 1.000000000000000000e+00 1.000000000000000021e-08 6.084436761095766144e-01 2.185907281873490149e+00
6.084436761095766144e-01 2.185907281873490149e+00 0.000000000000000000e+00 1.000000000000000021e-08 9.952620791407793543e-01 3.868184030312027843e+00
9.952620791407793543e-01 3.868184030312027843e+00 2.000000000000000000e+00 1.000000000000000021e-08 1.451390129677425200e+00 4.561280505366458016e+00
1.451390129677425200e+00 4.561280505366458016e+00 2.000000000000000000e+00 9.999000000000000110e-01 1.570796326794896558e+00 5.000000000000000000e+00
1.554663183118129566e-02 -5.769235625651748800e-02 0.000000000000000000e+00 1.000000000000000021e-08 1.183061048777161589e-01 1.027594730465348549e+00
1.183061048777161589e-01 1.027594730465348549e+00 1.000000000000000000e+00 1.000000000000000021e-08 2.476211455880351631e-01 1.293150407103190069e+00
2.476211455880351631e-01 1.293150407103190069e+00 1.000000000000000000e+00 1.000000000000000021e-08 4.312506783411799161e-01 1.836295327531447086e+00
4.312506783411799161e-01 1.836295327531447086e+00 2.000000000000000000e+00 1.000000000000000021e-08 5.945783811711976563e-01 1.633277028300176958e+00
5.945783811711976563e-01 1.633277028300176958e+00 0.000000000000000000e+00 1.000000000000000021e-08 9.246037784249447888e-01 3.300253972537471547e+00
9.246037784249447888e-01 3.300253972537471547e+00 0.000000000000000000e+00 1.000000000000000021e-08 1.409487400754327435e+00 4.848836223293827352e+00
1.409487400754327435e+00 4.848836223293827352e+00 0.000000000000000000e+00 9.999000000000000110e-01 1.570796326794896558e+00 5.000000000000000000e+00
-1.523441296716060954e-02 -2.471532105212867481e-02 2.000000000000000000e+00 1.000000000000000021e-08 -9.223932102498275110e-02 -7.700490805782214121e-01
-9.223932102498275110e-02 -7.700490805782214121e-01 2.000000000000000000e+00 1.000000000000000021e-08 -2.659177118671806062e-01 -1.736783908421978495e+00
-2.659177118671806062e-01 -1.736783908421978495e+00 0.000000000000000000e+00 1.000000000000000021e-08 -3.995638255386736448e-01 -1.336461136714929943e+00
-3.995638255386736448e-01 -1.336461136714929943e+00 1.000000000000000000e+00 1.000000000000000021e-08 -5.911962844021889651e-01 -1.916324588635152537e+00
-5.911962844021889651e-01 -1.916324588635152537e+00 0.000000000000000000e+00 1.000000000000000021e-08 -7.998007460045155614e-01 -2.086044616023266407e+00
-7.998007460045155614e-01 -2.086044616023266407e+00 2.000000000000000000e+00 1.000000000000000021e-08 -1.174292231947183796e+00 -3.744914859426681897e+00
-1.174292231947183796e+00 -3.744914859426681897e+00 1.000000000000000000e+00 9.999000000000000110e-01 -1.570796326794896558e+00 -5.000000000000000000e+00
-4.929121689227749376e-03 -1.856068790062198604e-03 0.000000000000000000e+00 1.000000000000000021e-08 8.366281316622632691e-02 8.859193485545406865e-01
8.366281316622632691e-02 8.859193485545406865e-01 1.000000000000000000e+00 1.000000000000000021e-08 1.941833778137003752e-01 1.105205646474740400e+00
1.941833778137003752e-01 1.105205646474740400e+00 0.000000000000000000e+00 1.000000000000000021e-08 4.088068931718233379e-01 2.146235153581229405e+00
4.088068931718233379e-01 2.146235153581229405e+00 1.000000000000000000e+00 1.000000000000000021e-08 6.810376610910209294e-01 2.722307679191975360e+00
6.810376610910209294e-01 2.722307679191975360e+00 1.000000000000000000e+00 1.000000000000000021e-08 1.061259703068185178e+00 3.802220419771642490e+00
1.061259703068185178e+00 3.802220419771642490e+00 0.000000000000000000e+00 9.999000000000000110e-01 1.570796326794896558e+00 5.000000000000000000e+00
2.999206221377411982e-02 -7.706670117281419485e-03 1.000000000000000000e+00 1.000000000000000021e-08 3.264527448534335075e-02 2.653212271569228148e-02
3.264527448534335075e-02 2.653212271569228148e-02 1.000000000000000000e+00 1.000000000000000021e-08 3.291554235122233496e-02 2.702678658789845617e-03
3.291554235122233496e-02 2.702678658789845617e-03 2.000000000000000000e+00 1.000000000000000021e-08 -5.254441264789495858e-02 -8.545995499911728244e-01
-5.254441264789495858e-02 -8.545995499911728244e-01 0.000000000000000000e+00 1.000000000000000021e-08 -6.127793066491776797e-02 -8.733518017022812163e-02
-6.127793066491776797e-02 -8.733518017022812163e-02 2.000000000000000000e+00 1.000000000000000021e-08 -1.766870409683183318e-01 -1.154091103034005528e+00
-1.766870409683183318e-01 -1.154091103034005528e+00 1.000000000000000000e+00 1.000000000000000021e-08 -3.192313040334741614e-01 -1.425442630651558185e+00
-3.192313040334741614e-01 -1.425442630651558185e+00 1.000000000000000000e+00 1.000000000000000021e-08 -5.039379584217376085e-01 -1.847066543882634582e+00
-5.039379584217376085e-01 -1.847066543882634582e+00 2.000000000000000000e+00 1.000000000000000021e-08 -8.463278876237025905e-01 -3.423899292019650265e+00
-8.463278876237025905e-01 -3.423899292019650265e+00 0.000000000000000000e+00 1.000000000000000021e-08 -1.251824251255023723e+00 -4.054963636313210884e+00
-1.251824251255023723e+00 -4.054963636313210884e+00 0.000000000000000000e+00 9.999000000000000110e-01 -1.570796326794896558e+00 -5.000000000000000000e+00
-1.834169182254703767e-02 5.852403798668004420e-02 0.000000000000000000e+00 1.000000000000000021e-08 7.884968923526454454e-02 9.719138105781157666e-01
7.884968923526454454e-02 9.719138105781157666e-01 0.000000000000000000e+00 1.000000000000000021e-08 2.677536190839686636e-01 1.889039298487040996e+00
2.677536190839686636e-01 1.889039298487040996e+00 0.000000000000000000e+00 1.000000000000000021e-08 5.764750611532832858e-01 3.087214420693146000e+00
5.764750611532832858e-01 3.087214420693146000e+00 0.000000000000000000e+00 1.000000000000000021e-08 1.030425808054608483e+00 4.539507469013251750e+00
1.030425808054608483e+00 4.539507469013251750e+00 1.000000000000000000e+00 9.999000000000000110e-01 1.570796326794896558e+00 5.000000000000000000e+00
2.461222572316805815e-02 -6.381687321959306214e-02 0.000000000000000000e+00 1.000000000000000021e-08 1.136572967477815083e-01 8.904507102461345358e-01
1.136572967477815083e-01 8.904507102461345358e-01 0.000000000000000000e+00 1.000000000000000021e-08 3.092659942634850001e-01 1.956086975157034669e+00
3.092659942634850001e-01 1.956086975157034669e+00 2.000000000000000000e+00 1.000000000000000021e-08 4.583580432184672926e-01 1.490920489549822925e+00
4.583580432184672926e-01 1.490920489549822925e+00 1.000000000000000000e+00 1.000000000000000021e-08 6.934256237366258624e-01 2.350675805181585254e+00
6.934256237366258624e-01 2.350675805181585254e+00 2.000000000000000000e+00 1.000000000000000021e-08 9.564573963932387901e-01 2.630317726566129277e+00
9.564573963932387901e-01 2.630317726566129277e+00 1.000000000000000000e+00 1.000000000000000021e-08 1.340129338655104974e+00 3.836719422618660502e+00
1.340129338655104974e+00 3.836719422618660502e+00 0.000000000000000000e+00 9.999000000000000110e-01 1.570796326794896558e+00 5.000000000000000000e+00
-1.190821111266719690e-02 3.529727892369088210e-02 1.000000000000000000e+00 1.000000000000000021e-08 -1.260024609356633941e-02 -6.920349808991428653e-03
-1.260024609356633941e-02 -6.920349808991428653e-03 1.000000000000000000e+00 1.000000000000000021e-08 -3.197829926245231158e-02 -1.937805316888596974e-01
-3.197829926245231158e-02 -1.937805316888596974e-01 2.000000000000000000e+00 1.000000000000000021e-08 -1.563178739340103096e-01 -1.243395746715579842e+00
-1.563178739340103096e-01 -1.243395746715579842e+00 2.000000000000000000e+00 1.000000000000000021e-08 -3.972092030070844548e-01 -2.408913290730741341e+00
-3.972092030070844548e-01 -2.408913290730741341e+00 0.000000000000000000e+00 1.000000000000000021e-08 -6.062330291773148083e-01 -2.090238261702303646e+00
-6.062330291773148083e-01 -2.090238261702303646e+00 0.000000000000000000e+00 1.000000000000000021e-08 -8.323259013830943687e-01 -2.260928722057795603e+00
-8.323259013830943687e-01 -2.260928722057795603e+00 2.000000000000000000e+00 1.000000000000000021e-08 -1.223303384675321848e+00 -3.909774832922275678e+00
-1.223303384675321848e+00 -3.909774832922275678e+00 2.000000000000000000e+00 9.999000000000000110e-01 -1.570796326794896558e+00 -5.000000000000000000e+00
-1.109841061162021060e-02 5.209574872066663476e-02 1.000000000000000000e+00 1.000000000000000021e-08 -1.247773379078715578e-02 -1.379323179166944136e-02
-1.247773379078715578e-02 -1.379323179166944136e-02 1.000000000000000000e+00 1.000000000000000021e-08 -2.007446325483257937e-03 1.047028746530389715e-01
-2.007446325483257937e-03 1.047028746530389715e-01 1.000000000000000000e+00 1.000000000000000021e-08 -6.251495297180582368e-03 -4.244048971697324257e-02
-6.251495297180582368e-03 -4.244048971697324257e-02 0.000000000000000000e+00 1.000000000000000021e-08 7.903351932076244091e-02 8.528501461794302241e-01
7.903351932076244091e-02 8.528501461794302241e-01 1.000000000000000000e+00 1.000000000000000021e-08 1.704084823077197663e-01 9.137496298695733099e-01
1.704084823077197663e-01 9.137496298695733099e-01 0.000000000000000000e+00 1.000000000000000021e-08 3.708717705977093715e-01 2.004632882899896273e+00
3.708717705977093715e-01 2.004632882899896273e+00 1.000000000000000000e+00 1.000000000000000021e-08 6.257200907165771930e-01 2.548483201188677327e+00
6.257200907165771930e-01 2.548483201188677327e+00 2.000000000000000000e+00 1.000000000000000021e-08 8.986782876864367609e-01 2.729581969698596122e+00
8.986782876864367609e-01 2.729581969698596122e+00 2.000000000000000000e+00 1.000000000000000021e-08 1.243622501547389181e+00 3.449442138609524200e+00
1.243622501547389181e+00 3.449442138609524200e+00 2.000000000000000000e+00 9.999000000000000110e-01 1.570796326794896558e+00 4.583848612097062514e+00
4.208794335055641295e-02 5.966522999209625255e-02 0.000000000000000000e+00 1.000000000000000021e-08 1.418402581215072733e-01 9.975231477095086730e-01
1.418402581215072733e-01 9.975231477095086730e-01 1.000000000000000000e+00 1.000000000000000021e-08 2.654433281508952192e-01 1.236030700293879070e+00
2.654433281508952192e-01 1.236030700293879070e+00 1.000000000000000000e+00 1.000000000000000021e-08 4.338442009126012300e-01 1.684008727617059664e+00
4.338442009126012300e-01 1.684008727617059664e+00 2.000000000000000000e+00 1.000000000000000021e-08 6.006838369798240818e-01 1.668396360672228074e+00
6.006838369798240818e-01 1.668396360672228074e+00 1.000000000000000000e+00 1.000000000000000021e-08 8.512791747530095154e-01 2.505953377731853671e+00
8.512791747530095154e-01 2.505953377731853671e+00 2.000000000000000000e+00 1.000000000000000021e-08 1.168053128538396601e+00 3.167739537853871301e+00
1.168053128538396601e+00 3.167739537853871301e+00 1.000000000000000000e+00 9.999000000000000110e-01 1.570796326794896558e+00 4.446175155489549446e+00
6.480272167611200729e-02 -1.775807369700641708e-02 1.000000000000000000e+00 1.000000000000000021e-08 8.875354271060863220e-02 2.395082103449661937e-01
8.875354271060863220e-02 2.395082103449661937e-01 2.000000000000000000e+00 1.000000000000000021e-08 4.137535178287339577e-02 -4.737819092773523089e-01
4.137535178287339577e-02 -4.737819092773523089e-01 2.000000000000000000e+00 1.000000000000000021e-08 -8.942118118907989299e-02 -1.307965329719532832e+00
-8.942118118907989299e-02 -1.307965329719532832e+00 2.000000000000000000e+00 1.000000000000000021e-08 -3.280705313588159755e-01 -2.386493501697360742e+00
-3.280705313588159755e-01 -2.386493501697360742e+00 0.000000000000000000e+00 1.000000000000000021e-08 -5.410567748085491901e-01 -2.129862434497332035e+00
-5.410567748085491901e-01 -2.129862434497332035e+00 2.000000000000000000e+00 1.000000000000000021e-08 -9.049479161701862173e-01 -3.638911413616370272e+00
-9.049479161701862173e-01 -3.638911413616370272e+00 2.000000000000000000e+00 1.000000000000000021e-08 -1.438359681489875808e+00 -5.000000000000000000e+00
-1.438359681489875808e+00 -5.000000000000000000e+00 1.000000000000000000e+00 9.999000000000000110e-01 -1.570796326794896558e+00 -5.000000000000000000e+00
4.733108426078186382e-02 -8.691477693206017818e-02 1.000000000000000000e+00 1.000000000000000021e-08 4.070639446478651474e-02 -6.624689795995347685e-02
4.070639446478651474e-02 -6.624689795995347685e-02 2.000000000000000000e+00 1.000000000000000021e-08 -4.857095862148431281e-02 -8.927735308627082755e-01
-4.857095862148431281e-02 -8.927735308627082755e-01 1.000000000000000000e+00 1.000000000000000021e-08 -1.578274144300477189e-01 -1.092564558085634019e+00
-1.578274144300477189e-01 -1.092564558085634019e+00 1.000000000000000000e+00 1.000000000000000021e-08 -3.097969594897361234e-01 -1.519695450596883823e+00
-3.097969594897361234e-01 -1.519695450596883823e+00 0.000000000000000000e+00 1.000000000000000021e-08 -4.320124028160137186e-01 -1.222154433262775619e+00
-4.320124028160137186e-01 -1.222154433262775619e+00 1.000000000000000000e+00 1.000000000000000021e-08 -6.085647184314073588e-01 -1.765523156153936402e+00
-6.085647184314073588e-01 -1.765523156153936402e+00 1.000000000000000000e+00 1.000000000000000021e-08 -8.771636872994365008e-01 -2.685989688680291199e+00
-8.771636872994365008e-01 -2.685989688680291199e+00 2.000000000000000000e+00 1.000000000000000021e-08 -1.308197672581111082e+00 -4.310339852816744255e+00
-1.308197672581111082e+00 -4.310339852816744255e+00 0.000000000000000000e+00 9.999000000000000110e-01 -1.570796326794896558e+00 -5.000000000000000000e+00
4.963852336031319978e-02 1.910890187231230677e-02 1.000000000000000000e+00 1.000000000000000021e-08 5.328347215299399781e-02 3.644948792680799410e-02
5.328347215299399781e-02 3.644948792680799410e-02 2.000000000000000000e+00 1.000000000000000021e-08 -1.964313694380746128e-02 -7.292660909680145354e-01
-1.964313694380746128e-02 -7.292660909680145354e-01 1.000000000000000000e+00 1.000000000000000021e-08 -1.049404980733290027e-01 -8.529736112952154281e-01
-1.049404980733290027e-01 -8.529736112952154281e-01 1.000000000000000000e+00 1.000000000000000021e-08 -1.934760942888242852e-01 -8.853559621549526026e-01
-1.934760942888242852e-01 -8.853559621549526026e-01 2.000000000000000000e+00 1.000000000000000021e-08 -3.975370084765242895e-01 -2.040609141876999821e+00
-3.975370084765242895e-01 -2.040609141876999821e+00 0.000000000000000000e+00 1.000000000000000021e-08 -5.691762796505586142e-01 -1.716392711740343247e+00
-5.691762796505586142e-01 -1.716392711740343247e+00 0.000000000000000000e+00 1.000000000000000021e-08 -7.558496974454836925e-01 -1.866734177949250340e+00
-7.558496974454836925e-01 -1.866734177949250340e+00 1.000000000000000000e+00 1.000000000000000021e-08 -1.054027336530980019e+00 -2.981776390854964376e+00
-1.054027336530980019e+00 -2.981776390854964376e+00 1.000000000000000000e+00 1.000000000000000021e-08 -1.484694574887639673e+00 -4.306672383566596984e+00
-1.484694574887639673e+00 -4.306672383566596984e+00 0.000000000000000000e+00 9.999000000000000110e-01 -1.570796326794896558e+00 -5.000000000000000000e+00
5.899389659234498262e-02 8.604874381876138900e-02 1.000000000000000000e+00 1.000000000000000021e-08 6.364999027502095397e-02 4.656093682675969958e-02
6.364999027502095397e-02 4.656093682675969958e-02 1.000000000000000000e+00 1.000000000000000021e-08 7.416806466471170811e-02 1.051807438969075414e-01
7.416806466471170811e-02 1.051807438969075414e-01 0.000000000000000000e+00 1.000000000000000021e-08 1.832461117600125422e-01 1.090780470953008230e+00
1.832461117600125422e-01 1.090780470953008230e+00 1.000000000000000000e+00 1.000000000000000021e-08 3.201446779350516358e-01 1.368985661750390825e+00
3.201446779350516358e-01 1.368985661750390825e+00 1.000000000000000000e+00 1.000000000000000021e-08 5.039634686022811394e-01 1.838187906672295258e+00
5.039634686022811394e-01 1.838187906672295258e+00 1.000000000000000000e+00 1.000000000000000021e-08 7.590226076195274452e-01 2.550591390172462170e+00
7.590226076195274452e-01 2.550591390172462170e+00 1.000000000000000000e+00 1.000000000000000021e-08 1.114154163961916133e+00 3.551315563423885990e+00
1.114154163961916133e+00 3.551315563423885990e+00 0.000000000000000000e+00 9.999000000000000110e-01 1.570796326794896558e+00 5.000000000000000000e+00
4.573080132276489962e-02 -3.209597215375896428e-02 0.000000000000000000e+00 1.000000000000000021e-08 1.345900603355330016e-01 8.885925901276809924e-01
1.345900603355330016e-01 8.885925901276809924e-01 0.000000000000000000e+00 1.000000000000000021e-08 3.498530461677840098e-01 2.152629858322510081e+00
3.498530461677840098e-01 2.152629858322510081e+00 0.000000000000000000e+00 1.000000000000000021e-08 7.076677939589171018e-01 3.578147477911330476e+00
7.076677939589171018e-01 3.578147477911330476e+00 1.000000000000000000e+00 1.000000000000000021e-08 1.153087081223980626e+00 4.454192872650635238e+00
1.153087081223980626e+00 4.454192872650635238e+00 2.000000000000000000e+00 9.999000000000000110e-01 1.570796326794896558e+00 5.000000000000000000e+00
-3.799100656201995913e-02 -3.567970686858176754e-02 0.000000000000000000e+00 1.000000000000000021e-08 2.947068498974837053e-02 6.746169155176833243e-01
2.947068498974837053e-02 6.746169155176833243e-01 2.000000000000000000e+00 1.000000000000000021e-08 7.160327684681371679e-03 -2.231035730506699677e-01
7.160327684681371679e-03 -2.231035730506699677e-01 1.000000000000000000e+00 1.000000000000000021e-08 -4.734448753856191489e-03 -1.189477643853756317e-01
-4.734448753856191489e-03 -1.189477643853756317e-01 1.000000000000000000e+00 1.000000000000000021e-08 -5.279608316627968506e-04 4.206487922193394291e-02
-5.279608316627968506e-04 4.206487922193394291e-02 2.000000000000000000e+00 1.000000000000000021e-08 -1.001743415215485544e-01 -9.964638068988574959e-01
-1.001743415215485544e-01 -9.964638068988574959e-01 2.000000000000000000e+00 1.000000000000000021e-08 -3.180974825094174951e-01 -2.179231409878689352e+00
-3.180974825094174951e-01 -2.179231409878689352e+00 1.000000000000000000e+00 1.000000000000000021e-08 -5.980905805679179732e-01 -2.799930980585005447e+00
-5.980905805679179732e-01 -2.799930980585005447e+00 2.000000000000000000e+00 1.000000000000000021e-08 -1.020269401281739485e+00 -4.221788207138214233e+00
-1.020269401281739485e+00 -4.221788207138214233e+00 1.000000000000000000e+00 1.000000000000000021e-08 -1.567913690640461155e+00 -5.000000000000000000e+00
-1.567913690640461155e+00 -5.000000000000000000e+00 2.000000000000000000e+00 9.999000000000000110e-01 -1.570796326794896558e+00 -5.000000000000000000e+00
9.296205884724798724e-03 3.297753338379144639e-02 1.000000000000000000e+00 1.000000000000000021e-08 1.557595146594222511e-02 6.279745581217426043e-02
1.557595146594222511e-02 6.279745581217426043e-02 2.000000000000000000e+00 1.000000000000000021e-08 -7.691427164148773032e-02 -9.249022310742994746e-01
-7.691427164148773032e-02 -9.249022310742994746e-01 0.000000000000000000e+00 1.000000000000000021e-08 -8.991306464647104424e-02 -1.299879300498331114e-01
-8.991306464647104424e-02 -1.299879300498331114e-01 0.000000000000000000e+00 1.000000000000000021e-08 -3.963403583195975605e-02 5.027902881451128403e-01
-3.963403583195975605e-02 5.027902881451128403e-01 0.000000000000000000e+00 1.000000000000000021e-08 7.945049976642679090e-02 1.190845355983865428e+00
7.945049976642679090e-02 1.190845355983865428e+00 1.000000000000000000e+00 1.000000000000000021e-08 2.114911784671261452e-01 1.320406787006993543e+00
2.114911784671261452e-01 1.320406787006993543e+00 2.000000000000000000e+00 1.000000000000000021e-08 3.003751611278545619e-01 8.888398266072841114e-01
3.003751611278545619e-01 8.888398266072841114e-01 0.000000000000000000e+00 1.000000000000000021e-08 5.212947806038350507e-01 2.209196194759805110e+00
5.212947806038350507e-01 2.209196194759805110e+00 1.000000000000000000e+00 1.000000000000000021e-08 8.234427100470913530e-01 3.021479294432562135e+00
8.234427100470913530e-01 3.021479294432562135e+00 0.000000000000000000e+00 1.000000000000000021e-08 1.296006836150296104e+00 4.725641261032047069e+00
1.296006836150296104e+00 4.725641261032047069e+00 0.000000000000000000e+00 9.999000000000000110e-01 1.570796326794896558e+00 5.000000000000000000e+00
-2.593874528794260642e-02 5.407471974109016172e-02 2.000000000000000000e+00 1.000000000000000021e-08 -1.283763496816582306e-01 -1.024376043937156089e+00
-1.283763496816582306e-01 -1.024376043937156089e+00 0.000000000000000000e+00 1.000000000000000021e-08 -1.536463217820493443e-01 -2.526997210039111375e-01
-1.536463217820493443e-01 -2.526997210039111375e-01 1.000000000000000000e+00 1.000000000000000021e-08 -1.905631201795998653e-01 -3.691679839755050430e-01
-1.905631201795998653e-01 -3.691679839755050430e-01 1.000000000000000000e+00 1.000000000000000021e-08 -2.749945790439746185e-01 -8.443145886437473102e-01
-2.749945790439746185e-01 -8.443145886437473102e-01 1.000000000000000000e+00 1.000000000000000021e-08 -4.151921683506341054e-01 -1.401975893066595091e+00
-4.151921683506341054e-01 -1.401975893066595091e+00 1.000000000000000000e+00 1.000000000000000021e-08 -6.364343325048416045e-01 -2.212421641542075434e+00
-6.364343325048416045e-01 -2.212421641542075434e+00 2.000000000000000000e+00 1.000000000000000021e-08 -1.012424926526140689e+00 -3.759905940212990849e+00
-1.012424926526140689e+00 -3.759905940212990849e+00 2.000000000000000000e+00 1.000000000000000021e-08 -1.552745554822760443e+00 -5.000000000000000000e+00
-1.552745554822760443e+00 -5.000000000000000000e+00 0.000000000000000000e+00 9.999000000000000110e-01 -1.570796326794896558e+00 -5.000000000000000000e+00
-3.273074774162772899e-03 -1.688763963391079828e-02 1.000000000000000000e+00 1.000000000000000021e-08 -2.131418147232057997e-02 -1.804110669815780776e-01
-2.131418147232057997e-02 -1.804110669815780776e-01 1.000000000000000000e+00 1.000000000000000021e-08 -5.253822911310131877e-02 -3.122404764078073880e-01
-5.253822911310131877e-02 -3.122404764078073880e-01 2.000000000000000000e+00 1.000000000000000021e-08 -1.769914558858628473e-01 -1.244532267727615160e+00
-1.769914558858628473e-01 -1.244532267727615160e+00 2.000000000000000000e+00 1.000000000000000021e-08 -4.237674273550855464e-01 -2.467759714692227213e+00
-4.237674273550855464e-01 -2.467759714692227213e+00 2.000000000000000000e+00 1.000000000000000021e-08 -8.021740257510709959e-01 -3.784065983959854940e+00
-8.021740257510709959e-01 -3.784065983959854940e+00 1.000000000000000000e+00 1.000000000000000021e-08 -1.272036183743492588e+00 -4.698621579924216363e+00
-1.272036183743492588e+00 -4.698621579924216363e+00 2.000000000000000000e+00 9.999000000000000110e-01 -1.570796326794896558e+00 -5.000000000000000000e+00
-7.922377881910130926e-02 5.937109943966699388e-02 1.000000000000000000e+00 1.000000000000000021e-08 -7.168595462538562835e-02 7.537824193715675358e-02
-7.168595462538562835e-02 7.537824193715675358e-02 2.000000000000000000e+00 1.000000000000000021e-08 -1.595003473671704752e-01 -8.781439274178484133e-01
-1.595003473671704752e-01 -8.781439274178484133e-01 1.000000000000000000e+00 1.000000000000000021e-08 -2.801980149274381215e-01 -1.206976675602676519e+00
-2.801980149274381215e-01 -1.206976675602676519e+00 0.000000000000000000e+00 1.000000000000000021e-08 -3.552162913004229816e-01 -7.501827637298483786e-01
-3.552162913004229816e-01 -7.501827637298483786e-01 0.000000000000000000e+00 1.000000000000000021e-08 -4.071031851064379481e-01 -5.188689380601498868e-01
-4.071031851064379481e-01 -5.188689380601498868e-01 2.000000000000000000e+00 1.000000000000000021e-08 -5.956435766191071624e-01 -1.885403915126691921e+00
-5.956435766191071624e-01 -1.885403915126691921e+00 1.000000000000000000e+00 1.000000000000000021e-08 -8.793051668325317927e-01 -2.836615902134246081e+00
-8.793051668325317927e-01 -2.836615902134246081e+00 0.000000000000000000e+00 1.000000000000000021e-08 -1.232365720259730235e+00 -3.530605534271983981e+00
-1.232365720259730235e+00 -3.530605534271983981e+00 0.000000000000000000e+00 9.999000000000000110e-01 -1.570796326794896558e+00 -4.643998954334654705e+00
4.469379608517122515e-02 7.659395931173948457e-02 0.000000000000000000e+00 1.000000000000000021e-08 1.505425226831713093e-01 1.058487265980000647e+00
1.505425226831713093e-01 1.058487265980000647e+00 1.000000000000000000e+00 1.000000000000000021e-08 2.932997211809585947e-01 1.427571984977872521e+00
2.932997211809585947e-01 1.427571984977872521e+00 1.000000000000000000e+00 1.000000000000000021e-08 4.831197922872811357e-01 1.898200711063225299e+00
4.831197922872811357e-01 1.898200711063225299e+00 2.000000000000000000e+00 1.000000000000000021e-08 6.700134379780348093e-01 1.868936456907536847e+00
6.700134379780348093e-01 1.868936456907536847e+00 1.000000000000000000e+00 1.000000000000000021e-08 9.654896359723972310e-01 2.954761979943623995e+00
9.654896359723972310e-01 2.954761979943623995e+00 2.000000000000000000e+00 1.000000000000000021e-08 1.340805119843894389e+00 3.753154838714972463e+00
1.340805119843894389e+00 3.753154838714972463e+00 0.000000000000000000e+00 9.999000000000000110e-01 1.570796326794896558e+00 5.000000000000000000e+00
2.147709454169052443e-02 3.742742527449183232e-02 2.000000000000000000e+00 1.000000000000000021e-08 -5.041533089630356734e-02 -7.189242543799408969e-01
-5.041533089630356734e-02 -7.189242543799408969e-01 2.000000000000000000e+00 1.000000000000000021e-08 -2.075881686000453641e-01 -1.571728377037417745e+00
-2.075881686000453641e-01 -1.571728377037417745e+00 0.000000000000000000e+00 1.000000000000000021e-08 -3.092166854686064781e-01 -1.016285168685611362e+00
-3.092166854686064781e-01 -1.016285168685611362e+00 2.000000000000000000e+00 1.000000000000000021e-08 -5.457241649261067584e-01 -2.365074794575003025e+00
-5.457241649261067584e-01 -2.365074794575003025e+00 1.000000000000000000e+00 1.000000000000000021e-08 -8.694103474774779183e-01 -3.236861825513710933e+00
-8.694103474774779183e-01 -3.236861825513710933e+00 2.000000000000000000e+00 1.000000000000000021e-08 -1.356054771707820628e+00 -4.866444242303427536e+00
-1.356054771707820628e+00 -4.866444242303427536e+00 2.000000000000000000e+00 9.999000000000000110e-01 -1.570796326794896558e+00 -5.000000000000000000e+00
8.573539177110968412e-02 -7.158512126552921129e-02 2.000000000000000000e+00 1.000000000000000021e-08 5.078424830741293250e-03 -8.065696694036839087e-01
5.078424830741293250e-03 -8.065696694036839087e-01 0.000000000000000000e+00 1.000000000000000021e-08 -1.783031434054206665e-04 -5.256727974146713223e-02
-1.783031434054206665e-04 -5.256727974146713223e-02 1.000000000000000000e+00 1.000000000000000021e-08 -1.458073709039554508e-02 -1.440243394699012303e-01
-1.458073709039554508e-02 -1.440243394699012303e-01 2.000000000000000000e+00 1.000000000000000021e-08 -1.331175816658313193e-01 -1.185368445754357625e+00
-1.331175816658313193e-01 -1.185368445754357625e+00 2.000000000000000000e+00 1.000000000000000021e-08 -3.526861834358815395e-01 -2.195686017700501758e+00
-3.526861834358815395e-01 -2.195686017700501758e+00 0.000000000000000000e+00 1.000000000000000021e-08 -5.370098468550562609e-01 -1.843236634191746770e+00
-5.370098468550562609e-01 -1.843236634191746770e+00 1.000000000000000000e+00 1.000000000000000021e-08 -7.961371853530105902e-01 -2.591273384979543959e+00
-7.961371853530105902e-01 -2.591273384979543959e+00 1.000000000000000000e+00 1.000000000000000021e-08 -1.163039151509017488e+00 -3.669019661560068535e+00
-1.163039151509017488e+00 -3.669019661560068535e+00 0.000000000000000000e+00 9.999000000000000110e-01 -1.570796326794896558e+00 -4.679163634963994234e+00
-7.499918173728187254e-02 -8.701148707821423911e-02 1.000000000000000000e+00 1.000000000000000021e-08 -1.057182239040719562e-01 -3.071904216679008925e-01
-1.057182239040719562e-01 -3.071904216679008925e-01 2.000000000000000000e+00 1.000000000000000021e-08 -2.298494340736915165e-01 -1.241312101696195658e+00
-2.298494340736915165e-01 -1.241312101696195658e+00 1.000000000000000000e+00 1.000000000000000021e-08 -4.080414556205089749e-01 -1.781920215468174806e+00
-4.080414556205089749e-01 -1.781920215468174806e+00 0.000000000000000000e+00 1.000000000000000021e-08 -5.782725483653370357e-01 -1.702310927448280831e+00
-5.782725483653370357e-01 -1.702310927448280831e+00 0.000000000000000000e+00 1.000000000000000021e-08 -7.531931345509499387e-01 -1.749205861856128585e+00
-7.531931345509499387e-01 -1.749205861856128585e+00 1.000000000000000000e+00 1.000000000000000021e-08 -1.043999291042205124e+00 -2.908061564912552299e+00
-1.043999291042205124e+00 -2.908061564912552299e+00 1.000000000000000000e+00 1.000000000000000021e-08 -1.460385542115338220e+00 -4.163862510731330957e+00
-1.460385542115338220e+00 -4.163862510731330957e+00 1.000000000000000000e+00 9.999000000000000110e-01 -1.570796326794896558e+00 -5.000000000000000000e+00
-3.758068177996459758e-02 1.741653857393292773e-02 2.000000000000000000e+00 1.000000000000000021e-08 -1.285919662481632697e-01 -9.101128446819866102e-01
-1.285919662481632697e-01 -9.101128446819866102e-01 1.000000000000000000e+00 1.000000000000000021e-08 -2.333241391642005835e-01 -1.047321729160373138e+00
-2.333241391642005835e-01 -1.047321729160373138e+00 0.000000000000000000e+00 1.000000000000000021e-08 -2.914663080175352583e-01 -5.814216885333467477e-01
-2.914663080175352583e-01 -5.814216885333467477e-01 0.000000000000000000e+00 1.000000000000000021e-08 -3.097075832478326518e-01 -1.824127523029741571e-01
-3.097075832478326518e-01 -1.824127523029741571e-01 1.000000000000000000e+00 1.000000000000000021e-08 -3.692847068769796182e-01 -5.957712362914694415e-01
-3.692847068769796182e-01 -5.957712362914694415e-01 0.000000000000000000e+00 1.000000000000000021e-08 -4.140531396981230738e-01 -4.476843282114346678e-01
-4.140531396981230738e-01 -4.476843282114346678e-01 0.000000000000000000e+00 1.000000000000000021e-08 -4.334900702379046455e-01 -1.943693053978159946e-01
-4.334900702379046455e-01 -1.943693053978159946e-01 0.000000000000000000e+00 1.000000000000000021e-08 -4.388515599237050591e-01 -5.361489685800441274e-02
-4.388515599237050591e-01 -5.361489685800441274e-02 0.000000000000000000e+00 1.000000000000000021e-08 -4.280752187172806034e-01 1.077634120642447790e-01
-4.280752187172806034e-01 1.077634120642447790e-01 1.000000000000000000e+00 1.000000000000000021e-08 -4.961386971613391261e-01 -6.806347844405853387e-01
-4.961386971613391261e-01 -6.806347844405853387e-01 2.000000000000000000e+00 1.000000000000000021e-08 -7.237269877715026833e-01 -2.275882906101636127e+00
-7.237269877715026833e-01 -2.275882906101636127e+00 0.000000000000000000e+00 1.000000000000000021e-08 -9.850679007754448158e-01 -2.613409130039420436e+00
-9.850679007754448158e-01 -2.613409130039420436e+00 0.000000000000000000e+00 1.000000000000000021e-08 -1.323840216027674543e+00 -3.387723152522297276e+00
-1.323840216027674543e+00 -3.387723152522297276e+00 1.000000000000000000e+00 9.999000000000000110e-01 -1.570796326794896558e+00 -4.809411577771001589e+00
-5.689020783683895049e-03 7.191389140798100377e-02 0.000000000000000000e+00 1.000000000000000021e-08 9.276429752590351074e-02 9.845331830958740094e-01
9.276429752590351074e-02 9.845331830958740094e-01 1.000000000000000000e+00 1.000000000000000021e-08 2.182700384603514787e-01 1.255057409344479513e+00
2.182700384603514787e-01 1.255057409344479513e+00 1.000000000000000000e+00 1.000000000000000021e-08 3.884705288653078625e-01 1.702004904049563949e+00
3.884705288653078625e-01 1.702004904049563949e+00 0.000000000000000000e+00 1.000000000000000021e-08 7.162715483358850221e-01 3.278010194705772040e+00
7.162715483358850221e-01 3.278010194705772040e+00 1.000000000000000000e+00 1.000000000000000021e-08 1.130003272391837843e+00 4.137317240559527320e+00
1.130003272391837843e+00 4.137317240559527320e+00 2.000000000000000000e+00 9.999000000000000110e-01 1.570796326794896558e+00 5.000000000000000000e+00
2.989004240778851684e-02 7.503941133985934930e-02 2.000000000000000000e+00 1.000000000000000021e-08 -5.023836133782201563e-02 -8.012840374561052137e-01
-5.023836133782201563e-02 -8.012840374561052137e-01 0.000000000000000000e+00 1.000000000000000021e-08 -6.511583551894660482e-02 -1.487747418112458364e-01
-6.511583551894660482e-02 -1.487747418112458364e-01 1.000000000000000000e+00 1.000000000000000021e-08 -8.846044730931514055e-02 -2.334461179036853018e-01
-8.846044730931514055e-02 -2.334461179036853018e-01 0.000000000000000000e+00 1.000000000000000021e-08 -4.310379276095673701e-02 4.535665454835839938e-01
-4.310379276095673701e-02 4.535665454835839938e-01 1.000000000000000000e+00 1.000000000000000021e-08 8.969070130485375103e-03 5.207286289144210656e-01
8.969070130485375103e-03 5.207286289144210656e-01 0.000000000000000000e+00 1.000000000000000021e-08 1.684082527901141768e-01 1.594391826596287975e+00
1.684082527901141768e-01 1.594391826596287975e+00 0.000000000000000000e+00 1.000000000000000021e-08 4.476696622576893381e-01 2.792614094675751613e+00
4.476696622576893381e-01 2.792614094675751613e+00 0.000000000000000000e+00 1.000000000000000021e-08 8.779591539284071766e-01 4.302894916707177941e+00
8.779591539284071766e-01 4.302894916707177941e+00 2.000000000000000000e+00 1.000000000000000021e-08 1.353122932108379084e+00 4.751637781799718852e+00
1.353122932108379084e+00 4.751637781799718852e+00 0.000000000000000000e+00 9.999000000000000110e-01 1.570796326794896558e+00 5.000000000000000000e+00
4.424301701967912892e-02 8.321970824636767960e-02 2.000000000000000000e+00 1.000000000000000021e-08 -1.935094621416044713e-02 -6.359396323383956773e-01
-1.935094621416044713e-02 -6.359396323383956773e-01 1.000000000000000000e+00 1.000000000000000021e-08 -9.912229772535785521e-02 -7.977135151119740808e-01
-9.912229772535785521e-02 -7.977135151119740808e-01 2.000000000000000000e+00 1.000000000000000021e-08 -2.982420933118670181e-01 -1.991197955865091629e+00
-2.982420933118670181e-01 -1.991197955865091629e+00 1.000000000000000000e+00 1.000000000000000021e-08 -5.571832655711155269e-01 -2.589411722592485532e+00
-5.571832655711155269e-01 -2.589411722592485532e+00 0.000000000000000000e+00 1.000000000000000021e-08 -8.337955437980377749e-01 -2.766122782269222036e+00
-8.337955437980377749e-01 -2.766122782269222036e+00 0.000000000000000000e+00 1.000000000000000021e-08 -1.173074653283592506e+00 -3.392791094855547307e+00
-1.173074653283592506e+00 -3.392791094855547307e+00 2.000000000000000000e+00 9.999000000000000110e-01 -1.570796326794896558e+00 -4.993616837116263696e+00
-5.661623237879989667e-02 4.065333298996652578e-02 1.000000000000000000e+00 1.000000000000000021e-08 -5.134782639441857338e-02 5.268405984381321905e-02
-5.134782639441857338e-02 5.268405984381321905e-02 0.000000000000000000e+00 1.000000000000000021e-08 4.278655440139175065e-02 9.413438079581032403e-01
4.278655440139175065e-02 9.413438079581032403e-01 1.000000000000000000e+00 1.000000000000000021e-08 1.342635268139181492e-01 9.147697241252638056e-01
1.342635268139181492e-01 9.147697241252638056e-01 1.000000000000000000e+00 1.000000000000000021e-08 2.592764236104360132e-01 1.250128967965178362e+00
2.592764236104360132e-01 1.250128967965178362e+00 0.000000000000000000e+00 1.000000000000000021e-08 5.041458281787924989e-01 2.448694045683565079e+00
5.041458281787924989e-01 2.448694045683565079e+00 2.000000000000000000e+00 1.000000000000000021e-08 7.444943597367216226e-01 2.403485315579291459e+00
7.444943597367216226e-01 2.403485315579291459e+00 0.000000000000000000e+00 1.000000000000000021e-08 1.145843203442737490e+00 4.013488437060159342e+00
1.145843203442737490e+00 4.013488437060159342e+00 1.000000000000000000e+00 9.999000000000000110e-01 1.570796326794896558e+00 5.000000000000000000e+00
4.087189205218560994e-02 7.438141105499228301e-02 2.000000000000000000e+00 1.000000000000000021e-08 -2.522642988238602002e-02 -6.609832193457162441e-01
-2.522642988238602002e-02 -6.609832193457162441e-01 0.000000000000000000e+00 1.000000000000000021e-08 -6.110968861841429428e-03 1.911546102054458851e-01
-6.110968861841429428e-03 1.911546102054458851e-01 0.000000000000000000e+00 1.000000000000000021e-08 1.161640751590807263e-01 1.222750440209221523e+00
1.161640751590807263e-01 1.222750440209221523e+00 0.000000000000000000e+00 1.000000000000000021e-08 3.538233191085642937e-01 2.376592439494835673e+00
3.538233191085642937e-01 2.376592439494835673e+00 0.000000000000000000e+00 1.000000000000000021e-08 7.186232112700934316e-01 3.647998921615291046e+00
7.186232112700934316e-01 3.647998921615291046e+00 1.000000000000000000e+00 1.000000000000000021e-08 1.169017036150796773e+00 4.503938248807033418e+00
1.169017036150796773e+00 4.503938248807033418e+00 0.000000000000000000e+00 9.999000000000000110e-01 1.570796326794896558e+00 5.000000000000000000e+00
-2.078496176212130120e-02 -8.711590829838054134e-03 0.000000000000000000e+00 1.000000000000000021e-08 6.136558315804668817e-02 8.215054492016797827e-01
6.136558315804668817e-02 8.215054492016797827e-01 0.000000000000000000e+00 1.000000000000000021e-08 2.551564666563198025e-01 1.937908834982731143e+00
2.551564666563198025e-01 1.937908834982731143e+00 0.000000000000000000e+00 1.000000000000000021e-08 5.884853752712202457e-01 3.333289086149004987e+00
5.884853752712202457e-01 3.333289086149004987e+00 2.000000000000000000e+00 1.000000000000000021e-08 9.403382628804795029e-01 3.518528876092591684e+00
9.403382628804795029e-01 3.518528876092591684e+00 0.000000000000000000e+00 1.000000000000000021e-08 1.460505742370063142e+00 5.000000000000000000e+00
1.460505742370063142e+00 5.000000000000000000e+00 2.000000000000000000e+00 9.999000000000000110e-01 1.570796326794896558e+00 5.000000000000000000e+00
6.170498593956044026e-02 6.032580713682873796e-02 1.000000000000000000e+00 1.000000000000000021e-08 6.742968620185332829e-02 5.724700262292894970e-02
6.742968620185332829e-02 5.724700262292894970e-02 2.000000000000000000e+00 1.000000000000000021e-08 -1.978199685546827569e-02 -8.721168305732159842e-01
-1.978199685546827569e-02 -8.721168305732159842e-01 0.000000000000000000e+00 1.000000000000000021e-08 -1.443551941990546192e-02 5.346477435562813074e-02
-1.443551941990546192e-02 5.346477435562813074e-02 1.000000000000000000e+00 1.000000000000000021e-08 -9.880622079711968292e-03 4.554897340193492239e-02
-9.880622079711968292e-03 4.554897340193492239e-02 1.000000000000000000e+00 1.000000000000000021e-08 -1.376824419192200152e-02 -3.887622112210033232e-02
-1.376824419192200152e-02 -3.887622112210033232e-02 0.000000000000000000e+00 1.000000000000000021e-08 5.882614174817508979e-02 7.259438594009709478e-01
5.882614174817508979e-02 7.259438594009709478e-01 2.000000000000000000e+00 1.000000000000000021e-08 4.463231867702970729e-02 -1.419382307114538389e-01
4.463231867702970729e-02 -1.419382307114538389e-01 0.000000000000000000e+00 1.000000000000000021e-08 1.148258528332431749e-01 7.019353415621345516e-01
1.148258528332431749e-01 7.019353415621345516e-01 0.000000000000000000e+00 1.000000000000000021e-08 2.812072296912709324e-01 1.663813768580277408e+00
2.812072296912709324e-01 1.663813768580277408e+00 1.000000000000000000e+00 1.000000000000000021e-08 5.038879929586134176e-01 2.226807632673424742e+00
5.038879929586134176e-01 2.226807632673424742e+00 0.000000000000000000e+00 1.000000000000000021e-08 8.837304403658273744e-01 3.798424474072139567e+00
8.837304403658273744e-01 3.798424474072139567e+00 2.000000000000000000e+00 1.000000000000000021e-08 1.321839256623426717e+00 4.381088162575991873e+00
1.321839256623426717e+00 4.381088162575991873e+00 0.000000000000000000e+00 9.999000000000000110e-01 1.570796326794896558e+00 5.000000000000000000e+00
-3.923148891618603862e-02 2.048125363156086398e-03 1.000000000000000000e+00 1.000000000000000021e-08 -3.112666147342908751e-02 8.104827442756949718e-02
-3.112666147342908751e-02 8.104827442756949718e-02 2.000000000000000000e+00 1.000000000000000021e-08 -1.092954248444983900e-01 -7.816876337106929418e-01
-1.092954248444983900e-01 -7.816876337106929418e-01 1.000000000000000000e+00 1.000000000000000021e-08 -2.055999377220679714e-01 -9.630451287756957024e-01
-2.055999377220679714e-01 -9.630451287756957024e-01 0.000000000000000000e+00 1.000000000000000021e-08 -2.592591965816957722e-01 -5.365925885962780084e-01
-2.592591965816957722e-01 -5.365925885962780084e-01 0.000000000000000000e+00 1.000000000000000021e-08 -2.803615900680533346e-01 -2.110239348635757350e-01
-2.803615900680533346e-01 -2.110239348635757350e-01 2.000000000000000000e+00 1.000000000000000021e-08 -4.262190519160689028e-01 -1.458574618480155571e+00
-4.262190519160689028e-01 -1.458574618480155571e+00 2.000000000000000000e+00 1.000000000000000021e-08 -7.210909106235503518e-01 -2.948718587074814046e+00
-7.210909106235503518e-01 -2.948718587074814046e+00 2.000000000000000000e+00 1.000000000000000021e-08 -1.185958877474105444e+00 -4.648679668505550033e+00
-1.185958877474105444e+00 -4.648679668505550033e+00 1.000000000000000000e+00 9.999000000000000110e-01 -1.570796326794896558e+00 -5.000000000000000000e+00
7.295427837508085267e-02 -7.327918252371323771e-02 2.000000000000000000e+00 1.000000000000000021e-08 -1.238743293577286575e-02 -8.534171131085370732e-01
-1.238743293577286575e-02 -8.534171131085370732e-01 2.000000000000000000e+00 1.000000000000000021e-08 -1.793511429122850442e-01 -1.669637099765121757e+00
-1.793511429122850442e-01 -1.669637099765121757e+00 1.000000000000000000e+00 1.000000000000000021e-08 -3.893551904464704894e-01 -2.100040475341854673e+00
-3.893551904464704894e-01 -2.100040475341854673e+00 2.000000000000000000e+00 1.000000000000000021e-08 -7.436663320048170212e-01 -3.543111415583465096e+00
-7.436663320048170212e-01 -3.543111415583465096e+00 1.000000000000000000e+00 1.000000000000000021e-08 -1.192702551348030715e+00 -4.490362193432136273e+00
-1.192702551348030715e+00 -4.490362193432136273e+00 2.000000000000000000e+00 9.999000000000000110e-01 -1.570796326794896558e+00 -5.000000000000000000e+00
1.218083623542493693e-02 7.387291525891180599e-02 1.000000000000000000e+00 1.000000000000000021e-08 8.511358271104479262e-03 -3.669477964320456975e-02
8.511358271104479262e-03 -3.669477964320456975e-02 1.000000000000000000e+00 1.000000000000000021e-08 2.430189250579587595e-03 -6.081169020524891666e-02
2.430189250579587595e-03 -6.081169020524891666e-02 0.000000000000000000e+00 1.000000000000000021e-08 9.049631111480634094e-02 8.806612186422675403e-01
9.049631111480634094e-02 8.806612186422675403e-01 0.000000000000000000e+00 1.000000000000000021e-08 2.877253926355087255e-01 1.972290815207023762e+00
2.877253926355087255e-01 1.972290815207023762e+00 2.000000000000000000e+00 1.000000000000000021e-08 4.455761099296648431e-01 1.578507172941560954e+00
4.455761099296648431e-01 1.578507172941560954e+00 1.000000000000000000e+00 1.000000000000000021e-08 6.600981893625316177e-01 2.145220794328667413e+00
6.600981893625316177e-01 2.145220794328667413e+00 1.000000000000000000e+00 1.000000000000000021e-08 9.693655936197823619e-01 3.092674042572506998e+00
9.693655936197823619e-01 3.092674042572506998e+00 1.000000000000000000e+00 1.000000000000000021e-08 1.407592423164083728e+00 4.382268295443013884e+00
1.407592423164083728e+00 4.382268295443013884e+00 0.000000000000000000e+00 9.999000000000000110e-01 1.570796326794896558e+00 5.000000000000000000e+00
-7.526540659693366220e-02 -6.328118019031972463e-02 2.000000000000000000e+00 1.000000000000000021e-08 -1.666040460200822193e-01 -9.133863942314855988e-01
-1.666040460200822193e-01 -9.133863942314855988e-01 2.000000000000000000e+00 1.000000000000000021e-08 -3.755886419235976992e-01 -2.089845959035154799e+00
-3.755886419235976992e-01 -2.089845959035154799e+00 0.000000000000000000e+00 1.000000000000000021e-08 -5.606249454798057918e-01 -1.850363035562080816e+00
-5.606249454798057918e-01 -1.850363035562080816e+00 0.000000000000000000e+00 1.000000000000000021e-08 -7.604492592819327434e-01 -1.998243138021269960e+00
-7.604492592819327434e-01 -1.998243138021269960e+00 2.000000000000000000e+00 1.000000000000000021e-08 -1.134204501397724441e+00 -3.737552421157916083e+00
-1.134204501397724441e+00 -3.737552421157916083e+00 0.000000000000000000e+00 9.999000000000000110e-01 -1.570796326794896558e+00 -4.755294882344275109e+00
6.261983960452771614e-02 3.987504733385673072e-02 1.000000000000000000e+00 1.000000000000000021e-08 6.506084641456272299e-02 2.441006810035000613e-02
6.506084641456272299e-02 2.441006810035000613e-02 0.000000000000000000e+00 1.000000000000000021e-08 1.750832364249415574e-01 1.100223900103788122e+00
1.750832364249415574e-01 1.100223900103788122e+00 1.000000000000000000e+00 1.000000000000000021e-08 3.207023730938238781e-01 1.456191366688823541e+00
3.207023730938238781e-01 1.456191366688823541e+00 1.000000000000000000e+00 1.000000000000000021e-08 5.075788593905918855e-01 1.868764862967680074e+00
5.075788593905918855e-01 1.868764862967680074e+00 1.000000000000000000e+00 1.000000000000000021e-08 7.749092019088914540e-01 2.673303425182995241e+00
7.749092019088914540e-01 2.673303425182995241e+00 2.000000000000000000e+00 1.000000000000000021e-08 1.098739127486630496e+00 3.238299255777389973e+00
1.098739127486630496e+00 3.238299255777389973e+00 2.000000000000000000e+00 1.000000000000000021e-08 1.522158393175046642e+00 4.234192656884161465e+00
1.522158393175046642e+00 4.234192656884161465e+00 1.000000000000000000e+00 9.999000000000000110e-01 1.570796326794896558e+00 5.000000000000000000e+00
2.437127306058247192e-02 -2.226718365143852407e-02 0.000000000000000000e+00 1.000000000000000021e-08 1.011925008906175982e-01 7.682122783003512145e-01
1.011925008906175982e-01 7.682122783003512145e-01 0.000000000000000000e+00 1.000000000000000021e-08 2.944504725348900953e-01 1.932579716442725193e+00
2.944504725348900953e-01 1.932579716442725193e+00 0.000000000000000000e+00 1.000000000000000021e-08 6.298280015812879329e-01 3.353775290463978376e+00
6.298280015812879329e-01 3.353775290463978376e+00 2.000000000000000000e+00 1.000000000000000021e-08 9.777263264685932542e-01 3.478983248873052769e+00
9.777263264685932542e-01 3.478983248873052769e+00 0.000000000000000000e+00 1.000000000000000021e-08 1.495765347841941928e+00 5.000000000000000000e+00
1.495765347841941928e+00 5.000000000000000000e+00 1.000000000000000000e+00 9.999000000000000110e-01 1.570796326794896558e+00 5.000000000000000000e+00
3.031565373118858681e-02 -1.100154849608227410e-02 0.000000000000000000e+00 1.000000000000000021e-08 1.251856859659493393e-01 9.487003223476074831e-01
1.251856859659493393e-01 9.487003223476074831e-01 2.000000000000000000e+00 1.000000000000000021e-08 1.679165177682969134e-01 4.273083180234757972e-01
1.679165177682969134e-01 4.273083180234757972e-01 2.000000000000000000e+00 1.000000000000000021e-08 1.569657757472036619e-01 -1.095074202109326267e-01
1.569657757472036619e-01 -1.095074202109326267e-01 0.000000000000000000e+00 1.000000000000000021e-08 2.537864703643513131e-01 9.682069461714762904e-01
2.537864703643513131e-01 9.682069461714762904e-01 0.000000000000000000e+00 1.000000000000000021e-08 4.702258328000515908e-01 2.164393624357002999e+00
4.702258328000515908e-01 2.164393624357002999e+00 1.000000000000000000e+00 1.000000000000000021e-08 7.632062934051438985e-01 2.929804606050923077e+00
7.632062934051438985e-01 2.929804606050923077e+00 1.000000000000000000e+00 1.000000000000000021e-08 1.154819843925604994e+00 3.916135505204610734e+00
1.154819843925604994e+00 3.916135505204610734e+00 2.000000000000000000e+00 9.999000000000000110e-01 1.570796326794896558e+00 4.858524461525917104e+00
-6.567268386720431783e-02 5.755877465803953957e-02 1.000000000000000000e+00 1.000000000000000021e-08 -8.046981100040126456e-02 -1.479712713319694117e-01
-8.046981100040126456e-02 -1.479712713319694117e-01 1.000000000000000000e+00 1.000000000000000021e-08 -1.232297417372632264e-01 -4.275993073686195078e-01
-1.232297417372632264e-01 -4.275993073686195078e-01 2.000000000000000000e+00 1.000000000000000021e-08 -2.858153989869235412e-01 -1.625856572496602981e+00
-2.858153989869235412e-01 -1.625856572496602981e+00 0.000000000000000000e+00 1.000000000000000021e-08 -4.185927025162345383e-01 -1.327773035293109860e+00
-4.185927025162345383e-01 -1.327773035293109860e+00 1.000000000000000000e+00 1.000000000000000021e-08 -6.151511134825200511e-01 -1.965584109662855017e+00
-6.151511134825200511e-01 -1.965584109662855017e+00 2.000000000000000000e+00 1.000000000000000021e-08 -9.786191392050467286e-01 -3.634680257225265887e+00
-9.786191392050467286e-01 -3.634680257225265887e+00 2.000000000000000000e+00 1.000000000000000021e-08 -1.504130113535130597e+00 -5.000000000000000000e+00
-1.504130113535130597e+00 -5.000000000000000000e+00 1.000000000000000000e+00 9.999000000000000110e-01 -1.570796326794896558e+00 -5.000000000000000000e+00
-5.692344209028633167e-02 4.381478721006391158e-02 0.000000000000000000e+00 1.000000000000000021e-08 3.192447567971719996e-02 8.884791777000352608e-01
3.192447567971719996e-02 8.884791777000352608e-01 0.000000000000000000e+00 1.000000000000000021e-08 2.156900483410978120e-01 1.837655726613806051e+00
2.156900483410978120e-01 1.837655726613806051e+00 0.000000000000000000e+00 1.000000000000000021e-08 5.103217910914874533e-01 2.946317427503896358e+00
5.103217910914874533e-01 2.946317427503896358e+00 2.000000000000000000e+00 1.000000000000000021e-08 7.938216138347577999e-01 2.834998227432703910e+00
7.938216138347577999e-01 2.834998227432703910e+00 2.000000000000000000e+00 1.000000000000000021e-08 1.130954383419459752e+00 3.371327695847019967e+00
1.130954383419459752e+00 3.371327695847019967e+00 2.000000000000000000e+00 9.999000000000000110e-01 1.570796326794896558e+00 4.402451498306325206e+00
2.800249041515386061e-03 -5.647188420841258577e-02 2.000000000000000000e+00 1.000000000000000021e-08 -9.306528382604697947e-02 -9.586553286756235304e-01
-9.306528382604697947e-02 -9.586553286756235304e-01 0.000000000000000000e+00 1.000000000000000021e-08 -1.156059019683979006e-01 -2.254061814235092109e-01
-1.156059019683979006e-01 -2.254061814235092109e-01 1.000000000000000000e+00 1.000000000000000021e-08 -1.569242903110850407e-01 -4.131838834268712901e-01
-1.569242903110850407e-01 -4.131838834268712901e-01 1.000000000000000000e+00 1.000000000000000021e-08 -2.321448406756680127e-01 -7.522055036458297206e-01
-2.321448406756680127e-01 -7.522055036458297206e-01 0.000000000000000000e+00 1.000000000000000021e-08 -2.584459398939468189e-01 -2.630109921827878949e-01
-2.584459398939468189e-01 -2.630109921827878949e-01 0.000000000000000000e+00 1.000000000000000021e-08 -2.556173416024329348e-01 2.828598291513884089e-02
-2.556173416024329348e-01 2.828598291513884089e-02 1.000000000000000000e+00 1.000000000000000021e-08 -3.088032922559173499e-01 -5.318595065348439288e-01
-3.088032922559173499e-01 -5.318595065348439288e-01 1.000000000000000000e+00 1.000000000000000021e-08 -4.116019703254647499e-01 -1.027986780695473890e+00
-4.116019703254647499e-01 -1.027986780695473890e+00 2.000000000000000000e+00 1.000000000000000021e-08 -6.519269060265693305e-01 -2.403249357011046250e+00
-6.519269060265693305e-01 -2.403249357011046250e+00 0.000000000000000000e+00 1.000000000000000021e-08 -9.157558527052365172e-01 -2.638289466786672310e+00
-9.157558527052365172e-01 -2.638289466786672310e+00 0.000000000000000000e+00 1.000000000000000021e-08 -1.254522390766102724e+00 -3.387665380608660737e+00
-1.254522390766102724e+00 -3.387665380608660737e+00 0.000000000000000000e+00 9.999000000000000110e-01 -1.570796326794896558e+00 -4.502072373306061692e+00
-6.907263785957772073e-02 2.884753004460944084e-02 0.000000000000000000e+00 1.000000000000000021e-08 -4.709623927378128738e-03 6.436301393219958644e-01
-4.709623927378128738e-03 6.436301393219958644e-01 1.000000000000000000e+00 1.000000000000000021e-08 7.238093346881456502e-02 7.709055739619269376e-01
7.238093346881456502e-02 7.709055739619269376e-01 1.000000000000000000e+00 1.000000000000000021e-08 1.723074037515797685e-01 9.992647028276517851e-01
1.723074037515797685e-01 9.992647028276517851e-01 1.000000000000000000e+00 1.000000000000000021e-08 2.946034812045690843e-01 1.222960774529893158e+00
2.946034812045690843e-01 1.222960774529893158e+00 1.000000000000000000e+00 1.000000000000000021e-08 4.757920714545605945e-01 1.811885902499914991e+00
4.757920714545605945e-01 1.811885902499914991e+00 2.000000000000000000e+00 1.000000000000000021e-08 6.414527205393110165e-01 1.656606490847503999e+00
6.414527205393110165e-01 1.656606490847503999e+00 0.000000000000000000e+00 1.000000000000000021e-08 9.644964698624829413e-01 3.230437493231719692e+00
9.644964698624829413e-01 3.230437493231719692e+00 1.000000000000000000e+00 1.000000000000000021e-08 1.404050749621757577e+00 4.395542797592745465e+00
1.404050749621757577e+00 4.395542797592745465e+00 2.000000000000000000e+00 9.999000000000000110e-01 1.570796326794896558e+00 5.000000000000000000e+00
2.136259999035097432e-02 -5.284015029368963057e-02 2.000000000000000000e+00 1.000000000000000021e-08 -5.861422615246078549e-02 -7.997682614281175217e-01
-5.861422615246078549e-02 -7.997682614281175217e-01 2.000000000000000000e+00 1.000000000000000021e-08 -2.230094119965966015e-01 -1.643951858441358160e+00
-2.230094119965966015e-01 -1.643951858441358160e+00 2.000000000000000000e+00 1.000000000000000021e-08 -5.129931259903496299e-01 -2.899837139937530672e+00
-5.129931259903496299e-01 -2.899837139937530672e+00 2.000000000000000000e+00 1.000000000000000021e-08 -9.450850818811806775e-01 -4.320919558908309810e+00
-9.450850818811806775e-01 -4.320919558908309810e+00 1.000000000000000000e+00 1.000000000000000021e-08 -1.480959170104193312e+00 -5.000000000000000000e+00
-1.480959170104193312e+00 -5.000000000000000000e+00 0.000000000000000000e+00 9.999000000000000110e-01 -1.570796326794896558e+00 -5.000000000000000000e+00
8.662818590767623617e-02 4.366203269209786852e-02 2.000000000000000000e+00 1.000000000000000021e-08 5.728229210258187210e-03 -8.089995669741804063e-01
5.728229210258187210e-03 -8.089995669741804063e-01 0.000000000000000000e+00 1.000000000000000021e-08 -2.273688456936293761e-03 -8.001917667194480277e-02
-2.273688456936293761e-03 -8.001917667194480277e-02 0.000000000000000000e+00 1.000000000000000021e-08 8.904244576451347815e-02 9.131613422144976289e-01
8.904244576451347815e-02 9.131613422144976289e-01 0.000000000000000000e+00 1.000000000000000021e-08 2.949888406601550161e-01 2.059463948956415269e+00
2.949888406601550161e-01 2.059463948956415269e+00 2.000000000000000000e+00 1.000000000000000021e-08 4.631779756202906717e-01 1.681891349601356556e+00
4.631779756202906717e-01 1.681891349601356556e+00 1.000000000000000000e+00 1.000000000000000021e-08 7.024879395672856131e-01 2.393099639469949302e+00
7.024879395672856131e-01 2.393099639469949302e+00 0.000000000000000000e+00 1.000000000000000021e-08 1.105124649327666297e+00 4.026367097603805512e+00
1.105124649327666297e+00 4.026367097603805512e+00 1.000000000000000000e+00 9.999000000000000110e-01 1.570796326794896558e+00 5.000000000000000000e+00
-1.469996791775841395e-02 -7.018993861520131383e-02 1.000000000000000000e+00 1.000000000000000021e-08 -9.230764908918581702e-03 5.469203008839831903e-02
-9.230764908918581702e-03 5.469203008839831903e-02 2.000000000000000000e+00 1.000000000000000021e-08 -9.050361077656829401e-02 -8.127284586764970120e-01
-9.050361077656829401e-02 -8.127284586764970120e-01 0.000000000000000000e+00 1.000000000000000021e-08 -1.169988981460324540e-01 -2.649528736946415997e-01
-1.169988981460324540e-01 -2.649528736946415997e-01 1.000000000000000000e+00 1.000000000000000021e-08 -1.751045386040397944e-01 -5.810564045800732380e-01
-1.751045386040397944e-01 -5.810564045800732380e-01 1.000000000000000000e+00 1.000000000000000021e-08 -2.724036830677390997e-01 -9.729914446369927195e-01
-2.724036830677390997e-01 -9.729914446369927195e-01 0.000000000000000000e+00 1.000000000000000021e-08 -3.263418948256270880e-01 -5.393821175788799938e-01
-3.263418948256270880e-01 -5.393821175788799938e-01 0.000000000000000000e+00 1.000000000000000021e-08 -3.580923124275515179e-01 -3.175041760192442997e-01
