-7.290591582660661818e-02 -8.205179582396597560e-02 2.000000000000000000e+00 1.000000000000000021e-08 -1.835979522203344816e-01 -1.106920363937278662e+00
-1.835979522203344816e-01 -1.106920363937278662e+00 1.000000000000000000e+00 1.000000000000000021e-08 -3.228732193400434269e-01 -1.392752671197089676e+00
-3.228732193400434269e-01 -1.392752671197089676e+00 0.000000000000000000e+00 1.000000000000000021e-08 -4.259617253706818318e-01 -1.030885060306383938e+00
-4.259617253706818318e-01 -1.030885060306383938e+00 1.000000000000000000e+00 1.000000000000000021e-08 -5.965313407894220488e-01 -1.705696154187402058e+00
-5.965313407894220488e-01 -1.705696154187402058e+00 0.000000000000000000e+00 1.000000000000000021e-08 -7.875120122834656788e-01 -1.909806714940436523e+00
-7.875120122834656788e-01 -1.909806714940436523e+00 1.000000000000000000e+00 1.000000000000000021e-08 -1.098857933805102771e+00 -3.113459215216370701e+00
-1.098857933805102771e+00 -3.113459215216370701e+00 0.000000000000000000e+00 1.000000000000000021e-08 -1.502388904516803736e+00 -4.035309707117009204e+00
-1.502388904516803736e+00 -4.035309707117009204e+00 0.000000000000000000e+00 9.999000000000000110e-01 -1.570796326794896558e+00 -5.000000000000000000e+00
5.109748584499380214e-02 3.709367465884478438e-02 1.000000000000000000e+00 1.000000000000000021e-08 7.888540588493221650e-02 2.778792003993841297e-01
7.888540588493221650e-02 2.778792003993841297e-01 1.000000000000000000e+00 1.000000000000000021e-08 1.230356745388451606e-01 4.415026865391293853e-01
1.230356745388451606e-01 4.415026865391293853e-01 2.000000000000000000e+00 1.000000000000000021e-08 9.044243687421099631e-02 -3.259323766463415595e-01
9.044243687421099631e-02 -3.259323766463415595e-01 0.000000000000000000e+00 1.000000000000000021e-08 1.464486435900907713e-01 5.600620671587978050e-01
1.464486435900907713e-01 5.600620671587978050e-01 0.000000000000000000e+00 1.000000000000000021e-08 3.101429062560947525e-01 1.636942626660039757e+00
3.101429062560947525e-01 1.636942626660039757e+00 1.000000000000000000e+00 1.000000000000000021e-08 5.304039956757695684e-01 2.202610894196747715e+00
5.304039956757695684e-01 2.202610894196747715e+00 1.000000000000000000e+00 1.000000000000000021e-08 8.452664370867868371e-01 3.148624414110172687e+00
8.452664370867868371e-01 3.148624414110172687e+00 2.000000000000000000e+00 1.000000000000000021e-08 1.215156027576444364e+00 3.698895904896575271e+00
1.215156027576444364e+00 3.698895904896575271e+00 0.000000000000000000e+00 9.999000000000000110e-01 1.570796326794896558e+00 5.000000000000000000e+00
4.989014244002328707e-02 5.752398104704041504e-02 0.000000000000000000e+00 1.000000000000000021e-08 1.669022560704155611e-01 1.170121136303922560e+00
1.669022560704155611e-01 1.170121136303922560e+00 1.000000000000000000e+00 1.000000000000000021e-08 2.969473478372708364e-01 1.300450917668552808e+00
2.969473478372708364e-01 1.300450917668552808e+00 0.000000000000000000e+00 1.000000000000000021e-08 5.699721786525859812e-01 2.730248308153151449e+00
5.699721786525859812e-01 2.730248308153151449e+00 1.000000000000000000e+00 1.000000000000000021e-08 9.204287460640694363e-01 3.504565674114834550e+00
9.204287460640694363e-01 3.504565674114834550e+00 2.000000000000000000e+00 1.000000000000000021e-08 1.338772565566718864e+00 4.183438195026493389e+00
1.338772565566718864e+00 4.183438195026493389e+00 2.000000000000000000e+00 9.999000000000000110e-01 1.570796326794896558e+00 5.000000000000000000e+00
-3.922400869528167716e-03 -6.736306585085180543e-02 0.000000000000000000e+00 1.000000000000000021e-08 7.627663604774637118e-02 8.019903691727453543e-01
7.627663604774637118e-02 8.019903691727453543e-01 1.000000000000000000e+00 1.000000000000000021e-08 1.819241709685101571e-01 1.056475349207637970e+00
1.819241709685101571e-01 1.056475349207637970e+00 1.000000000000000000e+00 1.000000000000000021e-08 3.171470408109628436e-01 1.352228698424526865e+00
3.171470408109628436e-01 1.352228698424526865e+00 0.000000000000000000e+00 1.000000000000000021e-08 5.713006001520735122e-01 2.541535593411106575e+00
5.713006001520735122e-01 2.541535593411106575e+00 1.000000000000000000e+00 1.000000000000000021e-08 9.186312313355009529e-01 3.473306311834274851e+00
9.186312313355009529e-01 3.473306311834274851e+00 0.000000000000000000e+00 1.000000000000000021e-08 1.424460459361165832e+00 5.000000000000000000e+00
1.424460459361165832e+00 5.000000000000000000e+00 1.000000000000000000e+00 9.999000000000000110e-01 1.570796326794896558e+00 5.000000000000000000e+00
8.706567690216290845e-02 -1.908630106033975399e-02 1.000000000000000000e+00 1.000000000000000021e-08 8.505833629915499072e-02 -2.007340603007918070e-02
8.505833629915499072e-02 -2.007340603007918070e-02 1.000000000000000000e+00 1.000000000000000021e-08 1.127040094469448084e-01 2.764567314778981211e-01
1.127040094469448084e-01 2.764567314778981211e-01 0.000000000000000000e+00 1.000000000000000021e-08 2.444597481534504790e-01 1.317557387065056762e+00
2.444597481534504790e-01 1.317557387065056762e+00 1.000000000000000000e+00 1.000000000000000021e-08 4.134937876562860826e-01 1.690340395028355980e+00
4.134937876562860826e-01 1.690340395028355980e+00 1.000000000000000000e+00 1.000000000000000021e-08 6.341903364168950397e-01 2.206965487606089127e+00
6.341903364168950397e-01 2.206965487606089127e+00 0.000000000000000000e+00 1.000000000000000021e-08 1.009252855106442359e+00 3.750625186895473639e+00
1.009252855106442359e+00 3.750625186895473639e+00 0.000000000000000000e+00 1.000000000000000021e-08 1.545934630953722744e+00 5.000000000000000000e+00
1.545934630953722744e+00 5.000000000000000000e+00 2.000000000000000000e+00 9.999000000000000110e-01 1.570796326794896558e+00 5.000000000000000000e+00
-2.331400210319141408e-02 -3.980864614446850969e-02 2.000000000000000000e+00 1.000000000000000021e-08 -1.325260639664139761e-01 -1.092120618632225648e+00
-1.325260639664139761e-01 -1.092120618632225648e+00 0.000000000000000000e+00 1.000000000000000021e-08 -1.861382323965178609e-01 -5.361216843010387922e-01
-1.861382323965178609e-01 -5.361216843010387922e-01 1.000000000000000000e+00 1.000000000000000021e-08 -2.670540932397314493e-01 -8.091586084321358285e-01
-2.670540932397314493e-01 -8.091586084321358285e-01 0.000000000000000000e+00 1.000000000000000021e-08 -3.075004533833030074e-01 -4.044636014357157472e-01
-3.075004533833030074e-01 -4.044636014357157472e-01 2.000000000000000000e+00 1.000000000000000021e-08 -4.843608991478388082e-01 -1.768604457645357897e+00
-4.843608991478388082e-01 -1.768604457645357897e+00 0.000000000000000000e+00 1.000000000000000021e-08 -6.568556351095165002e-01 -1.724947359616777254e+00
-6.568556351095165002e-01 -1.724947359616777254e+00 1.000000000000000000e+00 1.000000000000000021e-08 -9.261921741843606171e-01 -2.693365390748441612e+00
-9.261921741843606171e-01 -2.693365390748441612e+00 1.000000000000000000e+00 1.000000000000000021e-08 -1.323583283201368088e+00 -3.973911090170075155e+00
-1.323583283201368088e+00 -3.973911090170075155e+00 2.000000000000000000e+00 9.999000000000000110e-01 -1.570796326794896558e+00 -5.000000000000000000e+00
5.883865955798039948e-03 7.355629664765642173e-02 1.000000000000000000e+00 1.000000000000000021e-08 3.850701864709558941e-03 -2.033164091088481007e-02
3.850701864709558941e-03 -2.033164091088481007e-02 0.000000000000000000e+00 1.000000000000000021e-08 7.578132557756167564e-02 7.193062371285212642e-01
7.578132557756167564e-02 7.193062371285212642e-01 2.000000000000000000e+00 1.000000000000000021e-08 6.451187479415357307e-02 -1.126945078340809703e-01
6.451187479415357307e-02 -1.126945078340809703e-01 2.000000000000000000e+00 1.000000000000000021e-08 -1.203616451179057023e-02 -7.654803930594413774e-01
-1.203616451179057023e-02 -7.654803930594413774e-01 2.000000000000000000e+00 1.000000000000000021e-08 -1.864490104213119837e-01 -1.744128459095213968e+00
-1.864490104213119837e-01 -1.744128459095213968e+00 1.000000000000000000e+00 1.000000000000000021e-08 -3.940312050883394979e-01 -2.075821946670274976e+00
-3.940312050883394979e-01 -2.075821946670274976e+00 1.000000000000000000e+00 1.000000000000000021e-08 -6.708547124461300415e-01 -2.768235073577905325e+00
-6.708547124461300415e-01 -2.768235073577905325e+00 2.000000000000000000e+00 1.000000000000000021e-08 -1.104405064580324503e+00 -4.335503521341944833e+00
-1.104405064580324503e+00 -4.335503521341944833e+00 2.000000000000000000e+00 9.999000000000000110e-01 -1.570796326794896558e+00 -5.000000000000000000e+00
4.634894249872684169e-02 -6.583370538289973206e-02 2.000000000000000000e+00 1.000000000000000021e-08 -4.960836154461217840e-02 -9.595730404333902008e-01
-4.960836154461217840e-02 -9.595730404333902008e-01 2.000000000000000000e+00 1.000000000000000021e-08 -2.397088724562051465e-01 -1.901005109115929681e+00
-2.397088724562051465e-01 -1.901005109115929681e+00 0.000000000000000000e+00 1.000000000000000021e-08 -3.970897053686248679e-01 -1.573808329124196881e+00
-3.970897053686248679e-01 -1.573808329124196881e+00 1.000000000000000000e+00 1.000000000000000021e-08 -6.291365839666277493e-01 -2.320468785980029036e+00
-6.291365839666277493e-01 -2.320468785980029036e+00 1.000000000000000000e+00 1.000000000000000021e-08 -9.560918607507984390e-01 -3.269552767841706231e+00
-9.560918607507984390e-01 -3.269552767841706231e+00 1.000000000000000000e+00 1.000000000000000021e-08 -1.406181951551637388e+00 -4.500900908008389933e+00
-1.406181951551637388e+00 -4.500900908008389933e+00 1.000000000000000000e+00 9.999000000000000110e-01 -1.570796326794896558e+00 -5.000000000000000000e+00
-5.135727290952232793e-02 -6.407183230661683826e-02 2.000000000000000000e+00 1.000000000000000021e-08 -1.604808561607469208e-01 -1.091235832512245985e+00
-1.604808561607469208e-01 -1.091235832512245985e+00 1.000000000000000000e+00 1.000000000000000021e-08 -2.832876135822625652e-01 -1.228067574215156332e+00
-2.832876135822625652e-01 -1.228067574215156332e+00 2.000000000000000000e+00 1.000000000000000021e-08 -5.387553616161235848e-01 -2.554677480338610529e+00
-5.387553616161235848e-01 -2.554677480338610529e+00 0.000000000000000000e+00 1.000000000000000021e-08 -7.903982554986539455e-01 -2.516428938825303163e+00
-7.903982554986539455e-01 -2.516428938825303163e+00 1.000000000000000000e+00 1.000000000000000021e-08 -1.153818477336820747e+00 -3.634202218381668459e+00
-1.153818477336820747e+00 -3.634202218381668459e+00 2.000000000000000000e+00 9.999000000000000110e-01 -1.570796326794896558e+00 -5.000000000000000000e+00
-3.001300586849380003e-04 4.397461233511998357e-02 2.000000000000000000e+00 1.000000000000000021e-08 -1.003214325381031474e-01 -1.000213024794182060e+00
-1.003214325381031474e-01 -1.000213024794182060e+00 1.000000000000000000e+00 1.000000000000000021e-08 -2.104024647371345313e-01 -1.100810321990313589e+00
-2.104024647371345313e-01 -1.100810321990313589e+00 2.000000000000000000e+00 1.000000000000000021e-08 -4.392152324161727739e-01 -2.288127676790382203e+00
-4.392152324161727739e-01 -2.288127676790382203e+00 0.000000000000000000e+00 1.000000000000000021e-08 -6.437723915525166429e-01 -2.045571591363438912e+00
-6.437723915525166429e-01 -2.045571591363438912e+00 1.000000000000000000e+00 1.000000000000000021e-08 -9.365832865807335317e-01 -2.928108950282167999e+00
-9.365832865807335317e-01 -2.928108950282167999e+00 0.000000000000000000e+00 1.000000000000000021e-08 -1.298780603867130123e+00 -3.621973172863965473e+00
-1.298780603867130123e+00 -3.621973172863965473e+00 0.000000000000000000e+00 9.999000000000000110e-01 -1.570796326794896558e+00 -4.825035611800868374e+00
7.760940273490951613e-02 -7.107430639313690179e-02 2.000000000000000000e+00 1.000000000000000021e-08 7.059323749289136973e-03 -7.055007898562037916e-01
7.059323749289136973e-03 -7.055007898562037916e-01 0.000000000000000000e+00 1.000000000000000021e-08 1.641911082888754952e-02 9.359787079598413939e-02
1.641911082888754952e-02 9.359787079598413939e-02 2.000000000000000000e+00 1.000000000000000021e-08 -5.632788248557898253e-02 -7.274699331446652373e-01
-5.632788248557898253e-02 -7.274699331446652373e-01 1.000000000000000000e+00 1.000000000000000021e-08 -1.475785761690844577e-01 -9.125069368350546828e-01
-1.475785761690844577e-01 -9.125069368350546828e-01 2.000000000000000000e+00 1.000000000000000021e-08 -3.635131206771768930e-01 -2.159345445080924630e+00
-3.635131206771768930e-01 -2.159345445080924630e+00 2.000000000000000000e+00 1.000000000000000021e-08 -7.242196550716815118e-01 -3.607065343945046187e+00
-7.242196550716815118e-01 -3.607065343945046187e+00 2.000000000000000000e+00 1.000000000000000021e-08 -1.237688338304089752e+00 -5.000000000000000000e+00
-1.237688338304089752e+00 -5.000000000000000000e+00 2.000000000000000000e+00 9.999000000000000110e-01 -1.570796326794896558e+00 -5.000000000000000000e+00
6.766397118396236254e-02 1.933033843610241359e-02 2.000000000000000000e+00 1.000000000000000021e-08 -2.385282709563341097e-02 -9.151679827959576796e-01
-2.385282709563341097e-02 -9.151679827959576796e-01 2.000000000000000000e+00 1.000000000000000021e-08 -1.949253273812326659e-01 -1.710725002855992383e+00
-1.949253273812326659e-01 -1.710725002855992383e+00 2.000000000000000000e+00 1.000000000000000021e-08 -4.816621692501504848e-01 -2.867368418689178355e+00
-4.816621692501504848e-01 -2.867368418689178355e+00 2.000000000000000000e+00 1.000000000000000021e-08 -9.201649799396540708e-01 -4.385028106895035194e+00
-9.201649799396540708e-01 -4.385028106895035194e+00 2.000000000000000000e+00 1.000000000000000021e-08 -1.509106025408868401e+00 -5.000000000000000000e+00
-1.509106025408868401e+00 -5.000000000000000000e+00 0.000000000000000000e+00 9.999000000000000110e-01 -1.570796326794896558e+00 -5.000000000000000000e+00
-5.423433008835771424e-02 -8.639831201103688463e-02 2.000000000000000000e+00 1.000000000000000021e-08 -1.506821173477000397e-01 -9.644778725934231023e-01
-1.506821173477000397e-01 -9.644778725934231023e-01 2.000000000000000000e+00 1.000000000000000021e-08 -3.554833308568458028e-01 -2.048012135091457520e+00
-3.554833308568458028e-01 -2.048012135091457520e+00 1.000000000000000000e+00 1.000000000000000021e-08 -6.107153398634275199e-01 -2.552320090065816949e+00
-6.107153398634275199e-01 -2.552320090065816949e+00 1.000000000000000000e+00 1.000000000000000021e-08 -9.576797405189794166e-01 -3.469644006555518523e+00
-9.576797405189794166e-01 -3.469644006555518523e+00 0.000000000000000000e+00 1.000000000000000021e-08 -1.375580678354000552e+00 -4.179009378350210469e+00
-1.375580678354000552e+00 -4.179009378350210469e+00 0.000000000000000000e+00 9.999000000000000110e-01 -1.570796326794896558e+00 -5.000000000000000000e+00
-4.046379690970664661e-02 -6.504277301817093515e-02 0.000000000000000000e+00 1.000000000000000021e-08 2.990955992763936339e-02 7.037335683734601277e-01
2.990955992763936339e-02 7.037335683734601277e-01 2.000000000000000000e+00 1.000000000000000021e-08 3.063128603403534461e-02 7.217261063959812262e-03
3.063128603403534461e-02 7.217261063959812262e-03 1.000000000000000000e+00 1.000000000000000021e-08 2.562147424989360753e-02 -5.009811784141737778e-02
2.562147424989360753e-02 -5.009811784141737778e-02 0.000000000000000000e+00 1.000000000000000021e-08 9.621464722404859948e-02 7.059317297415498293e-01
9.621464722404859948e-02 7.059317297415498293e-01 1.000000000000000000e+00 1.000000000000000021e-08 1.758642369272221118e-01 7.964958970317350673e-01
1.758642369272221118e-01 7.964958970317350673e-01 1.000000000000000000e+00 1.000000000000000021e-08 2.964845827739671646e-01 1.206203458467450584e+00
2.964845827739671646e-01 1.206203458467450584e+00 0.000000000000000000e+00 1.000000000000000021e-08 5.579418297094627111e-01 2.614572469354955686e+00
5.579418297094627111e-01 2.614572469354955686e+00 0.000000000000000000e+00 1.000000000000000021e-08 9.620355087314232945e-01 4.040936790219605612e+00
9.620355087314232945e-01 4.040936790219605612e+00 1.000000000000000000e+00 1.000000000000000021e-08 1.480586753251543763e+00 5.000000000000000000e+00
1.480586753251543763e+00 5.000000000000000000e+00 2.000000000000000000e+00 9.999000000000000110e-01 1.570796326794896558e+00 5.000000000000000000e+00
-6.893904349003195098e-02 -7.237354876566297335e-02 1.000000000000000000e+00 1.000000000000000021e-08 -9.632007686729540663e-02 -2.738103337726345288e-01
-9.632007686729540663e-02 -2.738103337726345288e-01 0.000000000000000000e+00 1.000000000000000021e-08 -5.455827162930992208e-02 4.176180523798548316e-01
-5.455827162930992208e-02 4.176180523798548316e-01 2.000000000000000000e+00 1.000000000000000021e-08 -1.245627810657108092e-01 -7.000450943640087464e-01
-1.245627810657108092e-01 -7.000450943640087464e-01 1.000000000000000000e+00 1.000000000000000021e-08 -2.002087779449563121e-01 -7.564599687924550286e-01
-2.002087779449563121e-01 -7.564599687924550286e-01 0.000000000000000000e+00 1.000000000000000021e-08 -2.110385492062597235e-01 -1.082977126130341139e-01
-2.110385492062597235e-01 -1.082977126130341139e-01 2.000000000000000000e+00 1.000000000000000021e-08 -3.352661673416811872e-01 -1.242276181354214692e+00
-3.352661673416811872e-01 -1.242276181354214692e+00 1.000000000000000000e+00 1.000000000000000021e-08 -5.012991819066447974e-01 -1.660330145649635547e+00
-5.012991819066447974e-01 -1.660330145649635547e+00 1.000000000000000000e+00 1.000000000000000021e-08 -7.563844873486796905e-01 -2.550853054420348709e+00
-7.563844873486796905e-01 -2.550853054420348709e+00 0.000000000000000000e+00 1.000000000000000021e-08 -1.051997209724903959e+00 -2.956127223762242018e+00
-1.051997209724903959e+00 -2.956127223762242018e+00 0.000000000000000000e+00 1.000000000000000021e-08 -1.431038929051521968e+00 -3.790417193266179652e+00
-1.431038929051521968e+00 -3.790417193266179652e+00 1.000000000000000000e+00 9.999000000000000110e-01 -1.570796326794896558e+00 -5.000000000000000000e+00
-4.100769480840406322e-03 4.538863420667628434e-02 1.000000000000000000e+00 1.000000000000000021e-08 -1.525878133962154173e-02 -1.115801185878113472e-01
-1.525878133962154173e-02 -1.115801185878113472e-01 1.000000000000000000e+00 1.000000000000000021e-08 -3.775239006103520145e-02 -2.249360872141365486e-01
-3.775239006103520145e-02 -2.249360872141365486e-01 0.000000000000000000e+00 1.000000000000000021e-08 3.577080470358730280e-02 7.352319476462250147e-01
3.577080470358730280e-02 7.352319476462250147e-01 1.000000000000000000e+00 1.000000000000000021e-08 1.285181769667410046e-01 9.274737226315369343e-01
1.285181769667410046e-01 9.274737226315369343e-01 2.000000000000000000e+00 1.000000000000000021e-08 1.401965449591303925e-01 1.167836799238938239e-01
1.401965449591303925e-01 1.167836799238938239e-01 2.000000000000000000e+00 1.000000000000000021e-08 9.678635768683846452e-02 -4.341018727229192242e-01
9.678635768683846452e-02 -4.341018727229192242e-01 1.000000000000000000e+00 1.000000000000000021e-08 7.621825355431496862e-02 -2.056810413252350145e-01
7.621825355431496862e-02 -2.056810413252350145e-01 0.000000000000000000e+00 1.000000000000000021e-08 1.636905975865600160e-01 8.747234403224504184e-01
1.636905975865600160e-01 8.747234403224504184e-01 0.000000000000000000e+00 1.000000000000000021e-08 3.590869409982163640e-01 1.953963434116563702e+00
3.590869409982163640e-01 1.953963434116563702e+00 2.000000000000000000e+00 1.000000000000000021e-08 5.230370621298169320e-01 1.639501211316005458e+00
5.230370621298169320e-01 1.639501211316005458e+00 1.000000000000000000e+00 1.000000000000000021e-08 7.581535045695119157e-01 2.351164424396949837e+00
7.581535045695119157e-01 2.351164424396949837e+00 2.000000000000000000e+00 1.000000000000000021e-08 1.047556662930671623e+00 2.894031583611597291e+00
1.047556662930671623e+00 2.894031583611597291e+00 0.000000000000000000e+00 1.000000000000000021e-08 1.501636275223315664e+00 4.540796122926439971e+00
1.501636275223315664e+00 4.540796122926439971e+00 2.000000000000000000e+00 9.999000000000000110e-01 1.570796326794896558e+00 5.000000000000000000e+00
-2.373307566920172806e-02 1.010597463439906474e-04 2.000000000000000000e+00 1.000000000000000021e-08 -1.060979156600635048e-01 -8.236483999086177121e-01
-1.060979156600635048e-01 -8.236483999086177121e-01 2.000000000000000000e+00 1.000000000000000021e-08 -3.070152315972249912e-01 -2.009173159371614670e+00
-3.070152315972249912e-01 -2.009173159371614670e+00 2.000000000000000000e+00 1.000000000000000021e-08 -6.285784093724742227e-01 -3.215631777752491427e+00
-6.285784093724742227e-01 -3.215631777752491427e+00 2.000000000000000000e+00 1.000000000000000021e-08 -1.096272627577657754e+00 -4.676942182051836205e+00
-1.096272627577657754e+00 -4.676942182051836205e+00 1.000000000000000000e+00 9.999000000000000110e-01 -1.570796326794896558e+00 -5.000000000000000000e+00
-6.994833891592555641e-02 3.743561174811201042e-02 0.000000000000000000e+00 1.000000000000000021e-08 2.526796862692126666e-02 9.521630754284681197e-01
2.526796862692126666e-02 9.521630754284681197e-01 2.000000000000000000e+00 1.000000000000000021e-08 3.653733015523356192e-02 1.126936152831229387e-01
3.653733015523356192e-02 1.126936152831229387e-01 2.000000000000000000e+00 1.000000000000000021e-08 -3.146027012319014410e-02 -6.799760027842369770e-01
-3.146027012319014410e-02 -6.799760027842369770e-01 2.000000000000000000e+00 1.000000000000000021e-08 -1.869451038897195494e-01 -1.554848337665293956e+00
-1.869451038897195494e-01 -1.554848337665293956e+00 2.000000000000000000e+00 1.000000000000000021e-08 -4.562748483317983217e-01 -2.693297444420787556e+00
-4.562748483317983217e-01 -2.693297444420787556e+00 2.000000000000000000e+00 1.000000000000000021e-08 -8.763288523134478147e-01 -4.200540039816495153e+00
-8.763288523134478147e-01 -4.200540039816495153e+00 2.000000000000000000e+00 1.000000000000000021e-08 -1.456314499069688129e+00 -5.000000000000000000e+00
-1.456314499069688129e+00 -5.000000000000000000e+00 1.000000000000000000e+00 9.999000000000000110e-01 -1.570796326794896558e+00 -5.000000000000000000e+00
-3.882851241654126928e-02 -6.348348665116539113e-02 0.000000000000000000e+00 1.000000000000000021e-08 4.794774642016283450e-02 8.677625883670410101e-01
4.794774642016283450e-02 8.677625883670410101e-01 1.000000000000000000e+00 1.000000000000000021e-08 1.427160843116676014e-01 9.476833789150476139e-01
1.427160843116676014e-01 9.476833789150476139e-01 2.000000000000000000e+00 1.000000000000000021e-08 1.872451503895896652e-01 4.452906607792205262e-01
1.872451503895896652e-01 4.452906607792205262e-01 0.000000000000000000e+00 1.000000000000000021e-08 3.457174195706439468e-01 1.584722691810542372e+00
3.457174195706439468e-01 1.584722691810542372e+00 1.000000000000000000e+00 1.000000000000000021e-08 5.619174929621134629e-01 2.162000733914695161e+00
5.619174929621134629e-01 2.162000733914695161e+00 1.000000000000000000e+00 1.000000000000000021e-08 8.608599542857986453e-01 2.989424613236852046e+00
8.608599542857986453e-01 2.989424613236852046e+00 1.000000000000000000e+00 1.000000000000000021e-08 1.280712187898246812e+00 4.198522336124480780e+00
1.280712187898246812e+00 4.198522336124480780e+00 1.000000000000000000e+00 9.999000000000000110e-01 1.570796326794896558e+00 5.000000000000000000e+00
-5.902652762584606472e-02 6.355257921070889271e-02 2.000000000000000000e+00 1.000000000000000021e-08 -1.506825414284844178e-01 -9.165601380263833642e-01
-1.506825414284844178e-01 -9.165601380263833642e-01 0.000000000000000000e+00 1.000000000000000021e-08 -1.963035652807281206e-01 -4.562102385224370837e-01
-1.963035652807281206e-01 -4.562102385224370837e-01 0.000000000000000000e+00 1.000000000000000021e-08 -1.898528599848270659e-01 6.450705295901054681e-02
-1.898528599848270659e-01 6.450705295901054681e-02 2.000000000000000000e+00 1.000000000000000021e-08 -2.857428591825171837e-01 -9.588999919769010116e-01
-2.857428591825171837e-01 -9.588999919769010116e-01 0.000000000000000000e+00 1.000000000000000021e-08 -3.339506376539601584e-01 -4.820777847144298578e-01
-3.339506376539601584e-01 -4.820777847144298578e-01 0.000000000000000000e+00 1.000000000000000021e-08 -3.717552299241624336e-01 -3.780459227020229185e-01
-3.717552299241624336e-01 -3.780459227020229185e-01 2.000000000000000000e+00 1.000000000000000021e-08 -5.555649884675778472e-01 -1.838097585434154357e+00
-5.555649884675778472e-01 -1.838097585434154357e+00 0.000000000000000000e+00 1.000000000000000021e-08 -7.635279188192258815e-01 -2.079629303516480565e+00
-7.635279188192258815e-01 -2.079629303516480565e+00 0.000000000000000000e+00 1.000000000000000021e-08 -1.017519457125010129e+00 -2.539915383057842035e+00
-1.017519457125010129e+00 -2.539915383057842035e+00 0.000000000000000000e+00 1.000000000000000021e-08 -1.357951213193902884e+00 -3.404317560688926214e+00
-1.357951213193902884e+00 -3.404317560688926214e+00 2.000000000000000000e+00 9.999000000000000110e-01 -1.570796326794896558e+00 -4.957074037091703467e+00
5.599174585471183851e-02 8.917855338962544370e-03 0.000000000000000000e+00 1.000000000000000021e-08 1.459471869872073224e-01 8.995544113249546170e-01
1.459471869872073224e-01 8.995544113249546170e-01 1.000000000000000000e+00 1.000000000000000021e-08 2.679643636886523961e-01 1.220171767014450959e+00
2.679643636886523961e-01 1.220171767014450959e+00 0.000000000000000000e+00 1.000000000000000021e-08 5.271773863538462557e-01 2.592130226651938152e+00
5.271773863538462557e-01 2.592130226651938152e+00 2.000000000000000000e+00 1.000000000000000021e-08 7.884978932476855995e-01 2.613205068938393882e+00
7.884978932476855995e-01 2.613205068938393882e+00 0.000000000000000000e+00 1.000000000000000021e-08 1.210735948563458342e+00 4.222380553157726979e+00
1.210735948563458342e+00 4.222380553157726979e+00 2.000000000000000000e+00 9.999000000000000110e-01 1.570796326794896558e+00 5.000000000000000000e+00
-6.545621098739960730e-02 5.678253350780650133e-02 0.000000000000000000e+00 1.000000000000000021e-08 2.644569170949101489e-03 6.810078015834870602e-01
2.644569170949101489e-03 6.810078015834870602e-01 0.000000000000000000e+00 1.000000000000000021e-08 1.421857554974215454e-01 1.395411863264724328e+00
1.421857554974215454e-01 1.395411863264724328e+00 0.000000000000000000e+00 1.000000000000000021e-08 3.766962974062168512e-01 2.345105419087953003e+00
3.766962974062168512e-01 2.345105419087953003e+00 1.000000000000000000e+00 1.000000000000000021e-08 6.572896306524764753e-01 2.805933332462596130e+00
6.572896306524764753e-01 2.805933332462596130e+00 1.000000000000000000e+00 1.000000000000000021e-08 1.028700009192617060e+00 3.714103785401406732e+00
1.028700009192617060e+00 3.714103785401406732e+00 1.000000000000000000e+00 1.000000000000000021e-08 1.515172212827541554e+00 4.864722036349245826e+00
1.515172212827541554e+00 4.864722036349245826e+00 0.000000000000000000e+00 9.999000000000000110e-01 1.570796326794896558e+00 5.000000000000000000e+00
8.628432145135146725e-02 8.297960405801335648e-02 0.000000000000000000e+00 1.000000000000000021e-08 1.859160906185305939e-01 9.963176916717912945e-01
1.859160906185305939e-01 9.963176916717912945e-01 1.000000000000000000e+00 1.000000000000000021e-08 3.296109373337765547e-01 1.436948467152459497e+00
3.296109373337765547e-01 1.436948467152459497e+00 1.000000000000000000e+00 1.000000000000000021e-08 5.380510690474542557e-01 2.084401317136777010e+00
5.380510690474542557e-01 2.084401317136777010e+00 2.000000000000000000e+00 1.000000000000000021e-08 7.563233305014299690e-01 2.182722614539756911e+00
7.563233305014299690e-01 2.182722614539756911e+00 1.000000000000000000e+00 1.000000000000000021e-08 1.073460885874021109e+00 3.171375553725912511e+00
1.073460885874021109e+00 3.171375553725912511e+00 0.000000000000000000e+00 1.000000000000000021e-08 1.561481017922344394e+00 4.880201320483232408e+00
1.561481017922344394e+00 4.880201320483232408e+00 2.000000000000000000e+00 9.999000000000000110e-01 1.570796326794896558e+00 5.000000000000000000e+00
-5.828525121580167834e-02 -4.867322879706147132e-02 2.000000000000000000e+00 1.000000000000000021e-08 -1.615068134265558175e-01 -1.032215622107541364e+00
-1.615068134265558175e-01 -1.032215622107541364e+00 0.000000000000000000e+00 1.000000000000000021e-08 -2.142306472411129592e-01 -5.272383381455714169e-01
-2.142306472411129592e-01 -5.272383381455714169e-01 0.000000000000000000e+00 1.000000000000000021e-08 -2.010789713786354516e-01 1.315167586247749654e-01
-2.010789713786354516e-01 1.315167586247749654e-01 0.000000000000000000e+00 1.000000000000000021e-08 -1.317463877932260052e-01 6.933258358540942412e-01
-1.317463877932260052e-01 6.933258358540942412e-01 0.000000000000000000e+00 1.000000000000000021e-08 -8.727003721848647366e-03 1.230193840713773579e+00
-8.727003721848647366e-03 1.230193840713773579e+00 0.000000000000000000e+00 1.000000000000000021e-08 2.129661765946618823e-01 2.216931803165105297e+00
2.129661765946618823e-01 2.216931803165105297e+00 0.000000000000000000e+00 1.000000000000000021e-08 5.414030585706437471e-01 3.284368819759818869e+00
5.414030585706437471e-01 3.284368819759818869e+00 2.000000000000000000e+00 1.000000000000000021e-08 8.694847887055207059e-01 3.280817301348769366e+00
8.694847887055207059e-01 3.280817301348769366e+00 0.000000000000000000e+00 1.000000000000000021e-08 1.359724545587029487e+00 4.902397568815088036e+00
1.359724545587029487e+00 4.902397568815088036e+00 1.000000000000000000e+00 9.999000000000000110e-01 1.570796326794896558e+00 5.000000000000000000e+00
4.042308441358780785e-02 -4.173381139307340282e-02 2.000000000000000000e+00 1.000000000000000021e-08 -4.847863216276090265e-02 -8.890171657634869939e-01
-4.847863216276090265e-02 -8.890171657634869939e-01 2.000000000000000000e+00 1.000000000000000021e-08 -2.239539853232562494e-01 -1.754753531604953398e+00
-2.239539853232562494e-01 -1.754753531604953398e+00 0.000000000000000000e+00 1.000000000000000021e-08 -3.478706065846727813e-01 -1.239166212614165374e+00
-3.478706065846727813e-01 -1.239166212614165374e+00 1.000000000000000000e+00 1.000000000000000021e-08 -5.313137113697605773e-01 -1.834431047850877849e+00
-5.313137113697605773e-01 -1.834431047850877849e+00 1.000000000000000000e+00 1.000000000000000021e-08 -8.007851993434365045e-01 -2.694714879736759272e+00
-8.007851993434365045e-01 -2.694714879736759272e+00 2.000000000000000000e+00 1.000000000000000021e-08 -1.244733945841569600e+00 -4.439487464981329623e+00
-1.244733945841569600e+00 -4.439487464981329623e+00 1.000000000000000000e+00 9.999000000000000110e-01 -1.570796326794896558e+00 -5.000000000000000000e+00
-7.773980533791179093e-02 -7.549995616291953204e-02 2.000000000000000000e+00 1.000000000000000021e-08 -1.862231684050156821e-01 -1.084833630671038884e+00
-1.862231684050156821e-01 -1.084833630671038884e+00 1.000000000000000000e+00 1.000000000000000021e-08 -3.349616544462801215e-01 -1.487384860412644505e+00
-3.349616544462801215e-01 -1.487384860412644505e+00 1.000000000000000000e+00 1.000000000000000021e-08 -5.304264017145005061e-01 -1.954647472682203402e+00
-5.304264017145005061e-01 -1.954647472682203402e+00 0.000000000000000000e+00 1.000000000000000021e-08 -7.254228950262957554e-01 -1.949964933117952048e+00
-7.254228950262957554e-01 -1.949964933117952048e+00 0.000000000000000000e+00 1.000000000000000021e-08 -9.715010995375782388e-01 -2.460782045112824612e+00
-9.715010995375782388e-01 -2.460782045112824612e+00 0.000000000000000000e+00 1.000000000000000021e-08 -1.304704250752827477e+00 -3.332031512152491715e+00
-1.304704250752827477e+00 -3.332031512152491715e+00 2.000000000000000000e+00 9.999000000000000110e-01 -1.570796326794896558e+00 -4.894113929613326697e+00
6.368492383587376349e-02 -6.014837375006260034e-02 2.000000000000000000e+00 1.000000000000000021e-08 -2.954460463343243359e-02 -9.322952846930618875e-01
-2.954460463343243359e-02 -9.322952846930618875e-01 1.000000000000000000e+00 1.000000000000000021e-08 -1.165308888809097748e-01 -8.698628424747733012e-01
-1.165308888809097748e-01 -8.698628424747733012e-01 0.000000000000000000e+00 1.000000000000000021e-08 -1.400191888504305759e-01 -2.348829996952080945e-01
-1.400191888504305759e-01 -2.348829996952080945e-01 2.000000000000000000e+00 1.000000000000000021e-08 -2.841248991435646465e-01 -1.441057102931340594e+00
-2.841248991435646465e-01 -1.441057102931340594e+00 2.000000000000000000e+00 1.000000000000000021e-08 -5.590982619394710973e-01 -2.749733627959065174e+00
-5.590982619394710973e-01 -2.749733627959065174e+00 0.000000000000000000e+00 1.000000000000000021e-08 -8.314676308407713545e-01 -2.723693689013002128e+00
-8.314676308407713545e-01 -2.723693689013002128e+00 0.000000000000000000e+00 1.000000000000000021e-08 -1.152148352110577756e+00 -3.206807212698063125e+00
-1.152148352110577756e+00 -3.206807212698063125e+00 1.000000000000000000e+00 9.999000000000000110e-01 -1.570796326794896558e+00 -4.565599809535436648e+00
-7.992214064489945591e-02 1.893999212336587926e-02 2.000000000000000000e+00 1.000000000000000021e-08 -1.708237084393839367e-01 -9.090156779448447244e-01
-1.708237084393839367e-01 -9.090156779448447244e-01 1.000000000000000000e+00 1.000000000000000021e-08 -2.833345983588188011e-01 -1.125108899194348755e+00
-2.833345983588188011e-01 -1.125108899194348755e+00 1.000000000000000000e+00 1.000000000000000021e-08 -4.319188360852587172e-01 -1.485842377264399383e+00
-4.319188360852587172e-01 -1.485842377264399383e+00 1.000000000000000000e+00 1.000000000000000021e-08 -6.643232443594240255e-01 -2.324044082741653305e+00
-6.643232443594240255e-01 -2.324044082741653305e+00 0.000000000000000000e+00 1.000000000000000021e-08 -9.391828699477293707e-01 -2.748596255883053008e+00
-9.391828699477293707e-01 -2.748596255883053008e+00 1.000000000000000000e+00 1.000000000000000021e-08 -1.335819906845230109e+00 -3.966370368975006500e+00
-1.335819906845230109e+00 -3.966370368975006500e+00 0.000000000000000000e+00 9.999000000000000110e-01 -1.570796326794896558e+00 -5.000000000000000000e+00
7.108240882111488412e-02 -6.135457864932492011e-02 2.000000000000000000e+00 1.000000000000000021e-08 -9.442989066704599033e-03 -8.052539788781948316e-01
-9.442989066704599033e-03 -8.052539788781948316e-01 2.000000000000000000e+00 1.000000000000000021e-08 -1.688591939071788783e-01 -1.594162048404742738e+00
-1.688591939071788783e-01 -1.594162048404742738e+00 2.000000000000000000e+00 1.000000000000000021e-08 -4.367680991266540413e-01 -2.679089052194751464e+00
-4.367680991266540413e-01 -2.679089052194751464e+00 0.000000000000000000e+00 1.000000000000000021e-08 -6.922441081714878486e-01 -2.554760090448337628e+00
-6.922441081714878486e-01 -2.554760090448337628e+00 2.000000000000000000e+00 1.000000000000000021e-08 -1.118184749791943933e+00 -4.259406416204559953e+00
-1.118184749791943933e+00 -4.259406416204559953e+00 2.000000000000000000e+00 9.999000000000000110e-01 -1.570796326794896558e+00 -5.000000000000000000e+00
6.782746126214793392e-02 -2.028403723146778373e-02 1.000000000000000000e+00 1.000000000000000021e-08 8.903721394619582008e-02 2.120975268404789171e-01
8.903721394619582008e-02 2.120975268404789171e-01 2.000000000000000000e+00 1.000000000000000021e-08 5.132975810385004278e-02 -3.770745584234577175e-01
5.132975810385004278e-02 -3.770745584234577175e-01 2.000000000000000000e+00 1.000000000000000021e-08 -6.168519581713984012e-02 -1.130149539209898801e+00
-6.168519581713984012e-02 -1.130149539209898801e+00 1.000000000000000000e+00 1.000000000000000021e-08 -1.836534668907986445e-01 -1.219682710736587961e+00
-1.836534668907986445e-01 -1.219682710736587961e+00 0.000000000000000000e+00 1.000000000000000021e-08 -2.427617627435144920e-01 -5.910829585271584197e-01
-2.427617627435144920e-01 -5.910829585271584197e-01 1.000000000000000000e+00 1.000000000000000021e-08 -3.293450714826067216e-01 -8.658330873909224623e-01
-3.293450714826067216e-01 -8.658330873909224623e-01 2.000000000000000000e+00 1.000000000000000021e-08 -5.584184288936244744e-01 -2.290733574110177084e+00
-5.584184288936244744e-01 -2.290733574110177084e+00 0.000000000000000000e+00 1.000000000000000021e-08 -7.935195369012812971e-01 -2.351011080076568227e+00
-7.935195369012812971e-01 -2.351011080076568227e+00 1.000000000000000000e+00 1.000000000000000021e-08 -1.144058839516065351e+00 -3.505393026147839208e+00
-1.144058839516065351e+00 -3.505393026147839208e+00 0.000000000000000000e+00 9.999000000000000110e-01 -1.570796326794896558e+00 -4.455953750014097103e+00
3.802938283144292886e-02 -7.217682688118165490e-02 1.000000000000000000e+00 1.000000000000000021e-08 3.635805434244052115e-02 -1.671328489002411183e-02
3.635805434244052115e-02 -1.671328489002411183e-02 0.000000000000000000e+00 1.000000000000000021e-08 1.454508440645284617e-01 1.090927897220879350e+00
1.454508440645284617e-01 1.090927897220879350e+00 0.000000000000000000e+00 1.000000000000000021e-08 3.624756412846853459e-01 2.170247972201568842e+00
3.624756412846853459e-01 2.170247972201568842e+00 2.000000000000000000e+00 1.000000000000000021e-08 5.585826528643896838e-01 1.961070115797043600e+00
5.585826528643896838e-01 1.961070115797043600e+00 0.000000000000000000e+00 1.000000000000000021e-08 9.082077701263748803e-01 3.496251172619851300e+00
9.082077701263748803e-01 3.496251172619851300e+00 1.000000000000000000e+00 1.000000000000000021e-08 1.369153358944743548e+00 4.609455888183687122e+00
1.369153358944743548e+00 4.609455888183687122e+00 1.000000000000000000e+00 9.999000000000000110e-01 1.570796326794896558e+00 5.000000000000000000e+00
-7.170287293862026567e-02 2.999281184845114384e-02 1.000000000000000000e+00 1.000000000000000021e-08 -8.780083074406122567e-02 -1.609795780544095722e-01
-8.780083074406122567e-02 -1.609795780544095722e-01 1.000000000000000000e+00 1.000000000000000021e-08 -1.053430090846807360e-01 -1.754217834061950476e-01
-1.053430090846807360e-01 -1.754217834061950476e-01 0.000000000000000000e+00 1.000000000000000021e-08 -4.073045104961724172e-02 6.461255803506349427e-01
-4.073045104961724172e-02 6.461255803506349427e-01 2.000000000000000000e+00 1.000000000000000021e-08 -8.730541815576918496e-02 -4.657496710615194324e-01
-8.730541815576918496e-02 -4.657496710615194324e-01 2.000000000000000000e+00 1.000000000000000021e-08 -2.360790266461987308e-01 -1.487736084904295319e+00
-2.360790266461987308e-01 -1.487736084904295319e+00 0.000000000000000000e+00 1.000000000000000021e-08 -3.327993367854698570e-01 -9.672031013927110399e-01
-3.327993367854698570e-01 -9.672031013927110399e-01 0.000000000000000000e+00 1.000000000000000021e-08 -4.071033267238430842e-01 -7.430398993837323829e-01
-4.071033267238430842e-01 -7.430398993837323829e-01 2.000000000000000000e+00 1.000000000000000021e-08 -6.178381989442669475e-01 -2.107348722204239078e+00
-6.178381989442669475e-01 -2.107348722204239078e+00 0.000000000000000000e+00 1.000000000000000021e-08 -8.578022901385754517e-01 -2.399640911943085264e+00
-8.578022901385754517e-01 -2.399640911943085264e+00 1.000000000000000000e+00 1.000000000000000021e-08 -1.222084401225899342e+00 -3.642821110873237345e+00
-1.222084401225899342e+00 -3.642821110873237345e+00 1.000000000000000000e+00 9.999000000000000110e-01 -1.570796326794896558e+00 -5.000000000000000000e+00
1.147246993236065646e-02 7.708916265921678113e-02 0.000000000000000000e+00 1.000000000000000021e-08 1.208612517709909684e-01 1.093887818386303001e+00
1.208612517709909684e-01 1.093887818386303001e+00 1.000000000000000000e+00 1.000000000000000021e-08 2.343428636348810490e-01 1.134816118638900750e+00
2.343428636348810490e-01 1.134816118638900750e+00 2.000000000000000000e+00 1.000000000000000021e-08 3.044813259486580659e-01 7.013846231377698359e-01
3.044813259486580659e-01 7.013846231377698359e-01 0.000000000000000000e+00 1.000000000000000021e-08 5.134872351955177550e-01 2.090059092468597335e+00
5.134872351955177550e-01 2.090059092468597335e+00 0.000000000000000000e+00 1.000000000000000021e-08 8.620420546769135273e-01 3.485548194813957501e+00
8.620420546769135273e-01 3.485548194813957501e+00 2.000000000000000000e+00 1.000000000000000021e-08 1.267832174792952848e+00 4.057901201160392546e+00
1.267832174792952848e+00 4.057901201160392546e+00 1.000000000000000000e+00 9.999000000000000110e-01 1.570796326794896558e+00 5.000000000000000000e+00
-1.510281621997692537e-02 -7.688752644596014152e-02 1.000000000000000000e+00 1.000000000000000021e-08 -1.257282343939530346e-02 2.529992780581621914e-02
-1.257282343939530346e-02 2.529992780581621914e-02 2.000000000000000000e+00 1.000000000000000021e-08 -1.089358648524557244e-01 -9.636304141306041293e-01
-1.089358648524557244e-01 -9.636304141306041293e-01 0.000000000000000000e+00 1.000000000000000021e-08 -1.303137172910547870e-01 -2.137785243859907647e-01
-1.303137172910547870e-01 -2.137785243859907647e-01 0.000000000000000000e+00 1.000000000000000021e-08 -9.068719657754248376e-02 3.962652071351229210e-01
-9.068719657754248376e-02 3.962652071351229210e-01 2.000000000000000000e+00 1.000000000000000021e-08 -1.697622796960263913e-01 -7.907508311848390203e-01
-1.697622796960263913e-01 -7.907508311848390203e-01 0.000000000000000000e+00 1.000000000000000021e-08 -1.908428908097146437e-01 -2.108061111368825236e-01
-1.908428908097146437e-01 -2.108061111368825236e-01 2.000000000000000000e+00 1.000000000000000021e-08 -3.427973448023171610e-01 -1.519544539926025006e+00
-3.427973448023171610e-01 -1.519544539926025006e+00 2.000000000000000000e+00 1.000000000000000021e-08 -6.228945648503940724e-01 -2.800972200480768670e+00
-6.228945648503940724e-01 -2.800972200480768670e+00 0.000000000000000000e+00 1.000000000000000021e-08 -9.140178881249809706e-01 -2.911233232745868982e+00
-9.140178881249809706e-01 -2.911233232745868982e+00 0.000000000000000000e+00 1.000000000000000021e-08 -1.271228409600801745e+00 -3.572105214758208191e+00
-1.271228409600801745e+00 -3.572105214758208191e+00 0.000000000000000000e+00 9.999000000000000110e-01 -1.570796326794896558e+00 -4.692629583191753717e+00
4.669732182510731577e-02 -5.624769891171622904e-02 2.000000000000000000e+00 1.000000000000000021e-08 -5.562786859035939724e-02 -1.023251904154667047e+00
-5.562786859035939724e-02 -1.023251904154667047e+00 0.000000000000000000e+00 1.000000000000000021e-08 -8.760737454350206455e-02 -3.197950595314267286e-01
-8.760737454350206455e-02 -3.197950595314267286e-01 2.000000000000000000e+00 1.000000000000000021e-08 -2.368360588464543670e-01 -1.492286843029523080e+00
-2.368360588464543670e-01 -1.492286843029523080e+00 1.000000000000000000e+00 1.000000000000000021e-08 -4.243318194957165779e-01 -1.874957606492621887e+00
-4.243318194957165779e-01 -1.874957606492621887e+00 2.000000000000000000e+00 1.000000000000000021e-08 -7.611013760899580927e-01 -3.367695565942414593e+00
-7.611013760899580927e-01 -3.367695565942414593e+00 0.000000000000000000e+00 1.000000000000000021e-08 -1.141048010902088850e+00 -3.799466348121306680e+00
-1.141048010902088850e+00 -3.799466348121306680e+00 1.000000000000000000e+00 9.999000000000000110e-01 -1.570796326794896558e+00 -5.000000000000000000e+00
8.209680156168393250e-02 -3.388605042896659925e-02 2.000000000000000000e+00 1.000000000000000021e-08 7.397812368590966914e-03 -7.469898919309296836e-01
7.397812368590966914e-03 -7.469898919309296836e-01 1.000000000000000000e+00 1.000000000000000021e-08 -7.307540114073790560e-02 -8.047321350932886697e-01
-7.307540114073790560e-02 -8.047321350932886697e-01 1.000000000000000000e+00 1.000000000000000021e-08 -1.573897069243583857e-01 -8.431430578362048012e-01
-1.573897069243583857e-01 -8.431430578362048012e-01 1.000000000000000000e+00 1.000000000000000021e-08 -2.738855503720579176e-01 -1.164958434476995208e+00
-2.738855503720579176e-01 -1.164958434476995208e+00 0.000000000000000000e+00 1.000000000000000021e-08 -3.484458362512879992e-01 -7.456028587923010376e-01
-3.484458362512879992e-01 -7.456028587923010376e-01 2.000000000000000000e+00 1.000000000000000021e-08 -5.611820905474036447e-01 -2.127362542961156677e+00
-5.611820905474036447e-01 -2.127362542961156677e+00 2.000000000000000000e+00 1.000000000000000021e-08 -9.151782722482936228e-01 -3.539961817008899558e+00
-9.151782722482936228e-01 -3.539961817008899558e+00 1.000000000000000000e+00 1.000000000000000021e-08 -1.391961649336575402e+00 -4.767833770882818456e+00
-1.391961649336575402e+00 -4.767833770882818456e+00 2.000000000000000000e+00 9.999000000000000110e-01 -1.570796326794896558e+00 -5.000000000000000000e+00
-2.128539653979959895e-02 5.025774911028790815e-02 1.000000000000000000e+00 1.000000000000000021e-08 -4.771338754443896213e-03 1.651405778535570135e-01
-4.771338754443896213e-03 1.651405778535570135e-01 2.000000000000000000e+00 1.000000000000000021e-08 -8.585896047883724569e-02 -8.108762172439334392e-01
-8.585896047883724569e-02 -8.108762172439334392e-01 2.000000000000000000e+00 1.000000000000000021e-08 -2.538374972616819214e-01 -1.679785367828446896e+00
-2.538374972616819214e-01 -1.679785367828446896e+00 2.000000000000000000e+00 1.000000000000000021e-08 -5.442543192284484688e-01 -2.904168219667665252e+00
-5.442543192284484688e-01 -2.904168219667665252e+00 1.000000000000000000e+00 1.000000000000000021e-08 -9.049748544629157010e-01 -3.607205352344671656e+00
-9.049748544629157010e-01 -3.607205352344671656e+00 0.000000000000000000e+00 1.000000000000000021e-08 -1.323484628698541998e+00 -4.185097742356262529e+00
-1.323484628698541998e+00 -4.185097742356262529e+00 2.000000000000000000e+00 9.999000000000000110e-01 -1.570796326794896558e+00 -5.000000000000000000e+00
4.521868383831419841e-02 5.139307894937581583e-02 1.000000000000000000e+00 1.000000000000000021e-08 4.341392687093869468e-02 -1.804756967375505811e-02
4.341392687093869468e-02 -1.804756967375505811e-02 0.000000000000000000e+00 1.000000000000000021e-08 1.294645276240849463e-01 8.605060075314625578e-01
1.294645276240849463e-01 8.605060075314625578e-01 1.000000000000000000e+00 1.000000000000000021e-08 2.421431490269608799e-01 1.126786214028759225e+00
2.421431490269608799e-01 1.126786214028759225e+00 1.000000000000000000e+00 1.000000000000000021e-08 3.790300959125464386e-01 1.368869468855855143e+00
3.790300959125464386e-01 1.368869468855855143e+00 0.000000000000000000e+00 1.000000000000000021e-08 6.491779503289081266e-01 2.701478544163617546e+00
6.491779503289081266e-01 2.701478544163617546e+00 2.000000000000000000e+00 1.000000000000000021e-08 9.362476582663180613e-01 2.870697079374099125e+00
9.362476582663180613e-01 2.870697079374099125e+00 1.000000000000000000e+00 1.000000000000000021e-08 1.334137777104770883e+00 3.978901188384527554e+00
1.334137777104770883e+00 3.978901188384527554e+00 2.000000000000000000e+00 9.999000000000000110e-01 1.570796326794896558e+00 5.000000000000000000e+00
-1.396131841817542865e-02 -4.726424898303793753e-02 2.000000000000000000e+00 1.000000000000000021e-08 -9.940179808928387151e-02 -8.544047967110843800e-01
-9.940179808928387151e-02 -8.544047967110843800e-01 1.000000000000000000e+00 1.000000000000000021e-08 -1.868144121653887713e-01 -8.741261407610489975e-01
-1.868144121653887713e-01 -8.741261407610489975e-01 1.000000000000000000e+00 1.000000000000000021e-08 -3.073936775319018877e-01 -1.205792653665131109e+00
-3.073936775319018877e-01 -1.205792653665131109e+00 2.000000000000000000e+00 1.000000000000000021e-08 -5.645965742520852038e-01 -2.572028967201832828e+00
-5.645965742520852038e-01 -2.572028967201832828e+00 2.000000000000000000e+00 1.000000000000000021e-08 -9.661990931161149598e-01 -4.016025188640297117e+00
-9.661990931161149598e-01 -4.016025188640297117e+00 0.000000000000000000e+00 1.000000000000000021e-08 -1.439383945106237572e+00 -4.731848519901227235e+00
-1.439383945106237572e+00 -4.731848519901227235e+00 0.000000000000000000e+00 9.999000000000000110e-01 -1.570796326794896558e+00 -5.000000000000000000e+00
4.851759438604677510e-02 -6.236601349793872290e-02 1.000000000000000000e+00 1.000000000000000021e-08 5.009099829899162776e-02 1.573403912944850574e-02
5.009099829899162776e-02 1.573403912944850574e-02 2.000000000000000000e+00 1.000000000000000021e-08 -3.897298262836799282e-02 -8.906398092735960947e-01
-3.897298262836799282e-02 -8.906398092735960947e-01 2.000000000000000000e+00 1.000000000000000021e-08 -2.101375090390537881e-01 -1.711645264106857800e+00
-2.101375090390537881e-01 -1.711645264106857800e+00 2.000000000000000000e+00 1.000000000000000021e-08 -4.961378550108719310e-01 -2.860003459718181151e+00
-4.961378550108719310e-01 -2.860003459718181151e+00 2.000000000000000000e+00 1.000000000000000021e-08 -9.341673629195544892e-01 -4.380295079086825361e+00
-9.341673629195544892e-01 -4.380295079086825361e+00 0.000000000000000000e+00 1.000000000000000021e-08 -1.435477147543642751e+00 -5.000000000000000000e+00
-1.435477147543642751e+00 -5.000000000000000000e+00 0.000000000000000000e+00 9.999000000000000110e-01 -1.570796326794896558e+00 -5.000000000000000000e+00
5.941166691467122951e-02 -7.500266664272071948e-02 1.000000000000000000e+00 1.000000000000000021e-08 6.754068204580694623e-02 8.129015131135718109e-02
6.754068204580694623e-02 8.129015131135718109e-02 1.000000000000000000e+00 1.000000000000000021e-08 9.617003893085016020e-02 2.862935688504320564e-01
9.617003893085016020e-02 2.862935688504320564e-01 2.000000000000000000e+00 1.000000000000000021e-08 4.733610986408773313e-02 -4.883392906676242151e-01
4.733610986408773313e-02 -4.883392906676242151e-01 0.000000000000000000e+00 1.000000000000000021e-08 8.183087886391161858e-02 3.449476899982388267e-01
8.183087886391161858e-02 3.449476899982388267e-01 0.000000000000000000e+00 1.000000000000000021e-08 2.328448912985214281e-01 1.510140124346098123e+00
2.328448912985214281e-01 1.510140124346098123e+00 2.000000000000000000e+00 1.000000000000000021e-08 3.310831435294577796e-01 9.823825223093632930e-01
3.310831435294577796e-01 9.823825223093632930e-01 1.000000000000000000e+00 1.000000000000000021e-08 4.980869068278155343e-01 1.670037632983577769e+00
4.980869068278155343e-01 1.670037632983577769e+00 1.000000000000000000e+00 1.000000000000000021e-08 7.521706631538700449e-01 2.540837563260545107e+00
7.521706631538700449e-01 2.540837563260545107e+00 1.000000000000000000e+00 1.000000000000000021e-08 1.113573374700581597e+00 3.614027115467115081e+00
1.113573374700581597e+00 3.614027115467115081e+00 0.000000000000000000e+00 9.999000000000000110e-01 1.570796326794896558e+00 5.000000000000000000e+00
8.298183342344339630e-02 7.634679990382864379e-04 2.000000000000000000e+00 1.000000000000000021e-08 1.804696663942799428e-02 -6.493486678401539924e-01
1.804696663942799428e-02 -6.493486678401539924e-01 2.000000000000000000e+00 1.000000000000000021e-08 -1.484466608429817480e-01 -1.664936274824097229e+00
-1.484466608429817480e-01 -1.664936274824097229e+00 2.000000000000000000e+00 1.000000000000000021e-08 -4.093475780531128927e-01 -2.609009172101311336e+00
-4.093475780531128927e-01 -2.609009172101311336e+00 2.000000000000000000e+00 1.000000000000000021e-08 -8.161471289071626778e-01 -4.067995508540497518e+00
-8.161471289071626778e-01 -4.067995508540497518e+00 0.000000000000000000e+00 1.000000000000000021e-08 -1.263759626058034602e+00 -4.476124971508720130e+00
-1.263759626058034602e+00 -4.476124971508720130e+00 0.000000000000000000e+00 9.999000000000000110e-01 -1.570796326794896558e+00 -5.000000000000000000e+00
5.306376368537438215e-04 -7.559509813018869956e-03 0.000000000000000000e+00 1.000000000000000021e-08 7.627905807342955091e-02 7.574842043657579183e-01
7.627905807342955091e-02 7.574842043657579183e-01 2.000000000000000000e+00 1.000000000000000021e-08 7.761041140743957234e-02 1.331353334010021428e-02
7.761041140743957234e-02 1.331353334010021428e-02 1.000000000000000000e+00 1.000000000000000021e-08 8.608417363882957252e-02 8.473762231390002952e-02
8.608417363882957252e-02 8.473762231390002952e-02 1.000000000000000000e+00 1.000000000000000021e-08 1.220940346659644266e-01 3.600986102713485404e-01
1.220940346659644266e-01 3.600986102713485404e-01 2.000000000000000000e+00 1.000000000000000021e-08 7.449067672788092787e-02 -4.760335793808349591e-01
7.449067672788092787e-02 -4.760335793808349591e-01 0.000000000000000000e+00 1.000000000000000021e-08 1.425948002759171163e-01 6.810412354803618840e-01
1.425948002759171163e-01 6.810412354803618840e-01 0.000000000000000000e+00 1.000000000000000021e-08 3.305884724183684176e-01 1.879936721424512625e+00
3.305884724183684176e-01 1.879936721424512625e+00 1.000000000000000000e+00 1.000000000000000021e-08 5.615518840697035774e-01 2.309634116513351820e+00
5.615518840697035774e-01 2.309634116513351820e+00 2.000000000000000000e+00 1.000000000000000021e-08 8.115924451143885499e-01 2.500405610446849280e+00
8.115924451143885499e-01 2.500405610446849280e+00 2.000000000000000000e+00 1.000000000000000021e-08 1.115628585257941729e+00 3.040361401435530908e+00
1.115628585257941729e+00 3.040361401435530908e+00 1.000000000000000000e+00 1.000000000000000021e-08 1.556536598600080534e+00 4.409080133421388936e+00
1.556536598600080534e+00 4.409080133421388936e+00 2.000000000000000000e+00 9.999000000000000110e-01 1.570796326794896558e+00 5.000000000000000000e+00
6.786978751401677445e-02 1.932205261804252963e-02 2.000000000000000000e+00 1.000000000000000021e-08 -7.403374485235661440e-03 -7.527316199925243589e-01
-7.403374485235661440e-03 -7.527316199925243589e-01 1.000000000000000000e+00 1.000000000000000021e-08 -6.784444246453327776e-02 -6.044106797929761354e-01
-6.784444246453327776e-02 -6.044106797929761354e-01 2.000000000000000000e+00 1.000000000000000021e-08 -2.154605962566158162e-01 -1.476161537920825273e+00
-2.154605962566158162e-01 -1.476161537920825273e+00 1.000000000000000000e+00 1.000000000000000021e-08 -4.137637425895948073e-01 -1.983031463329790078e+00
-4.137637425895948073e-01 -1.983031463329790078e+00 0.000000000000000000e+00 1.000000000000000021e-08 -5.897295743175536842e-01 -1.759658317279589212e+00
-5.897295743175536842e-01 -1.759658317279589212e+00 1.000000000000000000e+00 1.000000000000000021e-08 -8.632113948683733939e-01 -2.734818205508196876e+00
-8.632113948683733939e-01 -2.734818205508196876e+00 1.000000000000000000e+00 1.000000000000000021e-08 -1.242384335483800895e+00 -3.791729406154275228e+00
-1.242384335483800895e+00 -3.791729406154275228e+00 1.000000000000000000e+00 9.999000000000000110e-01 -1.570796326794896558e+00 -5.000000000000000000e+00
3.727830209877474460e-02 -3.301176674314174053e-02 0.000000000000000000e+00 1.000000000000000021e-08 1.162758987850689707e-01 7.899759668629422471e-01
1.162758987850689707e-01 7.899759668629422471e-01 1.000000000000000000e+00 1.000000000000000021e-08 2.182935185559323754e-01 1.020176197708634103e+00
2.182935185559323754e-01 1.020176197708634103e+00 0.000000000000000000e+00 1.000000000000000021e-08 4.291639513789675675e-01 2.108704328230352143e+00
4.291639513789675675e-01 2.108704328230352143e+00 1.000000000000000000e+00 1.000000000000000021e-08 7.022267478884176573e-01 2.730627965094500009e+00
7.022267478884176573e-01 2.730627965094500009e+00 2.000000000000000000e+00 1.000000000000000021e-08 1.019123776440554963e+00 3.168970285521373942e+00
1.019123776440554963e+00 3.168970285521373942e+00 2.000000000000000000e+00 1.000000000000000021e-08 1.411557277724938553e+00 3.924335012843835457e+00
1.411557277724938553e+00 3.924335012843835457e+00 1.000000000000000000e+00 9.999000000000000110e-01 1.570796326794896558e+00 5.000000000000000000e+00
-3.851901517506993444e-02 1.374109574162112046e-02 0.000000000000000000e+00 1.000000000000000021e-08 4.484965338688952363e-02 8.336866856195944697e-01
4.484965338688952363e-02 8.336866856195944697e-01 0.000000000000000000e+00 1.000000000000000021e-08 2.117960607815960739e-01 1.669464073947065419e+00
2.117960607815960739e-01 1.669464073947065419e+00 2.000000000000000000e+00 1.000000000000000021e-08 3.191747655280070539e-01 1.073787047464109801e+00
3.191747655280070539e-01 1.073787047464109801e+00 1.000000000000000000e+00 1.000000000000000021e-08 4.955180269964983841e-01 1.763432614684912858e+00
4.955180269964983841e-01 1.763432614684912858e+00 0.000000000000000000e+00 1.000000000000000021e-08 8.110719496903989745e-01 3.155539226939005903e+00
8.110719496903989745e-01 3.155539226939005903e+00 2.000000000000000000e+00 1.000000000000000021e-08 1.183915600073772723e+00 3.728436503833736815e+00
1.183915600073772723e+00 3.728436503833736815e+00 1.000000000000000000e+00 9.999000000000000110e-01 1.570796326794896558e+00 5.000000000000000000e+00
-2.675161833049045229e-02 -3.527736349647020431e-02 2.000000000000000000e+00 1.000000000000000021e-08 -1.244128308369197855e-01 -9.766121250642931795e-01
-1.244128308369197855e-01 -9.766121250642931795e-01 2.000000000000000000e+00 1.000000000000000021e-08 -3.283847106833828189e-01 -2.039718798464630112e+00
-3.283847106833828189e-01 -2.039718798464630112e+00 1.000000000000000000e+00 1.000000000000000021e-08 -5.856726069196085405e-01 -2.572878962362256328e+00
-5.856726069196085405e-01 -2.572878962362256328e+00 2.000000000000000000e+00 1.000000000000000021e-08 -9.868895390089276187e-01 -4.012169320893191227e+00
-9.868895390089276187e-01 -4.012169320893191227e+00 0.000000000000000000e+00 1.000000000000000021e-08 -1.460236522088059541e+00 -4.733469830791317889e+00
-1.460236522088059541e+00 -4.733469830791317889e+00 1.000000000000000000e+00 9.999000000000000110e-01 -1.570796326794896558e+00 -5.000000000000000000e+00
-3.668837108656484297e-02 -6.338421871333513313e-02 0.000000000000000000e+00 1.000000000000000021e-08 3.101907937485726824e-02 6.770745046142211399e-01
3.101907937485726824e-02 6.770745046142211399e-01 0.000000000000000000e+00 1.000000000000000021e-08 1.949777140469090286e-01 1.639586346720517618e+00
1.949777140469090286e-01 1.639586346720517618e+00 1.000000000000000000e+00 1.000000000000000021e-08 4.082811817456696302e-01 2.133034676987606293e+00
4.082811817456696302e-01 2.133034676987606293e+00 1.000000000000000000e+00 1.000000000000000021e-08 6.981692560309360474e-01 2.898880742852664394e+00
6.981692560309360474e-01 2.898880742852664394e+00 0.000000000000000000e+00 1.000000000000000021e-08 1.149737817471836454e+00 4.515685614409003179e+00
1.149737817471836454e+00 4.515685614409003179e+00 2.000000000000000000e+00 9.999000000000000110e-01 1.570796326794896558e+00 5.000000000000000000e+00
-2.849488325603988931e-02 8.363218410557449189e-02 0.000000000000000000e+00 1.000000000000000021e-08 5.503705376644552755e-02 8.353193702248541408e-01
5.503705376644552755e-02 8.353193702248541408e-01 2.000000000000000000e+00 1.000000000000000021e-08 5.771629092126444316e-02 2.679237154818914224e-02
5.771629092126444316e-02 2.679237154818914224e-02 0.000000000000000000e+00 1.000000000000000021e-08 1.721678842655224306e-01 1.144515933442579847e+00
1.721678842655224306e-01 1.144515933442579847e+00 0.000000000000000000e+00 1.000000000000000021e-08 3.906039132314933493e-01 2.184360289659709409e+00
3.906039132314933493e-01 2.184360289659709409e+00 0.000000000000000000e+00 1.000000000000000021e-08 7.605119841216443355e-01 3.699080708901509418e+00
7.605119841216443355e-01 3.699080708901509418e+00 1.000000000000000000e+00 1.000000000000000021e-08 1.219484419943050568e+00 4.589724358214061439e+00
1.219484419943050568e+00 4.589724358214061439e+00 0.000000000000000000e+00 9.999000000000000110e-01 1.570796326794896558e+00 5.000000000000000000e+00
-8.955281730107112620e-03 3.222469423991104753e-02 2.000000000000000000e+00 1.000000000000000021e-08 -8.739257164969774228e-02 -7.843728991959062480e-01
-8.739257164969774228e-02 -7.843728991959062480e-01 0.000000000000000000e+00 1.000000000000000021e-08 -9.560484139843483664e-02 -8.212269748737088815e-02
-9.560484139843483664e-02 -8.212269748737088815e-02 1.000000000000000000e+00 1.000000000000000021e-08 -1.077604279449102948e-01 -1.215558654647545256e-01
-1.077604279449102948e-01 -1.215558654647545256e-01 0.000000000000000000e+00 1.000000000000000021e-08 -5.973949336961213719e-02 4.802093457529815757e-01
-5.973949336961213719e-02 4.802093457529815757e-01 2.000000000000000000e+00 1.000000000000000021e-08 -1.180236713480595501e-01 -5.828417797844741566e-01
-1.180236713480595501e-01 -5.828417797844741566e-01 0.000000000000000000e+00 1.000000000000000021e-08 -1.221429477189337892e-01 -4.119276370874236370e-02
-1.221429477189337892e-01 -4.119276370874236370e-02 0.000000000000000000e+00 1.000000000000000021e-08 -5.307345039864919123e-02 6.906949732028460076e-01
-5.307345039864919123e-02 6.906949732028460076e-01 0.000000000000000000e+00 1.000000000000000021e-08 1.079128984192375407e-01 1.609863488178867152e+00
1.079128984192375407e-01 1.609863488178867152e+00 1.000000000000000000e+00 1.000000000000000021e-08 2.739631296497484492e-01 1.660502312305108807e+00
2.739631296497484492e-01 1.660502312305108807e+00 2.000000000000000000e+00 1.000000000000000021e-08 3.957171197319000466e-01 1.217539900821515753e+00
3.957171197319000466e-01 1.217539900821515753e+00 2.000000000000000000e+00 1.000000000000000021e-08 5.151701606814669265e-01 1.194530409495669243e+00
5.151701606814669265e-01 1.194530409495669243e+00 0.000000000000000000e+00 1.000000000000000021e-08 7.802665557840831045e-01 2.650963951026162224e+00
7.802665557840831045e-01 2.650963951026162224e+00 1.000000000000000000e+00 1.000000000000000021e-08 1.151043503829266346e+00 3.707769480451831967e+00
1.151043503829266346e+00 3.707769480451831967e+00 2.000000000000000000e+00 9.999000000000000110e-01 1.570796326794896558e+00 4.717481423066732127e+00
2.947070291886360119e-02 5.115718424276946563e-02 0.000000000000000000e+00 1.000000000000000021e-08 1.128225730791048570e-01 8.335187016024125928e-01
1.128225730791048570e-01 8.335187016024125928e-01 0.000000000000000000e+00 1.000000000000000021e-08 3.165374282423601415e-01 2.037148551632552707e+00
3.165374282423601415e-01 2.037148551632552707e+00 2.000000000000000000e+00 1.000000000000000021e-08 4.833783747319262414e-01 1.668409464895660888e+00
4.833783747319262414e-01 1.668409464895660888e+00 2.000000000000000000e+00 1.000000000000000021e-08 6.438213382976434307e-01 1.604429635657171449e+00
6.438213382976434307e-01 1.604429635657171449e+00 1.000000000000000000e+00 1.000000000000000021e-08 9.001559618980223831e-01 2.563346236003789080e+00
9.001559618980223831e-01 2.563346236003789080e+00 2.000000000000000000e+00 1.000000000000000021e-08 1.226294669866928366e+00 3.261387079689059387e+00
1.226294669866928366e+00 3.261387079689059387e+00 1.000000000000000000e+00 9.999000000000000110e-01 1.570796326794896558e+00 4.618468314484857729e+00
6.288029334769501544e-02 4.893508726135867987e-03 2.000000000000000000e+00 1.000000000000000021e-08 2.464267748227132182e-03 -6.041602559946788187e-01
2.464267748227132182e-03 -6.041602559946788187e-01 1.000000000000000000e+00 1.000000000000000021e-08 -4.376345080323580661e-02 -4.622771855146293740e-01
-4.376345080323580661e-02 -4.622771855146293740e-01 2.000000000000000000e+00 1.000000000000000021e-08 -1.996077373158395285e-01 -1.558442865126036914e+00
-1.996077373158395285e-01 -1.558442865126036914e+00 0.000000000000000000e+00 1.000000000000000021e-08 -3.095333073908395072e-01 -1.099255700749999898e+00
-3.095333073908395072e-01 -1.099255700749999898e+00 2.000000000000000000e+00 1.000000000000000021e-08 -5.392562344467324298e-01 -2.297229270558928782e+00
-5.392562344467324298e-01 -2.297229270558928782e+00 1.000000000000000000e+00 1.000000000000000021e-08 -8.477356448525141808e-01 -3.084794104057816622e+00
-8.477356448525141808e-01 -3.084794104057816622e+00 1.000000000000000000e+00 1.000000000000000021e-08 -1.258114247543814734e+00 -4.103786026913004648e+00
-1.258114247543814734e+00 -4.103786026913004648e+00 2.000000000000000000e+00 9.999000000000000110e-01 -1.570796326794896558e+00 -5.000000000000000000e+00
5.372017554304227283e-02 6.538133680469612741e-02 0.000000000000000000e+00 1.000000000000000021e-08 1.445756164896135898e-01 9.085544094657129754e-01
1.445756164896135898e-01 9.085544094657129754e-01 0.000000000000000000e+00 1.000000000000000021e-08 3.322125583440446173e-01 1.876369418544310497e+00
3.322125583440446173e-01 1.876369418544310497e+00 0.000000000000000000e+00 1.000000000000000021e-08 6.581922779031476045e-01 3.259797195591029428e+00
6.581922779031476045e-01 3.259797195591029428e+00 0.000000000000000000e+00 1.000000000000000021e-08 1.143151524655321438e+00 4.849592467521737227e+00
1.143151524655321438e+00 4.849592467521737227e+00 0.000000000000000000e+00 9.999000000000000110e-01 1.570796326794896558e+00 5.000000000000000000e+00
-8.407234899449428367e-02 6.463547677678799230e-02 0.000000000000000000e+00 1.000000000000000021e-08 -7.382079624621992742e-03 7.669026936987228815e-01
-7.382079624621992742e-03 7.669026936987228815e-01 1.000000000000000000e+00 1.000000000000000021e-08 6.032261928803771267e-02 6.770469891265969986e-01
6.032261928803771267e-02 6.770469891265969986e-01 2.000000000000000000e+00 1.000000000000000021e-08 5.717114553754056722e-02 -3.151473750497146842e-02
5.717114553754056722e-02 -3.151473750497146842e-02 0.000000000000000000e+00 1.000000000000000021e-08 1.637285748949038888e-01 1.065574293573633202e+00
1.637285748949038888e-01 1.065574293573633202e+00 0.000000000000000000e+00 1.000000000000000021e-08 3.826900843143201669e-01 2.189615094194162559e+00
3.826900843143201669e-01 2.189615094194162559e+00 1.000000000000000000e+00 1.000000000000000021e-08 6.592018398731143147e-01 2.765117555587941034e+00
6.592018398731143147e-01 2.765117555587941034e+00 1.000000000000000000e+00 1.000000000000000021e-08 1.036632468937949803e+00 3.774306290648354434e+00
1.036632468937949803e+00 3.774306290648354434e+00 0.000000000000000000e+00 9.999000000000000110e-01 1.570796326794896558e+00 5.000000000000000000e+00
6.165303324773677152e-02 7.093554302101631737e-02 2.000000000000000000e+00 1.000000000000000021e-08 -4.216487586292949619e-03 -6.586952083402971558e-01
-4.216487586292949619e-03 -6.586952083402971558e-01 1.000000000000000000e+00 1.000000000000000021e-08 -8.602596784202393154e-02 -8.180948025573098192e-01
-8.602596784202393154e-02 -8.180948025573098192e-01 2.000000000000000000e+00 1.000000000000000021e-08 -2.839098851454155970e-01 -1.978839173033916321e+00
-2.839098851454155970e-01 -1.978839173033916321e+00 2.000000000000000000e+00 1.000000000000000021e-08 -6.234842569253846722e-01 -3.395743717799690753e+00
-6.234842569253846722e-01 -3.395743717799690753e+00 1.000000000000000000e+00 1.000000000000000021e-08 -1.041274190728717519e+00 -4.177899338033328469e+00
-1.041274190728717519e+00 -4.177899338033328469e+00 1.000000000000000000e+00 9.999000000000000110e-01 -1.570796326794896558e+00 -5.000000000000000000e+00
4.478382945902104062e-02 -7.907257166676281979e-02 2.000000000000000000e+00 1.000000000000000021e-08 -5.108460576064721703e-02 -9.586843521966825765e-01
-5.108460576064721703e-02 -9.586843521966825765e-01 1.000000000000000000e+00 1.000000000000000021e-08 -1.462087590527356706e-01 -9.512415329208846471e-01
-1.462087590527356706e-01 -9.512415329208846471e-01 1.000000000000000000e+00 1.000000000000000021e-08 -2.773393246629790032e-01 -1.311305656102433215e+00
-2.773393246629790032e-01 -1.311305656102433215e+00 2.000000000000000000e+00 1.000000000000000021e-08 -5.513534850654642216e-01 -2.740141604024852295e+00
-5.513534850654642216e-01 -2.740141604024852295e+00 0.000000000000000000e+00 1.000000000000000021e-08 -8.390720886491984665e-01 -2.877186035837342448e+00
-8.390720886491984665e-01 -2.877186035837342448e+00 1.000000000000000000e+00 1.000000000000000021e-08 -1.229083030403754329e+00 -3.900109417545559509e+00
-1.229083030403754329e+00 -3.900109417545559509e+00 0.000000000000000000e+00 9.999000000000000110e-01 -1.570796326794896558e+00 -4.960386379273121094e+00
-3.715656762544740366e-02 -4.122543588073131898e-02 0.000000000000000000e+00 1.000000000000000021e-08 4.238149506758419338e-02 7.953806269303158594e-01
4.238149506758419338e-02 7.953806269303158594e-01 1.000000000000000000e+00 1.000000000000000021e-08 1.133721708630058556e-01 7.099067579542165385e-01
1.133721708630058556e-01 7.099067579542165385e-01 2.000000000000000000e+00 1.000000000000000021e-08 1.078134198365869878e-01 -5.558751026418862207e-02
1.078134198365869878e-01 -5.558751026418862207e-02 0.000000000000000000e+00 1.000000000000000021e-08 2.059675731355083417e-01 9.815415329892133167e-01
2.059675731355083417e-01 9.815415329892133167e-01 0.000000000000000000e+00 1.000000000000000021e-08 4.248529549910088354e-01 2.188853818555004604e+00
4.248529549910088354e-01 2.188853818555004604e+00 0.000000000000000000e+00 1.000000000000000021e-08 7.849903531986995864e-01 3.601373982076907510e+00
7.849903531986995864e-01 3.601373982076907510e+00 1.000000000000000000e+00 1.000000000000000021e-08 1.236399322895757047e+00 4.514089696970573939e+00
1.236399322895757047e+00 4.514089696970573939e+00 2.000000000000000000e+00 9.999000000000000110e-01 1.570796326794896558e+00 5.000000000000000000e+00
6.925184303979529943e-04 -3.480478577367319276e-02 1.000000000000000000e+00 1.000000000000000021e-08 6.064283339011038165e-03 5.371764908613085171e-02
6.064283339011038165e-03 5.371764908613085171e-02 2.000000000000000000e+00 1.000000000000000021e-08 -8.357545738813829117e-02 -8.963974072714933072e-01
-8.357545738813829117e-02 -8.963974072714933072e-01 0.000000000000000000e+00 1.000000000000000021e-08 -1.006748911318141038e-01 -1.709943374367581814e-01
-1.006748911318141038e-01 -1.709943374367581814e-01 0.000000000000000000e+00 1.000000000000000021e-08 -5.257923240988778696e-02 4.809565872192631542e-01
-5.257923240988778696e-02 4.809565872192631542e-01 2.000000000000000000e+00 1.000000000000000021e-08 -1.057986595555225340e-01 -5.321942714563474564e-01
-1.057986595555225340e-01 -5.321942714563474564e-01 2.000000000000000000e+00 1.000000000000000021e-08 -2.742340713216028791e-01 -1.684354117660803229e+00
-2.742340713216028791e-01 -1.684354117660803229e+00 1.000000000000000000e+00 1.000000000000000021e-08 -4.899215066343868830e-01 -2.156874353127840038e+00
-4.899215066343868830e-01 -2.156874353127840038e+00 1.000000000000000000e+00 1.000000000000000021e-08 -7.861830359199097895e-01 -2.962615292855229399e+00
-7.861830359199097895e-01 -2.962615292855229399e+00 0.000000000000000000e+00 1.000000000000000021e-08 -1.127283867410480811e+00 -3.411008314905710215e+00
-1.127283867410480811e+00 -3.411008314905710215e+00 1.000000000000000000e+00 9.999000000000000110e-01 -1.570796326794896558e+00 -4.668121835076800785e+00
-6.598374897465870970e-02 6.897937450857005715e-02 1.000000000000000000e+00 1.000000000000000021e-08 -6.195545438749746475e-02 4.028294587161243556e-02
-6.195545438749746475e-02 4.028294587161243556e-02 1.000000000000000000e+00 1.000000000000000021e-08 -6.672944020415906563e-02 -4.773985816661605042e-02
-6.672944020415906563e-02 -4.773985816661605042e-02 0.000000000000000000e+00 1.000000000000000021e-08 3.372843816021889318e-03 7.010228402018094940e-01
3.372843816021889318e-03 7.010228402018094940e-01 1.000000000000000000e+00 1.000000000000000021e-08 7.616135212197379378e-02 7.278850830595190446e-01
7.616135212197379378e-02 7.278850830595190446e-01 0.000000000000000000e+00 1.000000000000000021e-08 2.535711243573675611e-01 1.774097722353937368e+00
2.535711243573675611e-01 1.774097722353937368e+00 2.000000000000000000e+00 1.000000000000000021e-08 3.815827031352416743e-01 1.280115787778741465e+00
3.815827031352416743e-01 1.280115787778741465e+00 1.000000000000000000e+00 1.000000000000000021e-08 5.668946691955644157e-01 1.853119660603227192e+00
5.668946691955644157e-01 1.853119660603227192e+00 1.000000000000000000e+00 1.000000000000000021e-08 8.303982941645382532e-01 2.635036249689738153e+00
8.303982941645382532e-01 2.635036249689738153e+00 0.000000000000000000e+00 1.000000000000000021e-08 1.261549303776750897e+00 4.311510096122126434e+00
1.261549303776750897e+00 4.311510096122126434e+00 1.000000000000000000e+00 9.999000000000000110e-01 1.570796326794896558e+00 5.000000000000000000e+00
7.475353707067317055e-02 5.630191142910641322e-03 1.000000000000000000e+00 1.000000000000000021e-08 7.406911153835597783e-02 -6.844255323171911584e-03
7.406911153835597783e-02 -6.844255323171911584e-03 1.000000000000000000e+00 1.000000000000000021e-08 9.532229509381570653e-02 2.125318355545972593e-01
9.532229509381570653e-02 2.125318355545972593e-01 0.000000000000000000e+00 1.000000000000000021e-08 2.375229487809600026e-01 1.422006536871442961e+00
2.375229487809600026e-01 1.422006536871442961e+00 0.000000000000000000e+00 1.000000000000000021e-08 4.909784889734816193e-01 2.534555401925215889e+00
4.909784889734816193e-01 2.534555401925215889e+00 0.000000000000000000e+00 1.000000000000000021e-08 8.980638741847850604e-01 4.070853852113033966e+00
8.980638741847850604e-01 4.070853852113033966e+00 0.000000000000000000e+00 1.000000000000000021e-08 1.472208104866410405e+00 5.000000000000000000e+00
1.472208104866410405e+00 5.000000000000000000e+00 2.000000000000000000e+00 9.999000000000000110e-01 1.570796326794896558e+00 5.000000000000000000e+00
3.935125048040973017e-02 -1.190721959309169048e-03 0.000000000000000000e+00 1.000000000000000021e-08 1.329549404952371505e-01 9.360369001482740092e-01
1.329549404952371505e-01 9.360369001482740092e-01 1.000000000000000000e+00 1.000000000000000021e-08 2.357172286156935526e-01 1.027622881204564020e+00
2.357172286156935526e-01 1.027622881204564020e+00 2.000000000000000000e+00 1.000000000000000021e-08 2.919038155484998676e-01 5.618658693280628169e-01
2.919038155484998676e-01 5.618658693280628169e-01 0.000000000000000000e+00 1.000000000000000021e-08 4.841767895738305905e-01 1.922729740253307007e+00
4.841767895738305905e-01 1.922729740253307007e+00 0.000000000000000000e+00 1.000000000000000021e-08 8.185188760620557558e-01 3.343420864882251209e+00
8.185188760620557558e-01 3.343420864882251209e+00 0.000000000000000000e+00 1.000000000000000021e-08 1.312511280702197691e+00 4.939924046401419133e+00
1.312511280702197691e+00 4.939924046401419133e+00 2.000000000000000000e+00 9.999000000000000110e-01 1.570796326794896558e+00 5.000000000000000000e+00
1.743036885848084014e-02 5.599152518661318356e-02 2.000000000000000000e+00 1.000000000000000021e-08 -5.170316715030233434e-02 -6.913353600878316962e-01
-5.170316715030233434e-02 -6.913353600878316962e-01 0.000000000000000000e+00 1.000000000000000021e-08 -3.164302052397763299e-02 2.006014662632470413e-01
-3.164302052397763299e-02 2.006014662632470413e-01 2.000000000000000000e+00 1.000000000000000021e-08 -1.167869485372177163e-01 -8.514392801324007776e-01
-1.167869485372177163e-01 -8.514392801324007776e-01 2.000000000000000000e+00 1.000000000000000021e-08 -3.143676232496182554e-01 -1.975806747124005280e+00
-3.143676232496182554e-01 -1.975806747124005280e+00 0.000000000000000000e+00 1.000000000000000021e-08 -4.913948590431730379e-01 -1.770272357935547491e+00
-4.913948590431730379e-01 -1.770272357935547491e+00 0.000000000000000000e+00 1.000000000000000021e-08 -6.715515053167407933e-01 -1.801566462735677332e+00
-6.715515053167407933e-01 -1.801566462735677332e+00 0.000000000000000000e+00 1.000000000000000021e-08 -8.959482058670434901e-01 -2.243967005503026524e+00
-8.959482058670434901e-01 -2.243967005503026524e+00 0.000000000000000000e+00 1.000000000000000021e-08 -1.191708039556523158e+00 -2.957598336894797786e+00
-1.191708039556523158e+00 -2.957598336894797786e+00 1.000000000000000000e+00 9.999000000000000110e-01 -1.570796326794896558e+00 -4.350425587073093681e+00
-1.748103270423490008e-04 1.980307597551616422e-02 1.000000000000000000e+00 1.000000000000000021e-08 -4.618684515514523067e-03 -4.443874188472173720e-02
-4.618684515514523067e-03 -4.443874188472173720e-02 0.000000000000000000e+00 1.000000000000000021e-08 6.103518484985865494e-02 6.565386936537317419e-01
6.103518484985865494e-02 6.565386936537317419e-01 1.000000000000000000e+00 1.000000000000000021e-08 1.403128159015587517e-01 7.927763105170009261e-01
1.403128159015587517e-01 7.927763105170009261e-01 2.000000000000000000e+00 1.000000000000000021e-08 1.545680008768952063e-01 1.425518497533646567e-01
1.545680008768952063e-01 1.425518497533646567e-01 0.000000000000000000e+00 1.000000000000000021e-08 2.937299392589458602e-01 1.391619383820506428e+00
2.937299392589458602e-01 1.391619383820506428e+00 0.000000000000000000e+00 1.000000000000000021e-08 5.759324962874944331e-01 2.822025570285485507e+00
