-7.483642834193501847e-02 -7.025968372954349839e-02 1.000000000000000000e+00 1.000000000000000021e-08 -8.921880595899653321e-02 -1.438237761706151474e-01
-8.921880595899653321e-02 -1.438237761706151474e-01 2.000000000000000000e+00 1.000000000000000021e-08 -2.156532442598509403e-01 -1.264344383008543904e+00
-2.156532442598509403e-01 -1.264344383008543904e+00 0.000000000000000000e+00 1.000000000000000021e-08 -2.816051729542132231e-01 -6.595192869436226069e-01
-2.816051729542132231e-01 -6.595192869436226069e-01 2.000000000000000000e+00 1.000000000000000021e-08 -4.785453774432909535e-01 -1.969402044890777415e+00
-4.785453774432909535e-01 -1.969402044890777415e+00 1.000000000000000000e+00 1.000000000000000021e-08 -7.579663405017300626e-01 -2.794209630584390425e+00
-7.579663405017300626e-01 -2.794209630584390425e+00 0.000000000000000000e+00 1.000000000000000021e-08 -1.079254876302766064e+00 -3.212885358010358683e+00
-1.079254876302766064e+00 -3.212885358010358683e+00 0.000000000000000000e+00 1.000000000000000021e-08 -1.488590944917990821e+00 -4.093360686152247574e+00
-1.488590944917990821e+00 -4.093360686152247574e+00 0.000000000000000000e+00 9.999000000000000110e-01 -1.570796326794896558e+00 -5.000000000000000000e+00
8.594054980684452671e-02 8.256945236395951682e-02 1.000000000000000000e+00 1.000000000000000021e-08 1.051234406320487175e-01 1.918289082520418520e-01
1.051234406320487175e-01 1.918289082520418520e-01 2.000000000000000000e+00 1.000000000000000021e-08 4.244093330079329318e-02 -6.268250733125542151e-01
4.244093330079329318e-02 -6.268250733125542151e-01 0.000000000000000000e+00 1.000000000000000021e-08 6.937110643465058124e-02 2.693017313385728251e-01
6.937110643465058124e-02 2.693017313385728251e-01 1.000000000000000000e+00 1.000000000000000021e-08 1.174820560673628250e-01 4.811094963271224101e-01
1.174820560673628250e-01 4.811094963271224101e-01 2.000000000000000000e+00 1.000000000000000021e-08 8.963427757412044394e-02 -2.784777849324238108e-01
8.963427757412044394e-02 -2.784777849324238108e-01 0.000000000000000000e+00 1.000000000000000021e-08 1.683241721557480752e-01 7.868989458162760631e-01
1.683241721557480752e-01 7.868989458162760631e-01 0.000000000000000000e+00 1.000000000000000021e-08 3.575744382456445547e-01 1.892502660898964573e+00
3.575744382456445547e-01 1.892502660898964573e+00 1.000000000000000000e+00 1.000000000000000021e-08 6.037231201323225438e-01 2.461486818866780446e+00
6.037231201323225438e-01 2.461486818866780446e+00 0.000000000000000000e+00 1.000000000000000021e-08 1.009636547879227964e+00 4.059134277469054197e+00
1.009636547879227964e+00 4.059134277469054197e+00 0.000000000000000000e+00 9.999000000000000110e-01 1.570796326794896558e+00 5.000000000000000000e+00
-1.828264317663037819e-03 -6.741556167881346262e-02 2.000000000000000000e+00 1.000000000000000021e-08 -9.905891908932068501e-02 -9.723065477165764303e-01
-9.905891908932068501e-02 -9.723065477165764303e-01 1.000000000000000000e+00 1.000000000000000021e-08 -2.215074199836833402e-01 -1.224485008943626330e+00
-2.215074199836833402e-01 -1.224485008943626330e+00 0.000000000000000000e+00 1.000000000000000021e-08 -2.890386156010086305e-01 -6.753119561732529030e-01
-2.890386156010086305e-01 -6.753119561732529030e-01 1.000000000000000000e+00 1.000000000000000021e-08 -3.944308981206322562e-01 -1.053922825196236257e+00
-3.944308981206322562e-01 -1.053922825196236257e+00 1.000000000000000000e+00 1.000000000000000021e-08 -5.596056043353998533e-01 -1.651747062147675305e+00
-5.596056043353998533e-01 -1.651747062147675305e+00 2.000000000000000000e+00 1.000000000000000021e-08 -8.754044288937429252e-01 -3.157988245583430498e+00
-8.754044288937429252e-01 -3.157988245583430498e+00 2.000000000000000000e+00 1.000000000000000021e-08 -1.362583042533158206e+00 -4.871786136394151256e+00
-1.362583042533158206e+00 -4.871786136394151256e+00 1.000000000000000000e+00 9.999000000000000110e-01 -1.570796326794896558e+00 -5.000000000000000000e+00
7.078206247226540015e-02 8.560855363707273180e-02 0.000000000000000000e+00 1.000000000000000021e-08 1.857780451213333350e-01 1.149959826490679182e+00
1.857780451213333350e-01 1.149959826490679182e+00 0.000000000000000000e+00 1.000000000000000021e-08 4.212594240252809930e-01 2.354813789039476468e+00
4.212594240252809930e-01 2.354813789039476468e+00 2.000000000000000000e+00 1.000000000000000021e-08 6.356950351106988029e-01 2.144356110854177988e+00
6.356950351106988029e-01 2.144356110854177988e+00 1.000000000000000000e+00 1.000000000000000021e-08 9.375697819272664768e-01 3.018747468165676739e+00
9.375697819272664768e-01 3.018747468165676739e+00 1.000000000000000000e+00 1.000000000000000021e-08 1.365819465889840600e+00 4.282496839625741458e+00
1.365819465889840600e+00 4.282496839625741458e+00 2.000000000000000000e+00 9.999000000000000110e-01 1.570796326794896558e+00 5.000000000000000000e+00
-4.449189328243081248e-02 1.503135207672695942e-02 0.000000000000000000e+00 1.000000000000000021e-08 2.333744365312848817e-02 6.782933693555929233e-01
2.333744365312848817e-02 6.782933693555929233e-01 0.000000000000000000e+00 1.000000000000000021e-08 2.004094618333263633e-01 1.770720181801978654e+00
2.004094618333263633e-01 1.770720181801978654e+00 1.000000000000000000e+00 1.000000000000000021e-08 4.027360637872217652e-01 2.023266019538954019e+00
4.027360637872217652e-01 2.023266019538954019e+00 2.000000000000000000e+00 1.000000000000000021e-08 5.750152963763605074e-01 1.722792325891387089e+00
5.750152963763605074e-01 1.722792325891387089e+00 2.000000000000000000e+00 1.000000000000000021e-08 7.691307402317844044e-01 1.941154438554238970e+00
7.691307402317844044e-01 1.941154438554238970e+00 0.000000000000000000e+00 1.000000000000000021e-08 1.134237352981926961e+00 3.651066127501425562e+00
1.134237352981926961e+00 3.651066127501425562e+00 1.000000000000000000e+00 9.999000000000000110e-01 1.570796326794896558e+00 4.977467668600375816e+00
-2.401619380885553628e-02 2.931534699461668669e-02 0.000000000000000000e+00 1.000000000000000021e-08 5.150321483533924077e-02 7.551940864419477428e-01
5.150321483533924077e-02 7.551940864419477428e-01 1.000000000000000000e+00 1.000000000000000021e-08 1.386139082021046465e-01 8.711069336676540154e-01
1.386139082021046465e-01 8.711069336676540154e-01 2.000000000000000000e+00 1.000000000000000021e-08 1.779877922903745358e-01 3.937388408826987263e-01
1.779877922903745358e-01 3.937388408826987263e-01 2.000000000000000000e+00 1.000000000000000021e-08 1.680257207352938154e-01 -9.962071555080709295e-02
1.680257207352938154e-01 -9.962071555080709295e-02 1.000000000000000000e+00 1.000000000000000021e-08 2.037094820638220005e-01 3.568376132852817961e-01
2.037094820638220005e-01 3.568376132852817961e-01 0.000000000000000000e+00 1.000000000000000021e-08 3.639472242820847026e-01 1.602377422182626798e+00
3.639472242820847026e-01 1.602377422182626798e+00 2.000000000000000000e+00 1.000000000000000021e-08 5.117080624673470135e-01 1.477608381852622665e+00
5.117080624673470135e-01 1.477608381852622665e+00 1.000000000000000000e+00 1.000000000000000021e-08 7.463030627432662989e-01 2.345950002759192632e+00
7.463030627432662989e-01 2.345950002759192632e+00 0.000000000000000000e+00 1.000000000000000021e-08 1.139959166655663214e+00 3.936561039123970041e+00
1.139959166655663214e+00 3.936561039123970041e+00 1.000000000000000000e+00 9.999000000000000110e-01 1.570796326794896558e+00 5.000000000000000000e+00
-2.975585433654609827e-02 -5.206079884398868984e-02 2.000000000000000000e+00 1.000000000000000021e-08 -1.248276900759064389e-01 -9.507183573936033305e-01
-1.248276900759064389e-01 -9.507183573936033305e-01 1.000000000000000000e+00 1.000000000000000021e-08 -2.439269042754132200e-01 -1.190992141995067755e+00
-2.439269042754132200e-01 -1.190992141995067755e+00 0.000000000000000000e+00 1.000000000000000021e-08 -3.332578672438701872e-01 -8.933096296845695061e-01
-3.332578672438701872e-01 -8.933096296845695061e-01 0.000000000000000000e+00 1.000000000000000021e-08 -3.957157069092063217e-01 -6.245783966533613452e-01
-3.957157069092063217e-01 -6.245783966533613452e-01 2.000000000000000000e+00 1.000000000000000021e-08 -5.892563892634423706e-01 -1.935406823542359822e+00
-5.892563892634423706e-01 -1.935406823542359822e+00 0.000000000000000000e+00 1.000000000000000021e-08 -7.929712545898761622e-01 -2.037148653264338360e+00
-7.929712545898761622e-01 -2.037148653264338360e+00 2.000000000000000000e+00 1.000000000000000021e-08 -1.156235632725657991e+00 -3.632643781357818291e+00
-1.156235632725657991e+00 -3.632643781357818291e+00 1.000000000000000000e+00 9.999000000000000110e-01 -1.570796326794896558e+00 -4.913568956526563447e+00
8.179009186953022092e-02 5.087897882692338225e-02 2.000000000000000000e+00 1.000000000000000021e-08 2.513154998887184854e-03 -7.927693687064303329e-01
2.513154998887184854e-03 -7.927693687064303329e-01 1.000000000000000000e+00 1.000000000000000021e-08 -8.996673821985770592e-02 -9.247989321874487967e-01
-8.996673821985770592e-02 -9.247989321874487967e-01 0.000000000000000000e+00 1.000000000000000021e-08 -1.231672315354593039e-01 -3.320049331560159800e-01
-1.231672315354593039e-01 -3.320049331560159800e-01 1.000000000000000000e+00 1.000000000000000021e-08 -1.780582723546617896e-01 -5.489104081920248568e-01
-1.780582723546617896e-01 -5.489104081920248568e-01 0.000000000000000000e+00 1.000000000000000021e-08 -1.876337423873554733e-01 -9.575470032693678135e-02
-1.876337423873554733e-01 -9.575470032693678135e-02 2.000000000000000000e+00 1.000000000000000021e-08 -3.020202593491034260e-01 -1.143865169617479305e+00
-3.020202593491034260e-01 -1.143865169617479305e+00 2.000000000000000000e+00 1.000000000000000021e-08 -5.442698643068119013e-01 -2.422496049577084865e+00
-5.442698643068119013e-01 -2.422496049577084865e+00 1.000000000000000000e+00 1.000000000000000021e-08 -8.764405670016468530e-01 -3.321707026948349739e+00
-8.764405670016468530e-01 -3.321707026948349739e+00 1.000000000000000000e+00 1.000000000000000021e-08 -1.315285842945986605e+00 -4.388452759443397078e+00
-1.315285842945986605e+00 -4.388452759443397078e+00 1.000000000000000000e+00 9.999000000000000110e-01 -1.570796326794896558e+00 -5.000000000000000000e+00
-3.336678625518271074e-02 1.449781523939465411e-02 1.000000000000000000e+00 1.000000000000000021e-08 -3.573246500482906568e-02 -2.365678749646356327e-02
-3.573246500482906568e-02 -2.365678749646356327e-02 2.000000000000000000e+00 1.000000000000000021e-08 -1.197158089761868327e-01 -8.398334397135777118e-01
-1.197158089761868327e-01 -8.398334397135777118e-01 2.000000000000000000e+00 1.000000000000000021e-08 -3.263611325787234563e-01 -2.066453236025366014e+00
-3.263611325787234563e-01 -2.066453236025366014e+00 2.000000000000000000e+00 1.000000000000000021e-08 -6.819212991643530675e-01 -3.555601665856295224e+00
-6.819212991643530675e-01 -3.555601665856295224e+00 2.000000000000000000e+00 1.000000000000000021e-08 -1.187981484793099174e+00 -5.000000000000000000e+00
-1.187981484793099174e+00 -5.000000000000000000e+00 0.000000000000000000e+00 9.999000000000000110e-01 -1.570796326794896558e+00 -5.000000000000000000e+00
-2.337220114210884769e-04 5.317417002127296233e-02 2.000000000000000000e+00 1.000000000000000021e-08 -9.071373347424455114e-02 -9.048001146282345086e-01
-9.071373347424455114e-02 -9.048001146282345086e-01 2.000000000000000000e+00 1.000000000000000021e-08 -2.972401575995645140e-01 -2.065264241253199629e+00
-2.972401575995645140e-01 -2.065264241253199629e+00 2.000000000000000000e+00 1.000000000000000021e-08 -6.181071819159260627e-01 -3.208670243163616043e+00
-6.181071819159260627e-01 -3.208670243163616043e+00 2.000000000000000000e+00 1.000000000000000021e-08 -1.095489943005280686e+00 -4.773827610893545348e+00
-1.095489943005280686e+00 -4.773827610893545348e+00 0.000000000000000000e+00 9.999000000000000110e-01 -1.570796326794896558e+00 -5.000000000000000000e+00
7.569261489382342334e-02 5.877375681602335644e-02 0.000000000000000000e+00 1.000000000000000021e-08 1.734658959087032049e-01 9.777328101487976486e-01
1.734658959087032049e-01 9.777328101487976486e-01 0.000000000000000000e+00 1.000000000000000021e-08 3.713671549717481035e-01 1.979012590630448987e+00
3.713671549717481035e-01 1.979012590630448987e+00 1.000000000000000000e+00 1.000000000000000021e-08 6.318223012516737125e-01 2.604551462799255646e+00
6.318223012516737125e-01 2.604551462799255646e+00 0.000000000000000000e+00 1.000000000000000021e-08 1.059475705903091702e+00 4.276534046514179011e+00
1.059475705903091702e+00 4.276534046514179011e+00 1.000000000000000000e+00 9.999000000000000110e-01 1.570796326794896558e+00 5.000000000000000000e+00
-3.633238172274752542e-02 3.152455697509253668e-02 0.000000000000000000e+00 1.000000000000000021e-08 4.186431294445849827e-02 7.819669466720601259e-01
4.186431294445849827e-02 7.819669466720601259e-01 1.000000000000000000e+00 1.000000000000000021e-08 1.338531637064758750e-01 9.198885076201737121e-01
1.338531637064758750e-01 9.198885076201737121e-01 1.000000000000000000e+00 1.000000000000000021e-08 2.466638975970306125e-01 1.128107338905547152e+00
2.466638975970306125e-01 1.128107338905547152e+00 0.000000000000000000e+00 1.000000000000000021e-08 4.849717732664206027e-01 2.383078756693899791e+00
4.849717732664206027e-01 2.383078756693899791e+00 0.000000000000000000e+00 1.000000000000000021e-08 8.808525835663080228e-01 3.958808102998874201e+00
8.808525835663080228e-01 3.958808102998874201e+00 0.000000000000000000e+00 1.000000000000000021e-08 1.442507533408733611e+00 5.000000000000000000e+00
1.442507533408733611e+00 5.000000000000000000e+00 2.000000000000000000e+00 9.999000000000000110e-01 1.570796326794896558e+00 5.000000000000000000e+00
-7.861281067756697993e-02 -2.710463673934839987e-02 1.000000000000000000e+00 1.000000000000000021e-08 -9.704617907945486954e-02 -1.843336840188789516e-01
-9.704617907945486954e-02 -1.843336840188789516e-01 2.000000000000000000e+00 1.000000000000000021e-08 -2.202686100653681034e-01 -1.232224309859132338e+00
-2.202686100653681034e-01 -1.232224309859132338e+00 2.000000000000000000e+00 1.000000000000000021e-08 -4.615169470132122198e-01 -2.412483369478441109e+00
-4.615169470132122198e-01 -2.412483369478441109e+00 1.000000000000000000e+00 1.000000000000000021e-08 -7.670101636612579599e-01 -3.054932166480457401e+00
-7.670101636612579599e-01 -3.054932166480457401e+00 1.000000000000000000e+00 1.000000000000000021e-08 -1.168503217617094858e+00 -4.014930539558367428e+00
-1.168503217617094858e+00 -4.014930539558367428e+00 2.000000000000000000e+00 9.999000000000000110e-01 -1.570796326794896558e+00 -5.000000000000000000e+00
4.685263326992714084e-02 -5.174821397748580187e-02 1.000000000000000000e+00 1.000000000000000021e-08 5.586502366047215590e-02 9.012390390545013674e-02
5.586502366047215590e-02 9.012390390545013674e-02 2.000000000000000000e+00 1.000000000000000021e-08 -5.245808234661322733e-04 -5.638960448393828262e-01
-5.245808234661322733e-04 -5.638960448393828262e-01 2.000000000000000000e+00 1.000000000000000021e-08 -1.335972794451595336e-01 -1.330726986216933971e+00
-1.335972794451595336e-01 -1.330726986216933971e+00 1.000000000000000000e+00 1.000000000000000021e-08 -2.764266540311092202e-01 -1.428293745859496422e+00
-2.764266540311092202e-01 -1.428293745859496422e+00 0.000000000000000000e+00 1.000000000000000021e-08 -3.712279875953393704e-01 -9.480133356423015023e-01
-3.712279875953393704e-01 -9.480133356423015023e-01 0.000000000000000000e+00 1.000000000000000021e-08 -4.540963468018950344e-01 -8.286835920655564180e-01
-4.540963468018950344e-01 -8.286835920655564180e-01 1.000000000000000000e+00 1.000000000000000021e-08 -6.121453225383881591e-01 -1.580489757364930581e+00
-6.121453225383881591e-01 -1.580489757364930581e+00 2.000000000000000000e+00 1.000000000000000021e-08 -9.256376960184777847e-01 -3.134923734800895367e+00
-9.256376960184777847e-01 -3.134923734800895367e+00 1.000000000000000000e+00 1.000000000000000021e-08 -1.353789823260341363e+00 -4.281521272418634894e+00
-1.353789823260341363e+00 -4.281521272418634894e+00 2.000000000000000000e+00 9.999000000000000110e-01 -1.570796326794896558e+00 -5.000000000000000000e+00
-3.026929264060890593e-02 1.638609177618944798e-02 0.000000000000000000e+00 1.000000000000000021e-08 4.729708599711919537e-02 7.756637863772809505e-01
4.729708599711919537e-02 7.756637863772809505e-01 2.000000000000000000e+00 1.000000000000000021e-08 4.043092853438706030e-02 -6.866157462732136452e-02
4.043092853438706030e-02 -6.866157462732136452e-02 1.000000000000000000e+00 1.000000000000000021e-08 3.826968574350119584e-02 -2.161242790885864462e-02
3.826968574350119584e-02 -2.161242790885864462e-02 0.000000000000000000e+00 1.000000000000000021e-08 1.423406794707887391e-01 1.040709937272875418e+00
1.423406794707887391e-01 1.040709937272875418e+00 0.000000000000000000e+00 1.000000000000000021e-08 3.456295376289949539e-01 2.032888581582061871e+00
3.456295376289949539e-01 2.032888581582061871e+00 0.000000000000000000e+00 1.000000000000000021e-08 6.857229888211566760e-01 3.400934511921616998e+00
6.857229888211566760e-01 3.400934511921616998e+00 2.000000000000000000e+00 1.000000000000000021e-08 1.054605206827644137e+00 3.688822180064875056e+00
1.054605206827644137e+00 3.688822180064875056e+00 1.000000000000000000e+00 1.000000000000000021e-08 1.546297147521331627e+00 4.916919406936875347e+00
1.546297147521331627e+00 4.916919406936875347e+00 2.000000000000000000e+00 9.999000000000000110e-01 1.570796326794896558e+00 5.000000000000000000e+00
4.825817337402959345e-02 7.859959866972644760e-02 1.000000000000000000e+00 1.000000000000000021e-08 7.461388676145692955e-02 2.635571338742733749e-01
7.461388676145692955e-02 2.635571338742733749e-01 1.000000000000000000e+00 1.000000000000000021e-08 1.164644857447875298e-01 4.185059898333060024e-01
1.164644857447875298e-01 4.185059898333060024e-01 0.000000000000000000e+00 1.000000000000000021e-08 2.810961070984075993e-01 1.646316213536200390e+00
2.810961070984075993e-01 1.646316213536200390e+00 2.000000000000000000e+00 1.000000000000000021e-08 4.207157074060962620e-01 1.396196003076886516e+00
4.207157074060962620e-01 1.396196003076886516e+00 1.000000000000000000e+00 1.000000000000000021e-08 6.324404258056918193e-01 2.117247183995955240e+00
6.324404258056918193e-01 2.117247183995955240e+00 0.000000000000000000e+00 1.000000000000000021e-08 9.932153990206770144e-01 3.607749732149851951e+00
9.932153990206770144e-01 3.607749732149851951e+00 0.000000000000000000e+00 1.000000000000000021e-08 1.511972486266771831e+00 5.000000000000000000e+00
1.511972486266771831e+00 5.000000000000000000e+00 0.000000000000000000e+00 9.999000000000000110e-01 1.570796326794896558e+00 5.000000000000000000e+00
2.525710284719170570e-02 -6.599482916937472743e-02 1.000000000000000000e+00 1.000000000000000021e-08 2.838868191632702015e-02 3.131579069135313753e-02
2.838868191632702015e-02 3.131579069135313753e-02 2.000000000000000000e+00 1.000000000000000021e-08 -5.415479008148101764e-02 -8.254347199780802669e-01
-5.415479008148101764e-02 -8.254347199780802669e-01 2.000000000000000000e+00 1.000000000000000021e-08 -2.303327596380781994e-01 -1.761779695565971693e+00
-2.303327596380781994e-01 -1.761779695565971693e+00 2.000000000000000000e+00 1.000000000000000021e-08 -5.300389513518770634e-01 -2.997061917137988196e+00
-5.300389513518770634e-01 -2.997061917137988196e+00 1.000000000000000000e+00 1.000000000000000021e-08 -8.937595940479228229e-01 -3.637206426960458039e+00
-8.937595940479228229e-01 -3.637206426960458039e+00 0.000000000000000000e+00 1.000000000000000021e-08 -1.311261650663504419e+00 -4.175020566155816404e+00
-1.311261650663504419e+00 -4.175020566155816404e+00 2.000000000000000000e+00 9.999000000000000110e-01 -1.570796326794896558e+00 -5.000000000000000000e+00
-8.302274736228476559e-02 -6.134259581808776396e-02 1.000000000000000000e+00 1.000000000000000021e-08 -1.091311528352892496e-01 -2.610840547300448122e-01
-1.091311528352892496e-01 -2.610840547300448122e-01 2.000000000000000000e+00 1.000000000000000021e-08 -2.441705461396398991e-01 -1.350393933043506189e+00
-2.441705461396398991e-01 -1.350393933043506189e+00 2.000000000000000000e+00 1.000000000000000021e-08 -5.167793977062630217e-01 -2.726088515666231338e+00
-5.167793977062630217e-01 -2.726088515666231338e+00 1.000000000000000000e+00 1.000000000000000021e-08 -8.724185889193603050e-01 -3.556391912130972166e+00
-8.724185889193603050e-01 -3.556391912130972166e+00 2.000000000000000000e+00 1.000000000000000021e-08 -1.389321126174946963e+00 -5.000000000000000000e+00
-1.389321126174946963e+00 -5.000000000000000000e+00 2.000000000000000000e+00 9.999000000000000110e-01 -1.570796326794896558e+00 -5.000000000000000000e+00
-2.039264348562124310e-02 6.576774267069254720e-02 1.000000000000000000e+00 1.000000000000000021e-08 -3.146413594653696411e-02 -1.107149246091571893e-01
-3.146413594653696411e-02 -1.107149246091571893e-01 2.000000000000000000e+00 1.000000000000000021e-08 -1.210512173685432818e-01 -8.958708142200630942e-01
-1.210512173685432818e-01 -8.958708142200630942e-01 0.000000000000000000e+00 1.000000000000000021e-08 -1.610462555876581714e-01 -3.999503821911488122e-01
-1.610462555876581714e-01 -3.999503821911488122e-01 1.000000000000000000e+00 1.000000000000000021e-08 -2.302890681385061367e-01 -6.924281255084796527e-01
-2.302890681385061367e-01 -6.924281255084796527e-01 0.000000000000000000e+00 1.000000000000000021e-08 -2.676981076553114902e-01 -3.740903951680537021e-01
-2.676981076553114902e-01 -3.740903951680537021e-01 1.000000000000000000e+00 1.000000000000000021e-08 -3.554649109883190605e-01 -8.776680333300754810e-01
-3.554649109883190605e-01 -8.776680333300754810e-01 1.000000000000000000e+00 1.000000000000000021e-08 -4.884281202910020769e-01 -1.329632093026830164e+00
-4.884281202910020769e-01 -1.329632093026830164e+00 1.000000000000000000e+00 1.000000000000000021e-08 -6.897280809627469589e-01 -2.012999606717448486e+00
-6.897280809627469589e-01 -2.012999606717448486e+00 0.000000000000000000e+00 1.000000000000000021e-08 -9.237856478094824686e-01 -2.340575668467355097e+00
-9.237856478094824686e-01 -2.340575668467355097e+00 1.000000000000000000e+00 1.000000000000000021e-08 -1.269195519350049484e+00 -3.454098715405670816e+00
-1.269195519350049484e+00 -3.454098715405670816e+00 1.000000000000000000e+00 9.999000000000000110e-01 -1.570796326794896558e+00 -4.865012708838622579e+00
-2.445279452622342239e-02 -7.067806199985587901e-02 0.000000000000000000e+00 1.000000000000000021e-08 6.457379118341714797e-02 8.902658570964057105e-01
6.457379118341714797e-02 8.902658570964057105e-01 1.000000000000000000e+00 1.000000000000000021e-08 1.511082957461757359e-01 8.653450456275859626e-01
1.511082957461757359e-01 8.653450456275859626e-01 1.000000000000000000e+00 1.000000000000000021e-08 2.780740010369843751e-01 1.269657052908086392e+00
2.780740010369843751e-01 1.269657052908086392e+00 1.000000000000000000e+00 1.000000000000000021e-08 4.396960053625481035e-01 1.616220043255637062e+00
4.396960053625481035e-01 1.616220043255637062e+00 1.000000000000000000e+00 1.000000000000000021e-08 6.822739971855726893e-01 2.425779918230245968e+00
6.822739971855726893e-01 2.425779918230245968e+00 1.000000000000000000e+00 1.000000000000000021e-08 1.019057878703313991e+00 3.367838815177413014e+00
1.019057878703313991e+00 3.367838815177413014e+00 2.000000000000000000e+00 1.000000000000000021e-08 1.439456470135722643e+00 4.203985914324086082e+00
1.439456470135722643e+00 4.203985914324086082e+00 2.000000000000000000e+00 9.999000000000000110e-01 1.570796326794896558e+00 5.000000000000000000e+00
2.418699367886037455e-02 4.832431886610014105e-02 0.000000000000000000e+00 1.000000000000000021e-08 1.145596427467894252e-01 9.037264906792904506e-01
1.145596427467894252e-01 9.037264906792904506e-01 2.000000000000000000e+00 1.000000000000000021e-08 1.532912113085953820e-01 3.873156856180596241e-01
1.532912113085953820e-01 3.873156856180596241e-01 1.000000000000000000e+00 1.000000000000000021e-08 2.243890221818860831e-01 7.109781087329070104e-01
2.243890221818860831e-01 7.109781087329070104e-01 1.000000000000000000e+00 1.000000000000000021e-08 3.295835864580488606e-01 1.051945642761627386e+00
3.295835864580488606e-01 1.051945642761627386e+00 2.000000000000000000e+00 1.000000000000000021e-08 3.962682242095941776e-01 6.668463775154529483e-01
3.962682242095941776e-01 6.668463775154529483e-01 2.000000000000000000e+00 1.000000000000000021e-08 4.531324349339441171e-01 5.686421072434992841e-01
4.531324349339441171e-01 5.686421072434992841e-01 0.000000000000000000e+00 1.000000000000000021e-08 6.552934306882642890e-01 2.021609957543201830e+00
6.552934306882642890e-01 2.021609957543201830e+00 2.000000000000000000e+00 1.000000000000000021e-08 8.948233552951269099e-01 2.395299246068626431e+00
8.948233552951269099e-01 2.395299246068626431e+00 0.000000000000000000e+00 1.000000000000000021e-08 1.293734275922777677e+00 3.989109206276507003e+00
1.293734275922777677e+00 3.989109206276507003e+00 0.000000000000000000e+00 9.999000000000000110e-01 1.570796326794896558e+00 5.000000000000000000e+00
5.807397892516542176e-02 5.630447040687969196e-02 1.000000000000000000e+00 1.000000000000000021e-08 7.004612447708515044e-02 1.197214555191972452e-01
7.004612447708515044e-02 1.197214555191972452e-01 2.000000000000000000e+00 1.000000000000000021e-08 2.345536553333045504e-02 -4.659075894375469540e-01
2.345536553333045504e-02 -4.659075894375469540e-01 0.000000000000000000e+00 1.000000000000000021e-08 7.387319773717443416e-02 5.041783220384398190e-01
7.387319773717443416e-02 5.041783220384398190e-01 0.000000000000000000e+00 1.000000000000000021e-08 2.143465649998032296e-01 1.404733672626288010e+00
2.143465649998032296e-01 1.404733672626288010e+00 0.000000000000000000e+00 1.000000000000000021e-08 4.694854013829011796e-01 2.551388363830979333e+00
4.694854013829011796e-01 2.551388363830979333e+00 0.000000000000000000e+00 1.000000000000000021e-08 8.642842991337809089e-01 3.947988977508797515e+00
8.642842991337809089e-01 3.947988977508797515e+00 2.000000000000000000e+00 1.000000000000000021e-08 1.314167821310983975e+00 4.498835221772031545e+00
1.314167821310983975e+00 4.498835221772031545e+00 1.000000000000000000e+00 9.999000000000000110e-01 1.570796326794896558e+00 5.000000000000000000e+00
-2.767385766884207857e-02 5.521072183529731475e-02 2.000000000000000000e+00 1.000000000000000021e-08 -1.291084995771943633e-01 -1.014346419083522743e+00
-1.291084995771943633e-01 -1.014346419083522743e+00 2.000000000000000000e+00 1.000000000000000021e-08 -3.268740318558694402e-01 -1.977655322786750602e+00
-3.268740318558694402e-01 -1.977655322786750602e+00 2.000000000000000000e+00 1.000000000000000021e-08 -6.720475907433332008e-01 -3.451735588874638161e+00
-6.720475907433332008e-01 -3.451735588874638161e+00 0.000000000000000000e+00 1.000000000000000021e-08 -1.032611967846023937e+00 -3.605643771026906474e+00
-1.032611967846023937e+00 -3.605643771026906474e+00 1.000000000000000000e+00 1.000000000000000021e-08 -1.512913614488361480e+00 -4.803016466423375874e+00
-1.512913614488361480e+00 -4.803016466423375874e+00 0.000000000000000000e+00 9.999000000000000110e-01 -1.570796326794896558e+00 -5.000000000000000000e+00
1.392772514065223136e-02 -3.124703754969999220e-02 2.000000000000000000e+00 1.000000000000000021e-08 -7.361385906775769206e-02 -8.754158420840991717e-01
-7.361385906775769206e-02 -8.754158420840991717e-01 2.000000000000000000e+00 1.000000000000000021e-08 -2.498199375675817235e-01 -1.762060784998240148e+00
-2.498199375675817235e-01 -1.762060784998240148e+00 0.000000000000000000e+00 1.000000000000000021e-08 -3.956452751613973029e-01 -1.458253375938155738e+00
-3.956452751613973029e-01 -1.458253375938155738e+00 2.000000000000000000e+00 1.000000000000000021e-08 -6.999090086691976964e-01 -3.042637335078004046e+00
-6.999090086691976964e-01 -3.042637335078004046e+00 0.000000000000000000e+00 1.000000000000000021e-08 -1.044940229180533198e+00 -3.450312205113354569e+00
-1.044940229180533198e+00 -3.450312205113354569e+00 2.000000000000000000e+00 1.000000000000000021e-08 -1.546783805477151219e+00 -5.000000000000000000e+00
-1.546783805477151219e+00 -5.000000000000000000e+00 1.000000000000000000e+00 9.999000000000000110e-01 -1.570796326794896558e+00 -5.000000000000000000e+00
1.748953982494251894e-02 -3.613154899485235966e-02 2.000000000000000000e+00 1.000000000000000021e-08 -7.358394855471163398e-02 -9.107348837965414390e-01
-7.358394855471163398e-02 -9.107348837965414390e-01 0.000000000000000000e+00 1.000000000000000021e-08 -8.073300027465983575e-02 -7.149051719948196215e-02
-8.073300027465983575e-02 -7.149051719948196215e-02 1.000000000000000000e+00 1.000000000000000021e-08 -9.652913967733987854e-02 -1.579613940268003724e-01
-9.652913967733987854e-02 -1.579613940268003724e-01 0.000000000000000000e+00 1.000000000000000021e-08 -4.271068513659542071e-02 5.381845454074445367e-01
-4.271068513659542071e-02 5.381845454074445367e-01 2.000000000000000000e+00 1.000000000000000021e-08 -9.633307625059715773e-02 -5.362239111400173286e-01
-9.633307625059715773e-02 -5.362239111400173286e-01 2.000000000000000000e+00 1.000000000000000021e-08 -2.696369864847283360e-01 -1.733039102341311866e+00
-2.696369864847283360e-01 -1.733039102341311866e+00 0.000000000000000000e+00 1.000000000000000021e-08 -3.900066067605600928e-01 -1.203696202758317568e+00
-3.900066067605600928e-01 -1.203696202758317568e+00 0.000000000000000000e+00 1.000000000000000021e-08 -4.784149173152174028e-01 -8.840831055465729893e-01
-4.784149173152174028e-01 -8.840831055465729893e-01 0.000000000000000000e+00 1.000000000000000021e-08 -5.749697742275086121e-01 -9.655485691229122036e-01
-5.749697742275086121e-01 -9.655485691229122036e-01 1.000000000000000000e+00 1.000000000000000021e-08 -7.557132714860930189e-01 -1.807434972585844513e+00
-7.557132714860930189e-01 -1.807434972585844513e+00 1.000000000000000000e+00 1.000000000000000021e-08 -1.042982189256658199e+00 -2.872689177705650465e+00
-1.042982189256658199e+00 -2.872689177705650465e+00 0.000000000000000000e+00 1.000000000000000021e-08 -1.414122715082270387e+00 -3.711405258256122330e+00
-1.414122715082270387e+00 -3.711405258256122330e+00 0.000000000000000000e+00 9.999000000000000110e-01 -1.570796326794896558e+00 -5.000000000000000000e+00
6.381547548953857285e-02 -1.689668163131887585e-02 0.000000000000000000e+00 1.000000000000000021e-08 1.663621330180981017e-01 1.025466575285595372e+00
1.663621330180981017e-01 1.025466575285595372e+00 0.000000000000000000e+00 1.000000000000000021e-08 3.761481543812407180e-01 2.097860213631426163e+00
3.761481543812407180e-01 2.097860213631426163e+00 2.000000000000000000e+00 1.000000000000000021e-08 5.674999576248228594e-01 1.913518032435821192e+00
5.674999576248228594e-01 1.913518032435821192e+00 0.000000000000000000e+00 1.000000000000000021e-08 9.068393716114236947e-01 3.393394139866008352e+00
9.068393716114236947e-01 3.393394139866008352e+00 0.000000000000000000e+00 1.000000000000000021e-08 1.407043624977982965e+00 5.000000000000000000e+00
1.407043624977982965e+00 5.000000000000000000e+00 1.000000000000000000e+00 9.999000000000000110e-01 1.570796326794896558e+00 5.000000000000000000e+00
-2.724725489259421929e-03 8.257484909760115510e-02 2.000000000000000000e+00 1.000000000000000021e-08 -9.300019330629308301e-02 -9.027546781703366108e-01
-9.300019330629308301e-02 -9.027546781703366108e-01 0.000000000000000000e+00 1.000000000000000021e-08 -1.212340837393880710e-01 -2.823389043309498803e-01
-1.212340837393880710e-01 -2.823389043309498803e-01 1.000000000000000000e+00 1.000000000000000021e-08 -1.618016989843836517e-01 -4.056761524499558069e-01
-1.618016989843836517e-01 -4.056761524499558069e-01 2.000000000000000000e+00 1.000000000000000021e-08 -3.133751173024835746e-01 -1.515734183180999395e+00
-3.133751173024835746e-01 -1.515734183180999395e+00 0.000000000000000000e+00 1.000000000000000021e-08 -4.203348658326648835e-01 -1.069597485301812867e+00
-4.203348658326648835e-01 -1.069597485301812867e+00 2.000000000000000000e+00 1.000000000000000021e-08 -6.775654117167504431e-01 -2.572305458840855596e+00
-6.775654117167504431e-01 -2.572305458840855596e+00 0.000000000000000000e+00 1.000000000000000021e-08 -9.653047676784343167e-01 -2.877393559616838736e+00
-9.653047676784343167e-01 -2.877393559616838736e+00 1.000000000000000000e+00 1.000000000000000021e-08 -1.378951110782048017e+00 -4.136463431036136562e+00
-1.378951110782048017e+00 -4.136463431036136562e+00 1.000000000000000000e+00 9.999000000000000110e-01 -1.570796326794896558e+00 -5.000000000000000000e+00
-3.278662389941311428e-02 -2.087300205725087232e-02 1.000000000000000000e+00 1.000000000000000021e-08 -2.424774254643839028e-02 8.538881352974722616e-02
-2.424774254643839028e-02 8.538881352974722616e-02 1.000000000000000000e+00 1.000000000000000021e-08 -1.167076819116822685e-02 1.257697435527016239e-01
-1.167076819116822685e-02 1.257697435527016239e-01 2.000000000000000000e+00 1.000000000000000021e-08 -1.002674188602514782e-01 -8.859665066908324338e-01
-1.002674188602514782e-01 -8.859665066908324338e-01 2.000000000000000000e+00 1.000000000000000021e-08 -3.019895897287868669e-01 -2.017221708685354109e+00
-3.019895897287868669e-01 -2.017221708685354109e+00 2.000000000000000000e+00 1.000000000000000021e-08 -6.499868404300789271e-01 -3.479972507012920602e+00
-6.499868404300789271e-01 -3.479972507012920602e+00 1.000000000000000000e+00 1.000000000000000021e-08 -1.082165657064779740e+00 -4.321788166347007909e+00
-1.082165657064779740e+00 -4.321788166347007909e+00 0.000000000000000000e+00 9.999000000000000110e-01 -1.570796326794896558e+00 -5.000000000000000000e+00
3.135894649068214635e-02 -5.943300731534307407e-02 0.000000000000000000e+00 1.000000000000000021e-08 1.060023424914811885e-01 7.464339600079903381e-01
1.060023424914811885e-01 7.464339600079903381e-01 2.000000000000000000e+00 1.000000000000000021e-08 1.155769563061326555e-01 9.574613814651466992e-02
1.155769563061326555e-01 9.574613814651466992e-02 0.000000000000000000e+00 1.000000000000000021e-08 2.498300469439715954e-01 1.342530906378389233e+00
2.498300469439715954e-01 1.342530906378389233e+00 0.000000000000000000e+00 1.000000000000000021e-08 5.147422144107618447e-01 2.649121674667902493e+00
5.147422144107618447e-01 2.649121674667902493e+00 2.000000000000000000e+00 1.000000000000000021e-08 7.742658989179083129e-01 2.595236845071465126e+00
7.742658989179083129e-01 2.595236845071465126e+00 1.000000000000000000e+00 1.000000000000000021e-08 1.128029210891464018e+00 3.537633119735556164e+00
1.128029210891464018e+00 3.537633119735556164e+00 0.000000000000000000e+00 9.999000000000000110e-01 1.570796326794896558e+00 5.000000000000000000e+00
-1.811308855214707400e-02 7.710039184171479931e-02 1.000000000000000000e+00 1.000000000000000021e-08 -2.375399827878573594e-02 -5.640909726638659860e-02
-2.375399827878573594e-02 -5.640909726638659860e-02 1.000000000000000000e+00 1.000000000000000021e-08 -3.350044477691289935e-02 -9.746446498127159241e-02
-3.350044477691289935e-02 -9.746446498127159241e-02 1.000000000000000000e+00 1.000000000000000021e-08 -5.869340655359089887e-02 -2.519296177667800229e-01
-5.869340655359089887e-02 -2.519296177667800229e-01 0.000000000000000000e+00 1.000000000000000021e-08 8.253286821423427844e-03 6.694669337501432116e-01
8.253286821423427844e-03 6.694669337501432116e-01 1.000000000000000000e+00 1.000000000000000021e-08 9.178523339419111804e-02 8.353194657276769020e-01
9.178523339419111804e-02 8.353194657276769020e-01 1.000000000000000000e+00 1.000000000000000021e-08 1.765044329568384307e-01 8.471919956264730711e-01
1.765044329568384307e-01 8.471919956264730711e-01 0.000000000000000000e+00 1.000000000000000021e-08 3.719550813266486733e-01 1.954506483698102093e+00
3.719550813266486733e-01 1.954506483698102093e+00 0.000000000000000000e+00 1.000000000000000021e-08 7.164205637615006506e-01 3.444654824348519995e+00
7.164205637615006506e-01 3.444654824348519995e+00 0.000000000000000000e+00 1.000000000000000021e-08 1.230111456381749679e+00 5.000000000000000000e+00
1.230111456381749679e+00 5.000000000000000000e+00 2.000000000000000000e+00 9.999000000000000110e-01 1.570796326794896558e+00 5.000000000000000000e+00
7.057655428747365567e-02 -1.709677534508534380e-02 1.000000000000000000e+00 1.000000000000000021e-08 6.914401050499775769e-02 -1.432543782475899363e-02
6.914401050499775769e-02 -1.432543782475899363e-02 1.000000000000000000e+00 1.000000000000000021e-08 6.494885429717482672e-02 -4.195156207822927502e-02
6.494885429717482672e-02 -4.195156207822927502e-02 0.000000000000000000e+00 1.000000000000000021e-08 1.633351055024327980e-01 9.838625120525797962e-01
1.633351055024327980e-01 9.838625120525797962e-01 0.000000000000000000e+00 1.000000000000000021e-08 3.770468672371294350e-01 2.137117617346965925e+00
3.770468672371294350e-01 2.137117617346965925e+00 0.000000000000000000e+00 1.000000000000000021e-08 7.378740601567409518e-01 3.608271929196114947e+00
7.378740601567409518e-01 3.608271929196114947e+00 0.000000000000000000e+00 1.000000000000000021e-08 1.256115906254194226e+00 5.000000000000000000e+00
1.256115906254194226e+00 5.000000000000000000e+00 2.000000000000000000e+00 9.999000000000000110e-01 1.570796326794896558e+00 5.000000000000000000e+00
3.126276602360375523e-02 6.337308788452091640e-03 2.000000000000000000e+00 1.000000000000000021e-08 -5.725318683901801931e-02 -8.851595286262177176e-01
-5.725318683901801931e-02 -8.851595286262177176e-01 0.000000000000000000e+00 1.000000000000000021e-08 -7.514383780651470723e-02 -1.789065096749669070e-01
-7.514383780651470723e-02 -1.789065096749669070e-01 2.000000000000000000e+00 1.000000000000000021e-08 -2.050728130052336673e-01 -1.299289751987189545e+00
-2.050728130052336673e-01 -1.299289751987189545e+00 0.000000000000000000e+00 1.000000000000000021e-08 -2.841662440320496530e-01 -7.909343102681596349e-01
-2.841662440320496530e-01 -7.909343102681596349e-01 2.000000000000000000e+00 1.000000000000000021e-08 -4.978665012037131188e-01 -2.137002571716634769e+00
-4.978665012037131188e-01 -2.137002571716634769e+00 0.000000000000000000e+00 1.000000000000000021e-08 -7.093526988392536703e-01 -2.114861976355405293e+00
-7.093526988392536703e-01 -2.114861976355405293e+00 2.000000000000000000e+00 1.000000000000000021e-08 -1.082505477091854296e+00 -3.731527782526006032e+00
-1.082505477091854296e+00 -3.731527782526006032e+00 1.000000000000000000e+00 9.999000000000000110e-01 -1.570796326794896558e+00 -5.000000000000000000e+00
-5.021209068143267507e-03 1.920527248670055032e-02 1.000000000000000000e+00 1.000000000000000021e-08 -9.703029976646682098e-03 -4.681820908503414591e-02
-9.703029976646682098e-03 -4.681820908503414591e-02 0.000000000000000000e+00 1.000000000000000021e-08 6.062144558484088008e-02 7.032447556148755385e-01
6.062144558484088008e-02 7.032447556148755385e-01 1.000000000000000000e+00 1.000000000000000021e-08 1.433227504063240842e-01 8.270130482148320139e-01
1.433227504063240842e-01 8.270130482148320139e-01 0.000000000000000000e+00 1.000000000000000021e-08 3.390980876599778981e-01 1.957753372536537917e+00
3.390980876599778981e-01 1.957753372536537917e+00 2.000000000000000000e+00 1.000000000000000021e-08 4.923535553075315541e-01 1.532554676475536670e+00
4.923535553075315541e-01 1.532554676475536670e+00 1.000000000000000000e+00 1.000000000000000021e-08 7.172198899222472779e-01 2.248663346147156794e+00
7.172198899222472779e-01 2.248663346147156794e+00 1.000000000000000000e+00 1.000000000000000021e-08 1.046747962816009236e+00 3.295280728937619585e+00
1.046747962816009236e+00 3.295280728937619585e+00 0.000000000000000000e+00 1.000000000000000021e-08 1.533036299864387830e+00 4.862883370483785939e+00
1.533036299864387830e+00 4.862883370483785939e+00 0.000000000000000000e+00 9.999000000000000110e-01 1.570796326794896558e+00 5.000000000000000000e+00
-5.836364046424047380e-02 1.346004709033479102e-03 2.000000000000000000e+00 1.000000000000000021e-08 -1.503463747698279285e-01 -9.198273430558745467e-01
-1.503463747698279285e-01 -9.198273430558745467e-01 1.000000000000000000e+00 1.000000000000000021e-08 -2.525197844579050166e-01 -1.021734096880770881e+00
-2.525197844579050166e-01 -1.021734096880770881e+00 2.000000000000000000e+00 1.000000000000000021e-08 -4.698414826854169224e-01 -2.173216982275119058e+00
-4.698414826854169224e-01 -2.173216982275119058e+00 1.000000000000000000e+00 1.000000000000000021e-08 -7.568577754307235228e-01 -2.870162927453065560e+00
-7.568577754307235228e-01 -2.870162927453065560e+00 1.000000000000000000e+00 1.000000000000000021e-08 -1.148002037888362636e+00 -3.911442624576391580e+00
-1.148002037888362636e+00 -3.911442624576391580e+00 0.000000000000000000e+00 9.999000000000000110e-01 -1.570796326794896558e+00 -4.832819050078811962e+00
7.270455697250335914e-03 -3.300759435903213163e-02 1.000000000000000000e+00 1.000000000000000021e-08 2.282803070843863330e-02 1.555757501118829600e-01
2.282803070843863330e-02 1.555757501118829600e-01 0.000000000000000000e+00 1.000000000000000021e-08 1.424776975429157266e-01 1.196496668344770864e+00
1.424776975429157266e-01 1.196496668344770864e+00 0.000000000000000000e+00 1.000000000000000021e-08 3.760375270421520422e-01 2.335598294992363044e+00
3.760375270421520422e-01 2.335598294992363044e+00 0.000000000000000000e+00 1.000000000000000021e-08 7.326145458262791621e-01 3.565770187841271088e+00
7.326145458262791621e-01 3.565770187841271088e+00 2.000000000000000000e+00 1.000000000000000021e-08 1.129085485745899398e+00 3.964709399196201911e+00
1.129085485745899398e+00 3.964709399196201911e+00 2.000000000000000000e+00 9.999000000000000110e-01 1.570796326794896558e+00 4.935084213846205436e+00
2.529012071608478449e-02 -8.683974202021603472e-02 1.000000000000000000e+00 1.000000000000000021e-08 1.023065501921304084e-02 -1.505946569687174330e-01
1.023065501921304084e-02 -1.505946569687174330e-01 0.000000000000000000e+00 1.000000000000000021e-08 8.600708186589227366e-02 7.577642684667923456e-01
8.600708186589227366e-02 7.577642684667923456e-01 1.000000000000000000e+00 1.000000000000000021e-08 1.894258349337928915e-01 1.034187530679006262e+00
1.894258349337928915e-01 1.034187530679006262e+00 1.000000000000000000e+00 1.000000000000000021e-08 3.247949855299673283e-01 1.353691505961744035e+00
3.247949855299673283e-01 1.353691505961744035e+00 0.000000000000000000e+00 1.000000000000000021e-08 6.028585886165607199e-01 2.780636030865934138e+00
6.028585886165607199e-01 2.780636030865934138e+00 0.000000000000000000e+00 1.000000000000000021e-08 1.034604208974784889e+00 4.317456203582240803e+00
1.034604208974784889e+00 4.317456203582240803e+00 2.000000000000000000e+00 1.000000000000000021e-08 1.541484649684658814e+00 5.000000000000000000e+00
1.541484649684658814e+00 5.000000000000000000e+00 2.000000000000000000e+00 9.999000000000000110e-01 1.570796326794896558e+00 5.000000000000000000e+00
-2.183269272947145623e-03 6.431633518851420650e-02 2.000000000000000000e+00 1.000000000000000021e-08 -9.994117769355279068e-02 -9.775790842060564367e-01
-9.994117769355279068e-02 -9.775790842060564367e-01 2.000000000000000000e+00 1.000000000000000021e-08 -2.988736444635552436e-01 -1.989324667700024030e+00
-2.988736444635552436e-01 -1.989324667700024030e+00 1.000000000000000000e+00 1.000000000000000021e-08 -5.431024318321092670e-01 -2.442287873685539790e+00
-5.431024318321092670e-01 -2.442287873685539790e+00 1.000000000000000000e+00 1.000000000000000021e-08 -8.656675188578371039e-01 -3.225650870257277703e+00
-8.656675188578371039e-01 -3.225650870257277703e+00 2.000000000000000000e+00 1.000000000000000021e-08 -1.358846823670234460e+00 -4.931793048123973122e+00
-1.358846823670234460e+00 -4.931793048123973122e+00 1.000000000000000000e+00 9.999000000000000110e-01 -1.570796326794896558e+00 -5.000000000000000000e+00
4.266622137250991598e-02 -4.444204779994904986e-02 1.000000000000000000e+00 1.000000000000000021e-08 5.769128208894629128e-02 1.502506071643637253e-01
5.769128208894629128e-02 1.502506071643637253e-01 1.000000000000000000e+00 1.000000000000000021e-08 8.823723521349473298e-02 3.054595312454844169e-01
8.823723521349473298e-02 3.054595312454844169e-01 1.000000000000000000e+00 1.000000000000000021e-08 1.165641280322301521e-01 2.832689281873541076e-01
1.165641280322301521e-01 2.832689281873541076e-01 2.000000000000000000e+00 1.000000000000000021e-08 8.324969819792676917e-02 -3.331442983430337734e-01
8.324969819792676917e-02 -3.331442983430337734e-01 0.000000000000000000e+00 1.000000000000000021e-08 1.538933415237785374e-01 7.064364332585177930e-01
1.538933415237785374e-01 7.064364332585177930e-01 1.000000000000000000e+00 1.000000000000000021e-08 2.372737187121169988e-01 8.338037718833843925e-01
2.372737187121169988e-01 8.338037718833843925e-01 2.000000000000000000e+00 1.000000000000000021e-08 2.718185868847428077e-01 3.454486817262578668e-01
2.718185868847428077e-01 3.454486817262578668e-01 2.000000000000000000e+00 1.000000000000000021e-08 2.786807607941168552e-01 6.862173909374025271e-02
2.786807607941168552e-01 6.862173909374025271e-02 2.000000000000000000e+00 1.000000000000000021e-08 2.392817466853711661e-01 -3.939901410874568910e-01
2.392817466853711661e-01 -3.939901410874568910e-01 0.000000000000000000e+00 1.000000000000000021e-08 3.417031907573316873e-01 1.024214440719605435e+00
3.417031907573316873e-01 1.024214440719605435e+00 0.000000000000000000e+00 1.000000000000000021e-08 5.887767151389459164e-01 2.470735243816141846e+00
5.887767151389459164e-01 2.470735243816141846e+00 1.000000000000000000e+00 1.000000000000000021e-08 9.153725533136525261e-01 3.265958381747065875e+00
9.153725533136525261e-01 3.265958381747065875e+00 1.000000000000000000e+00 1.000000000000000021e-08 1.361812166397559976e+00 4.464396130839074495e+00
1.361812166397559976e+00 4.464396130839074495e+00 2.000000000000000000e+00 9.999000000000000110e-01 1.570796326794896558e+00 5.000000000000000000e+00
-2.960555867277721992e-03 -8.473188389892810646e-02 0.000000000000000000e+00 1.000000000000000021e-08 7.437054015761764003e-02 7.733109602489536272e-01
7.437054015761764003e-02 7.733109602489536272e-01 2.000000000000000000e+00 1.000000000000000021e-08 9.182592573322610752e-02 1.745538557560846193e-01
9.182592573322610752e-02 1.745538557560846193e-01 2.000000000000000000e+00 1.000000000000000021e-08 5.461298905990585179e-02 -3.721293667332025157e-01
5.461298905990585179e-02 -3.721293667332025157e-01 0.000000000000000000e+00 1.000000000000000021e-08 1.135544118580532891e-01 5.894142279814743590e-01
1.135544118580532891e-01 5.894142279814743590e-01 0.000000000000000000e+00 1.000000000000000021e-08 2.780126727577774681e-01 1.644582608997241735e+00
2.780126727577774681e-01 1.644582608997241735e+00 1.000000000000000000e+00 1.000000000000000021e-08 4.732349432873768635e-01 1.952222705295993732e+00
4.732349432873768635e-01 1.952222705295993732e+00 0.000000000000000000e+00 1.000000000000000021e-08 8.037543206921764494e-01 3.305193774047996413e+00
8.037543206921764494e-01 3.305193774047996413e+00 1.000000000000000000e+00 1.000000000000000021e-08 1.249226862485388612e+00 4.454725417932122511e+00
1.249226862485388612e+00 4.454725417932122511e+00 0.000000000000000000e+00 9.999000000000000110e-01 1.570796326794896558e+00 5.000000000000000000e+00
7.859935113808952378e-02 -4.272515866048787192e-02 2.000000000000000000e+00 1.000000000000000021e-08 -1.125949526708330817e-02 -8.985884640517283195e-01
-1.125949526708330817e-02 -8.985884640517283195e-01 0.000000000000000000e+00 1.000000000000000021e-08 -4.471084427799409781e-03 6.788410839283898213e-02
-4.471084427799409781e-03 6.788410839283898213e-02 2.000000000000000000e+00 1.000000000000000021e-08 -9.890964409466020124e-02 -9.443855966686078851e-01
-9.890964409466020124e-02 -9.443855966686078851e-01 0.000000000000000000e+00 1.000000000000000021e-08 -1.244788403555579515e-01 -2.556919626089775299e-01
-1.244788403555579515e-01 -2.556919626089775299e-01 0.000000000000000000e+00 1.000000000000000021e-08 -9.001528305556558140e-02 3.446355729999236450e-01
-9.001528305556558140e-02 3.446355729999236450e-01 0.000000000000000000e+00 1.000000000000000021e-08 2.420767003091509051e-02 1.142229530864806719e+00
2.420767003091509051e-02 1.142229530864806719e+00 1.000000000000000000e+00 1.000000000000000021e-08 1.385647509372772701e-01 1.143570809063621629e+00
1.385647509372772701e-01 1.143570809063621629e+00 2.000000000000000000e+00 1.000000000000000021e-08 1.953911777214857592e-01 5.682642678420849469e-01
1.953911777214857592e-01 5.682642678420849469e-01 1.000000000000000000e+00 1.000000000000000021e-08 2.865329861182919213e-01 9.114180839680615653e-01
2.865329861182919213e-01 9.114180839680615653e-01 0.000000000000000000e+00 1.000000000000000021e-08 5.157843468413254584e-01 2.292513607230335371e+00
5.157843468413254584e-01 2.292513607230335371e+00 2.000000000000000000e+00 1.000000000000000021e-08 7.479607432365097397e-01 2.321763963951843035e+00
7.479607432365097397e-01 2.321763963951843035e+00 0.000000000000000000e+00 1.000000000000000021e-08 1.154120584952384121e+00 4.061598417158742258e+00
1.154120584952384121e+00 4.061598417158742258e+00 1.000000000000000000e+00 9.999000000000000110e-01 1.570796326794896558e+00 5.000000000000000000e+00
3.483518932261564505e-03 -2.150940697149492098e-02 1.000000000000000000e+00 1.000000000000000021e-08 1.474799700978731559e-02 1.126447807752574970e-01
1.474799700978731559e-02 1.126447807752574970e-01 1.000000000000000000e+00 1.000000000000000021e-08 2.933421305447515837e-02 1.458621604468784139e-01
2.933421305447515837e-02 1.458621604468784139e-01 1.000000000000000000e+00 1.000000000000000021e-08 3.287662900250289122e-02 3.542415948027735628e-02
3.287662900250289122e-02 3.542415948027735628e-02 1.000000000000000000e+00 1.000000000000000021e-08 3.414495487350793085e-02 1.268325871005036853e-02
3.414495487350793085e-02 1.268325871005036853e-02 0.000000000000000000e+00 1.000000000000000021e-08 1.235083633734485598e-01 8.936340849994063307e-01
1.235083633734485598e-01 8.936340849994063307e-01 0.000000000000000000e+00 1.000000000000000021e-08 3.105387681930015797e-01 1.870304048195530200e+00
3.105387681930015797e-01 1.870304048195530200e+00 1.000000000000000000e+00 1.000000000000000021e-08 5.412706669799195458e-01 2.307318987869179328e+00
5.412706669799195458e-01 2.307318987869179328e+00 0.000000000000000000e+00 1.000000000000000021e-08 9.226387756434472065e-01 3.813681086635276607e+00
9.226387756434472065e-01 3.813681086635276607e+00 0.000000000000000000e+00 1.000000000000000021e-08 1.469352031208829068e+00 5.000000000000000000e+00
1.469352031208829068e+00 5.000000000000000000e+00 1.000000000000000000e+00 9.999000000000000110e-01 1.570796326794896558e+00 5.000000000000000000e+00
6.053676772234234393e-02 -3.110752279936452105e-02 1.000000000000000000e+00 1.000000000000000021e-08 6.359694640720588155e-02 3.060178684863542817e-02
6.359694640720588155e-02 3.060178684863542817e-02 0.000000000000000000e+00 1.000000000000000021e-08 1.546960612336832352e-01 9.109911482647733427e-01
1.546960612336832352e-01 9.109911482647733427e-01 0.000000000000000000e+00 1.000000000000000021e-08 3.434849206402577626e-01 1.887888594065745274e+00
3.434849206402577626e-01 1.887888594065745274e+00 0.000000000000000000e+00 1.000000000000000021e-08 6.670642848002001912e-01 3.235793641599423953e+00
6.670642848002001912e-01 3.235793641599423953e+00 0.000000000000000000e+00 1.000000000000000021e-08 1.157576326896246899e+00 4.905120420960467520e+00
1.157576326896246899e+00 4.905120420960467520e+00 1.000000000000000000e+00 9.999000000000000110e-01 1.570796326794896558e+00 5.000000000000000000e+00
6.548189156357200891e-02 -4.835476023441424853e-02 0.000000000000000000e+00 1.000000000000000021e-08 1.648439913631621345e-01 9.936209979959010896e-01
1.648439913631621345e-01 9.936209979959010896e-01 0.000000000000000000e+00 1.000000000000000021e-08 3.772513674378344950e-01 2.124073760746723494e+00
3.772513674378344950e-01 2.124073760746723494e+00 2.000000000000000000e+00 1.000000000000000021e-08 5.804162622887203415e-01 2.031648948508858687e+00
5.804162622887203415e-01 2.031648948508858687e+00 2.000000000000000000e+00 1.000000000000000021e-08 8.008933921054457450e-01 2.204771298167254479e+00
8.008933921054457450e-01 2.204771298167254479e+00 2.000000000000000000e+00 1.000000000000000021e-08 1.072437297981982507e+00 2.715439058765366731e+00
1.072437297981982507e+00 2.715439058765366731e+00 1.000000000000000000e+00 1.000000000000000021e-08 1.465711122520107157e+00 3.932738245381246500e+00
1.465711122520107157e+00 3.932738245381246500e+00 1.000000000000000000e+00 9.999000000000000110e-01 1.570796326794896558e+00 5.000000000000000000e+00
4.475856529928660260e-02 3.139868481295257641e-02 2.000000000000000000e+00 1.000000000000000021e-08 -2.211639394083601134e-02 -6.687495924012261117e-01
-2.211639394083601134e-02 -6.687495924012261117e-01 0.000000000000000000e+00 1.000000000000000021e-08 -3.869379314140799359e-03 1.824701462669521268e-01
-3.869379314140799359e-03 1.824701462669521268e-01 2.000000000000000000e+00 1.000000000000000021e-08 -6.682624186292018820e-02 -6.295686254877937982e-01
-6.682624186292018820e-02 -6.295686254877937982e-01 2.000000000000000000e+00 1.000000000000000021e-08 -2.360712266761390843e-01 -1.692449848132188794e+00
-2.360712266761390843e-01 -1.692449848132188794e+00 1.000000000000000000e+00 1.000000000000000021e-08 -4.466578258727283979e-01 -2.105865991965892636e+00
-4.466578258727283979e-01 -2.105865991965892636e+00 1.000000000000000000e+00 1.000000000000000021e-08 -7.207321499242773655e-01 -2.740743240515489454e+00
-7.207321499242773655e-01 -2.740743240515489454e+00 0.000000000000000000e+00 1.000000000000000021e-08 -1.021842532970470341e+00 -3.011103830461930642e+00
-1.021842532970470341e+00 -3.011103830461930642e+00 2.000000000000000000e+00 1.000000000000000021e-08 -1.481363453648673056e+00 -4.595209206782026712e+00
-1.481363453648673056e+00 -4.595209206782026712e+00 1.000000000000000000e+00 9.999000000000000110e-01 -1.570796326794896558e+00 -5.000000000000000000e+00
6.951346716096858114e-02 5.225203425084307129e-02 1.000000000000000000e+00 1.000000000000000021e-08 1.001175512895425834e-01 3.060408412857399396e-01
1.001175512895425834e-01 3.060408412857399396e-01 0.000000000000000000e+00 1.000000000000000021e-08 2.377082757189354634e-01 1.375907244293928855e+00
2.377082757189354634e-01 1.375907244293928855e+00 2.000000000000000000e+00 1.000000000000000021e-08 3.267080708050707494e-01 8.899979508613528045e-01
3.267080708050707494e-01 8.899979508613528045e-01 1.000000000000000000e+00 1.000000000000000021e-08 4.638934833411608727e-01 1.371854125360901566e+00
4.638934833411608727e-01 1.371854125360901566e+00 1.000000000000000000e+00 1.000000000000000021e-08 6.892130354301119199e-01 2.253195520889510028e+00
6.892130354301119199e-01 2.253195520889510028e+00 1.000000000000000000e+00 1.000000000000000021e-08 1.012324629636568663e+00 3.231115942064566315e+00
1.012324629636568663e+00 3.231115942064566315e+00 2.000000000000000000e+00 1.000000000000000021e-08 1.416200756684782291e+00 4.038761270482136290e+00
1.416200756684782291e+00 4.038761270482136290e+00 0.000000000000000000e+00 9.999000000000000110e-01 1.570796326794896558e+00 5.000000000000000000e+00
8.267633199510139586e-02 1.493168529352993310e-02 2.000000000000000000e+00 1.000000000000000021e-08 -6.926885653051328973e-03 -8.960321764815272205e-01
-6.926885653051328973e-03 -8.960321764815272205e-01 2.000000000000000000e+00 1.000000000000000021e-08 -1.825646413633804366e-01 -1.756377557103290910e+00
-1.825646413633804366e-01 -1.756377557103290910e+00 1.000000000000000000e+00 1.000000000000000021e-08 -3.737595503696948818e-01 -1.911949090063143952e+00
-3.737595503696948818e-01 -1.911949090063143952e+00 0.000000000000000000e+00 1.000000000000000021e-08 -5.339979889735286811e-01 -1.602384386038337549e+00
-5.339979889735286811e-01 -1.602384386038337549e+00 1.000000000000000000e+00 1.000000000000000021e-08 -7.804452919135386191e-01 -2.464473029400099602e+00
-7.804452919135386191e-01 -2.464473029400099602e+00 1.000000000000000000e+00 1.000000000000000021e-08 -1.128923251422147001e+00 -3.484779595086084925e+00
-1.128923251422147001e+00 -3.484779595086084925e+00 2.000000000000000000e+00 9.999000000000000110e-01 -1.570796326794896558e+00 -5.000000000000000000e+00
6.940450614969263798e-03 -6.777816987069215648e-02 1.000000000000000000e+00 1.000000000000000021e-08 7.936201955145005121e-03 9.957513401757406291e-03
7.936201955145005121e-03 9.957513401757406291e-03 1.000000000000000000e+00 1.000000000000000021e-08 -3.990263309594215685e-03 -1.192646526473921942e-01
-3.990263309594215685e-03 -1.192646526473921942e-01 1.000000000000000000e+00 1.000000000000000021e-08 -2.010364901069290264e-02 -1.611338570109868695e-01
-2.010364901069290264e-02 -1.611338570109868695e-01 0.000000000000000000e+00 1.000000000000000021e-08 3.393496667295652081e-02 5.403861568364942691e-01
3.393496667295652081e-02 5.403861568364942691e-01 2.000000000000000000e+00 1.000000000000000021e-08 -3.667872567254142069e-03 -3.760283924021066149e-01
-3.667872567254142069e-03 -3.760283924021066149e-01 1.000000000000000000e+00 1.000000000000000021e-08 -4.180773631328233569e-02 -3.813986374602819085e-01
-4.180773631328233569e-02 -3.813986374602819085e-01 2.000000000000000000e+00 1.000000000000000021e-08 -1.753138007876296200e-01 -1.335060644743472968e+00
-1.753138007876296200e-01 -1.335060644743472968e+00 1.000000000000000000e+00 1.000000000000000021e-08 -3.309115917893308279e-01 -1.555977910017011911e+00
-3.309115917893308279e-01 -1.555977910017011911e+00 0.000000000000000000e+00 1.000000000000000021e-08 -4.634961360575757805e-01 -1.325845442682449304e+00
-4.634961360575757805e-01 -1.325845442682449304e+00 2.000000000000000000e+00 1.000000000000000021e-08 -7.411372850358461939e-01 -2.776411489782703246e+00
-7.411372850358461939e-01 -2.776411489782703246e+00 0.000000000000000000e+00 1.000000000000000021e-08 -1.071654058871735815e+00 -3.305167738358895768e+00
-1.071654058871735815e+00 -3.305167738358895768e+00 0.000000000000000000e+00 1.000000000000000021e-08 -1.495668029002922728e+00 -4.240139701311869125e+00
-1.495668029002922728e+00 -4.240139701311869125e+00 1.000000000000000000e+00 9.999000000000000110e-01 -1.570796326794896558e+00 -5.000000000000000000e+00
-7.208635170360483402e-02 -4.999242061903629020e-02 0.000000000000000000e+00 1.000000000000000021e-08 -1.799871336056221155e-02 5.408763834304262108e-01
-1.799871336056221155e-02 5.408763834304262108e-01 1.000000000000000000e+00 1.000000000000000021e-08 4.562678579766334813e-02 6.362549915822556246e-01
4.562678579766334813e-02 6.362549915822556246e-01 2.000000000000000000e+00 1.000000000000000021e-08 4.542746878771791730e-02 -1.993170099454322219e-03
4.542746878771791730e-02 -1.993170099454322219e-03 0.000000000000000000e+00 1.000000000000000021e-08 1.465571682023061317e-01 1.011296994145882255e+00
1.465571682023061317e-01 1.011296994145882255e+00 2.000000000000000000e+00 1.000000000000000021e-08 1.916778490174067540e-01 4.512068081510062223e-01
1.916778490174067540e-01 4.512068081510062223e-01 2.000000000000000000e+00 1.000000000000000021e-08 1.777613767849119952e-01 -1.391647223249474763e-01
1.777613767849119952e-01 -1.391647223249474763e-01 1.000000000000000000e+00 1.000000000000000021e-08 1.930897853674833908e-01 1.532840858257138450e-01
1.930897853674833908e-01 1.532840858257138450e-01 1.000000000000000000e+00 1.000000000000000021e-08 2.395160814639187286e-01 4.642629609643534327e-01
2.395160814639187286e-01 4.642629609643534327e-01 2.000000000000000000e+00 1.000000000000000021e-08 2.537718505187738227e-01 1.425576905485512191e-01
2.537718505187738227e-01 1.425576905485512191e-01 0.000000000000000000e+00 1.000000000000000021e-08 4.046790895379782649e-01 1.509072390192044200e+00
4.046790895379782649e-01 1.509072390192044200e+00 1.000000000000000000e+00 1.000000000000000021e-08 6.274578504284613611e-01 2.227787608904830741e+00
6.274578504284613611e-01 2.227787608904830741e+00 0.000000000000000000e+00 1.000000000000000021e-08 1.021653622883574197e+00 3.941957724551127029e+00
1.021653622883574197e+00 3.941957724551127029e+00 1.000000000000000000e+00 1.000000000000000021e-08 1.539231815184729957e+00 5.000000000000000000e+00
1.539231815184729957e+00 5.000000000000000000e+00 1.000000000000000000e+00 9.999000000000000110e-01 1.570796326794896558e+00 5.000000000000000000e+00
7.925296286028693515e-02 5.276556875268113150e-02 1.000000000000000000e+00 1.000000000000000021e-08 8.332037078690741894e-02 4.067407926620487946e-02
8.332037078690741894e-02 4.067407926620487946e-02 2.000000000000000000e+00 1.000000000000000021e-08 2.485546266462458631e-02 -5.846490812228283263e-01
2.485546266462458631e-02 -5.846490812228283263e-01 1.000000000000000000e+00 1.000000000000000021e-08 -4.373573449284454129e-02 -6.859119715746913037e-01
-4.373573449284454129e-02 -6.859119715746913037e-01 2.000000000000000000e+00 1.000000000000000021e-08 -2.211393105719331731e-01 -1.774035760790886318e+00
-2.211393105719331731e-01 -1.774035760790886318e+00 0.000000000000000000e+00 1.000000000000000021e-08 -3.587057670895731354e-01 -1.375664565176399456e+00
-3.587057670895731354e-01 -1.375664565176399456e+00 1.000000000000000000e+00 1.000000000000000021e-08 -5.705674273290151088e-01 -2.118616602394419957e+00
-5.705674273290151088e-01 -2.118616602394419957e+00 1.000000000000000000e+00 1.000000000000000021e-08 -8.704534762867406350e-01 -2.998860489577254818e+00
-8.704534762867406350e-01 -2.998860489577254818e+00 2.000000000000000000e+00 1.000000000000000021e-08 -1.328684866983635970e+00 -4.582313906968954242e+00
-1.328684866983635970e+00 -4.582313906968954242e+00 1.000000000000000000e+00 9.999000000000000110e-01 -1.570796326794896558e+00 -5.000000000000000000e+00
3.837966390721713611e-02 8.630491788642091766e-02 1.000000000000000000e+00 1.000000000000000021e-08 3.793615756754983859e-02 -4.435063396672947467e-03
3.793615756754983859e-02 -4.435063396672947467e-03 1.000000000000000000e+00 1.000000000000000021e-08 4.844372198510844829e-02 1.050756441755860832e-01
4.844372198510844829e-02 1.050756441755860832e-01 1.000000000000000000e+00 1.000000000000000021e-08 7.388609934385671763e-02 2.544237735874826378e-01
7.388609934385671763e-02 2.544237735874826378e-01 1.000000000000000000e+00 1.000000000000000021e-08 1.246338160977885773e-01 5.074771675393185966e-01
1.246338160977885773e-01 5.074771675393185966e-01 1.000000000000000000e+00 1.000000000000000021e-08 1.987036199515920809e-01 7.406980385380350640e-01
1.987036199515920809e-01 7.406980385380350640e-01 0.000000000000000000e+00 1.000000000000000021e-08 3.974009330271499607e-01 1.986973130755578909e+00
3.974009330271499607e-01 1.986973130755578909e+00 1.000000000000000000e+00 1.000000000000000021e-08 6.536564605676034034e-01 2.562555275404533983e+00
6.536564605676034034e-01 2.562555275404533983e+00 0.000000000000000000e+00 1.000000000000000021e-08 1.056274295857085432e+00 4.026178352894819845e+00
1.056274295857085432e+00 4.026178352894819845e+00 2.000000000000000000e+00 1.000000000000000021e-08 1.536092677928199368e+00 4.798183820711138914e+00
1.536092677928199368e+00 4.798183820711138914e+00 2.000000000000000000e+00 9.999000000000000110e-01 1.570796326794896558e+00 5.000000000000000000e+00
3.022807700416019205e-02 -2.673606564813964942e-03 2.000000000000000000e+00 1.000000000000000021e-08 -3.936646149932289396e-02 -6.959453850348308324e-01
-3.936646149932289396e-02 -6.959453850348308324e-01 2.000000000000000000e+00 1.000000000000000021e-08 -2.023873336229320419e-01 -1.630208721236091618e+00
-2.023873336229320419e-01 -1.630208721236091618e+00 0.000000000000000000e+00 1.000000000000000021e-08 -3.104661840102806436e-01 -1.080788503873485906e+00
-3.104661840102806436e-01 -1.080788503873485906e+00 1.000000000000000000e+00 1.000000000000000021e-08 -4.584888916740313958e-01 -1.480227076637507633e+00
-4.584888916740313958e-01 -1.480227076637507633e+00 1.000000000000000000e+00 1.000000000000000021e-08 -6.892668842780196314e-01 -2.307779926039882135e+00
-6.892668842780196314e-01 -2.307779926039882135e+00 1.000000000000000000e+00 1.000000000000000021e-08 -1.019915061305560755e+00 -3.306481770275411236e+00
-1.019915061305560755e+00 -3.306481770275411236e+00 1.000000000000000000e+00 1.000000000000000021e-08 -1.472443235212504753e+00 -4.525281739069439091e+00
-1.472443235212504753e+00 -4.525281739069439091e+00 1.000000000000000000e+00 9.999000000000000110e-01 -1.570796326794896558e+00 -5.000000000000000000e+00
-1.257545726842808700e-02 9.635012459486176628e-03 1.000000000000000000e+00 1.000000000000000021e-08 -1.721021970488893424e-02 -4.634762436460845847e-02
-1.721021970488893424e-02 -4.634762436460845847e-02 0.000000000000000000e+00 1.000000000000000021e-08 6.554280747496499249e-02 8.275302717985392187e-01
6.554280747496499249e-02 8.275302717985392187e-01 1.000000000000000000e+00 1.000000000000000021e-08 1.430253131123772614e-01 7.748250563741226893e-01
1.430253131123772614e-01 7.748250563741226893e-01 0.000000000000000000e+00 1.000000000000000021e-08 3.305151367434284726e-01 1.874898236310512001e+00
3.305151367434284726e-01 1.874898236310512001e+00 2.000000000000000000e+00 1.000000000000000021e-08 4.997466490204672818e-01 1.692315122770387648e+00
4.997466490204672818e-01 1.692315122770387648e+00 0.000000000000000000e+00 1.000000000000000021e-08 8.325680760484751586e-01 3.328214270280078324e+00
8.325680760484751586e-01 3.328214270280078324e+00 1.000000000000000000e+00 1.000000000000000021e-08 1.273273203585169266e+00 4.407051275366941745e+00
1.273273203585169266e+00 4.407051275366941745e+00 0.000000000000000000e+00 9.999000000000000110e-01 1.570796326794896558e+00 5.000000000000000000e+00
1.955181573788912497e-02 6.315862713076147994e-02 0.000000000000000000e+00 1.000000000000000021e-08 1.273923658234560330e-01 1.078405500855668997e+00
1.273923658234560330e-01 1.078405500855668997e+00 1.000000000000000000e+00 1.000000000000000021e-08 2.680131565951517914e-01 1.406207907716957806e+00
2.680131565951517914e-01 1.406207907716957806e+00 1.000000000000000000e+00 1.000000000000000021e-08 4.572185503093042502e-01 1.892053937141524811e+00
4.572185503093042502e-01 1.892053937141524811e+00 2.000000000000000000e+00 1.000000000000000021e-08 6.395099843450924304e-01 1.822914340357881802e+00
6.395099843450924304e-01 1.822914340357881802e+00 1.000000000000000000e+00 1.000000000000000021e-08 9.285934869834004957e-01 2.890835026383079764e+00
9.285934869834004957e-01 2.890835026383079764e+00 1.000000000000000000e+00 1.000000000000000021e-08 1.339884421980377383e+00 4.112909349969768869e+00
1.339884421980377383e+00 4.112909349969768869e+00 0.000000000000000000e+00 9.999000000000000110e-01 1.570796326794896558e+00 5.000000000000000000e+00
7.554378682612489238e-02 -1.121855627478657302e-02 2.000000000000000000e+00 1.000000000000000021e-08 -1.801132183520423591e-02 -9.355510866132912273e-01
-1.801132183520423591e-02 -9.355510866132912273e-01 2.000000000000000000e+00 1.000000000000000021e-08 -2.070227173828300959e-01 -1.890113955476258489e+00
-2.070227173828300959e-01 -1.890113955476258489e+00 1.000000000000000000e+00 1.000000000000000021e-08 -4.293190634957763097e-01 -2.222963461129461749e+00
-4.293190634957763097e-01 -2.222963461129461749e+00 1.000000000000000000e+00 1.000000000000000021e-08 -7.244568596010398931e-01 -2.951377961052636056e+00
-7.244568596010398931e-01 -2.951377961052636056e+00 1.000000000000000000e+00 1.000000000000000021e-08 -1.128093667199075556e+00 -4.036368075980355741e+00
-1.128093667199075556e+00 -4.036368075980355741e+00 2.000000000000000000e+00 9.999000000000000110e-01 -1.570796326794896558e+00 -5.000000000000000000e+00
-1.575620694225790541e-02 -2.121831137003401049e-02 2.000000000000000000e+00 1.000000000000000021e-08 -1.225171874325397536e-01 -1.067609804902818427e+00
-1.225171874325397536e-01 -1.067609804902818427e+00 1.000000000000000000e+00 1.000000000000000021e-08 -2.389041070544337120e-01 -1.163869196218939361e+00
-2.389041070544337120e-01 -1.163869196218939361e+00 2.000000000000000000e+00 1.000000000000000021e-08 -4.889781062580528803e-01 -2.500739992036191683e+00
-4.889781062580528803e-01 -2.500739992036191683e+00 0.000000000000000000e+00 1.000000000000000021e-08 -7.332622762815665940e-01 -2.442841700235136582e+00
-7.332622762815665940e-01 -2.442841700235136582e+00 0.000000000000000000e+00 1.000000000000000021e-08 -1.007380886582861512e+00 -2.741186103012948738e+00
-1.007380886582861512e+00 -2.741186103012948738e+00 0.000000000000000000e+00 1.000000000000000021e-08 -1.362045334768281268e+00 -3.546644481854196229e+00
-1.362045334768281268e+00 -3.546644481854196229e+00 0.000000000000000000e+00 9.999000000000000110e-01 -1.570796326794896558e+00 -4.805788457763370047e+00
3.191834765217538283e-02 -6.172620060408752496e-02 0.000000000000000000e+00 1.000000000000000021e-08 1.366501296591957071e-01 1.047317820070203132e+00
1.366501296591957071e-01 1.047317820070203132e+00 2.000000000000000000e+00 1.000000000000000021e-08 1.902909433392539762e-01 5.364081368005827466e-01
1.902909433392539762e-01 5.364081368005827466e-01 0.000000000000000000e+00 1.000000000000000021e-08 3.753586417898902572e-01 1.850676984506362643e+00
3.753586417898902572e-01 1.850676984506362643e+00 0.000000000000000000e+00 1.000000000000000021e-08 6.954622331567246185e-01 3.201035913668342836e+00
6.954622331567246185e-01 3.201035913668342836e+00 2.000000000000000000e+00 1.000000000000000021e-08 1.051187485585292514e+00 3.557252524285678952e+00
1.051187485585292514e+00 3.557252524285678952e+00 1.000000000000000000e+00 1.000000000000000021e-08 1.533002879844231670e+00 4.818153942589392003e+00
1.533002879844231670e+00 4.818153942589392003e+00 2.000000000000000000e+00 9.999000000000000110e-01 1.570796326794896558e+00 5.000000000000000000e+00
-8.125354894204987743e-02 -6.249699209123503463e-02 1.000000000000000000e+00 1.000000000000000021e-08 -8.770512314059467074e-02 -6.451574198544794692e-02
-8.770512314059467074e-02 -6.451574198544794692e-02 0.000000000000000000e+00 1.000000000000000021e-08 -1.774018778494945714e-02 6.996493535564520805e-01
-1.774018778494945714e-02 6.996493535564520805e-01 0.000000000000000000e+00 1.000000000000000021e-08 1.399173930868381766e-01 1.576575808717876281e+00
1.399173930868381766e-01 1.576575808717876281e+00 1.000000000000000000e+00 1.000000000000000021e-08 3.217926721309218863e-01 1.818752790440837375e+00
3.217926721309218863e-01 1.818752790440837375e+00 2.000000000000000000e+00 1.000000000000000021e-08 4.773763093595861373e-01 1.555836372286642399e+00
4.773763093595861373e-01 1.555836372286642399e+00 2.000000000000000000e+00 1.000000000000000021e-08 6.419621076798678327e-01 1.645857983202816843e+00
6.419621076798678327e-01 1.645857983202816843e+00 2.000000000000000000e+00 1.000000000000000021e-08 8.237790467523741222e-01 1.818169390725062451e+00
8.237790467523741222e-01 1.818169390725062451e+00 1.000000000000000000e+00 1.000000000000000021e-08 1.120329282774397806e+00 2.965502360220236611e+00
1.120329282774397806e+00 2.965502360220236611e+00 2.000000000000000000e+00 1.000000000000000021e-08 1.519561400822514230e+00 3.992321180481164244e+00
1.519561400822514230e+00 3.992321180481164244e+00 2.000000000000000000e+00 9.999000000000000110e-01 1.570796326794896558e+00 5.000000000000000000e+00
-5.544691619858786724e-02 -2.668598487831471550e-02 2.000000000000000000e+00 1.000000000000000021e-08 -1.711779528370918069e-01 -1.157310366385039480e+00
-1.711779528370918069e-01 -1.157310366385039480e+00 0.000000000000000000e+00 1.000000000000000021e-08 -2.430666165170509707e-01 -7.188866367995916384e-01
-2.430666165170509707e-01 -7.188866367995916384e-01 1.000000000000000000e+00 1.000000000000000021e-08 -3.574312028378610062e-01 -1.143645863208100355e+00
-3.574312028378610062e-01 -1.143645863208100355e+00 1.000000000000000000e+00 1.000000000000000021e-08 -5.385380291831683985e-01 -1.811068263453073701e+00
-5.385380291831683985e-01 -1.811068263453073701e+00 0.000000000000000000e+00 1.000000000000000021e-08 -7.267292920824497404e-01 -1.881912628992813197e+00
-7.267292920824497404e-01 -1.881912628992813197e+00 0.000000000000000000e+00 1.000000000000000021e-08 -9.594994192345124295e-01 -2.327701271520627113e+00
-9.594994192345124295e-01 -2.327701271520627113e+00 1.000000000000000000e+00 1.000000000000000021e-08 -1.311147234059717892e+00 -3.516478148252053515e+00
-1.311147234059717892e+00 -3.516478148252053515e+00 2.000000000000000000e+00 9.999000000000000110e-01 -1.570796326794896558e+00 -5.000000000000000000e+00
3.755887971440045880e-02 4.321089415960732705e-02 1.000000000000000000e+00 1.000000000000000021e-08 4.124806520399888071e-02 3.689185489598421214e-02
4.124806520399888071e-02 3.689185489598421214e-02 2.000000000000000000e+00 1.000000000000000021e-08 -4.858260211093805986e-02 -8.983066731493692947e-01
-4.858260211093805986e-02 -8.983066731493692947e-01 1.000000000000000000e+00 1.000000000000000021e-08 -1.393717689148991634e-01 -9.078916680396108552e-01
-1.393717689148991634e-01 -9.078916680396108552e-01 0.000000000000000000e+00 1.000000000000000021e-08 -1.751944262626215221e-01 -3.582265734772236421e-01
-1.751944262626215221e-01 -3.582265734772236421e-01 0.000000000000000000e+00 1.000000000000000021e-08 -1.539650438462647764e-01 2.122938241635673462e-01
-1.539650438462647764e-01 2.122938241635673462e-01 2.000000000000000000e+00 1.000000000000000021e-08 -2.489344965616950012e-01 -9.496945271543021372e-01
-2.489344965616950012e-01 -9.496945271543021372e-01 2.000000000000000000e+00 1.000000000000000021e-08 -4.699022141398875307e-01 -2.209677175781925573e+00
-4.699022141398875307e-01 -2.209677175781925573e+00 0.000000000000000000e+00 1.000000000000000021e-08 -6.905171004041477101e-01 -2.206148862642602015e+00
-6.905171004041477101e-01 -2.206148862642602015e+00 1.000000000000000000e+00 1.000000000000000021e-08 -1.005446861479201592e+00 -3.149297610750539267e+00
-1.005446861479201592e+00 -3.149297610750539267e+00 2.000000000000000000e+00 1.000000000000000021e-08 -1.487343592241256562e+00 -4.818967307620550145e+00
-1.487343592241256562e+00 -4.818967307620550145e+00 2.000000000000000000e+00 9.999000000000000110e-01 -1.570796326794896558e+00 -5.000000000000000000e+00
-4.885216680433546177e-02 -3.361479296880204998e-02 1.000000000000000000e+00 1.000000000000000021e-08 -7.529033935265999622e-02 -2.643817254832452890e-01
-7.529033935265999622e-02 -2.643817254832452890e-01 0.000000000000000000e+00 1.000000000000000021e-08 -3.347642700583883940e-02 4.181391234682115265e-01
-3.347642700583883940e-02 4.181391234682115265e-01 0.000000000000000000e+00 1.000000000000000021e-08 8.232226578820248108e-02 1.157986927940413135e+00
8.232226578820248108e-02 1.157986927940413135e+00 0.000000000000000000e+00 1.000000000000000021e-08 2.834743595160602592e-01 2.011520937278577836e+00
2.834743595160602592e-01 2.011520937278577836e+00 1.000000000000000000e+00 1.000000000000000021e-08 5.368220296493880772e-01 2.533476701333277958e+00
5.368220296493880772e-01 2.533476701333277958e+00 0.000000000000000000e+00 1.000000000000000021e-08 9.418295254627098156e-01 4.050074958133217606e+00
9.418295254627098156e-01 4.050074958133217606e+00 2.000000000000000000e+00 1.000000000000000021e-08 1.420618257670627438e+00 4.787887322079175334e+00
1.420618257670627438e+00 4.787887322079175334e+00 1.000000000000000000e+00 9.999000000000000110e-01 1.570796326794896558e+00 5.000000000000000000e+00
-8.340426834024233793e-02 3.530863798714643786e-02 2.000000000000000000e+00 1.000000000000000021e-08 -1.727353153330589142e-01 -8.933104699281657624e-01
-1.727353153330589142e-01 -8.933104699281657624e-01 1.000000000000000000e+00 1.000000000000000021e-08 -3.062999274279780693e-01 -1.335646120949191662e+00
-3.062999274279780693e-01 -1.335646120949191662e+00 0.000000000000000000e+00 1.000000000000000021e-08 -4.044005799076964003e-01 -9.810065247971833102e-01
