-6.405062754102427980e-02 3.118779909931078745e-02 2.000000000000000000e+00 1.000000000000000021e-08 -1.651273205456281756e-01 -1.010766930046038903e+00
-1.651273205456281756e-01 -1.010766930046038903e+00 1.000000000000000000e+00 1.000000000000000021e-08 -2.786179818016409349e-01 -1.134906612560127703e+00
-2.786179818016409349e-01 -1.134906612560127703e+00 0.000000000000000000e+00 1.000000000000000021e-08 -3.387577645878103727e-01 -6.013978278616940454e-01
-3.387577645878103727e-01 -6.013978278616940454e-01 1.000000000000000000e+00 1.000000000000000021e-08 -4.441228598025935281e-01 -1.053650952147831443e+00
-4.441228598025935281e-01 -1.053650952147831443e+00 1.000000000000000000e+00 1.000000000000000021e-08 -6.220693151977783053e-01 -1.779464553951847439e+00
-6.220693151977783053e-01 -1.779464553951847439e+00 0.000000000000000000e+00 1.000000000000000021e-08 -8.181598170057985397e-01 -1.960905018080202344e+00
-8.181598170057985397e-01 -1.960905018080202344e+00 1.000000000000000000e+00 1.000000000000000021e-08 -1.137336682497059881e+00 -3.191768654912613634e+00
-1.137336682497059881e+00 -3.191768654912613634e+00 2.000000000000000000e+00 9.999000000000000110e-01 -1.570796326794896558e+00 -4.841142265776513298e+00
8.187631933005944107e-03 1.256527502927033690e-02 1.000000000000000000e+00 1.000000000000000021e-08 4.720578907003318385e-03 -3.467053026002625549e-02
4.720578907003318385e-03 -3.467053026002625549e-02 0.000000000000000000e+00 1.000000000000000021e-08 8.960950459852472239e-02 8.488892569152139966e-01
8.960950459852472239e-02 8.488892569152139966e-01 2.000000000000000000e+00 1.000000000000000021e-08 1.135805355446868337e-01 2.397103094616210850e-01
1.135805355446868337e-01 2.397103094616210850e-01 0.000000000000000000e+00 1.000000000000000021e-08 2.479581252188000906e-01 1.343775896741132403e+00
2.479581252188000906e-01 1.343775896741132403e+00 1.000000000000000000e+00 1.000000000000000021e-08 4.140990655116615349e-01 1.661409402928614165e+00
4.140990655116615349e-01 1.661409402928614165e+00 2.000000000000000000e+00 1.000000000000000021e-08 5.682448148498904228e-01 1.541457493382288657e+00
5.682448148498904228e-01 1.541457493382288657e+00 0.000000000000000000e+00 1.000000000000000021e-08 8.924461936620139424e-01 3.242013788121234974e+00
8.924461936620139424e-01 3.242013788121234974e+00 1.000000000000000000e+00 1.000000000000000021e-08 1.321118355745795725e+00 4.286721620837817603e+00
1.321118355745795725e+00 4.286721620837817603e+00 0.000000000000000000e+00 9.999000000000000110e-01 1.570796326794896558e+00 5.000000000000000000e+00
8.483089901145517142e-02 -3.243929419496694583e-02 0.000000000000000000e+00 1.000000000000000021e-08 1.671267994220750897e-01 8.229590041061991545e-01
1.671267994220750897e-01 8.229590041061991545e-01 2.000000000000000000e+00 1.000000000000000021e-08 2.047189288748589020e-01 3.759212945278380125e-01
2.047189288748589020e-01 3.759212945278380125e-01 0.000000000000000000e+00 1.000000000000000021e-08 3.742343086304422695e-01 1.695153797555833730e+00
3.742343086304422695e-01 1.695153797555833730e+00 0.000000000000000000e+00 1.000000000000000021e-08 6.740527046770024011e-01 2.998183960465601761e+00
6.740527046770024011e-01 2.998183960465601761e+00 0.000000000000000000e+00 1.000000000000000021e-08 1.125754024889686900e+00 4.517013202126845428e+00
1.125754024889686900e+00 4.517013202126845428e+00 0.000000000000000000e+00 9.999000000000000110e-01 1.570796326794896558e+00 5.000000000000000000e+00
1.817528172786631036e-02 8.420194498476413214e-02 1.000000000000000000e+00 1.000000000000000021e-08 3.867148737660364849e-02 2.049620564873733675e-01
3.867148737660364849e-02 2.049620564873733675e-01 2.000000000000000000e+00 1.000000000000000021e-08 -1.279050193920058809e-02 -5.146198931580423519e-01
-1.279050193920058809e-02 -5.146198931580423519e-01 2.000000000000000000e+00 1.000000000000000021e-08 -1.705688685058903142e-01 -1.577783665666897095e+00
-1.705688685058903142e-01 -1.577783665666897095e+00 0.000000000000000000e+00 1.000000000000000021e-08 -2.846042068353646926e-01 -1.140353383294743672e+00
-2.846042068353646926e-01 -1.140353383294743672e+00 1.000000000000000000e+00 1.000000000000000021e-08 -4.329979508112163922e-01 -1.483937439758517218e+00
-4.329979508112163922e-01 -1.483937439758517218e+00 2.000000000000000000e+00 1.000000000000000021e-08 -7.253481363444050922e-01 -2.923501855331887000e+00
-7.253481363444050922e-01 -2.923501855331887000e+00 2.000000000000000000e+00 1.000000000000000021e-08 -1.169196053411630576e+00 -4.438479170672255947e+00
-1.169196053411630576e+00 -4.438479170672255947e+00 0.000000000000000000e+00 9.999000000000000110e-01 -1.570796326794896558e+00 -5.000000000000000000e+00
8.511198785978028869e-02 5.875493255999385267e-02 0.000000000000000000e+00 1.000000000000000021e-08 1.857123341074324863e-01 1.006003462476521726e+00
1.857123341074324863e-01 1.006003462476521726e+00 2.000000000000000000e+00 1.000000000000000021e-08 2.238299483527091405e-01 3.811761424527664310e-01
2.238299483527091405e-01 3.811761424527664310e-01 0.000000000000000000e+00 1.000000000000000021e-08 3.828355692475641225e-01 1.590056208948549710e+00
3.828355692475641225e-01 1.590056208948549710e+00 1.000000000000000000e+00 1.000000000000000021e-08 5.941027875561480931e-01 2.112672183085839706e+00
5.941027875561480931e-01 2.112672183085839706e+00 1.000000000000000000e+00 1.000000000000000021e-08 8.869960659182112295e-01 2.928932783620631142e+00
8.869960659182112295e-01 2.928932783620631142e+00 0.000000000000000000e+00 1.000000000000000021e-08 1.335106254411099425e+00 4.481101884928882839e+00
1.335106254411099425e+00 4.481101884928882839e+00 1.000000000000000000e+00 9.999000000000000110e-01 1.570796326794896558e+00 5.000000000000000000e+00
-6.645450916002274000e-02 -1.171642420137258833e-02 1.000000000000000000e+00 1.000000000000000021e-08 -9.247403454804761780e-02 -2.601952538802487225e-01
-9.247403454804761780e-02 -2.601952538802487225e-01 2.000000000000000000e+00 1.000000000000000021e-08 -2.322358000003384715e-01 -1.397617654522908426e+00
-2.322358000003384715e-01 -1.397617654522908426e+00 1.000000000000000000e+00 1.000000000000000021e-08 -4.218654221209223731e-01 -1.896296221205838517e+00
-4.218654221209223731e-01 -1.896296221205838517e+00 0.000000000000000000e+00 1.000000000000000021e-08 -6.123149071058361370e-01 -1.904494849849137195e+00
-6.123149071058361370e-01 -1.904494849849137195e+00 1.000000000000000000e+00 1.000000000000000021e-08 -9.043874505849744949e-01 -2.920725434791384245e+00
-9.043874505849744949e-01 -2.920725434791384245e+00 2.000000000000000000e+00 1.000000000000000021e-08 -1.363913967906573710e+00 -4.595265173215991261e+00
-1.363913967906573710e+00 -4.595265173215991261e+00 1.000000000000000000e+00 9.999000000000000110e-01 -1.570796326794896558e+00 -5.000000000000000000e+00
-3.650272227736948982e-02 7.393707893460525760e-02 1.000000000000000000e+00 1.000000000000000021e-08 -2.949834221647100116e-02 7.004380060898487970e-02
-2.949834221647100116e-02 7.004380060898487970e-02 1.000000000000000000e+00 1.000000000000000021e-08 -3.554123495470246086e-02 -6.042892738231459004e-02
-3.554123495470246086e-02 -6.042892738231459004e-02 2.000000000000000000e+00 1.000000000000000021e-08 -1.520752065293323463e-01 -1.165339715746298799e+00
-1.520752065293323463e-01 -1.165339715746298799e+00 0.000000000000000000e+00 1.000000000000000021e-08 -1.947060115052165474e-01 -4.263080497588419560e-01
-1.947060115052165474e-01 -4.263080497588419560e-01 1.000000000000000000e+00 1.000000000000000021e-08 -2.708329018341360528e-01 -7.612689032891948315e-01
-2.708329018341360528e-01 -7.612689032891948315e-01 1.000000000000000000e+00 1.000000000000000021e-08 -3.919183380634266300e-01 -1.210854362292905551e+00
-3.919183380634266300e-01 -1.210854362292905551e+00 1.000000000000000000e+00 1.000000000000000021e-08 -5.812649723947236335e-01 -1.893466343312969702e+00
-5.812649723947236335e-01 -1.893466343312969702e+00 0.000000000000000000e+00 1.000000000000000021e-08 -7.938623491339882321e-01 -2.125973767392646430e+00
-7.938623491339882321e-01 -2.125973767392646430e+00 2.000000000000000000e+00 1.000000000000000021e-08 -1.174844553394161606e+00 -3.809822042601733294e+00
-1.174844553394161606e+00 -3.809822042601733294e+00 2.000000000000000000e+00 9.999000000000000110e-01 -1.570796326794896558e+00 -5.000000000000000000e+00
6.488819495340197863e-02 -6.177475568078191759e-02 0.000000000000000000e+00 1.000000000000000021e-08 1.430014996464281651e-01 7.811330469302617541e-01
1.430014996464281651e-01 7.811330469302617541e-01 1.000000000000000000e+00 1.000000000000000021e-08 2.623050854371358764e-01 1.193035857907077002e+00
2.623050854371358764e-01 1.193035857907077002e+00 0.000000000000000000e+00 1.000000000000000021e-08 5.027493752715368469e-01 2.404442898344009372e+00
5.027493752715368469e-01 2.404442898344009372e+00 1.000000000000000000e+00 1.000000000000000021e-08 8.138032947466522504e-01 3.110539194751154035e+00
8.138032947466522504e-01 3.110539194751154035e+00 1.000000000000000000e+00 1.000000000000000021e-08 1.233162388215532035e+00 4.193590934688797844e+00
1.233162388215532035e+00 4.193590934688797844e+00 0.000000000000000000e+00 9.999000000000000110e-01 1.570796326794896558e+00 5.000000000000000000e+00
6.221820079356857325e-02 -7.842337587082429118e-02 2.000000000000000000e+00 1.000000000000000021e-08 -3.563333461763094900e-02 -9.785153541119951948e-01
-3.563333461763094900e-02 -9.785153541119951948e-01 0.000000000000000000e+00 1.000000000000000021e-08 -4.932595515591724211e-02 -1.369262053828629311e-01
-4.932595515591724211e-02 -1.369262053828629311e-01 0.000000000000000000e+00 1.000000000000000021e-08 1.429443782223936699e-02 6.362039297815660355e-01
1.429443782223936699e-02 6.362039297815660355e-01 1.000000000000000000e+00 1.000000000000000021e-08 9.670971950081803936e-02 8.241528167857866682e-01
9.670971950081803936e-02 8.241528167857866682e-01 0.000000000000000000e+00 1.000000000000000021e-08 2.918811100588836194e-01 1.951713905580655606e+00
2.918811100588836194e-01 1.951713905580655606e+00 0.000000000000000000e+00 1.000000000000000021e-08 6.291776437582037307e-01 3.372965336993201113e+00
6.291776437582037307e-01 3.372965336993201113e+00 2.000000000000000000e+00 1.000000000000000021e-08 9.770220763722197166e-01 3.478444326140158971e+00
9.770220763722197166e-01 3.478444326140158971e+00 0.000000000000000000e+00 1.000000000000000021e-08 1.482852114916184183e+00 5.000000000000000000e+00
1.482852114916184183e+00 5.000000000000000000e+00 2.000000000000000000e+00 9.999000000000000110e-01 1.570796326794896558e+00 5.000000000000000000e+00
-5.288989776673691523e-02 2.082224692951623740e-02 2.000000000000000000e+00 1.000000000000000021e-08 -1.396292699900755219e-01 -8.673937222333859554e-01
-1.396292699900755219e-01 -8.673937222333859554e-01 0.000000000000000000e+00 1.000000000000000021e-08 -1.493218177916754708e-01 -9.692547801599937785e-02
-1.493218177916754708e-01 -9.692547801599937785e-02 0.000000000000000000e+00 1.000000000000000021e-08 -8.600920625366255401e-02 6.331261153801290842e-01
-8.600920625366255401e-02 6.331261153801290842e-01 2.000000000000000000e+00 1.000000000000000021e-08 -1.345696674546778271e-01 -4.856046120101527030e-01
-1.345696674546778271e-01 -4.856046120101527030e-01 2.000000000000000000e+00 1.000000000000000021e-08 -2.777128758359573846e-01 -1.431432083812795408e+00
-2.777128758359573846e-01 -1.431432083812795408e+00 2.000000000000000000e+00 1.000000000000000021e-08 -5.365094395705956032e-01 -2.587965637346381520e+00
-5.365094395705956032e-01 -2.587965637346381520e+00 0.000000000000000000e+00 1.000000000000000021e-08 -7.936068725788230083e-01 -2.570974330082274051e+00
-7.936068725788230083e-01 -2.570974330082274051e+00 1.000000000000000000e+00 1.000000000000000021e-08 -1.153629994640327006e+00 -3.600231220615039529e+00
-1.153629994640327006e+00 -3.600231220615039529e+00 1.000000000000000000e+00 9.999000000000000110e-01 -1.570796326794896558e+00 -4.892561335602207961e+00
-6.548541186140349746e-02 -1.403578379595869438e-02 2.000000000000000000e+00 1.000000000000000021e-08 -1.803422019965706669e-01 -1.148567901351671638e+00
-1.803422019965706669e-01 -1.148567901351671638e+00 1.000000000000000000e+00 1.000000000000000021e-08 -3.117270465283486502e-01 -1.313848445317779667e+00
-3.117270465283486502e-01 -1.313848445317779667e+00 1.000000000000000000e+00 1.000000000000000021e-08 -4.962079961473480627e-01 -1.844809496189993903e+00
-4.962079961473480627e-01 -1.844809496189993903e+00 0.000000000000000000e+00 1.000000000000000021e-08 -6.761197053938297064e-01 -1.799117092464816992e+00
-6.761197053938297064e-01 -1.799117092464816992e+00 0.000000000000000000e+00 1.000000000000000021e-08 -8.811747610283998666e-01 -2.050550556345701825e+00
-8.811747610283998666e-01 -2.050550556345701825e+00 0.000000000000000000e+00 1.000000000000000021e-08 -1.156732030045490189e+00 -2.755572690170903449e+00
-1.156732030045490189e+00 -2.755572690170903449e+00 0.000000000000000000e+00 1.000000000000000021e-08 -1.538349619583561090e+00 -3.816175895380708560e+00
-1.538349619583561090e+00 -3.816175895380708560e+00 1.000000000000000000e+00 9.999000000000000110e-01 -1.570796326794896558e+00 -5.000000000000000000e+00
4.449622725207721952e-02 -7.393548249920701976e-02 2.000000000000000000e+00 1.000000000000000021e-08 -5.592415486593374507e-02 -1.004203821180109646e+00
-5.592415486593374507e-02 -1.004203821180109646e+00 0.000000000000000000e+00 1.000000000000000021e-08 -7.738292467832107169e-02 -2.145876981238732384e-01
-7.738292467832107169e-02 -2.145876981238732384e-01 1.000000000000000000e+00 1.000000000000000021e-08 -9.980903437735588746e-02 -2.242610969903481299e-01
-9.980903437735588746e-02 -2.242610969903481299e-01 0.000000000000000000e+00 1.000000000000000021e-08 -6.320697766790410455e-02 3.660205670945178014e-01
-6.320697766790410455e-02 3.660205670945178014e-01 0.000000000000000000e+00 1.000000000000000021e-08 6.519948282632236081e-02 1.284064604942264598e+00
6.519948282632236081e-02 1.284064604942264598e+00 0.000000000000000000e+00 1.000000000000000021e-08 2.800259099192689560e-01 2.148264270929465702e+00
2.800259099192689560e-01 2.148264270929465702e+00 2.000000000000000000e+00 1.000000000000000021e-08 4.564242025738514119e-01 1.763982926545824226e+00
4.564242025738514119e-01 1.763982926545824226e+00 2.000000000000000000e+00 1.000000000000000021e-08 6.370045361462568501e-01 1.805803335724053937e+00
6.370045361462568501e-01 1.805803335724053937e+00 0.000000000000000000e+00 1.000000000000000021e-08 9.846459195965262534e-01 3.476413834502694478e+00
9.846459195965262534e-01 3.476413834502694478e+00 2.000000000000000000e+00 1.000000000000000021e-08 1.409424642189675891e+00 4.247787225931496380e+00
1.409424642189675891e+00 4.247787225931496380e+00 2.000000000000000000e+00 9.999000000000000110e-01 1.570796326794896558e+00 5.000000000000000000e+00
-7.058936099418372523e-02 6.257627261270493069e-04 1.000000000000000000e+00 1.000000000000000021e-08 -8.468196353933125919e-02 -1.409260254514753674e-01
-8.468196353933125919e-02 -1.409260254514753674e-01 2.000000000000000000e+00 1.000000000000000021e-08 -1.996404415612940686e-01 -1.149584780219627955e+00
-1.996404415612940686e-01 -1.149584780219627955e+00 2.000000000000000000e+00 1.000000000000000021e-08 -4.356681700454072548e-01 -2.360277284841131973e+00
-4.356681700454072548e-01 -2.360277284841131973e+00 0.000000000000000000e+00 1.000000000000000021e-08 -6.563529291003081800e-01 -2.206847590549009475e+00
-6.563529291003081800e-01 -2.206847590549009475e+00 0.000000000000000000e+00 1.000000000000000021e-08 -9.178919705654203787e-01 -2.615390414651121986e+00
-9.178919705654203787e-01 -2.615390414651121986e+00 0.000000000000000000e+00 1.000000000000000021e-08 -1.253066251885691429e+00 -3.351742813202710281e+00
-1.253066251885691429e+00 -3.351742813202710281e+00 1.000000000000000000e+00 9.999000000000000110e-01 -1.570796326794896558e+00 -4.707973866087815651e+00
-3.260968074749266699e-02 7.481290058529128928e-02 2.000000000000000000e+00 1.000000000000000021e-08 -1.317871110792396827e-01 -9.917743033174699629e-01
-1.317871110792396827e-01 -9.917743033174699629e-01 1.000000000000000000e+00 1.000000000000000021e-08 -2.379206968477757256e-01 -1.061335857685360429e+00
-2.379206968477757256e-01 -1.061335857685360429e+00 2.000000000000000000e+00 1.000000000000000021e-08 -4.736080901997060666e-01 -2.356873933519302966e+00
-4.736080901997060666e-01 -2.356873933519302966e+00 2.000000000000000000e+00 1.000000000000000021e-08 -8.464888131950036865e-01 -3.728807229952976421e+00
-8.464888131950036865e-01 -3.728807229952976421e+00 2.000000000000000000e+00 1.000000000000000021e-08 -1.385592425864383248e+00 -5.000000000000000000e+00
-1.385592425864383248e+00 -5.000000000000000000e+00 1.000000000000000000e+00 9.999000000000000110e-01 -1.570796326794896558e+00 -5.000000000000000000e+00
-2.459164301729412777e-02 -4.573728395742228392e-02 0.000000000000000000e+00 1.000000000000000021e-08 5.287913651836353285e-02 7.747077953565765229e-01
5.287913651836353285e-02 7.747077953565765229e-01 0.000000000000000000e+00 1.000000000000000021e-08 2.362851959226955068e-01 1.834060594043319448e+00
2.362851959226955068e-01 1.834060594043319448e+00 2.000000000000000000e+00 1.000000000000000021e-08 3.711383744897591153e-01 1.348531785670636030e+00
3.711383744897591153e-01 1.348531785670636030e+00 1.000000000000000000e+00 1.000000000000000021e-08 5.791905179347683896e-01 2.080521434450092411e+00
5.791905179347683896e-01 2.080521434450092411e+00 1.000000000000000000e+00 1.000000000000000021e-08 8.734503168282967689e-01 2.942597988935284015e+00
8.734503168282967689e-01 2.942597988935284015e+00 0.000000000000000000e+00 1.000000000000000021e-08 1.331166049274477903e+00 4.577157324461810894e+00
1.331166049274477903e+00 4.577157324461810894e+00 0.000000000000000000e+00 9.999000000000000110e-01 1.570796326794896558e+00 5.000000000000000000e+00
6.658509758717227889e-02 -8.714589009489016880e-02 2.000000000000000000e+00 1.000000000000000021e-08 -5.759089242878767667e-03 -7.234418683005103823e-01
-5.759089242878767667e-03 -7.234418683005103823e-01 1.000000000000000000e+00 1.000000000000000021e-08 -6.882533960980787013e-02 -6.306625036692909969e-01
-6.882533960980787013e-02 -6.306625036692909969e-01 1.000000000000000000e+00 1.000000000000000021e-08 -1.374504196661064936e-01 -6.862508005629860408e-01
-1.374504196661064936e-01 -6.862508005629860408e-01 0.000000000000000000e+00 1.000000000000000021e-08 -1.360643222461840884e-01 1.386097419922405205e-02
-1.360643222461840884e-01 1.386097419922405205e-02 2.000000000000000000e+00 1.000000000000000021e-08 -2.364011005795635945e-01 -1.003367783333795060e+00
-2.364011005795635945e-01 -1.003367783333795060e+00 2.000000000000000000e+00 1.000000000000000021e-08 -4.454038277783857191e-01 -2.090027271988221358e+00
-4.454038277783857191e-01 -2.090027271988221358e+00 0.000000000000000000e+00 1.000000000000000021e-08 -6.327050466821395602e-01 -1.873012189037538855e+00
-6.327050466821395602e-01 -1.873012189037538855e+00 2.000000000000000000e+00 1.000000000000000021e-08 -9.707264223424331151e-01 -3.380213756602935327e+00
-9.707264223424331151e-01 -3.380213756602935327e+00 1.000000000000000000e+00 1.000000000000000021e-08 -1.423250167878046479e+00 -4.525237455356132976e+00
-1.423250167878046479e+00 -4.525237455356132976e+00 0.000000000000000000e+00 9.999000000000000110e-01 -1.570796326794896558e+00 -5.000000000000000000e+00
6.117537394658348338e-02 1.933667791088649474e-02 2.000000000000000000e+00 1.000000000000000021e-08 -2.027789581738950742e-02 -8.145326976397297969e-01
-2.027789581738950742e-02 -8.145326976397297969e-01 2.000000000000000000e+00 1.000000000000000021e-08 -1.817208684351755144e-01 -1.614429726177859958e+00
-1.817208684351755144e-01 -1.614429726177859958e+00 1.000000000000000000e+00 1.000000000000000021e-08 -3.709044449382231656e-01 -1.891835765030476013e+00
-3.709044449382231656e-01 -1.891835765030476013e+00 2.000000000000000000e+00 1.000000000000000021e-08 -6.903466152242749843e-01 -3.194421702860518408e+00
-6.903466152242749843e-01 -3.194421702860518408e+00 1.000000000000000000e+00 1.000000000000000021e-08 -1.098777793229162025e+00 -4.084311780048871299e+00
-1.098777793229162025e+00 -4.084311780048871299e+00 0.000000000000000000e+00 9.999000000000000110e-01 -1.570796326794896558e+00 -4.931635572991756256e+00
1.315315959429812567e-02 4.608952714811805074e-02 1.000000000000000000e+00 1.000000000000000021e-08 3.051889583782875850e-02 1.736573624353063283e-01
3.051889583782875850e-02 1.736573624353063283e-01 2.000000000000000000e+00 1.000000000000000021e-08 -2.388288930536356172e-02 -5.440178514319231606e-01
-2.388288930536356172e-02 -5.440178514319231606e-01 1.000000000000000000e+00 1.000000000000000021e-08 -6.536544924802764611e-02 -4.148255994266408786e-01
-6.536544924802764611e-02 -4.148255994266408786e-01 0.000000000000000000e+00 1.000000000000000021e-08 -1.896380473983692166e-02 4.640164450819072028e-01
-1.896380473983692166e-02 4.640164450819072028e-01 1.000000000000000000e+00 1.000000000000000021e-08 9.609858955778871614e-03 2.857366369561579189e-01
9.609858955778871614e-03 2.857366369561579189e-01 0.000000000000000000e+00 1.000000000000000021e-08 1.387242313754652456e-01 1.291143724196863740e+00
1.387242313754652456e-01 1.291143724196863740e+00 1.000000000000000000e+00 1.000000000000000021e-08 2.865156605803599321e-01 1.477914292048947198e+00
2.865156605803599321e-01 1.477914292048947198e+00 0.000000000000000000e+00 1.000000000000000021e-08 5.614554111904459521e-01 2.749397506100860866e+00
5.614554111904459521e-01 2.749397506100860866e+00 0.000000000000000000e+00 1.000000000000000021e-08 9.854827665399401582e-01 4.240273553494942504e+00
9.854827665399401582e-01 4.240273553494942504e+00 0.000000000000000000e+00 9.999000000000000110e-01 1.570796326794896558e+00 5.000000000000000000e+00
-6.276756236288739965e-02 -6.941922577519600568e-02 2.000000000000000000e+00 1.000000000000000021e-08 -1.793601880476442534e-01 -1.165926256847568565e+00
-1.793601880476442534e-01 -1.165926256847568565e+00 2.000000000000000000e+00 1.000000000000000021e-08 -4.142338088547520281e-01 -2.348736208071077414e+00
-4.142338088547520281e-01 -2.348736208071077414e+00 0.000000000000000000e+00 1.000000000000000021e-08 -6.440936344915718648e-01 -2.298598256368197923e+00
-6.440936344915718648e-01 -2.298598256368197923e+00 2.000000000000000000e+00 1.000000000000000021e-08 -1.046606902306112641e+00 -4.025132678145407539e+00
-1.046606902306112641e+00 -4.025132678145407539e+00 2.000000000000000000e+00 9.999000000000000110e-01 -1.570796326794896558e+00 -5.000000000000000000e+00
5.000240764650518144e-02 -3.060600063553662459e-03 0.000000000000000000e+00 1.000000000000000021e-08 1.621835076732394687e-01 1.121811000267342928e+00
1.621835076732394687e-01 1.121811000267342928e+00 0.000000000000000000e+00 1.000000000000000021e-08 4.016148960484942076e-01 2.394313883752547056e+00
4.016148960484942076e-01 2.394313883752547056e+00 0.000000000000000000e+00 1.000000000000000021e-08 7.747349664442099160e-01 3.731200703957156861e+00
7.747349664442099160e-01 3.731200703957156861e+00 0.000000000000000000e+00 1.000000000000000021e-08 1.296849526568266686e+00 5.000000000000000000e+00
1.296849526568266686e+00 5.000000000000000000e+00 2.000000000000000000e+00 9.999000000000000110e-01 1.570796326794896558e+00 5.000000000000000000e+00
3.803785116543344919e-02 4.060553004251198084e-02 0.000000000000000000e+00 1.000000000000000021e-08 1.469201258117643349e-01 1.088822746463308899e+00
1.469201258117643349e-01 1.088822746463308899e+00 0.000000000000000000e+00 1.000000000000000021e-08 3.829197478225825346e-01 2.359996220108181664e+00
3.829197478225825346e-01 2.359996220108181664e+00 1.000000000000000000e+00 1.000000000000000021e-08 6.728665434869707251e-01 2.899467956643881905e+00
6.728665434869707251e-01 2.899467956643881905e+00 1.000000000000000000e+00 1.000000000000000021e-08 1.065629206324366196e+00 3.927626628373954709e+00
1.065629206324366196e+00 3.927626628373954709e+00 2.000000000000000000e+00 1.000000000000000021e-08 1.546458433448183900e+00 4.808292271238177484e+00
1.546458433448183900e+00 4.808292271238177484e+00 1.000000000000000000e+00 9.999000000000000110e-01 1.570796326794896558e+00 5.000000000000000000e+00
8.051636512137196056e-02 -2.352966192308691279e-03 0.000000000000000000e+00 1.000000000000000021e-08 1.808938660614422544e-01 1.003775009400702745e+00
1.808938660614422544e-01 1.003775009400702745e+00 0.000000000000000000e+00 1.000000000000000021e-08 3.882040048759596296e-01 2.073101388145173640e+00
3.882040048759596296e-01 2.073101388145173640e+00 0.000000000000000000e+00 1.000000000000000021e-08 7.501777959982363075e-01 3.619737911222765891e+00
7.501777959982363075e-01 3.619737911222765891e+00 1.000000000000000000e+00 1.000000000000000021e-08 1.215959880177333918e+00 4.657820841790974775e+00
1.215959880177333918e+00 4.657820841790974775e+00 1.000000000000000000e+00 9.999000000000000110e-01 1.570796326794896558e+00 5.000000000000000000e+00
4.372265080773986290e-02 -2.890528094475906806e-02 0.000000000000000000e+00 1.000000000000000021e-08 1.311492266418133879e-01 8.742657583407352773e-01
1.311492266418133879e-01 8.742657583407352773e-01 2.000000000000000000e+00 1.000000000000000021e-08 1.634620111499116846e-01 3.231278450809829117e-01
1.634620111499116846e-01 3.231278450809829117e-01 1.000000000000000000e+00 1.000000000000000021e-08 2.305947259160731067e-01 6.713271476616140543e-01
2.305947259160731067e-01 6.713271476616140543e-01 0.000000000000000000e+00 1.000000000000000021e-08 4.275211337877748985e-01 1.969264078717017696e+00
4.275211337877748985e-01 1.969264078717017696e+00 2.000000000000000000e+00 1.000000000000000021e-08 6.089729902466107792e-01 1.814518564588359029e+00
6.089729902466107792e-01 1.814518564588359029e+00 1.000000000000000000e+00 1.000000000000000021e-08 8.896927900551574453e-01 2.807197998085465773e+00
8.896927900551574453e-01 2.807197998085465773e+00 1.000000000000000000e+00 1.000000000000000021e-08 1.281425568148045091e+00 3.917327780928875125e+00
1.281425568148045091e+00 3.917327780928875125e+00 1.000000000000000000e+00 9.999000000000000110e-01 1.570796326794896558e+00 5.000000000000000000e+00
-4.838435330248903182e-02 -3.278560755100444479e-02 2.000000000000000000e+00 1.000000000000000021e-08 -1.476740865556918081e-01 -9.928973325320278320e-01
-1.476740865556918081e-01 -9.928973325320278320e-01 0.000000000000000000e+00 1.000000000000000021e-08 -1.843407270643561691e-01 -3.666664050866437208e-01
-1.843407270643561691e-01 -3.666664050866437208e-01 1.000000000000000000e+00 1.000000000000000021e-08 -2.649168961078564033e-01 -8.057616904350022313e-01
-2.649168961078564033e-01 -8.057616904350022313e-01 0.000000000000000000e+00 1.000000000000000021e-08 -2.934200646346669661e-01 -2.850316852681057389e-01
-2.934200646346669661e-01 -2.850316852681057389e-01 2.000000000000000000e+00 1.000000000000000021e-08 -4.546605178373087641e-01 -1.612404532026417758e+00
-4.546605178373087641e-01 -1.612404532026417758e+00 1.000000000000000000e+00 1.000000000000000021e-08 -6.751770317577177050e-01 -2.205165139204088742e+00
-6.751770317577177050e-01 -2.205165139204088742e+00 0.000000000000000000e+00 1.000000000000000021e-08 -9.190965337535254021e-01 -2.439195019958076749e+00
-9.190965337535254021e-01 -2.439195019958076749e+00 1.000000000000000000e+00 1.000000000000000021e-08 -1.285370362805325684e+00 -3.662738290518003481e+00
-1.285370362805325684e+00 -3.662738290518003481e+00 1.000000000000000000e+00 9.999000000000000110e-01 -1.570796326794896558e+00 -5.000000000000000000e+00
-1.577626422132664963e-02 -4.397189992634932543e-02 1.000000000000000000e+00 1.000000000000000021e-08 -1.372529148927015968e-02 2.050972732056489944e-02
-1.372529148927015968e-02 2.050972732056489944e-02 0.000000000000000000e+00 1.000000000000000021e-08 8.583623573838833343e-02 9.956152722765847507e-01
8.583623573838833343e-02 9.956152722765847507e-01 2.000000000000000000e+00 1.000000000000000021e-08 1.038207256663245120e-01 1.798448992793617585e-01
1.038207256663245120e-01 1.798448992793617585e-01 0.000000000000000000e+00 1.000000000000000021e-08 2.132450363703344842e-01 1.094243107040099749e+00
2.132450363703344842e-01 1.094243107040099749e+00 2.000000000000000000e+00 1.000000000000000021e-08 2.769561055048198606e-01 6.371106913448534304e-01
2.769561055048198606e-01 6.371106913448534304e-01 1.000000000000000000e+00 1.000000000000000021e-08 3.787503362908086202e-01 1.017942307859887707e+00
3.787503362908086202e-01 1.017942307859887707e+00 0.000000000000000000e+00 1.000000000000000021e-08 6.181540092605714021e-01 2.394036729697627486e+00
6.181540092605714021e-01 2.394036729697627486e+00 1.000000000000000000e+00 1.000000000000000021e-08 9.426550346520831125e-01 3.245010253915117104e+00
9.426550346520831125e-01 3.245010253915117104e+00 1.000000000000000000e+00 1.000000000000000021e-08 1.375770497998940023e+00 4.331154633468569770e+00
1.375770497998940023e+00 4.331154633468569770e+00 1.000000000000000000e+00 9.999000000000000110e-01 1.570796326794896558e+00 5.000000000000000000e+00
-3.305016825045303808e-02 -5.051487864099307723e-02 2.000000000000000000e+00 1.000000000000000021e-08 -1.457593156003730295e-01 -1.127091473499199914e+00
-1.457593156003730295e-01 -1.127091473499199914e+00 1.000000000000000000e+00 1.000000000000000021e-08 -2.780430055457131511e-01 -1.322836899453400994e+00
-2.780430055457131511e-01 -1.322836899453400994e+00 2.000000000000000000e+00 1.000000000000000021e-08 -5.343599701554317960e-01 -2.563169646097187115e+00
-5.343599701554317960e-01 -2.563169646097187115e+00 1.000000000000000000e+00 1.000000000000000021e-08 -8.613053569846429447e-01 -3.269453868292111487e+00
-8.613053569846429447e-01 -3.269453868292111487e+00 1.000000000000000000e+00 1.000000000000000021e-08 -1.291472020950906296e+00 -4.301666639662633074e+00
-1.291472020950906296e+00 -4.301666639662633074e+00 2.000000000000000000e+00 9.999000000000000110e-01 -1.570796326794896558e+00 -5.000000000000000000e+00
1.674919595170080294e-03 2.089983326137027225e-02 2.000000000000000000e+00 1.000000000000000021e-08 -7.878044069428319363e-02 -8.045536028945327045e-01
-7.878044069428319363e-02 -8.045536028945327045e-01 2.000000000000000000e+00 1.000000000000000021e-08 -2.718623057055027936e-01 -1.930818650112196000e+00
-2.718623057055027936e-01 -1.930818650112196000e+00 1.000000000000000000e+00 1.000000000000000021e-08 -5.026191141650224736e-01 -2.307568084595196467e+00
-5.026191141650224736e-01 -2.307568084595196467e+00 2.000000000000000000e+00 1.000000000000000021e-08 -8.694355948995797778e-01 -3.668164807345573486e+00
-8.694355948995797778e-01 -3.668164807345573486e+00 2.000000000000000000e+00 1.000000000000000021e-08 -1.399901400453891886e+00 -5.000000000000000000e+00
-1.399901400453891886e+00 -5.000000000000000000e+00 2.000000000000000000e+00 9.999000000000000110e-01 -1.570796326794896558e+00 -5.000000000000000000e+00
2.731617552214540140e-02 -7.942338348658237179e-02 1.000000000000000000e+00 1.000000000000000021e-08 3.639715101084350923e-02 9.080975488698106446e-02
3.639715101084350923e-02 9.080975488698106446e-02 1.000000000000000000e+00 1.000000000000000021e-08 6.021390507248776391e-02 2.381675406164425191e-01
6.021390507248776391e-02 2.381675406164425191e-01 2.000000000000000000e+00 1.000000000000000021e-08 -5.815120695723971500e-03 -6.602902576821173541e-01
-5.815120695723971500e-03 -6.602902576821173541e-01 2.000000000000000000e+00 1.000000000000000021e-08 -1.581827974018119032e-01 -1.523676767060879289e+00
-1.581827974018119032e-01 -1.523676767060879289e+00 0.000000000000000000e+00 1.000000000000000021e-08 -2.403421570399992824e-01 -8.215935963818736809e-01
-2.403421570399992824e-01 -8.215935963818736809e-01 0.000000000000000000e+00 1.000000000000000021e-08 -2.922167288022357590e-01 -5.187457176223645439e-01
-2.922167288022357590e-01 -5.187457176223645439e-01 1.000000000000000000e+00 1.000000000000000021e-08 -3.838594036054794878e-01 -9.164267480324370663e-01
-3.838594036054794878e-01 -9.164267480324370663e-01 2.000000000000000000e+00 1.000000000000000021e-08 -6.275581575690605263e-01 -2.436987539635810940e+00
-6.275581575690605263e-01 -2.436987539635810940e+00 1.000000000000000000e+00 1.000000000000000021e-08 -9.628018603278984955e-01 -3.352437027588379692e+00
-9.628018603278984955e-01 -3.352437027588379692e+00 1.000000000000000000e+00 1.000000000000000021e-08 -1.417931874217706723e+00 -4.551300138898082714e+00
-1.417931874217706723e+00 -4.551300138898082714e+00 0.000000000000000000e+00 9.999000000000000110e-01 -1.570796326794896558e+00 -5.000000000000000000e+00
5.780959350957771969e-02 6.401784657954838476e-02 2.000000000000000000e+00 1.000000000000000021e-08 6.483240069194082245e-04 -5.716126950265830731e-01
6.483240069194082245e-04 -5.716126950265830731e-01 1.000000000000000000e+00 1.000000000000000021e-08 -5.594372396397077202e-02 -5.659204797089018024e-01
-5.594372396397077202e-02 -5.659204797089018024e-01 1.000000000000000000e+00 1.000000000000000021e-08 -1.394755255868308785e-01 -8.353180162286010235e-01
-1.394755255868308785e-01 -8.353180162286010235e-01 2.000000000000000000e+00 1.000000000000000021e-08 -3.449725098364840870e-01 -2.054969842496532362e+00
-3.449725098364840870e-01 -2.054969842496532362e+00 2.000000000000000000e+00 1.000000000000000021e-08 -6.986606892929325685e-01 -3.536881794564485038e+00
-6.986606892929325685e-01 -3.536881794564485038e+00 0.000000000000000000e+00 1.000000000000000021e-08 -1.077352699756960241e+00 -3.786920104640277174e+00
-1.077352699756960241e+00 -3.786920104640277174e+00 0.000000000000000000e+00 1.000000000000000021e-08 -1.544064710112119210e+00 -4.667120103551590127e+00
-1.544064710112119210e+00 -4.667120103551590127e+00 1.000000000000000000e+00 9.999000000000000110e-01 -1.570796326794896558e+00 -5.000000000000000000e+00
-8.012965100743972557e-02 5.301047650951223184e-02 2.000000000000000000e+00 1.000000000000000021e-08 -1.620588305367958726e-01 -8.192917952935612202e-01
-1.620588305367958726e-01 -8.192917952935612202e-01 1.000000000000000000e+00 1.000000000000000021e-08 -2.715515175465439413e-01 -1.094926870097480798e+00
-2.715515175465439413e-01 -1.094926870097480798e+00 1.000000000000000000e+00 1.000000000000000021e-08 -4.417251651471164609e-01 -1.701736476005725418e+00
-4.417251651471164609e-01 -1.701736476005725418e+00 2.000000000000000000e+00 1.000000000000000021e-08 -7.591578218437886605e-01 -3.174326566966721774e+00
-7.591578218437886605e-01 -3.174326566966721774e+00 1.000000000000000000e+00 1.000000000000000021e-08 -1.186739655969816232e+00 -4.275818341260275268e+00
-1.186739655969816232e+00 -4.275818341260275268e+00 2.000000000000000000e+00 9.999000000000000110e-01 -1.570796326794896558e+00 -5.000000000000000000e+00
2.793326643171112345e-02 2.581900271288980683e-02 2.000000000000000000e+00 1.000000000000000021e-08 -3.790254392373454406e-02 -6.583581035544566751e-01
-3.790254392373454406e-02 -6.583581035544566751e-01 1.000000000000000000e+00 1.000000000000000021e-08 -1.020080968911997593e-01 -6.410555296746520693e-01
-1.020080968911997593e-01 -6.410555296746520693e-01 0.000000000000000000e+00 1.000000000000000021e-08 -1.021792609200972285e-01 -1.711640288974747293e-03
-1.021792609200972285e-01 -1.711640288974747293e-03 1.000000000000000000e+00 1.000000000000000021e-08 -1.288910173015224980e-01 -2.671175638142526676e-01
-1.288910173015224980e-01 -2.671175638142526676e-01 1.000000000000000000e+00 1.000000000000000021e-08 -1.647539194387632744e-01 -3.586290213724077081e-01
-1.647539194387632744e-01 -3.586290213724077081e-01 0.000000000000000000e+00 1.000000000000000021e-08 -1.371376294437912091e-01 2.761628999497205417e-01
-1.371376294437912091e-01 2.761628999497205417e-01 0.000000000000000000e+00 1.000000000000000021e-08 -6.149735657836093161e-02 7.564027286543026918e-01
-6.149735657836093161e-02 7.564027286543026918e-01 2.000000000000000000e+00 1.000000000000000021e-08 -9.792305529393137420e-02 -3.642569871557044259e-01
-9.792305529393137420e-02 -3.642569871557044259e-01 1.000000000000000000e+00 1.000000000000000021e-08 -1.495037848077054310e-01 -5.158072951377405957e-01
-1.495037848077054310e-01 -5.158072951377405957e-01 2.000000000000000000e+00 1.000000000000000021e-08 -3.194634829814827492e-01 -1.699596981737773183e+00
-3.194634829814827492e-01 -1.699596981737773183e+00 1.000000000000000000e+00 1.000000000000000021e-08 -5.352269754285164938e-01 -2.157634924470337445e+00
-5.352269754285164938e-01 -2.157634924470337445e+00 2.000000000000000000e+00 1.000000000000000021e-08 -8.990882897278089647e-01 -3.638613142992924487e+00
-8.990882897278089647e-01 -3.638613142992924487e+00 1.000000000000000000e+00 1.000000000000000021e-08 -1.365412223147759230e+00 -4.663239334199502650e+00
-1.365412223147759230e+00 -4.663239334199502650e+00 2.000000000000000000e+00 9.999000000000000110e-01 -1.570796326794896558e+00 -5.000000000000000000e+00
-6.187409322704089110e-02 1.705754210276307081e-02 0.000000000000000000e+00 1.000000000000000021e-08 2.204389695388594972e-02 8.391799018092683804e-01
2.204389695388594972e-02 8.391799018092683804e-01 1.000000000000000000e+00 1.000000000000000021e-08 1.223104553320904786e-01 1.002665583782045289e+00
1.223104553320904786e-01 1.002665583782045289e+00 2.000000000000000000e+00 1.000000000000000021e-08 1.685812461552167740e-01 4.627079082312628433e-01
1.685812461552167740e-01 4.627079082312628433e-01 0.000000000000000000e+00 1.000000000000000021e-08 3.271558633234097901e-01 1.585746171681930106e+00
3.271558633234097901e-01 1.585746171681930106e+00 1.000000000000000000e+00 1.000000000000000021e-08 5.269903097035527617e-01 1.998344463801429383e+00
5.269903097035527617e-01 1.998344463801429383e+00 0.000000000000000000e+00 1.000000000000000021e-08 8.917382891985945470e-01 3.647479794950418075e+00
8.917382891985945470e-01 3.647479794950418075e+00 2.000000000000000000e+00 1.000000000000000021e-08 1.318768818788510711e+00 4.270305295899161635e+00
1.318768818788510711e+00 4.270305295899161635e+00 0.000000000000000000e+00 9.999000000000000110e-01 1.570796326794896558e+00 5.000000000000000000e+00
3.574834412489144575e-02 8.529849994075396069e-02 0.000000000000000000e+00 1.000000000000000021e-08 1.501091085236672951e-01 1.143607643987758493e+00
1.501091085236672951e-01 1.143607643987758493e+00 2.000000000000000000e+00 1.000000000000000021e-08 2.083954055993672561e-01 5.828629707569995544e-01
2.083954055993672561e-01 5.828629707569995544e-01 1.000000000000000000e+00 1.000000000000000021e-08 2.878165293870337260e-01 7.942112378766645886e-01
2.878165293870337260e-01 7.942112378766645886e-01 2.000000000000000000e+00 1.000000000000000021e-08 3.154282435498715897e-01 2.761171416283784152e-01
3.154282435498715897e-01 2.761171416283784152e-01 2.000000000000000000e+00 1.000000000000000021e-08 3.231156010046981608e-01 7.687357454826593273e-02
3.231156010046981608e-01 7.687357454826593273e-02 2.000000000000000000e+00 1.000000000000000021e-08 3.056647470973521963e-01 -1.745085390734595343e-01
3.056647470973521963e-01 -1.745085390734595343e-01 2.000000000000000000e+00 1.000000000000000021e-08 2.554672036981892602e-01 -5.019754339916291386e-01
2.554672036981892602e-01 -5.019754339916291386e-01 0.000000000000000000e+00 1.000000000000000021e-08 3.337869018448303970e-01 7.831969814664112572e-01
3.337869018448303970e-01 7.831969814664112572e-01 1.000000000000000000e+00 1.000000000000000021e-08 4.544227418644026240e-01 1.206358400195722158e+00
4.544227418644026240e-01 1.206358400195722158e+00 0.000000000000000000e+00 1.000000000000000021e-08 7.226038230485316571e-01 2.681810811841290665e+00
7.226038230485316571e-01 2.681810811841290665e+00 1.000000000000000000e+00 1.000000000000000021e-08 1.083695596171679654e+00 3.610917731231479966e+00
1.083695596171679654e+00 3.610917731231479966e+00 1.000000000000000000e+00 9.999000000000000110e-01 1.570796326794896558e+00 4.908696629625401542e+00
-5.272807934496054338e-02 5.354015561603218953e-02 1.000000000000000000e+00 1.000000000000000021e-08 -5.909698124922508483e-02 -6.368901904264541447e-02
-5.909698124922508483e-02 -6.368901904264541447e-02 0.000000000000000000e+00 1.000000000000000021e-08 2.834436407466251612e-02 8.744134532388759817e-01
2.834436407466251612e-02 8.744134532388759817e-01 1.000000000000000000e+00 1.000000000000000021e-08 1.215679228397436307e-01 9.322355876508111594e-01
1.215679228397436307e-01 9.322355876508111594e-01 2.000000000000000000e+00 1.000000000000000021e-08 1.494007627840867325e-01 2.783283994434310182e-01
1.494007627840867325e-01 2.783283994434310182e-01 2.000000000000000000e+00 1.000000000000000021e-08 1.028261302222462370e-01 -4.657463256184048994e-01
1.028261302222462370e-01 -4.657463256184048994e-01 0.000000000000000000e+00 1.000000000000000021e-08 1.679529984063583004e-01 6.512686818411206335e-01
1.679529984063583004e-01 6.512686818411206335e-01 1.000000000000000000e+00 1.000000000000000021e-08 2.765270334954454401e-01 1.085740350890871397e+00
2.765270334954454401e-01 1.085740350890871397e+00 2.000000000000000000e+00 1.000000000000000021e-08 3.395871627159190442e-01 6.306012922047361524e-01
3.395871627159190442e-01 6.306012922047361524e-01 0.000000000000000000e+00 1.000000000000000021e-08 5.264067261197975522e-01 1.868195634038784414e+00
5.264067261197975522e-01 1.868195634038784414e+00 0.000000000000000000e+00 1.000000000000000021e-08 8.689609158850128967e-01 3.425541897652153445e+00
8.689609158850128967e-01 3.425541897652153445e+00 1.000000000000000000e+00 1.000000000000000021e-08 1.319105431869266987e+00 4.501445159842541344e+00
1.319105431869266987e+00 4.501445159842541344e+00 0.000000000000000000e+00 9.999000000000000110e-01 1.570796326794896558e+00 5.000000000000000000e+00
1.776184737621177775e-02 -7.637752904572750468e-02 2.000000000000000000e+00 1.000000000000000021e-08 -6.537675795023634162e-02 -8.313860532644811174e-01
-6.537675795023634162e-02 -8.313860532644811174e-01 2.000000000000000000e+00 1.000000000000000021e-08 -2.586374950618873791e-01 -1.932607371116509931e+00
-2.586374950618873791e-01 -1.932607371116509931e+00 1.000000000000000000e+00 1.000000000000000021e-08 -4.915728661437274161e-01 -2.329353710818399925e+00
-4.915728661437274161e-01 -2.329353710818399925e+00 0.000000000000000000e+00 1.000000000000000021e-08 -7.323188311397190731e-01 -2.407459649959916348e+00
-7.323188311397190731e-01 -2.407459649959916348e+00 1.000000000000000000e+00 1.000000000000000021e-08 -1.080424931781837738e+00 -3.481061006421185766e+00
-1.080424931781837738e+00 -3.481061006421185766e+00 2.000000000000000000e+00 9.999000000000000110e-01 -1.570796326794896558e+00 -5.000000000000000000e+00
1.586677913339476845e-02 -5.627432955920941282e-02 1.000000000000000000e+00 1.000000000000000021e-08 9.254326407565360152e-03 -6.612452725829406908e-02
9.254326407565360152e-03 -6.612452725829406908e-02 1.000000000000000000e+00 1.000000000000000021e-08 1.997141092238976720e-02 1.071708451482440705e-01
1.997141092238976720e-02 1.071708451482440705e-01 2.000000000000000000e+00 1.000000000000000021e-08 -3.826733995182149406e-02 -5.823875087421125363e-01
-3.826733995182149406e-02 -5.823875087421125363e-01 1.000000000000000000e+00 1.000000000000000021e-08 -1.167197787513858664e-01 -7.845243879956436128e-01
-1.167197787513858664e-01 -7.845243879956436128e-01 1.000000000000000000e+00 1.000000000000000021e-08 -2.113838671523008972e-01 -9.466408840091502519e-01
-2.113838671523008972e-01 -9.466408840091502519e-01 1.000000000000000000e+00 1.000000000000000021e-08 -3.529683215386377748e-01 -1.415844543863369109e+00
-3.529683215386377748e-01 -1.415844543863369109e+00 2.000000000000000000e+00 1.000000000000000021e-08 -6.357303459691394654e-01 -2.827620244305016683e+00
-6.357303459691394654e-01 -2.827620244305016683e+00 0.000000000000000000e+00 1.000000000000000021e-08 -9.370794076760673441e-01 -3.013490617069278343e+00
-9.370794076760673441e-01 -3.013490617069278343e+00 1.000000000000000000e+00 1.000000000000000021e-08 -1.365613374912613587e+00 -4.285339672365461539e+00
-1.365613374912613587e+00 -4.285339672365461539e+00 1.000000000000000000e+00 9.999000000000000110e-01 -1.570796326794896558e+00 -5.000000000000000000e+00
1.419714871477626913e-02 -9.722546494362492228e-03 1.000000000000000000e+00 1.000000000000000021e-08 2.383399318253356935e-02 9.636844467757300914e-02
2.383399318253356935e-02 9.636844467757300914e-02 1.000000000000000000e+00 1.000000000000000021e-08 3.145948795201821552e-02 7.625494769484643387e-02
3.145948795201821552e-02 7.625494769484643387e-02 1.000000000000000000e+00 1.000000000000000021e-08 5.066126623346449420e-02 1.920177828144628007e-01
5.066126623346449420e-02 1.920177828144628007e-01 0.000000000000000000e+00 1.000000000000000021e-08 1.613249248459708851e-01 1.106636586125063992e+00
1.613249248459708851e-01 1.106636586125063992e+00 2.000000000000000000e+00 1.000000000000000021e-08 2.236846887912415649e-01 6.235976394527068534e-01
2.236846887912415649e-01 6.235976394527068534e-01 0.000000000000000000e+00 1.000000000000000021e-08 4.161091700201874355e-01 1.924244812289458650e+00
4.161091700201874355e-01 1.924244812289458650e+00 1.000000000000000000e+00 1.000000000000000021e-08 6.657493262892751895e-01 2.496401562690877540e+00
6.657493262892751895e-01 2.496401562690877540e+00 2.000000000000000000e+00 1.000000000000000021e-08 9.341180437258623792e-01 2.683687174365871897e+00
9.341180437258623792e-01 2.683687174365871897e+00 1.000000000000000000e+00 1.000000000000000021e-08 1.325581052300389473e+00 3.914630085745272048e+00
1.325581052300389473e+00 3.914630085745272048e+00 0.000000000000000000e+00 9.999000000000000110e-01 1.570796326794896558e+00 5.000000000000000000e+00
3.897211850771239300e-02 -6.344639665183471333e-02 2.000000000000000000e+00 1.000000000000000021e-08 -5.822138634586086076e-02 -9.719350485357324265e-01
-5.822138634586086076e-02 -9.719350485357324265e-01 2.000000000000000000e+00 1.000000000000000021e-08 -2.629524705318123101e-01 -2.047310841859514063e+00
-2.629524705318123101e-01 -2.047310841859514063e+00 1.000000000000000000e+00 1.000000000000000021e-08 -4.938071678765212913e-01 -2.308546973447089812e+00
-4.938071678765212913e-01 -2.308546973447089812e+00 0.000000000000000000e+00 1.000000000000000021e-08 -7.222030344986061223e-01 -2.283958666220847977e+00
-7.222030344986061223e-01 -2.283958666220847977e+00 0.000000000000000000e+00 1.000000000000000021e-08 -9.917823394347924371e-01 -2.695793049361863147e+00
-9.917823394347924371e-01 -2.695793049361863147e+00 2.000000000000000000e+00 1.000000000000000021e-08 -1.425965833492064849e+00 -4.341834940572724122e+00
-1.425965833492064849e+00 -4.341834940572724122e+00 1.000000000000000000e+00 9.999000000000000110e-01 -1.570796326794896558e+00 -5.000000000000000000e+00
-6.765693811125328416e-02 -3.770760641629073567e-02 2.000000000000000000e+00 1.000000000000000021e-08 -1.559560478624890112e-01 -8.829910975123572703e-01
-1.559560478624890112e-01 -8.829910975123572703e-01 0.000000000000000000e+00 1.000000000000000021e-08 -1.837314249762366514e-01 -2.777537711374764573e-01
-1.837314249762366514e-01 -2.777537711374764573e-01 2.000000000000000000e+00 1.000000000000000021e-08 -3.462356444426766267e-01 -1.625042194664399586e+00
-3.462356444426766267e-01 -1.625042194664399586e+00 2.000000000000000000e+00 1.000000000000000021e-08 -6.371501521927316336e-01 -2.909145077500549625e+00
-6.371501521927316336e-01 -2.909145077500549625e+00 2.000000000000000000e+00 1.000000000000000021e-08 -1.088282412174250258e+00 -4.511322599815186685e+00
-1.088282412174250258e+00 -4.511322599815186685e+00 1.000000000000000000e+00 9.999000000000000110e-01 -1.570796326794896558e+00 -5.000000000000000000e+00
-3.889261564232310286e-02 -1.383843096604008699e-02 0.000000000000000000e+00 1.000000000000000021e-08 3.068372846997885484e-02 6.957634411230195770e-01
3.068372846997885484e-02 6.957634411230195770e-01 0.000000000000000000e+00 1.000000000000000021e-08 1.979527837138974067e-01 1.672690552439185296e+00
1.979527837138974067e-01 1.672690552439185296e+00 2.000000000000000000e+00 1.000000000000000021e-08 3.176534069293662776e-01 1.197006232154688821e+00
3.176534069293662776e-01 1.197006232154688821e+00 1.000000000000000000e+00 1.000000000000000021e-08 5.027894183571206543e-01 1.851360114277543101e+00
5.027894183571206543e-01 1.851360114277543101e+00 1.000000000000000000e+00 1.000000000000000021e-08 7.682119902744943829e-01 2.654225719173736842e+00
7.682119902744943829e-01 2.654225719173736842e+00 1.000000000000000000e+00 1.000000000000000021e-08 1.143368807866691483e+00 3.751568175921971893e+00
1.143368807866691483e+00 3.751568175921971893e+00 1.000000000000000000e+00 9.999000000000000110e-01 1.570796326794896558e+00 4.990981226194896259e+00
5.780983404868574038e-02 6.032428904616236875e-02 1.000000000000000000e+00 1.000000000000000021e-08 6.706032770484533778e-02 9.250493656159596012e-02
6.706032770484533778e-02 9.250493656159596012e-02 1.000000000000000000e+00 1.000000000000000021e-08 9.037783878125942028e-02 2.331751107641408249e-01
9.037783878125942028e-02 2.331751107641408249e-01 2.000000000000000000e+00 1.000000000000000021e-08 4.452420824154575824e-02 -4.585363053971365788e-01
4.452420824154575824e-02 -4.585363053971365788e-01 1.000000000000000000e+00 1.000000000000000021e-08 1.077465674752800529e-02 -3.374955149401774879e-01
1.077465674752800529e-02 -3.374955149401774879e-01 1.000000000000000000e+00 1.000000000000000021e-08 -4.911930195568729729e-03 -1.568658694309673363e-01
-4.911930195568729729e-03 -1.568658694309673363e-01 2.000000000000000000e+00 1.000000000000000021e-08 -1.254206735391405203e-01 -1.205087433435717781e+00
-1.254206735391405203e-01 -1.205087433435717781e+00 1.000000000000000000e+00 1.000000000000000021e-08 -2.516194118314055705e-01 -1.261987382922650225e+00
-2.516194118314055705e-01 -1.261987382922650225e+00 0.000000000000000000e+00 1.000000000000000021e-08 -3.303222936966240253e-01 -7.870288186521847695e-01
-3.303222936966240253e-01 -7.870288186521847695e-01 2.000000000000000000e+00 1.000000000000000021e-08 -5.364069492744213408e-01 -2.060846555777973155e+00
-5.364069492744213408e-01 -2.060846555777973155e+00 1.000000000000000000e+00 1.000000000000000021e-08 -8.311093323513156772e-01 -2.947023830768944030e+00
-8.311093323513156772e-01 -2.947023830768944030e+00 2.000000000000000000e+00 1.000000000000000021e-08 -1.293698707948974125e+00 -4.625893755976584032e+00
-1.293698707948974125e+00 -4.625893755976584032e+00 2.000000000000000000e+00 9.999000000000000110e-01 -1.570796326794896558e+00 -5.000000000000000000e+00
-8.270949615468656257e-02 -4.421258349412801603e-02 2.000000000000000000e+00 1.000000000000000021e-08 -1.718434489884496097e-01 -8.913395283376304157e-01
-1.718434489884496097e-01 -8.913395283376304157e-01 2.000000000000000000e+00 1.000000000000000021e-08 -3.633188028566265437e-01 -1.914753538681768896e+00
-3.633188028566265437e-01 -1.914753538681768896e+00 2.000000000000000000e+00 1.000000000000000021e-08 -7.022448870491673212e-01 -3.389260841925408219e+00
-7.022448870491673212e-01 -3.389260841925408219e+00 1.000000000000000000e+00 1.000000000000000021e-08 -1.127580993494098127e+00 -4.253361064449307172e+00
-1.127580993494098127e+00 -4.253361064449307172e+00 1.000000000000000000e+00 9.999000000000000110e-01 -1.570796326794896558e+00 -5.000000000000000000e+00
2.957479222989570222e-02 1.944394539687527637e-02 1.000000000000000000e+00 1.000000000000000021e-08 5.099658957411452170e-02 2.142179734421881809e-01
5.099658957411452170e-02 2.142179734421881809e-01 1.000000000000000000e+00 1.000000000000000021e-08 8.775961214952397726e-02 3.676302257540945417e-01
8.775961214952397726e-02 3.676302257540945417e-01 2.000000000000000000e+00 1.000000000000000021e-08 6.799455278974658734e-02 -1.976505935977739270e-01
6.799455278974658734e-02 -1.976505935977739270e-01 1.000000000000000000e+00 1.000000000000000021e-08 5.015277114706011286e-02 -1.784178164268647448e-01
5.015277114706011286e-02 -1.784178164268647448e-01 1.000000000000000000e+00 1.000000000000000021e-08 5.129118466494986955e-02 1.138413517889755311e-02
5.129118466494986955e-02 1.138413517889755311e-02 2.000000000000000000e+00 1.000000000000000021e-08 -1.455352081068383291e-02 -6.584470547563370246e-01
-1.455352081068383291e-02 -6.584470547563370246e-01 0.000000000000000000e+00 1.000000000000000021e-08 -4.441854978475771182e-03 1.011166583220806103e-01
-4.441854978475771182e-03 1.011166583220806103e-01 0.000000000000000000e+00 1.000000000000000021e-08 1.083391793383019219e-01 1.127810343167776841e+00
1.083391793383019219e-01 1.127810343167776841e+00 1.000000000000000000e+00 1.000000000000000021e-08 2.509894799034158019e-01 1.426503005651138523e+00
2.509894799034158019e-01 1.426503005651138523e+00 2.000000000000000000e+00 1.000000000000000021e-08 3.371435297645850593e-01 8.615404986116925734e-01
3.371435297645850593e-01 8.615404986116925734e-01 0.000000000000000000e+00 1.000000000000000021e-08 5.477384839637120528e-01 2.105949541991270380e+00
5.477384839637120528e-01 2.105949541991270380e+00 0.000000000000000000e+00 1.000000000000000021e-08 9.245405166104854189e-01 3.768020326467733661e+00
9.245405166104854189e-01 3.768020326467733661e+00 2.000000000000000000e+00 1.000000000000000021e-08 1.370902247615541025e+00 4.463617310050556952e+00
1.370902247615541025e+00 4.463617310050556952e+00 2.000000000000000000e+00 9.999000000000000110e-01 1.570796326794896558e+00 5.000000000000000000e+00
1.113673830327979036e-02 -5.966422636310056427e-02 1.000000000000000000e+00 1.000000000000000021e-08 1.162981854151709168e-02 4.930802382373006276e-03
1.162981854151709168e-02 4.930802382373006276e-03 0.000000000000000000e+00 1.000000000000000021e-08 1.044693976012418812e-01 9.283957905972478608e-01
1.044693976012418812e-01 9.283957905972478608e-01 0.000000000000000000e+00 1.000000000000000021e-08 2.922144647426567210e-01 1.877450671414148342e+00
2.922144647426567210e-01 1.877450671414148342e+00 2.000000000000000000e+00 1.000000000000000021e-08 4.564296296359767191e-01 1.642151648933199981e+00
4.564296296359767191e-01 1.642151648933199981e+00 0.000000000000000000e+00 1.000000000000000021e-08 7.587434467519407200e-01 3.023138171159639676e+00
7.587434467519407200e-01 3.023138171159639676e+00 2.000000000000000000e+00 1.000000000000000021e-08 1.115787730157799196e+00 3.570442834058585646e+00
1.115787730157799196e+00 3.570442834058585646e+00 1.000000000000000000e+00 9.999000000000000110e-01 1.570796326794896558e+00 4.820452145671668021e+00
-2.646957047838685573e-02 -9.521042975568112798e-03 0.000000000000000000e+00 1.000000000000000021e-08 4.700457340093561198e-02 7.347414387932246216e-01
4.700457340093561198e-02 7.347414387932246216e-01 2.000000000000000000e+00 1.000000000000000021e-08 5.264431665729772669e-02 5.639743256362117485e-02
5.264431665729772669e-02 5.639743256362117485e-02 0.000000000000000000e+00 1.000000000000000021e-08 1.556602513808353905e-01 1.030159347235376721e+00
1.556602513808353905e-01 1.030159347235376721e+00 1.000000000000000000e+00 1.000000000000000021e-08 2.702676882070566555e-01 1.146074368262212761e+00
2.702676882070566555e-01 1.146074368262212761e+00 0.000000000000000000e+00 1.000000000000000021e-08 5.231281815147011960e-01 2.528604933076445516e+00
5.231281815147011960e-01 2.528604933076445516e+00 1.000000000000000000e+00 1.000000000000000021e-08 8.444050708653016990e-01 3.212768893506004808e+00
8.444050708653016990e-01 3.212768893506004808e+00 1.000000000000000000e+00 1.000000000000000021e-08 1.267490714601452684e+00 4.230856437361509848e+00
1.267490714601452684e+00 4.230856437361509848e+00 2.000000000000000000e+00 9.999000000000000110e-01 1.570796326794896558e+00 5.000000000000000000e+00
-2.290275908413054451e-02 -7.744113691178514114e-02 0.000000000000000000e+00 1.000000000000000021e-08 6.574521885311439273e-02 8.864797793724492614e-01
6.574521885311439273e-02 8.864797793724492614e-01 2.000000000000000000e+00 1.000000000000000021e-08 9.443820908003634773e-02 2.869299022692195500e-01
9.443820908003634773e-02 2.869299022692195500e-01 2.000000000000000000e+00 1.000000000000000021e-08 4.783569778966718922e-02 -4.660251129036915296e-01
4.783569778966718922e-02 -4.660251129036915296e-01 2.000000000000000000e+00 1.000000000000000021e-08 -6.343681243996215913e-02 -1.112725102296293400e+00
-6.343681243996215913e-02 -1.112725102296293400e+00 0.000000000000000000e+00 1.000000000000000021e-08 -9.953753503969531291e-02 -3.610072259973315933e-01
-9.953753503969531291e-02 -3.610072259973315933e-01 1.000000000000000000e+00 1.000000000000000021e-08 -1.511284542241525530e-01 -5.159091918445724012e-01
-1.511284542241525530e-01 -5.159091918445724012e-01 1.000000000000000000e+00 1.000000000000000021e-08 -2.178218339926110692e-01 -6.669337976845852722e-01
-2.178218339926110692e-01 -6.669337976845852722e-01 2.000000000000000000e+00 1.000000000000000021e-08 -4.072545998260653222e-01 -1.894327658334542530e+00
-4.072545998260653222e-01 -1.894327658334542530e+00 1.000000000000000000e+00 1.000000000000000021e-08 -6.472588324565572426e-01 -2.400042326304919094e+00
-6.472588324565572426e-01 -2.400042326304919094e+00 1.000000000000000000e+00 1.000000000000000021e-08 -9.916899284021651884e-01 -3.444310959456079679e+00
-9.916899284021651884e-01 -3.444310959456079679e+00 2.000000000000000000e+00 1.000000000000000021e-08 -1.496827855055002043e+00 -5.000000000000000000e+00
-1.496827855055002043e+00 -5.000000000000000000e+00 1.000000000000000000e+00 9.999000000000000110e-01 -1.570796326794896558e+00 -5.000000000000000000e+00
-6.162806467795814425e-02 -2.396006557664037348e-02 1.000000000000000000e+00 1.000000000000000021e-08 -6.827950406720396936e-02 -6.651439389245830669e-02
-6.827950406720396936e-02 -6.651439389245830669e-02 2.000000000000000000e+00 1.000000000000000021e-08 -1.581496372414415985e-01 -8.987013317423760972e-01
-1.581496372414415985e-01 -8.987013317423760972e-01 1.000000000000000000e+00 1.000000000000000021e-08 -2.793520408119203879e-01 -1.212024035704788005e+00
-2.793520408119203879e-01 -1.212024035704788005e+00 0.000000000000000000e+00 1.000000000000000021e-08 -3.788448551382821439e-01 -9.949281432636173372e-01
-3.788448551382821439e-01 -9.949281432636173372e-01 0.000000000000000000e+00 1.000000000000000021e-08 -4.573233234693611093e-01 -7.847846833107896547e-01
-4.573233234693611093e-01 -7.847846833107896547e-01 1.000000000000000000e+00 1.000000000000000021e-08 -5.996589414145703234e-01 -1.423356179452092141e+00
-5.996589414145703234e-01 -1.423356179452092141e+00 2.000000000000000000e+00 1.000000000000000021e-08 -9.114512192654319334e-01 -3.117922778508615878e+00
-9.114512192654319334e-01 -3.117922778508615878e+00 1.000000000000000000e+00 1.000000000000000021e-08 -1.341355897201073510e+00 -4.299046779356415549e+00
-1.341355897201073510e+00 -4.299046779356415549e+00 0.000000000000000000e+00 9.999000000000000110e-01 -1.570796326794896558e+00 -5.000000000000000000e+00
-1.466031374121028880e-02 7.175818393564069309e-02 1.000000000000000000e+00 1.000000000000000021e-08 -1.480603875192597341e-02 -1.457250107156846108e-03
-1.480603875192597341e-02 -1.457250107156846108e-03 2.000000000000000000e+00 1.000000000000000021e-08 -9.752512411908280388e-02 -8.271908536715681937e-01
-9.752512411908280388e-02 -8.271908536715681937e-01 1.000000000000000000e+00 1.000000000000000021e-08 -1.887942662021095397e-01 -9.126914208302674414e-01
-1.887942662021095397e-01 -9.126914208302674414e-01 0.000000000000000000e+00 1.000000000000000021e-08 -2.393639754616476711e-01 -5.056970925953812035e-01
-2.393639754616476711e-01 -5.056970925953812035e-01 1.000000000000000000e+00 1.000000000000000021e-08 -3.150734653420893538e-01 -7.570948988044166050e-01
-3.150734653420893538e-01 -7.570948988044166050e-01 0.000000000000000000e+00 1.000000000000000021e-08 -3.643932656868539288e-01 -4.931980034476458052e-01
-3.643932656868539288e-01 -4.931980034476458052e-01 0.000000000000000000e+00 1.000000000000000021e-08 -4.030687309795609741e-01 -3.867546529270701750e-01
-4.030687309795609741e-01 -3.867546529270701750e-01 2.000000000000000000e+00 1.000000000000000021e-08 -5.735719062786419631e-01 -1.705031752990809668e+00
-5.735719062786419631e-01 -1.705031752990809668e+00 2.000000000000000000e+00 1.000000000000000021e-08 -8.918458981933825580e-01 -3.182739919147405949e+00
-8.918458981933825580e-01 -3.182739919147405949e+00 2.000000000000000000e+00 1.000000000000000021e-08 -1.377625050897405057e+00 -4.857791527040223656e+00
-1.377625050897405057e+00 -4.857791527040223656e+00 1.000000000000000000e+00 9.999000000000000110e-01 -1.570796326794896558e+00 -5.000000000000000000e+00
1.267532945965162139e-02 1.259793941441048754e-02 0.000000000000000000e+00 1.000000000000000021e-08 9.564371180078948265e-02 8.296838234113785848e-01
9.564371180078948265e-02 8.296838234113785848e-01 0.000000000000000000e+00 1.000000000000000021e-08 2.818424656828339980e-01 1.861987538820445209e+00
2.818424656828339980e-01 1.861987538820445209e+00 1.000000000000000000e+00 1.000000000000000021e-08 5.023111715272767785e-01 2.204687058444427361e+00
5.023111715272767785e-01 2.204687058444427361e+00 0.000000000000000000e+00 1.000000000000000021e-08 8.673043090875761640e-01 3.649931375602993633e+00
8.673043090875761640e-01 3.649931375602993633e+00 1.000000000000000000e+00 1.000000000000000021e-08 1.337115604991399698e+00 4.698112959038234671e+00
1.337115604991399698e+00 4.698112959038234671e+00 0.000000000000000000e+00 9.999000000000000110e-01 1.570796326794896558e+00 5.000000000000000000e+00
2.580782662114469370e-02 -4.850457844081338538e-03 2.000000000000000000e+00 1.000000000000000021e-08 -4.741834249721162131e-02 -7.322616911835631015e-01
-4.741834249721162131e-02 -7.322616911835631015e-01 0.000000000000000000e+00 1.000000000000000021e-08 -4.238286962576079397e-02 5.035472871450830112e-02
-4.238286962576079397e-02 5.035472871450830112e-02 2.000000000000000000e+00 1.000000000000000021e-08 -1.453502656904371859e-01 -1.029673960646763753e+00
-1.453502656904371859e-01 -1.029673960646763753e+00 2.000000000000000000e+00 1.000000000000000021e-08 -3.627710365328162823e-01 -2.174207708423790741e+00
-3.627710365328162823e-01 -2.174207708423790741e+00 0.000000000000000000e+00 1.000000000000000021e-08 -5.524537339584110196e-01 -1.896826974255946929e+00
-5.524537339584110196e-01 -1.896826974255946929e+00 0.000000000000000000e+00 1.000000000000000021e-08 -7.449172477925340985e-01 -1.924635138341231233e+00
-7.449172477925340985e-01 -1.924635138341231233e+00 1.000000000000000000e+00 1.000000000000000021e-08 -1.040682939458392076e+00 -2.957656916658579327e+00
-1.040682939458392076e+00 -2.957656916658579327e+00 2.000000000000000000e+00 1.000000000000000021e-08 -1.498839300243716810e+00 -4.581563607853246012e+00
-1.498839300243716810e+00 -4.581563607853246012e+00 2.000000000000000000e+00 9.999000000000000110e-01 -1.570796326794896558e+00 -5.000000000000000000e+00
-8.079551156492931208e-02 4.634676860512134539e-02 2.000000000000000000e+00 1.000000000000000021e-08 -1.749876579703300572e-01 -9.419214640540072292e-01
-1.749876579703300572e-01 -9.419214640540072292e-01 2.000000000000000000e+00 1.000000000000000021e-08 -3.759313064483194022e-01 -2.009436484779893561e+00
-3.759313064483194022e-01 -2.009436484779893561e+00 0.000000000000000000e+00 1.000000000000000021e-08 -5.596283339964398529e-01 -1.836970275481204951e+00
-5.596283339964398529e-01 -1.836970275481204951e+00 0.000000000000000000e+00 1.000000000000000021e-08 -7.671627438758148454e-01 -2.075344098793750369e+00
-7.671627438758148454e-01 -2.075344098793750369e+00 0.000000000000000000e+00 1.000000000000000021e-08 -1.034679926590480026e+00 -2.675171827146650472e+00
-1.034679926590480026e+00 -2.675171827146650472e+00 0.000000000000000000e+00 1.000000000000000021e-08 -1.395188278314721808e+00 -3.605083517242418267e+00
-1.395188278314721808e+00 -3.605083517242418267e+00 0.000000000000000000e+00 9.999000000000000110e-01 -1.570796326794896558e+00 -4.899863002659452960e+00
4.079286723321692149e-02 -1.818765744603240836e-02 1.000000000000000000e+00 1.000000000000000021e-08 3.766968396886755804e-02 -3.123183264349364135e-02
3.766968396886755804e-02 -3.123183264349364135e-02 0.000000000000000000e+00 1.000000000000000021e-08 1.262393421528057724e-01 8.856965818393820467e-01
1.262393421528057724e-01 8.856965818393820467e-01 1.000000000000000000e+00 1.000000000000000021e-08 2.288420848385197548e-01 1.026027426857139657e+00
2.288420848385197548e-01 1.026027426857139657e+00 1.000000000000000000e+00 1.000000000000000021e-08 3.645495552077490098e-01 1.357074703692292550e+00
3.645495552077490098e-01 1.357074703692292550e+00 1.000000000000000000e+00 1.000000000000000021e-08 5.451124740589993189e-01 1.805629188512503314e+00
5.451124740589993189e-01 1.805629188512503314e+00 1.000000000000000000e+00 1.000000000000000021e-08 8.123984020650356630e-01 2.672859280060363218e+00
8.123984020650356630e-01 2.672859280060363218e+00 2.000000000000000000e+00 1.000000000000000021e-08 1.133899997624162825e+00 3.215015955591270735e+00
1.133899997624162825e+00 3.215015955591270735e+00 0.000000000000000000e+00 9.999000000000000110e-01 1.570796326794896558e+00 4.871045547206625415e+00
1.040334605344576946e-03 -3.990668771753657501e-02 2.000000000000000000e+00 1.000000000000000021e-08 -8.374154999644467523e-02 -8.478188460178924801e-01
-8.374154999644467523e-02 -8.478188460178924801e-01 2.000000000000000000e+00 1.000000000000000021e-08 -2.559790475691945955e-01 -1.722374975727499091e+00
-2.559790475691945955e-01 -1.722374975727499091e+00 0.000000000000000000e+00 1.000000000000000021e-08 -3.970280178594124409e-01 -1.410489702902178122e+00
-3.970280178594124409e-01 -1.410489702902178122e+00 1.000000000000000000e+00 1.000000000000000021e-08 -6.002825730625391820e-01 -2.032545552031266745e+00
-6.002825730625391820e-01 -2.032545552031266745e+00 1.000000000000000000e+00 1.000000000000000021e-08 -8.966606368312592945e-01 -2.963780637687201569e+00
-8.966606368312592945e-01 -2.963780637687201569e+00 1.000000000000000000e+00 1.000000000000000021e-08 -1.300298524551624535e+00 -4.036378877203651960e+00
-1.300298524551624535e+00 -4.036378877203651960e+00 0.000000000000000000e+00 9.999000000000000110e-01 -1.570796326794896558e+00 -5.000000000000000000e+00
-7.781295912021732319e-02 7.242870797938129324e-02 0.000000000000000000e+00 1.000000000000000021e-08 1.485097335841974175e-02 9.266393247863705662e-01
1.485097335841974175e-02 9.266393247863705662e-01 2.000000000000000000e+00 1.000000000000000021e-08 1.553539861973518912e-02 6.844252613154466758e-03
1.553539861973518912e-02 6.844252613154466758e-03 2.000000000000000000e+00 1.000000000000000021e-08 -7.656034909656905807e-02 -9.209574771630424372e-01
-7.656034909656905807e-02 -9.209574771630424372e-01 1.000000000000000000e+00 1.000000000000000021e-08 -1.847855099793282996e-01 -1.082251608827592193e+00
-1.847855099793282996e-01 -1.082251608827592193e+00 0.000000000000000000e+00 1.000000000000000021e-08 -2.396765012311554699e-01 -5.489099125182715921e-01
-2.396765012311554699e-01 -5.489099125182715921e-01 2.000000000000000000e+00 1.000000000000000021e-08 -4.245400580581915051e-01 -1.848635568270360352e+00
-4.245400580581915051e-01 -1.848635568270360352e+00 1.000000000000000000e+00 1.000000000000000021e-08 -6.763222592355409013e-01 -2.517822011773494406e+00
-6.763222592355409013e-01 -2.517822011773494406e+00 2.000000000000000000e+00 1.000000000000000021e-08 -1.086936725968011386e+00 -4.106144667324704400e+00
-1.086936725968011386e+00 -4.106144667324704400e+00 1.000000000000000000e+00 9.999000000000000110e-01 -1.570796326794896558e+00 -5.000000000000000000e+00
-4.865560422131315343e-02 7.222764389951565056e-02 2.000000000000000000e+00 1.000000000000000021e-08 -1.504410281161172036e-01 -1.017854238948040502e+00
-1.504410281161172036e-01 -1.017854238948040502e+00 1.000000000000000000e+00 1.000000000000000021e-08 -2.690831781824357671e-01 -1.186421500663185302e+00
-2.690831781824357671e-01 -1.186421500663185302e+00 1.000000000000000000e+00 1.000000000000000021e-08 -4.384921229638188978e-01 -1.694089447813831306e+00
-4.384921229638188978e-01 -1.694089447813831306e+00 2.000000000000000000e+00 1.000000000000000021e-08 -7.630560748523842474e-01 -3.245639518885653274e+00
-7.630560748523842474e-01 -3.245639518885653274e+00 0.000000000000000000e+00 1.000000000000000021e-08 -1.128154129496318880e+00 -3.650980546439346330e+00
-1.128154129496318880e+00 -3.650980546439346330e+00 1.000000000000000000e+00 9.999000000000000110e-01 -1.570796326794896558e+00 -4.875866473609624663e+00
-5.613834687120757699e-02 1.267226756334807053e-02 0.000000000000000000e+00 1.000000000000000021e-08 2.052079461115825093e-02 7.665914148236582237e-01
2.052079461115825093e-02 7.665914148236582237e-01 1.000000000000000000e+00 1.000000000000000021e-08 9.635656337691406170e-02 7.583576876575581771e-01
9.635656337691406170e-02 7.583576876575581771e-01 2.000000000000000000e+00 1.000000000000000021e-08 9.254597648725360060e-02 -3.810586889660461107e-02
9.254597648725360060e-02 -3.810586889660461107e-02 2.000000000000000000e+00 1.000000000000000021e-08 2.077738236309382980e-02 -7.176859412415976802e-01
2.077738236309382980e-02 -7.176859412415976802e-01 0.000000000000000000e+00 1.000000000000000021e-08 5.236004356342600224e-02 3.158266120033217383e-01
5.236004356342600224e-02 3.158266120033217383e-01 2.000000000000000000e+00 1.000000000000000021e-08 2.458464864918401271e-03 -4.990157869850759820e-01
2.458464864918401271e-03 -4.990157869850759820e-01 2.000000000000000000e+00 1.000000000000000021e-08 -1.290759274351081787e-01 -1.315343923000265702e+00
-1.290759274351081787e-01 -1.315343923000265702e+00 2.000000000000000000e+00 1.000000000000000021e-08 -3.707559636678617321e-01 -2.416800362327535368e+00
-3.707559636678617321e-01 -2.416800362327535368e+00 1.000000000000000000e+00 1.000000000000000021e-08 -6.728010747825605709e-01 -3.020451111146988499e+00
-6.728010747825605709e-01 -3.020451111146988499e+00 1.000000000000000000e+00 1.000000000000000021e-08 -1.067663107220794050e+00 -3.948620324382333457e+00
-1.067663107220794050e+00 -3.948620324382333457e+00 1.000000000000000000e+00 9.999000000000000110e-01 -1.570796326794896558e+00 -5.000000000000000000e+00
-7.718841324291469963e-02 -9.406734788790244856e-03 2.000000000000000000e+00 1.000000000000000021e-08 -1.654188988156319873e-01 -8.823048557271726544e-01
-1.654188988156319873e-01 -8.823048557271726544e-01 2.000000000000000000e+00 1.000000000000000021e-08 -3.586119172275071265e-01 -1.931930184118751281e+00
-3.586119172275071265e-01 -1.931930184118751281e+00 0.000000000000000000e+00 1.000000000000000021e-08 -5.211674677168754988e-01 -1.625555504893683834e+00
-5.211674677168754988e-01 -1.625555504893683834e+00 1.000000000000000000e+00 1.000000000000000021e-08 -7.728255941763499948e-01 -2.516581264594745182e+00
-7.728255941763499948e-01 -2.516581264594745182e+00 2.000000000000000000e+00 1.000000000000000021e-08 -1.184170871335378683e+00 -4.113452771590286439e+00
-1.184170871335378683e+00 -4.113452771590286439e+00 1.000000000000000000e+00 9.999000000000000110e-01 -1.570796326794896558e+00 -5.000000000000000000e+00
-2.160406757070090084e-02 -3.024251201810983919e-02 0.000000000000000000e+00 1.000000000000000021e-08 5.222228735806545147e-02 7.382635492876634675e-01
5.222228735806545147e-02 7.382635492876634675e-01 0.000000000000000000e+00 1.000000000000000021e-08 2.187534371259222676e-01 1.665311497678568120e+00
2.187534371259222676e-01 1.665311497678568120e+00 0.000000000000000000e+00 1.000000000000000021e-08 5.186226746616247052e-01 2.998692375357023820e+00
5.186226746616247052e-01 2.998692375357023820e+00 0.000000000000000000e+00 1.000000000000000021e-08 9.529153259036247103e-01 4.342926512420000051e+00
9.529153259036247103e-01 4.342926512420000051e+00 0.000000000000000000e+00 1.000000000000000021e-08 1.540287235217877138e+00 5.000000000000000000e+00
1.540287235217877138e+00 5.000000000000000000e+00 2.000000000000000000e+00 9.999000000000000110e-01 1.570796326794896558e+00 5.000000000000000000e+00
-8.122198134180873275e-02 5.085361947511479047e-02 1.000000000000000000e+00 1.000000000000000021e-08 -1.012067029982438859e-01 -1.998472165643515597e-01
-1.012067029982438859e-01 -1.998472165643515597e-01 2.000000000000000000e+00 1.000000000000000021e-08 -2.142729837712769037e-01 -1.130662807730330233e+00
-2.142729837712769037e-01 -1.130662807730330233e+00 1.000000000000000000e+00 1.000000000000000021e-08 -3.784939734784643628e-01 -1.642209897071874369e+00
-3.784939734784643628e-01 -1.642209897071874369e+00 2.000000000000000000e+00 1.000000000000000021e-08 -6.971295891376608767e-01 -3.186356156591965139e+00
-6.971295891376608767e-01 -3.186356156591965139e+00 2.000000000000000000e+00 1.000000000000000021e-08 -1.183254858514753760e+00 -4.861252693770927280e+00
-1.183254858514753760e+00 -4.861252693770927280e+00 0.000000000000000000e+00 9.999000000000000110e-01 -1.570796326794896558e+00 -5.000000000000000000e+00
4.614113991132409720e-02 -8.586249920143251835e-02 1.000000000000000000e+00 1.000000000000000021e-08 6.052675802106198544e-02 1.438561810973788546e-01
6.052675802106198544e-02 1.438561810973788546e-01 2.000000000000000000e+00 1.000000000000000021e-08 1.311422273066117916e-03 -5.921533574799586752e-01
1.311422273066117916e-03 -5.921533574799586752e-01 0.000000000000000000e+00 1.000000000000000021e-08 3.015142269211710038e-02 2.884000041905098177e-01
3.015142269211710038e-02 2.884000041905098177e-01 2.000000000000000000e+00 1.000000000000000021e-08 -3.487778979380652677e-02 -6.502921248592362646e-01
-3.487778979380652677e-02 -6.502921248592362646e-01 0.000000000000000000e+00 1.000000000000000021e-08 -1.278169801514177431e-02 2.209609177866475038e-01
-1.278169801514177431e-02 2.209609177866475038e-01 2.000000000000000000e+00 1.000000000000000021e-08 -7.529145923860387779e-02 -6.250976122346210140e-01
-7.529145923860387779e-02 -6.250976122346210140e-01 0.000000000000000000e+00 1.000000000000000021e-08 -4.839090517404295855e-02 2.690055406456092202e-01
-4.839090517404295855e-02 2.690055406456092202e-01 2.000000000000000000e+00 1.000000000000000021e-08 -1.318974279847651421e-01 -8.350652281072218353e-01
-1.318974279847651421e-01 -8.350652281072218353e-01 0.000000000000000000e+00 1.000000000000000021e-08 -1.544135563226198549e-01 -2.251612833785470169e-01
-1.544135563226198549e-01 -2.251612833785470169e-01 0.000000000000000000e+00 1.000000000000000021e-08 -1.066388879912553711e-01 4.777466833136447821e-01
-1.066388879912553711e-01 4.777466833136447821e-01 2.000000000000000000e+00 1.000000000000000021e-08 -1.618136130270624029e-01 -5.517472503580702625e-01
-1.618136130270624029e-01 -5.517472503580702625e-01 1.000000000000000000e+00 1.000000000000000021e-08 -2.337475653896968764e-01 -7.193395236263447901e-01
-2.337475653896968764e-01 -7.193395236263447901e-01 0.000000000000000000e+00 1.000000000000000021e-08 -2.533868830932781147e-01 -1.963931770358121609e-01
-2.533868830932781147e-01 -1.963931770358121609e-01 1.000000000000000000e+00 1.000000000000000021e-08 -3.308726338945055523e-01 -7.748575080122742653e-01
-3.308726338945055523e-01 -7.748575080122742653e-01 0.000000000000000000e+00 1.000000000000000021e-08 -3.804032145675566579e-01 -4.953058067305113332e-01
-3.804032145675566579e-01 -4.953058067305113332e-01 0.000000000000000000e+00 1.000000000000000021e-08 -4.167887132691326935e-01 -3.638549870157604116e-01
-4.167887132691326935e-01 -3.638549870157604116e-01 0.000000000000000000e+00 1.000000000000000021e-08 -4.381283127104176889e-01 -2.133959944128501207e-01
-4.381283127104176889e-01 -2.133959944128501207e-01 2.000000000000000000e+00 1.000000000000000021e-08 -6.040053955188804391e-01 -1.658770828084628057e+00
-6.040053955188804391e-01 -1.658770828084628057e+00 0.000000000000000000e+00 1.000000000000000021e-08 -7.908025145439442349e-01 -1.867971190250637736e+00
-7.908025145439442349e-01 -1.867971190250637736e+00 2.000000000000000000e+00 1.000000000000000021e-08 -1.144796975966976715e+00 -3.539944614230324582e+00
