-3.862690955971551099e-02 4.429182865548688536e-02 2.000000000000000000e+00 1.000000000000000021e-08 -1.350351598976282097e-01 -9.640825033791268206e-01
-1.350351598976282097e-01 -9.640825033791268206e-01 0.000000000000000000e+00 1.000000000000000021e-08 -1.628938585802886807e-01 -2.785869868266047655e-01
-1.628938585802886807e-01 -2.785869868266047655e-01 2.000000000000000000e+00 1.000000000000000021e-08 -3.177538755714000018e-01 -1.548600169911113156e+00
-3.177538755714000018e-01 -1.548600169911113156e+00 2.000000000000000000e+00 1.000000000000000021e-08 -6.130960619867000805e-01 -2.953421864153000342e+00
-6.130960619867000805e-01 -2.953421864153000342e+00 2.000000000000000000e+00 1.000000000000000021e-08 -1.061631088164227688e+00 -4.485350261775276515e+00
-1.061631088164227688e+00 -4.485350261775276515e+00 0.000000000000000000e+00 9.999000000000000110e-01 -1.570796326794896558e+00 -5.000000000000000000e+00
-5.335683489879141511e-02 -6.570087458279764980e-02 1.000000000000000000e+00 1.000000000000000021e-08 -5.937861489037865592e-02 -6.021779991587242198e-02
-5.937861489037865592e-02 -6.021779991587242198e-02 1.000000000000000000e+00 1.000000000000000021e-08 -6.799148918348864312e-02 -8.612874293109987200e-02
-6.799148918348864312e-02 -8.612874293109987200e-02 1.000000000000000000e+00 1.000000000000000021e-08 -9.213596919726665946e-02 -2.414448001377801079e-01
-9.213596919726665946e-02 -2.414448001377801079e-01 0.000000000000000000e+00 1.000000000000000021e-08 -4.316708926839042670e-02 4.896887992887622998e-01
-4.316708926839042670e-02 4.896887992887622998e-01 2.000000000000000000e+00 1.000000000000000021e-08 -8.999096120255460629e-02 -4.682387193416417404e-01
-8.999096120255460629e-02 -4.682387193416417404e-01 0.000000000000000000e+00 1.000000000000000021e-08 -6.567897130585960419e-02 2.431198989669499655e-01
-6.567897130585960419e-02 2.431198989669499655e-01 2.000000000000000000e+00 1.000000000000000021e-08 -1.267745105777308701e-01 -6.109553927187127975e-01
-1.267745105777308701e-01 -6.109553927187127975e-01 2.000000000000000000e+00 1.000000000000000021e-08 -2.909798315732848306e-01 -1.642053209955539383e+00
-2.909798315732848306e-01 -1.642053209955539383e+00 1.000000000000000000e+00 1.000000000000000021e-08 -4.907254767478129720e-01 -1.997456451745281081e+00
-4.907254767478129720e-01 -1.997456451745281081e+00 2.000000000000000000e+00 1.000000000000000021e-08 -8.410165822749648967e-01 -3.502911055271519025e+00
-8.410165822749648967e-01 -3.502911055271519025e+00 1.000000000000000000e+00 1.000000000000000021e-08 -1.296880990873773065e+00 -4.558644085988081684e+00
-1.296880990873773065e+00 -4.558644085988081684e+00 0.000000000000000000e+00 9.999000000000000110e-01 -1.570796326794896558e+00 -5.000000000000000000e+00
-5.694295701566837870e-03 -5.973341409813166109e-02 1.000000000000000000e+00 1.000000000000000021e-08 3.660667520450815518e-04 6.060362453611919248e-02
3.660667520450815518e-04 6.060362453611919248e-02 1.000000000000000000e+00 1.000000000000000021e-08 1.800414186914912895e-02 1.763807511710404896e-01
1.800414186914912895e-02 1.763807511710404896e-01 0.000000000000000000e+00 1.000000000000000021e-08 1.110737926932976877e-01 9.306965082414855317e-01
1.110737926932976877e-01 9.306965082414855317e-01 2.000000000000000000e+00 1.000000000000000021e-08 1.449380608245446622e-01 3.386426813124696622e-01
1.449380608245446622e-01 3.386426813124696622e-01 0.000000000000000000e+00 1.000000000000000021e-08 2.827811662443556751e-01 1.378431054198110406e+00
2.827811662443556751e-01 1.378431054198110406e+00 2.000000000000000000e+00 1.000000000000000021e-08 3.733450832614597648e-01 9.056391701710408970e-01
3.733450832614597648e-01 9.056391701710408970e-01 1.000000000000000000e+00 1.000000000000000021e-08 5.397249018527194853e-01 1.663798185912596761e+00
5.397249018527194853e-01 1.663798185912596761e+00 1.000000000000000000e+00 1.000000000000000021e-08 7.882636685356775308e-01 2.485387666829580233e+00
7.882636685356775308e-01 2.485387666829580233e+00 0.000000000000000000e+00 1.000000000000000021e-08 1.200506948693394360e+00 4.122432801577168071e+00
1.200506948693394360e+00 4.122432801577168071e+00 0.000000000000000000e+00 9.999000000000000110e-01 1.570796326794896558e+00 5.000000000000000000e+00
-1.497550057374651307e-02 6.630633995173117884e-03 2.000000000000000000e+00 1.000000000000000021e-08 -1.163951129485554098e-01 -1.014196123748088985e+00
-1.163951129485554098e-01 -1.014196123748088985e+00 2.000000000000000000e+00 1.000000000000000021e-08 -3.401928799251250357e-01 -2.237977669765696120e+00
-3.401928799251250357e-01 -2.237977669765696120e+00 2.000000000000000000e+00 1.000000000000000021e-08 -6.831651829056680780e-01 -3.429723029805430201e+00
-6.831651829056680780e-01 -3.429723029805430201e+00 2.000000000000000000e+00 1.000000000000000021e-08 -1.178031127409074452e+00 -4.948659445034063076e+00
-1.178031127409074452e+00 -4.948659445034063076e+00 1.000000000000000000e+00 9.999000000000000110e-01 -1.570796326794896558e+00 -5.000000000000000000e+00
-4.230573478150914668e-02 -8.552460105314910188e-02 0.000000000000000000e+00 1.000000000000000021e-08 4.613062038857605740e-02 8.843635517008520130e-01
4.613062038857605740e-02 8.843635517008520130e-01 0.000000000000000000e+00 1.000000000000000021e-08 2.346342864532623418e-01 1.885036660646862927e+00
2.346342864532623418e-01 1.885036660646862927e+00 2.000000000000000000e+00 1.000000000000000021e-08 3.739794549425717873e-01 1.393451684893094233e+00
3.739794549425717873e-01 1.393451684893094233e+00 2.000000000000000000e+00 1.000000000000000021e-08 4.848907583246302999e-01 1.109113033820585237e+00
4.848907583246302999e-01 1.109113033820585237e+00 1.000000000000000000e+00 1.000000000000000021e-08 6.825972654713814425e-01 1.977065071467511093e+00
6.825972654713814425e-01 1.977065071467511093e+00 0.000000000000000000e+00 1.000000000000000021e-08 1.055054253267958986e+00 3.724569877965774989e+00
1.055054253267958986e+00 3.724569877965774989e+00 0.000000000000000000e+00 9.999000000000000110e-01 1.570796326794896558e+00 5.000000000000000000e+00
3.802739226219212926e-02 -8.111151840114223799e-02 2.000000000000000000e+00 1.000000000000000021e-08 -6.927543069323630065e-02 -1.073028229554284119e+00
-6.927543069323630065e-02 -1.073028229554284119e+00 1.000000000000000000e+00 1.000000000000000021e-08 -1.848417123184859789e-01 -1.155662816252496672e+00
-1.848417123184859789e-01 -1.155662816252496672e+00 2.000000000000000000e+00 1.000000000000000021e-08 -4.233144706047887729e-01 -2.384727582863027884e+00
-4.233144706047887729e-01 -2.384727582863027884e+00 1.000000000000000000e+00 1.000000000000000021e-08 -7.362588464959768375e-01 -3.129443758911880202e+00
-7.362588464959768375e-01 -3.129443758911880202e+00 1.000000000000000000e+00 1.000000000000000021e-08 -1.141813329313397407e+00 -4.055544828174205918e+00
-1.141813329313397407e+00 -4.055544828174205918e+00 1.000000000000000000e+00 9.999000000000000110e-01 -1.570796326794896558e+00 -5.000000000000000000e+00
-6.661272734709863808e-02 2.483122887375248736e-02 2.000000000000000000e+00 1.000000000000000021e-08 -1.517443170333578062e-01 -8.513158968625915701e-01
-1.517443170333578062e-01 -8.513158968625915701e-01 0.000000000000000000e+00 1.000000000000000021e-08 -1.754413174524200869e-01 -2.369700041906227517e-01
-1.754413174524200869e-01 -2.369700041906227517e-01 0.000000000000000000e+00 1.000000000000000021e-08 -1.589933789635533112e-01 1.644793848886677012e-01
-1.589933789635533112e-01 1.644793848886677012e-01 0.000000000000000000e+00 1.000000000000000021e-08 -8.284189123662305532e-02 7.615148772693025592e-01
-8.284189123662305532e-02 7.615148772693025592e-01 1.000000000000000000e+00 1.000000000000000021e-08 -3.489311815223804236e-02 4.794877308438501018e-01
-3.489311815223804236e-02 4.794877308438501018e-01 1.000000000000000000e+00 1.000000000000000021e-08 8.556860238744926073e-03 4.344997839098296843e-01
8.556860238744926073e-03 4.344997839098296843e-01 0.000000000000000000e+00 1.000000000000000021e-08 1.405561975660229446e-01 1.319993373272779991e+00
1.405561975660229446e-01 1.319993373272779991e+00 2.000000000000000000e+00 1.000000000000000021e-08 2.172413964542573850e-01 7.668519888823442932e-01
2.172413964542573850e-01 7.668519888823442932e-01 2.000000000000000000e+00 1.000000000000000021e-08 2.490465290527081599e-01 3.180513259845078045e-01
2.490465290527081599e-01 3.180513259845078045e-01 1.000000000000000000e+00 1.000000000000000021e-08 3.064066827631256040e-01 5.736015371041743860e-01
3.064066827631256040e-01 5.736015371041743860e-01 1.000000000000000000e+00 1.000000000000000021e-08 4.143471891428278098e-01 1.079405063797021835e+00
4.143471891428278098e-01 1.079405063797021835e+00 1.000000000000000000e+00 1.000000000000000021e-08 5.921444298277094287e-01 1.777972406848816300e+00
5.921444298277094287e-01 1.777972406848816300e+00 2.000000000000000000e+00 1.000000000000000021e-08 7.842607471779043937e-01 1.921163173501949206e+00
7.842607471779043937e-01 1.921163173501949206e+00 1.000000000000000000e+00 1.000000000000000021e-08 1.096229393655677953e+00 3.119686464777736035e+00
1.096229393655677953e+00 3.119686464777736035e+00 2.000000000000000000e+00 1.000000000000000021e-08 1.496234413602709035e+00 4.000050199470310375e+00
1.496234413602709035e+00 4.000050199470310375e+00 1.000000000000000000e+00 9.999000000000000110e-01 1.570796326794896558e+00 5.000000000000000000e+00
2.959210807769282331e-02 -4.088066103303290844e-03 0.000000000000000000e+00 1.000000000000000021e-08 1.200800735415392118e-01 9.048796546384638706e-01
1.200800735415392118e-01 9.048796546384638706e-01 0.000000000000000000e+00 1.000000000000000021e-08 3.240379715689083451e-01 2.039578980273691222e+00
3.240379715689083451e-01 2.039578980273691222e+00 2.000000000000000000e+00 1.000000000000000021e-08 4.868969247390423916e-01 1.628589531701340354e+00
4.868969247390423916e-01 1.628589531701340354e+00 2.000000000000000000e+00 1.000000000000000021e-08 6.495312937421611199e-01 1.626343690031186506e+00
6.495312937421611199e-01 1.626343690031186506e+00 1.000000000000000000e+00 1.000000000000000021e-08 8.985054505466627539e-01 2.489741568045016784e+00
8.985054505466627539e-01 2.489741568045016784e+00 0.000000000000000000e+00 1.000000000000000021e-08 1.320083773180891651e+00 4.215783226342288970e+00
1.320083773180891651e+00 4.215783226342288970e+00 1.000000000000000000e+00 9.999000000000000110e-01 1.570796326794896558e+00 5.000000000000000000e+00
-9.544408470833071201e-03 2.206924145665197651e-03 1.000000000000000000e+00 1.000000000000000021e-08 5.408407185485061830e-03 1.495281565631813303e-01
5.408407185485061830e-03 1.495281565631813303e-01 2.000000000000000000e+00 1.000000000000000021e-08 -8.200288773036881751e-02 -8.741129491585387656e-01
-8.200288773036881751e-02 -8.741129491585387656e-01 0.000000000000000000e+00 1.000000000000000021e-08 -8.001529516727129421e-02 1.987592563097517750e-02
-8.001529516727129421e-02 1.987592563097517750e-02 0.000000000000000000e+00 1.000000000000000021e-08 5.213454454113836123e-03 8.522874962138512478e-01
5.213454454113836123e-03 8.522874962138512478e-01 0.000000000000000000e+00 1.000000000000000021e-08 1.734716697357145954e-01 1.682582152816007426e+00
1.734716697357145954e-01 1.682582152816007426e+00 2.000000000000000000e+00 1.000000000000000021e-08 2.731548153002243406e-01 9.968314556450974528e-01
2.731548153002243406e-01 9.968314556450974528e-01 0.000000000000000000e+00 1.000000000000000021e-08 4.991333489080019836e-01 2.259785336077776208e+00
4.991333489080019836e-01 2.259785336077776208e+00 2.000000000000000000e+00 1.000000000000000021e-08 7.228484361961908800e-01 2.237150872881888741e+00
7.228484361961908800e-01 2.237150872881888741e+00 0.000000000000000000e+00 1.000000000000000021e-08 1.105812326979250582e+00 3.829638907830596128e+00
1.105812326979250582e+00 3.829638907830596128e+00 2.000000000000000000e+00 9.999000000000000110e-01 1.570796326794896558e+00 4.693670236705818510e+00
-5.049516675349168676e-02 1.715663142376628800e-02 1.000000000000000000e+00 1.000000000000000021e-08 -4.860458133302460182e-02 1.890585420467085637e-02
-4.860458133302460182e-02 1.890585420467085637e-02 2.000000000000000000e+00 1.000000000000000021e-08 -1.569786930175808004e-01 -1.083741116845561958e+00
-1.569786930175808004e-01 -1.083741116845561958e+00 2.000000000000000000e+00 1.000000000000000021e-08 -3.775607821828213528e-01 -2.205820891652405358e+00
-3.775607821828213528e-01 -2.205820891652405358e+00 1.000000000000000000e+00 1.000000000000000021e-08 -6.499200364865371782e-01 -2.723592543037157476e+00
-6.499200364865371782e-01 -2.723592543037157476e+00 1.000000000000000000e+00 1.000000000000000021e-08 -1.017373821441797110e+00 -3.674537849552599322e+00
-1.017373821441797110e+00 -3.674537849552599322e+00 1.000000000000000000e+00 1.000000000000000021e-08 -1.508811135446753493e+00 -4.914373140049564270e+00
-1.508811135446753493e+00 -4.914373140049564270e+00 1.000000000000000000e+00 9.999000000000000110e-01 -1.570796326794896558e+00 -5.000000000000000000e+00
-2.635495757613519341e-02 1.438349811419294827e-02 0.000000000000000000e+00 1.000000000000000021e-08 6.977573762698234539e-02 9.613069520311753324e-01
6.977573762698234539e-02 9.613069520311753324e-01 0.000000000000000000e+00 1.000000000000000021e-08 2.774282661767786262e-01 2.076525285497962781e+00
2.774282661767786262e-01 2.076525285497962781e+00 2.000000000000000000e+00 1.000000000000000021e-08 4.369893867369315510e-01 1.595611205601529248e+00
4.369893867369315510e-01 1.595611205601529248e+00 0.000000000000000000e+00 1.000000000000000021e-08 7.307987914414009190e-01 2.938094047044693014e+00
7.307987914414009190e-01 2.938094047044693014e+00 0.000000000000000000e+00 1.000000000000000021e-08 1.185695096355446010e+00 4.548963049140451353e+00
1.185695096355446010e+00 4.548963049140451353e+00 2.000000000000000000e+00 9.999000000000000110e-01 1.570796326794896558e+00 5.000000000000000000e+00
4.760693952512544402e-03 -8.706465461503914982e-02 1.000000000000000000e+00 1.000000000000000021e-08 1.871359789139707096e-03 -2.889334163372837133e-02
1.871359789139707096e-03 -2.889334163372837133e-02 1.000000000000000000e+00 1.000000000000000021e-08 -2.739204470610321837e-03 -4.610564259750028759e-02
-2.739204470610321837e-03 -4.610564259750028759e-02 1.000000000000000000e+00 1.000000000000000021e-08 -4.024442277388382699e-03 -1.285237806778060515e-02
-4.024442277388382699e-03 -1.285237806778060515e-02 1.000000000000000000e+00 1.000000000000000021e-08 -1.893118851134955802e-02 -1.490674623396117393e-01
-1.893118851134955802e-02 -1.490674623396117393e-01 0.000000000000000000e+00 1.000000000000000021e-08 6.694428263558610537e-02 8.587547114693565575e-01
6.694428263558610537e-02 8.587547114693565575e-01 2.000000000000000000e+00 1.000000000000000021e-08 6.563603746495486058e-02 -1.308245170631239240e-02
6.563603746495486058e-02 -1.308245170631239240e-02 2.000000000000000000e+00 1.000000000000000021e-08 -2.383469670483723268e-02 -8.947073416979208771e-01
-2.383469670483723268e-02 -8.947073416979208771e-01 1.000000000000000000e+00 1.000000000000000021e-08 -1.292822242544491296e-01 -1.054475275496119080e+00
-1.292822242544491296e-01 -1.054475275496119080e+00 0.000000000000000000e+00 1.000000000000000021e-08 -1.819586258901101372e-01 -5.267640163566101874e-01
-1.819586258901101372e-01 -5.267640163566101874e-01 1.000000000000000000e+00 1.000000000000000021e-08 -2.820400272848965773e-01 -1.000814013947864289e+00
-2.820400272848965773e-01 -1.000814013947864289e+00 0.000000000000000000e+00 1.000000000000000021e-08 -3.343698659824427266e-01 -5.232983869754614936e-01
-3.343698659824427266e-01 -5.232983869754614936e-01 0.000000000000000000e+00 1.000000000000000021e-08 -3.543914945377179548e-01 -2.002162855527522822e-01
-3.543914945377179548e-01 -2.002162855527522822e-01 2.000000000000000000e+00 1.000000000000000021e-08 -5.164733110757815382e-01 -1.620818165380635945e+00
-5.164733110757815382e-01 -1.620818165380635945e+00 2.000000000000000000e+00 1.000000000000000021e-08 -8.456298842079523759e-01 -3.291565731321708377e+00
-8.456298842079523759e-01 -3.291565731321708377e+00 1.000000000000000000e+00 1.000000000000000021e-08 -1.276686119933184038e+00 -4.310562357252316623e+00
-1.276686119933184038e+00 -4.310562357252316623e+00 0.000000000000000000e+00 9.999000000000000110e-01 -1.570796326794896558e+00 -5.000000000000000000e+00
1.225835411665102820e-02 -1.235865598252712180e-02 1.000000000000000000e+00 1.000000000000000021e-08 2.929522693297289399e-02 1.703687281632186579e-01
2.929522693297289399e-02 1.703687281632186579e-01 2.000000000000000000e+00 1.000000000000000021e-08 -3.273340982739315203e-02 -6.202863676036604046e-01
-3.273340982739315203e-02 -6.202863676036604046e-01 1.000000000000000000e+00 1.000000000000000021e-08 -9.028108929615077938e-02 -5.754767946875761764e-01
-9.028108929615077938e-02 -5.754767946875761764e-01 0.000000000000000000e+00 1.000000000000000021e-08 -7.707645620566017097e-02 1.320463309049060285e-01
-7.707645620566017097e-02 1.320463309049060285e-01 1.000000000000000000e+00 1.000000000000000021e-08 -9.044353519571488031e-02 -1.336707899005470379e-01
-9.044353519571488031e-02 -1.336707899005470379e-01 0.000000000000000000e+00 1.000000000000000021e-08 -4.494926023083964384e-02 4.549427496487523648e-01
-4.494926023083964384e-02 4.549427496487523648e-01 2.000000000000000000e+00 1.000000000000000021e-08 -7.779124718869073751e-02 -3.284198695785109923e-01
-7.779124718869073751e-02 -3.284198695785109923e-01 0.000000000000000000e+00 1.000000000000000021e-08 -4.581182796870651719e-02 3.197941921998421755e-01
-4.581182796870651719e-02 3.197941921998421755e-01 0.000000000000000000e+00 1.000000000000000021e-08 8.012338388039251524e-02 1.259352118490990158e+00
8.012338388039251524e-02 1.259352118490990158e+00 1.000000000000000000e+00 1.000000000000000021e-08 2.281566780535993488e-01 1.480332941732068086e+00
2.281566780535993488e-01 1.480332941732068086e+00 1.000000000000000000e+00 1.000000000000000021e-08 4.306997167505430824e-01 2.025430386969437002e+00
4.306997167505430824e-01 2.025430386969437002e+00 1.000000000000000000e+00 1.000000000000000021e-08 7.065097773508728363e-01 2.758100606003297983e+00
7.065097773508728363e-01 2.758100606003297983e+00 1.000000000000000000e+00 1.000000000000000021e-08 1.090994192200075652e+00 3.844844148492028602e+00
1.090994192200075652e+00 3.844844148492028602e+00 2.000000000000000000e+00 9.999000000000000110e-01 1.570796326794896558e+00 4.808195898690418524e+00
-6.995922790886663356e-02 4.418613087176413712e-02 2.000000000000000000e+00 1.000000000000000021e-08 -1.814182071326541634e-01 -1.114589792237875354e+00
-1.814182071326541634e-01 -1.114589792237875354e+00 1.000000000000000000e+00 1.000000000000000021e-08 -3.292228463921961779e-01 -1.478046392595420144e+00
-3.292228463921961779e-01 -1.478046392595420144e+00 1.000000000000000000e+00 1.000000000000000021e-08 -5.277977267498694669e-01 -1.985748803576733224e+00
-5.277977267498694669e-01 -1.985748803576733224e+00 0.000000000000000000e+00 1.000000000000000021e-08 -7.446223066618207209e-01 -2.168245799119512540e+00
-7.446223066618207209e-01 -2.168245799119512540e+00 0.000000000000000000e+00 1.000000000000000021e-08 -9.992362426646270723e-01 -2.546139360028063514e+00
-9.992362426646270723e-01 -2.546139360028063514e+00 0.000000000000000000e+00 1.000000000000000021e-08 -1.339182734172657874e+00 -3.399464915080306682e+00
-1.339182734172657874e+00 -3.399464915080306682e+00 2.000000000000000000e+00 9.999000000000000110e-01 -1.570796326794896558e+00 -4.961016727246466473e+00
6.643935756865387843e-02 7.515029396743742873e-02 2.000000000000000000e+00 1.000000000000000021e-08 -8.365211400584382506e-03 -7.480456896923826093e-01
-8.365211400584382506e-03 -7.480456896923826093e-01 1.000000000000000000e+00 1.000000000000000021e-08 -9.323498397160044637e-02 -8.486977257101605554e-01
-9.323498397160044637e-02 -8.486977257101605554e-01 2.000000000000000000e+00 1.000000000000000021e-08 -2.762083719075221211e-01 -1.829733879359216608e+00
-2.762083719075221211e-01 -1.829733879359216608e+00 0.000000000000000000e+00 1.000000000000000021e-08 -4.215249966921261748e-01 -1.453166247846040093e+00
-4.215249966921261748e-01 -1.453166247846040093e+00 0.000000000000000000e+00 1.000000000000000021e-08 -5.704764565054669667e-01 -1.489514598133407253e+00
-5.704764565054669667e-01 -1.489514598133407253e+00 0.000000000000000000e+00 1.000000000000000021e-08 -7.383885364762853287e-01 -1.679120799708183176e+00
-7.383885364762853287e-01 -1.679120799708183176e+00 2.000000000000000000e+00 1.000000000000000021e-08 -1.081380221427072685e+00 -3.429916849507873788e+00
-1.081380221427072685e+00 -3.429916849507873788e+00 2.000000000000000000e+00 9.999000000000000110e-01 -1.570796326794896558e+00 -4.998071161962240438e+00
-8.197113700360374178e-02 6.956436719577083205e-02 1.000000000000000000e+00 1.000000000000000021e-08 -8.869811897879517626e-02 -6.726981975191434482e-02
-8.869811897879517626e-02 -6.726981975191434482e-02 2.000000000000000000e+00 1.000000000000000021e-08 -1.882665972554647404e-01 -9.956847827666954753e-01
-1.882665972554647404e-01 -9.956847827666954753e-01 0.000000000000000000e+00 1.000000000000000021e-08 -2.380796759177936650e-01 -4.981307866232893011e-01
-2.380796759177936650e-01 -4.981307866232893011e-01 1.000000000000000000e+00 1.000000000000000021e-08 -3.209245446596698526e-01 -8.284486874187619865e-01
-3.209245446596698526e-01 -8.284486874187619865e-01 0.000000000000000000e+00 1.000000000000000021e-08 -3.752344159516084465e-01 -5.430987129193860508e-01
-3.752344159516084465e-01 -5.430987129193860508e-01 1.000000000000000000e+00 1.000000000000000021e-08 -4.785270445998449640e-01 -1.032926286482365397e+00
-4.785270445998449640e-01 -1.032926286482365397e+00 1.000000000000000000e+00 1.000000000000000021e-08 -6.496124195294455950e-01 -1.710853749296006532e+00
-6.496124195294455950e-01 -1.710853749296006532e+00 0.000000000000000000e+00 1.000000000000000021e-08 -8.409441373252837248e-01 -1.913317177958380855e+00
-8.409441373252837248e-01 -1.913317177958380855e+00 0.000000000000000000e+00 1.000000000000000021e-08 -1.084661583859809486e+00 -2.437174465345256280e+00
-1.084661583859809486e+00 -2.437174465345256280e+00 1.000000000000000000e+00 1.000000000000000021e-08 -1.453907233108125086e+00 -3.692456492483155550e+00
-1.453907233108125086e+00 -3.692456492483155550e+00 2.000000000000000000e+00 9.999000000000000110e-01 -1.570796326794896558e+00 -5.000000000000000000e+00
5.582709312414642355e-02 4.295678823345526476e-02 2.000000000000000000e+00 1.000000000000000021e-08 -1.043850397373438654e-02 -6.626559709788080177e-01
-1.043850397373438654e-02 -6.626559709788080177e-01 0.000000000000000000e+00 1.000000000000000021e-08 4.163894211777513510e-03 1.460239818551190005e-01
4.163894211777513510e-03 1.460239818551190005e-01 0.000000000000000000e+00 1.000000000000000021e-08 1.002887879934228899e-01 9.612489378164537079e-01
1.002887879934228899e-01 9.612489378164537079e-01 2.000000000000000000e+00 1.000000000000000021e-08 1.151563141909851817e-01 1.486752619756228633e-01
1.151563141909851817e-01 1.486752619756228633e-01 1.000000000000000000e+00 1.000000000000000021e-08 1.448257173791330787e-01 2.966940318814790811e-01
1.448257173791330787e-01 2.966940318814790811e-01 0.000000000000000000e+00 1.000000000000000021e-08 2.994470274976984703e-01 1.546213101185653693e+00
2.994470274976984703e-01 1.546213101185653693e+00 0.000000000000000000e+00 1.000000000000000021e-08 5.740643077694689289e-01 2.746172802717704364e+00
5.740643077694689289e-01 2.746172802717704364e+00 1.000000000000000000e+00 1.000000000000000021e-08 9.368249586640058357e-01 3.627606508945368624e+00
9.368249586640058357e-01 3.627606508945368624e+00 1.000000000000000000e+00 1.000000000000000021e-08 1.416186962852902909e+00 4.793620041888970285e+00
1.416186962852902909e+00 4.793620041888970285e+00 1.000000000000000000e+00 9.999000000000000110e-01 1.570796326794896558e+00 5.000000000000000000e+00
-5.947075363060379261e-02 -6.863539642196642143e-02 1.000000000000000000e+00 1.000000000000000021e-08 -7.158079690000232476e-02 -1.211004326939853493e-01
-7.158079690000232476e-02 -1.211004326939853493e-01 0.000000000000000000e+00 1.000000000000000021e-08 -4.572272365593391119e-03 6.700852453440893086e-01
-4.572272365593391119e-03 6.700852453440893086e-01 1.000000000000000000e+00 1.000000000000000021e-08 4.532616664165492470e-02 4.989843900724831305e-01
4.532616664165492470e-02 4.989843900724831305e-01 0.000000000000000000e+00 1.000000000000000021e-08 1.819317541788746107e-01 1.366055875372196748e+00
1.819317541788746107e-01 1.366055875372196748e+00 1.000000000000000000e+00 1.000000000000000021e-08 3.626240921391736260e-01 1.806923379602989987e+00
3.626240921391736260e-01 1.806923379602989987e+00 1.000000000000000000e+00 1.000000000000000021e-08 5.865746295093686724e-01 2.239505373701950575e+00
5.865746295093686724e-01 2.239505373701950575e+00 1.000000000000000000e+00 1.000000000000000021e-08 8.887614810765557261e-01 3.021868515671870092e+00
8.887614810765557261e-01 3.021868515671870092e+00 2.000000000000000000e+00 1.000000000000000021e-08 1.253891183553608402e+00 3.651297024770526090e+00
1.253891183553608402e+00 3.651297024770526090e+00 2.000000000000000000e+00 9.999000000000000110e-01 1.570796326794896558e+00 4.777461844495228149e+00
-3.848514454919259309e-02 5.971224246559525550e-02 1.000000000000000000e+00 1.000000000000000021e-08 -3.548740929800871940e-02 2.997735251183872643e-02
-3.548740929800871940e-02 2.997735251183872643e-02 2.000000000000000000e+00 1.000000000000000021e-08 -1.177692967714613903e-01 -8.228188747345266396e-01
-1.177692967714613903e-01 -8.228188747345266396e-01 0.000000000000000000e+00 1.000000000000000021e-08 -1.467776749580162743e-01 -2.900837818655487288e-01
-1.467776749580162743e-01 -2.900837818655487288e-01 2.000000000000000000e+00 1.000000000000000021e-08 -2.780568387273505970e-01 -1.312791637693343283e+00
-2.780568387273505970e-01 -1.312791637693343283e+00 1.000000000000000000e+00 1.000000000000000021e-08 -4.694749837922742586e-01 -1.914181450649236282e+00
-4.694749837922742586e-01 -1.914181450649236282e+00 1.000000000000000000e+00 1.000000000000000021e-08 -7.240377214802927730e-01 -2.545627376880184922e+00
-7.240377214802927730e-01 -2.545627376880184922e+00 2.000000000000000000e+00 1.000000000000000021e-08 -1.140439518736257041e+00 -4.164017972559642011e+00
-1.140439518736257041e+00 -4.164017972559642011e+00 0.000000000000000000e+00 9.999000000000000110e-01 -1.570796326794896558e+00 -5.000000000000000000e+00
-6.082461783691732460e-02 2.677374869493622661e-02 1.000000000000000000e+00 1.000000000000000021e-08 -7.965426096524655386e-02 -1.882964312832923204e-01
-7.965426096524655386e-02 -1.882964312832923204e-01 0.000000000000000000e+00 1.000000000000000021e-08 -2.946810993063573442e-02 5.018615103461081528e-01
-2.946810993063573442e-02 5.018615103461081528e-01 2.000000000000000000e+00 1.000000000000000021e-08 -5.609808959974758175e-02 -2.662997966911184733e-01
-5.609808959974758175e-02 -2.662997966911184733e-01 0.000000000000000000e+00 1.000000000000000021e-08 -8.634324717283925477e-03 4.746376488246365488e-01
-8.634324717283925477e-03 4.746376488246365488e-01 0.000000000000000000e+00 1.000000000000000021e-08 1.425434549399614559e-01 1.511777796572453703e+00
1.425434549399614559e-01 1.511777796572453703e+00 2.000000000000000000e+00 1.000000000000000021e-08 2.391499860841972136e-01 9.660653114423575216e-01
2.391499860841972136e-01 9.660653114423575216e-01 0.000000000000000000e+00 1.000000000000000021e-08 4.729333359701718420e-01 2.337833498859746229e+00
4.729333359701718420e-01 2.337833498859746229e+00 1.000000000000000000e+00 1.000000000000000021e-08 7.691134970880311172e-01 2.961801611178592530e+00
7.691134970880311172e-01 2.961801611178592530e+00 1.000000000000000000e+00 1.000000000000000021e-08 1.164422511703606222e+00 3.953090146155751938e+00
1.164422511703606222e+00 3.953090146155751938e+00 2.000000000000000000e+00 9.999000000000000110e-01 1.570796326794896558e+00 4.965054299796259230e+00
1.967497462970355104e-02 5.618280379195364493e-02 1.000000000000000000e+00 1.000000000000000021e-08 1.645715905024672937e-02 -3.217815579456820285e-02
1.645715905024672937e-02 -3.217815579456820285e-02 1.000000000000000000e+00 1.000000000000000021e-08 2.732020340098979122e-02 1.086304435074305907e-01
2.732020340098979122e-02 1.086304435074305907e-01 2.000000000000000000e+00 1.000000000000000021e-08 -6.226932690048569280e-02 -8.958953030147547292e-01
-6.226932690048569280e-02 -8.958953030147547292e-01 1.000000000000000000e+00 1.000000000000000021e-08 -1.695453299761424670e-01 -1.072760030756567673e+00
-1.695453299761424670e-01 -1.072760030756567673e+00 2.000000000000000000e+00 1.000000000000000021e-08 -3.832526723775062649e-01 -2.137073424013637535e+00
-3.832526723775062649e-01 -2.137073424013637535e+00 0.000000000000000000e+00 1.000000000000000021e-08 -5.810301040191000466e-01 -1.977774316415938038e+00
-5.810301040191000466e-01 -1.977774316415938038e+00 0.000000000000000000e+00 1.000000000000000021e-08 -8.044998038627958481e-01 -2.234696998436957571e+00
-8.044998038627958481e-01 -2.234696998436957571e+00 1.000000000000000000e+00 1.000000000000000021e-08 -1.135425518837053005e+00 -3.309257149742570014e+00
-1.135425518837053005e+00 -3.309257149742570014e+00 0.000000000000000000e+00 1.000000000000000021e-08 -1.562221858636398508e+00 -4.267963397993454144e+00
-1.562221858636398508e+00 -4.267963397993454144e+00 2.000000000000000000e+00 9.999000000000000110e-01 -1.570796326794896558e+00 -5.000000000000000000e+00
2.887049323147566904e-02 2.653983907483798560e-03 0.000000000000000000e+00 1.000000000000000021e-08 1.183993063481452168e-01 8.952881311666954778e-01
1.183993063481452168e-01 8.952881311666954778e-01 0.000000000000000000e+00 1.000000000000000021e-08 3.050477383947641785e-01 1.866484320466189395e+00
3.050477383947641785e-01 1.866484320466189395e+00 1.000000000000000000e+00 1.000000000000000021e-08 5.432853945465669909e-01 2.382376561518027458e+00
5.432853945465669909e-01 2.382376561518027458e+00 1.000000000000000000e+00 1.000000000000000021e-08 8.726052373939685580e-01 3.293198428474015671e+00
8.726052373939685580e-01 3.293198428474015671e+00 1.000000000000000000e+00 1.000000000000000021e-08 1.323092443541110441e+00 4.504872061471419720e+00
1.323092443541110441e+00 4.504872061471419720e+00 2.000000000000000000e+00 9.999000000000000110e-01 1.570796326794896558e+00 5.000000000000000000e+00
-1.519327331959755695e-02 -3.286816156728857713e-02 0.000000000000000000e+00 1.000000000000000021e-08 7.311783504686744650e-02 8.831110836646499651e-01
7.311783504686744650e-02 8.831110836646499651e-01 0.000000000000000000e+00 1.000000000000000021e-08 2.577418864967355172e-01 1.846240514498680652e+00
2.577418864967355172e-01 1.846240514498680652e+00 2.000000000000000000e+00 1.000000000000000021e-08 4.054621179510313200e-01 1.477202314542958028e+00
4.054621179510313200e-01 1.477202314542958028e+00 2.000000000000000000e+00 1.000000000000000021e-08 5.451462352484442997e-01 1.396841172974129464e+00
5.451462352484442997e-01 1.396841172974129464e+00 1.000000000000000000e+00 1.000000000000000021e-08 7.760556887447066510e-01 2.309094534962623069e+00
7.760556887447066510e-01 2.309094534962623069e+00 2.000000000000000000e+00 1.000000000000000021e-08 1.050689072864756435e+00 2.746333841200497616e+00
1.050689072864756435e+00 2.746333841200497616e+00 2.000000000000000000e+00 1.000000000000000021e-08 1.407671649926064861e+00 3.569825770613083815e+00
1.407671649926064861e+00 3.569825770613083815e+00 1.000000000000000000e+00 9.999000000000000110e-01 1.570796326794896558e+00 4.987841847484796531e+00
-2.179375689645789149e-02 -6.615074995811967562e-02 2.000000000000000000e+00 1.000000000000000021e-08 -1.153382014003911521e-01 -9.354444450393325505e-01
-1.153382014003911521e-01 -9.354444450393325505e-01 0.000000000000000000e+00 1.000000000000000021e-08 -1.310967427705352351e-01 -1.575854137014407463e-01
-1.310967427705352351e-01 -1.575854137014407463e-01 1.000000000000000000e+00 1.000000000000000021e-08 -1.709436858424779604e-01 -3.984694307194271978e-01
-1.709436858424779604e-01 -3.984694307194271978e-01 0.000000000000000000e+00 1.000000000000000021e-08 -1.545220811098927394e-01 1.642160473258521547e-01
-1.545220811098927394e-01 1.642160473258521547e-01 1.000000000000000000e+00 1.000000000000000021e-08 -1.613183632137139556e-01 -6.796282103821202347e-02
-1.613183632137139556e-01 -6.796282103821202347e-02 1.000000000000000000e+00 1.000000000000000021e-08 -1.804319715690414772e-01 -1.911360835532751601e-01
-1.804319715690414772e-01 -1.911360835532751601e-01 2.000000000000000000e+00 1.000000000000000021e-08 -3.180635671239935292e-01 -1.376315955549520798e+00
-3.180635671239935292e-01 -1.376315955549520798e+00 0.000000000000000000e+00 1.000000000000000021e-08 -4.292690796640010187e-01 -1.112055125400075006e+00
-4.292690796640010187e-01 -1.112055125400075006e+00 0.000000000000000000e+00 1.000000000000000021e-08 -5.200477567418263503e-01 -9.077867707782529827e-01
-5.200477567418263503e-01 -9.077867707782529827e-01 0.000000000000000000e+00 1.000000000000000021e-08 -6.275617834817419638e-01 -1.075140267399156357e+00
-6.275617834817419638e-01 -1.075140267399156357e+00 2.000000000000000000e+00 1.000000000000000021e-08 -8.942736479305803954e-01 -2.667118644488383872e+00
-8.942736479305803954e-01 -2.667118644488383872e+00 1.000000000000000000e+00 1.000000000000000021e-08 -1.270998267151125294e+00 -3.767246192205448985e+00
-1.270998267151125294e+00 -3.767246192205448985e+00 2.000000000000000000e+00 9.999000000000000110e-01 -1.570796326794896558e+00 -5.000000000000000000e+00
6.170871638055346053e-02 4.043133743078212994e-02 1.000000000000000000e+00 1.000000000000000021e-08 6.092820112644802694e-02 -7.805152541054322102e-03
6.092820112644802694e-02 -7.805152541054322102e-03 0.000000000000000000e+00 1.000000000000000021e-08 1.708452779108026731e-01 1.099170767843546503e+00
1.708452779108026731e-01 1.099170767843546503e+00 0.000000000000000000e+00 1.000000000000000021e-08 3.834571506211361114e-01 2.126118727103334383e+00
3.834571506211361114e-01 2.126118727103334383e+00 1.000000000000000000e+00 1.000000000000000021e-08 6.440054015572899138e-01 2.605482509361537691e+00
6.440054015572899138e-01 2.605482509361537691e+00 0.000000000000000000e+00 1.000000000000000021e-08 1.070722353118109371e+00 4.267169515608195240e+00
1.070722353118109371e+00 4.267169515608195240e+00 1.000000000000000000e+00 9.999000000000000110e-01 1.570796326794896558e+00 5.000000000000000000e+00
5.747013892810833025e-02 -3.720132370986853343e-03 1.000000000000000000e+00 1.000000000000000021e-08 8.289572279727237814e-02 2.542558386916404234e-01
8.289572279727237814e-02 2.542558386916404234e-01 2.000000000000000000e+00 1.000000000000000021e-08 4.060065715322746377e-02 -4.229506564404491020e-01
4.060065715322746377e-02 -4.229506564404491020e-01 0.000000000000000000e+00 1.000000000000000021e-08 9.355770406712768383e-02 5.295704691390021868e-01
9.355770406712768383e-02 5.295704691390021868e-01 2.000000000000000000e+00 1.000000000000000021e-08 7.988484966729582359e-02 -1.367285439983185746e-01
7.988484966729582359e-02 -1.367285439983185746e-01 2.000000000000000000e+00 1.000000000000000021e-08 -9.617657728351824975e-03 -8.950250739564764579e-01
-9.617657728351824975e-03 -8.950250739564764579e-01 0.000000000000000000e+00 1.000000000000000021e-08 -4.971580811634790376e-03 4.646076916717034599e-02
-4.971580811634790376e-03 4.646076916717034599e-02 2.000000000000000000e+00 1.000000000000000021e-08 -9.903521179676694208e-02 -9.406363098513215171e-01
-9.903521179676694208e-02 -9.406363098513215171e-01 2.000000000000000000e+00 1.000000000000000021e-08 -2.946304936832401244e-01 -1.955952818864731935e+00
-2.946304936832401244e-01 -1.955952818864731935e+00 0.000000000000000000e+00 1.000000000000000021e-08 -4.597909613106850868e-01 -1.651604676274449401e+00
-4.597909613106850868e-01 -1.651604676274449401e+00 2.000000000000000000e+00 1.000000000000000021e-08 -7.707850317729838530e-01 -3.109940704622987440e+00
-7.707850317729838530e-01 -3.109940704622987440e+00 2.000000000000000000e+00 1.000000000000000021e-08 -1.232278819159219552e+00 -4.614937873862356099e+00
-1.232278819159219552e+00 -4.614937873862356099e+00 2.000000000000000000e+00 9.999000000000000110e-01 -1.570796326794896558e+00 -5.000000000000000000e+00
-4.255874652098966260e-02 -1.045939272976449674e-03 0.000000000000000000e+00 1.000000000000000021e-08 3.370921457523327891e-02 7.626796109622293596e-01
3.370921457523327891e-02 7.626796109622293596e-01 1.000000000000000000e+00 1.000000000000000021e-08 1.062621944569197424e-01 7.255297988168646350e-01
1.062621944569197424e-01 7.255297988168646350e-01 0.000000000000000000e+00 1.000000000000000021e-08 2.690862915982674131e-01 1.628240971413476679e+00
2.690862915982674131e-01 1.628240971413476679e+00 0.000000000000000000e+00 1.000000000000000021e-08 5.459462581776803880e-01 2.768599665794129194e+00
5.459462581776803880e-01 2.768599665794129194e+00 0.000000000000000000e+00 1.000000000000000021e-08 9.873510489197234730e-01 4.414047907420431294e+00
9.873510489197234730e-01 4.414047907420431294e+00 1.000000000000000000e+00 1.000000000000000021e-08 1.539164198001814476e+00 5.000000000000000000e+00
1.539164198001814476e+00 5.000000000000000000e+00 1.000000000000000000e+00 9.999000000000000110e-01 1.570796326794896558e+00 5.000000000000000000e+00
4.734038304638078093e-02 3.143119493436380418e-02 2.000000000000000000e+00 1.000000000000000021e-08 -2.480509070224749119e-02 -7.214547374862827489e-01
-2.480509070224749119e-02 -7.214547374862827489e-01 0.000000000000000000e+00 1.000000000000000021e-08 -5.193697759184469354e-03 1.961139294306302183e-01
-5.193697759184469354e-03 1.961139294306302183e-01 1.000000000000000000e+00 1.000000000000000021e-08 1.589282958971440299e-02 2.108652734889887026e-01
1.589282958971440299e-02 2.108652734889887026e-01 0.000000000000000000e+00 1.000000000000000021e-08 1.301215225548945087e-01 1.142286929651801008e+00
1.301215225548945087e-01 1.142286929651801008e+00 1.000000000000000000e+00 1.000000000000000021e-08 2.702741144011452379e-01 1.401525918462507514e+00
2.702741144011452379e-01 1.401525918462507514e+00 0.000000000000000000e+00 1.000000000000000021e-08 5.360431834757632963e-01 2.657690690746180806e+00
5.360431834757632963e-01 2.657690690746180806e+00 0.000000000000000000e+00 1.000000000000000021e-08 9.548530684660954115e-01 4.188098849903320264e+00
9.548530684660954115e-01 4.188098849903320264e+00 0.000000000000000000e+00 1.000000000000000021e-08 1.533152067421148956e+00 5.000000000000000000e+00
1.533152067421148956e+00 5.000000000000000000e+00 0.000000000000000000e+00 9.999000000000000110e-01 1.570796326794896558e+00 5.000000000000000000e+00
4.450577036615505078e-02 3.928128015676971008e-02 0.000000000000000000e+00 1.000000000000000021e-08 1.343973404929162119e-01 8.989157012676115555e-01
1.343973404929162119e-01 8.989157012676115555e-01 1.000000000000000000e+00 1.000000000000000021e-08 2.417217736391012450e-01 1.073244331461850276e+00
2.417217736391012450e-01 1.073244331461850276e+00 0.000000000000000000e+00 1.000000000000000021e-08 4.662544821777417914e-01 2.245327085386405130e+00
4.662544821777417914e-01 2.245327085386405130e+00 0.000000000000000000e+00 1.000000000000000021e-08 8.481979360180454952e-01 3.819434538403037038e+00
8.481979360180454952e-01 3.819434538403037038e+00 1.000000000000000000e+00 1.000000000000000021e-08 1.336427951901952849e+00 4.882300158839073312e+00
1.336427951901952849e+00 4.882300158839073312e+00 1.000000000000000000e+00 9.999000000000000110e-01 1.570796326794896558e+00 5.000000000000000000e+00
-2.317729617021573735e-02 -5.688274707728999124e-02 2.000000000000000000e+00 1.000000000000000021e-08 -1.092565820742673888e-01 -8.607928590405163893e-01
-1.092565820742673888e-01 -8.607928590405163893e-01 2.000000000000000000e+00 1.000000000000000021e-08 -2.951066811513205490e-01 -1.858500990770531658e+00
-2.951066811513205490e-01 -1.858500990770531658e+00 2.000000000000000000e+00 1.000000000000000021e-08 -6.091712300792964108e-01 -3.140645489279758173e+00
-6.091712300792964108e-01 -3.140645489279758173e+00 2.000000000000000000e+00 1.000000000000000021e-08 -1.081310154414375280e+00 -4.721389243350788689e+00
-1.081310154414375280e+00 -4.721389243350788689e+00 1.000000000000000000e+00 9.999000000000000110e-01 -1.570796326794896558e+00 -5.000000000000000000e+00
2.431462846018923873e-02 5.066437407854080394e-02 2.000000000000000000e+00 1.000000000000000021e-08 -5.683385690234013521e-02 -8.114848536252936562e-01
-5.683385690234013521e-02 -8.114848536252936562e-01 0.000000000000000000e+00 1.000000000000000021e-08 -7.399595843359335623e-02 -1.716210153125322657e-01
-7.399595843359335623e-02 -1.716210153125322657e-01 1.000000000000000000e+00 1.000000000000000021e-08 -1.159026421517958816e-01 -4.190668371820251425e-01
-1.159026421517958816e-01 -4.190668371820251425e-01 2.000000000000000000e+00 1.000000000000000021e-08 -2.774767159997810761e-01 -1.615740738479851446e+00
-2.774767159997810761e-01 -1.615740738479851446e+00 0.000000000000000000e+00 1.000000000000000021e-08 -3.964044013836476310e-01 -1.189276853838665771e+00
-3.964044013836476310e-01 -1.189276853838665771e+00 0.000000000000000000e+00 1.000000000000000021e-08 -4.967171322140821466e-01 -1.003127308304345267e+00
-4.967171322140821466e-01 -1.003127308304345267e+00 1.000000000000000000e+00 1.000000000000000021e-08 -6.618480363820113954e-01 -1.651309041679292378e+00
-6.618480363820113954e-01 -1.651309041679292378e+00 0.000000000000000000e+00 1.000000000000000021e-08 -8.721345325071747645e-01 -2.102864961251633691e+00
-8.721345325071747645e-01 -2.102864961251633691e+00 0.000000000000000000e+00 1.000000000000000021e-08 -1.154986645912856380e+00 -2.828521134056815267e+00
-1.154986645912856380e+00 -2.828521134056815267e+00 0.000000000000000000e+00 1.000000000000000021e-08 -1.544946620198238696e+00 -3.899599742853823159e+00
-1.544946620198238696e+00 -3.899599742853823159e+00 2.000000000000000000e+00 9.999000000000000110e-01 -1.570796326794896558e+00 -5.000000000000000000e+00
6.834601126281626693e-02 -7.579486494417542186e-02 1.000000000000000000e+00 1.000000000000000021e-08 8.475648067926672136e-02 1.641046941645045998e-01
8.475648067926672136e-02 1.641046941645045998e-01 1.000000000000000000e+00 1.000000000000000021e-08 1.057837184455486662e-01 2.102723776628194763e-01
1.057837184455486662e-01 2.102723776628194763e-01 1.000000000000000000e+00 1.000000000000000021e-08 1.417474592588746918e-01 3.596374081332602834e-01
1.417474592588746918e-01 3.596374081332602834e-01 1.000000000000000000e+00 1.000000000000000021e-08 2.016593440205514121e-01 5.991188476167670363e-01
2.016593440205514121e-01 5.991188476167670363e-01 2.000000000000000000e+00 1.000000000000000021e-08 1.981789479610515103e-01 -3.480396059499912820e-02
1.981789479610515103e-01 -3.480396059499912820e-02 1.000000000000000000e+00 1.000000000000000021e-08 2.220698193691667544e-01 2.389087140811523291e-01
2.220698193691667544e-01 2.389087140811523291e-01 1.000000000000000000e+00 1.000000000000000021e-08 2.967057514473596114e-01 7.463593207819284592e-01
2.967057514473596114e-01 7.463593207819284592e-01 1.000000000000000000e+00 1.000000000000000021e-08 4.273998299032413239e-01 1.306940784558816793e+00
4.273998299032413239e-01 1.306940784558816793e+00 2.000000000000000000e+00 1.000000000000000021e-08 5.612446649599234227e-01 1.338448350566820988e+00
5.612446649599234227e-01 1.338448350566820988e+00 1.000000000000000000e+00 1.000000000000000021e-08 7.846397073663056165e-01 2.233950424063821494e+00
7.846397073663056165e-01 2.233950424063821494e+00 0.000000000000000000e+00 1.000000000000000021e-08 1.182684239799311143e+00 3.980445324330053936e+00
1.182684239799311143e+00 3.980445324330053936e+00 1.000000000000000000e+00 9.999000000000000110e-01 1.570796326794896558e+00 5.000000000000000000e+00
-2.158624089333299745e-02 1.857017104177217937e-02 2.000000000000000000e+00 1.000000000000000021e-08 -1.001304133040406830e-01 -7.854417241070767997e-01
-1.001304133040406830e-01 -7.854417241070767997e-01 0.000000000000000000e+00 1.000000000000000021e-08 -1.197002973791054525e-01 -1.956988407506476957e-01
-1.197002973791054525e-01 -1.956988407506476957e-01 0.000000000000000000e+00 1.000000000000000021e-08 -6.061107480744418186e-02 5.908922257166127068e-01
-6.061107480744418186e-02 5.908922257166127068e-01 2.000000000000000000e+00 1.000000000000000021e-08 -1.072611742579872435e-01 -4.665009945054305884e-01
-1.072611742579872435e-01 -4.665009945054305884e-01 2.000000000000000000e+00 1.000000000000000021e-08 -2.643419384290307539e-01 -1.570807641710435076e+00
-2.643419384290307539e-01 -1.570807641710435076e+00 1.000000000000000000e+00 1.000000000000000021e-08 -4.755397422845846211e-01 -2.111978038555538451e+00
-4.755397422845846211e-01 -2.111978038555538451e+00 0.000000000000000000e+00 1.000000000000000021e-08 -6.707788774896783490e-01 -1.952391352050937057e+00
-6.707788774896783490e-01 -1.952391352050937057e+00 1.000000000000000000e+00 1.000000000000000021e-08 -9.629150641182853132e-01 -2.921361866286068754e+00
-9.629150641182853132e-01 -2.921361866286068754e+00 0.000000000000000000e+00 1.000000000000000021e-08 -1.323065803008566022e+00 -3.601507388902807527e+00
-1.323065803008566022e+00 -3.601507388902807527e+00 1.000000000000000000e+00 9.999000000000000110e-01 -1.570796326794896558e+00 -5.000000000000000000e+00
-1.980655476202537041e-03 1.119845398365622996e-02 0.000000000000000000e+00 1.000000000000000021e-08 9.553480368258832067e-02 9.751545915879085147e-01
9.553480368258832067e-02 9.751545915879085147e-01 0.000000000000000000e+00 1.000000000000000021e-08 3.140049426967712054e-01 2.184701390141828625e+00
3.140049426967712054e-01 2.184701390141828625e+00 1.000000000000000000e+00 1.000000000000000021e-08 5.763933875313927979e-01 2.623884448346215592e+00
5.763933875313927979e-01 2.623884448346215592e+00 2.000000000000000000e+00 1.000000000000000021e-08 8.495902410003253191e-01 2.731968534689324990e+00
8.495902410003253191e-01 2.731968534689324990e+00 2.000000000000000000e+00 1.000000000000000021e-08 1.176793481667486985e+00 3.272032406671616656e+00
1.176793481667486985e+00 3.272032406671616656e+00 0.000000000000000000e+00 9.999000000000000110e-01 1.570796326794896558e+00 4.921296332931154538e+00
-3.024206629930177234e-02 -7.529260346251592795e-02 0.000000000000000000e+00 1.000000000000000021e-08 2.936059312153083481e-02 5.960265942083260438e-01
2.936059312153083481e-02 5.960265942083260438e-01 1.000000000000000000e+00 1.000000000000000021e-08 8.680860101627785319e-02 5.744800789474702185e-01
8.680860101627785319e-02 5.744800789474702185e-01 0.000000000000000000e+00 1.000000000000000021e-08 2.501544107919624338e-01 1.633458097756846028e+00
2.501544107919624338e-01 1.633458097756846028e+00 0.000000000000000000e+00 1.000000000000000021e-08 5.362723318973607878e-01 2.861179211053983096e+00
5.362723318973607878e-01 2.861179211053983096e+00 1.000000000000000000e+00 1.000000000000000021e-08 9.147670427498800771e-01 3.784947108525192672e+00
9.147670427498800771e-01 3.784947108525192672e+00 2.000000000000000000e+00 1.000000000000000021e-08 1.353304782017962893e+00 4.385377392680828379e+00
1.353304782017962893e+00 4.385377392680828379e+00 0.000000000000000000e+00 9.999000000000000110e-01 1.570796326794896558e+00 5.000000000000000000e+00
-8.448603207801674841e-02 5.441548731082898605e-02 2.000000000000000000e+00 1.000000000000000021e-08 -1.827511571359614617e-01 -9.826512505794470220e-01
-1.827511571359614617e-01 -9.826512505794470220e-01 1.000000000000000000e+00 1.000000000000000021e-08 -2.949630898929632705e-01 -1.122119327570018088e+00
-2.949630898929632705e-01 -1.122119327570018088e+00 1.000000000000000000e+00 1.000000000000000021e-08 -4.623377888614942366e-01 -1.673746989685309217e+00
-4.623377888614942366e-01 -1.673746989685309217e+00 2.000000000000000000e+00 1.000000000000000021e-08 -7.701611709351912083e-01 -3.078233820736969939e+00
-7.701611709351912083e-01 -3.078233820736969939e+00 2.000000000000000000e+00 1.000000000000000021e-08 -1.232188023408093969e+00 -4.620268524729028492e+00
-1.232188023408093969e+00 -4.620268524729028492e+00 0.000000000000000000e+00 9.999000000000000110e-01 -1.570796326794896558e+00 -5.000000000000000000e+00
4.958029318465480284e-02 -5.254465771236060262e-02 0.000000000000000000e+00 1.000000000000000021e-08 1.237287382081658782e-01 7.414844502351106703e-01
1.237287382081658782e-01 7.414844502351106703e-01 1.000000000000000000e+00 1.000000000000000021e-08 2.353392661423156229e-01 1.116105279341497392e+00
2.353392661423156229e-01 1.116105279341497392e+00 0.000000000000000000e+00 1.000000000000000021e-08 4.802325465661044235e-01 2.448932804237887950e+00
4.802325465661044235e-01 2.448932804237887950e+00 2.000000000000000000e+00 1.000000000000000021e-08 7.131380719837363547e-01 2.329055254176318535e+00
7.131380719837363547e-01 2.329055254176318535e+00 0.000000000000000000e+00 1.000000000000000021e-08 1.115032997240123169e+00 4.018949252563868590e+00
1.115032997240123169e+00 4.018949252563868590e+00 1.000000000000000000e+00 9.999000000000000110e-01 1.570796326794896558e+00 5.000000000000000000e+00
3.816128724616358464e-03 3.074605708427297079e-04 0.000000000000000000e+00 1.000000000000000021e-08 8.454586895956403558e-02 8.072974023494767781e-01
8.454586895956403558e-02 8.072974023494767781e-01 0.000000000000000000e+00 1.000000000000000021e-08 2.820621841493970994e-01 1.975163151898330582e+00
2.820621841493970994e-01 1.975163151898330582e+00 0.000000000000000000e+00 1.000000000000000021e-08 6.250529670537450233e-01 3.429907829043479683e+00
6.250529670537450233e-01 3.429907829043479683e+00 0.000000000000000000e+00 1.000000000000000021e-08 1.126347580000122583e+00 5.000000000000000000e+00
1.126347580000122583e+00 5.000000000000000000e+00 1.000000000000000000e+00 9.999000000000000110e-01 1.570796326794896558e+00 5.000000000000000000e+00
6.219444744747969211e-02 7.438562515270469300e-02 1.000000000000000000e+00 1.000000000000000021e-08 8.515716206003495770e-02 2.296271461255525725e-01
8.515716206003495770e-02 2.296271461255525725e-01 1.000000000000000000e+00 1.000000000000000021e-08 1.238749256258370735e-01 3.871776356580210465e-01
1.238749256258370735e-01 3.871776356580210465e-01 0.000000000000000000e+00 1.000000000000000021e-08 2.695977627044288671e-01 1.457228370785917937e+00
2.695977627044288671e-01 1.457228370785917937e+00 2.000000000000000000e+00 1.000000000000000021e-08 3.709859394868081361e-01 1.013881767823792801e+00
3.709859394868081361e-01 1.013881767823792801e+00 0.000000000000000000e+00 1.000000000000000021e-08 6.107065226442071060e-01 2.397205831573989698e+00
6.107065226442071060e-01 2.397205831573989698e+00 2.000000000000000000e+00 1.000000000000000021e-08 8.797731261808210412e-01 2.690666035366139575e+00
8.797731261808210412e-01 2.690666035366139575e+00 0.000000000000000000e+00 1.000000000000000021e-08 1.317132724936712851e+00 4.373595987558918097e+00
1.317132724936712851e+00 4.373595987558918097e+00 0.000000000000000000e+00 9.999000000000000110e-01 1.570796326794896558e+00 5.000000000000000000e+00
6.734451193475629593e-02 -3.151448564966026489e-03 2.000000000000000000e+00 1.000000000000000021e-08 -2.099236458739170419e-02 -8.833687652214800012e-01
-2.099236458739170419e-02 -8.833687652214800012e-01 0.000000000000000000e+00 1.000000000000000021e-08 -4.036905124248660326e-02 -1.937668665509489907e-01
-4.036905124248660326e-02 -1.937668665509489907e-01 1.000000000000000000e+00 1.000000000000000021e-08 -7.769564737447176572e-02 -3.732659613198515136e-01
-7.769564737447176572e-02 -3.732659613198515136e-01 2.000000000000000000e+00 1.000000000000000021e-08 -2.040681838446158913e-01 -1.263725364701441256e+00
-2.040681838446158913e-01 -1.263725364701441256e+00 0.000000000000000000e+00 1.000000000000000021e-08 -2.890961809081056266e-01 -8.502799706348975750e-01
-2.890961809081056266e-01 -8.502799706348975750e-01 2.000000000000000000e+00 1.000000000000000021e-08 -5.114132913977237349e-01 -2.223171104896181305e+00
-5.114132913977237349e-01 -2.223171104896181305e+00 1.000000000000000000e+00 1.000000000000000021e-08 -8.248792865906513505e-01 -3.134659951929275934e+00
-8.248792865906513505e-01 -3.134659951929275934e+00 2.000000000000000000e+00 1.000000000000000021e-08 -1.301984370374704714e+00 -4.771050837840534520e+00
-1.301984370374704714e+00 -4.771050837840534520e+00 2.000000000000000000e+00 9.999000000000000110e-01 -1.570796326794896558e+00 -5.000000000000000000e+00
-2.081218940307872495e-02 4.736306891222592796e-02 2.000000000000000000e+00 1.000000000000000021e-08 -9.244733541399136056e-02 -7.163514601091262035e-01
-9.244733541399136056e-02 -7.163514601091262035e-01 2.000000000000000000e+00 1.000000000000000021e-08 -2.548737883995654263e-01 -1.624264529855740324e+00
-2.548737883995654263e-01 -1.624264529855740324e+00 2.000000000000000000e+00 1.000000000000000021e-08 -5.300296890460747257e-01 -2.751559006465093660e+00
-5.300296890460747257e-01 -2.751559006465093660e+00 1.000000000000000000e+00 1.000000000000000021e-08 -8.827430100577069449e-01 -3.527133210116321749e+00
-8.827430100577069449e-01 -3.527133210116321749e+00 1.000000000000000000e+00 1.000000000000000021e-08 -1.340781495198458684e+00 -4.580384851407517388e+00
-1.340781495198458684e+00 -4.580384851407517388e+00 2.000000000000000000e+00 9.999000000000000110e-01 -1.570796326794896558e+00 -5.000000000000000000e+00
-2.374287005533597117e-03 -6.962170116325752667e-02 1.000000000000000000e+00 1.000000000000000021e-08 -1.209676003215250095e-02 -9.722473026618902447e-02
-1.209676003215250095e-02 -9.722473026618902447e-02 2.000000000000000000e+00 1.000000000000000021e-08 -1.122669762523207937e-01 -1.001702162201682844e+00
-1.122669762523207937e-01 -1.001702162201682844e+00 1.000000000000000000e+00 1.000000000000000021e-08 -2.298943960765200689e-01 -1.176274198241992863e+00
-2.298943960765200689e-01 -1.176274198241992863e+00 0.000000000000000000e+00 1.000000000000000021e-08 -3.099590334589032992e-01 -8.006463738238320804e-01
-3.099590334589032992e-01 -8.006463738238320804e-01 2.000000000000000000e+00 1.000000000000000021e-08 -5.313871805692329531e-01 -2.214281471103296095e+00
-5.313871805692329531e-01 -2.214281471103296095e+00 0.000000000000000000e+00 1.000000000000000021e-08 -7.726487859580343232e-01 -2.412616053888013923e+00
-7.726487859580343232e-01 -2.412616053888013923e+00 1.000000000000000000e+00 1.000000000000000021e-08 -1.123233199533768545e+00 -3.505844135757342883e+00
-1.123233199533768545e+00 -3.505844135757342883e+00 1.000000000000000000e+00 9.999000000000000110e-01 -1.570796326794896558e+00 -4.734377694712626372e+00
1.714456659378284231e-02 5.816546481878152874e-02 2.000000000000000000e+00 1.000000000000000021e-08 -5.994801078092620861e-02 -7.709257737470904814e-01
-5.994801078092620861e-02 -7.709257737470904814e-01 2.000000000000000000e+00 1.000000000000000021e-08 -2.223048611280634412e-01 -1.623568503471372271e+00
-2.223048611280634412e-01 -1.623568503471372271e+00 0.000000000000000000e+00 1.000000000000000021e-08 -3.507451174521877824e-01 -1.284402563241243245e+00
-3.507451174521877824e-01 -1.284402563241243245e+00 0.000000000000000000e+00 1.000000000000000021e-08 -4.699879268699760915e-01 -1.192428094177882869e+00
-4.699879268699760915e-01 -1.192428094177882869e+00 2.000000000000000000e+00 1.000000000000000021e-08 -7.402949280897554996e-01 -2.703070012197793304e+00
-7.402949280897554996e-01 -2.703070012197793304e+00 2.000000000000000000e+00 1.000000000000000021e-08 -1.180616709297327649e+00 -4.403217812075721049e+00
-1.180616709297327649e+00 -4.403217812075721049e+00 1.000000000000000000e+00 9.999000000000000110e-01 -1.570796326794896558e+00 -5.000000000000000000e+00
2.480764408565136470e-02 4.895412473500219963e-02 0.000000000000000000e+00 1.000000000000000021e-08 1.098161375462679001e-01 8.500849346061652989e-01
1.098161375462679001e-01 8.500849346061652989e-01 1.000000000000000000e+00 1.000000000000000021e-08 2.090513293015239249e-01 9.923519175525603586e-01
2.090513293015239249e-01 9.923519175525603586e-01 2.000000000000000000e+00 1.000000000000000021e-08 2.620581475030669960e-01 5.300681820154309332e-01
2.620581475030669960e-01 5.300681820154309332e-01 2.000000000000000000e+00 1.000000000000000021e-08 2.649855231631885744e-01 2.927375660121556145e-02
2.649855231631885744e-01 2.927375660121556145e-02 0.000000000000000000e+00 1.000000000000000021e-08 3.804098945117299624e-01 1.154243713485413991e+00
3.804098945117299624e-01 1.154243713485413991e+00 2.000000000000000000e+00 1.000000000000000021e-08 4.911530019836903849e-01 1.107431074719603892e+00
4.911530019836903849e-01 1.107431074719603892e+00 2.000000000000000000e+00 1.000000000000000021e-08 6.130895670998648406e-01 1.219365651161744557e+00
6.130895670998648406e-01 1.219365651161744557e+00 1.000000000000000000e+00 1.000000000000000021e-08 8.235151384927554830e-01 2.104255713928906868e+00
8.235151384927554830e-01 2.104255713928906868e+00 2.000000000000000000e+00 1.000000000000000021e-08 1.100046804803924694e+00 2.765316663111691220e+00
1.100046804803924694e+00 2.765316663111691220e+00 0.000000000000000000e+00 1.000000000000000021e-08 1.535689609947732626e+00 4.356428051438079763e+00
1.535689609947732626e+00 4.356428051438079763e+00 1.000000000000000000e+00 9.999000000000000110e-01 1.570796326794896558e+00 5.000000000000000000e+00
-5.557134102175399770e-02 2.470628038915768931e-02 2.000000000000000000e+00 1.000000000000000021e-08 -1.512953802113595203e-01 -9.572403918960552538e-01
-1.512953802113595203e-01 -9.572403918960552538e-01 0.000000000000000000e+00 1.000000000000000021e-08 -1.750525724285604268e-01 -2.375719221720090646e-01
-1.750525724285604268e-01 -2.375719221720090646e-01 1.000000000000000000e+00 1.000000000000000021e-08 -2.279737556690056011e-01 -5.292118324044516875e-01
-2.279737556690056011e-01 -5.292118324044516875e-01 0.000000000000000000e+00 1.000000000000000021e-08 -2.498344019686658257e-01 -2.186064629966022466e-01
-2.498344019686658257e-01 -2.186064629966022466e-01 2.000000000000000000e+00 1.000000000000000021e-08 -3.954886964110038150e-01 -1.456542944423380170e+00
-3.954886964110038150e-01 -1.456542944423380170e+00 1.000000000000000000e+00 1.000000000000000021e-08 -6.159970631639172245e-01 -2.205083667529133873e+00
-6.159970631639172245e-01 -2.205083667529133873e+00 0.000000000000000000e+00 1.000000000000000021e-08 -8.503951572323360519e-01 -2.343980940684188052e+00
-8.503951572323360519e-01 -2.343980940684188052e+00 0.000000000000000000e+00 1.000000000000000021e-08 -1.139262041455676000e+00 -2.888668842233399925e+00
-1.139262041455676000e+00 -2.888668842233399925e+00 0.000000000000000000e+00 1.000000000000000021e-08 -1.527143837500536172e+00 -3.878817960448602609e+00
-1.527143837500536172e+00 -3.878817960448602609e+00 1.000000000000000000e+00 9.999000000000000110e-01 -1.570796326794896558e+00 -5.000000000000000000e+00
-6.841731541505083336e-02 -6.932488748795875844e-02 1.000000000000000000e+00 1.000000000000000021e-08 -8.651684873268292164e-02 -1.809953331763208828e-01
-8.651684873268292164e-02 -1.809953331763208828e-01 0.000000000000000000e+00 1.000000000000000021e-08 -3.127761753691024604e-02 5.523923119577267560e-01
-3.127761753691024604e-02 5.523923119577267560e-01 2.000000000000000000e+00 1.000000000000000021e-08 -6.272273824316103308e-02 -3.144512070625078426e-01
-6.272273824316103308e-02 -3.144512070625078426e-01 2.000000000000000000e+00 1.000000000000000021e-08 -2.008399998816051690e-01 -1.381172616384441554e+00
-2.008399998816051690e-01 -1.381172616384441554e+00 0.000000000000000000e+00 1.000000000000000021e-08 -2.714518447475964824e-01 -7.061184486599131338e-01
-2.714518447475964824e-01 -7.061184486599131338e-01 1.000000000000000000e+00 1.000000000000000021e-08 -3.943992454052570595e-01 -1.229474006576605660e+00
-3.943992454052570595e-01 -1.229474006576605660e+00 0.000000000000000000e+00 1.000000000000000021e-08 -5.119962176140206989e-01 -1.175969722087635727e+00
-5.119962176140206989e-01 -1.175969722087635727e+00 2.000000000000000000e+00 1.000000000000000021e-08 -7.722659769037365507e-01 -2.602697592897158962e+00
-7.722659769037365507e-01 -2.602697592897158962e+00 2.000000000000000000e+00 1.000000000000000021e-08 -1.185267098194829671e+00 -4.130011212910932095e+00
-1.185267098194829671e+00 -4.130011212910932095e+00 1.000000000000000000e+00 9.999000000000000110e-01 -1.570796326794896558e+00 -5.000000000000000000e+00
7.102368385968207964e-02 -7.524931170730683738e-02 0.000000000000000000e+00 1.000000000000000021e-08 1.544108348027367628e-01 8.338715094305467757e-01
1.544108348027367628e-01 8.338715094305467757e-01 2.000000000000000000e+00 1.000000000000000021e-08 1.814679440329756421e-01 2.705710923023887382e-01
1.814679440329756421e-01 2.705710923023887382e-01 2.000000000000000000e+00 1.000000000000000021e-08 1.662415748805967652e-01 -1.522636915237887134e-01
1.662415748805967652e-01 -1.522636915237887134e-01 1.000000000000000000e+00 1.000000000000000021e-08 1.688317084074487662e-01 2.590133526852006485e-02
1.688317084074487662e-01 2.590133526852006485e-02 2.000000000000000000e+00 1.000000000000000021e-08 9.951799241999800816e-02 -6.931371598745075246e-01
9.951799241999800816e-02 -6.931371598745075246e-01 2.000000000000000000e+00 1.000000000000000021e-08 -3.537859658194036916e-02 -1.348965890019383718e+00
-3.537859658194036916e-02 -1.348965890019383718e+00 2.000000000000000000e+00 1.000000000000000021e-08 -2.779537730559216713e-01 -2.425751764739812799e+00
-2.779537730559216713e-01 -2.425751764739812799e+00 2.000000000000000000e+00 1.000000000000000021e-08 -6.541306635997119479e-01 -3.761768905437902433e+00
-6.541306635997119479e-01 -3.761768905437902433e+00 2.000000000000000000e+00 1.000000000000000021e-08 -1.196612521161980247e+00 -5.000000000000000000e+00
-1.196612521161980247e+00 -5.000000000000000000e+00 1.000000000000000000e+00 9.999000000000000110e-01 -1.570796326794896558e+00 -5.000000000000000000e+00
-6.043391425122727340e-02 7.779066354747050938e-02 0.000000000000000000e+00 1.000000000000000021e-08 2.439440191770341632e-02 8.482831616893068416e-01
2.439440191770341632e-02 8.482831616893068416e-01 2.000000000000000000e+00 1.000000000000000021e-08 2.115018175707878215e-02 -3.244220160624633476e-02
2.115018175707878215e-02 -3.244220160624633476e-02 2.000000000000000000e+00 1.000000000000000021e-08 -6.061464600444854689e-02 -8.176482776152731446e-01
-6.061464600444854689e-02 -8.176482776152731446e-01 0.000000000000000000e+00 1.000000000000000021e-08 -8.193747817466467964e-02 -2.132283217021613275e-01
-8.193747817466467964e-02 -2.132283217021613275e-01 2.000000000000000000e+00 1.000000000000000021e-08 -2.025287019256873378e-01 -1.205912237510226692e+00
-2.025287019256873378e-01 -1.205912237510226692e+00 1.000000000000000000e+00 1.000000000000000021e-08 -3.573630200106840404e-01 -1.548343180849967027e+00
-3.573630200106840404e-01 -1.548343180849967027e+00 0.000000000000000000e+00 1.000000000000000021e-08 -4.813214566012125606e-01 -1.239584365905285201e+00
-4.813214566012125606e-01 -1.239584365905285201e+00 0.000000000000000000e+00 1.000000000000000021e-08 -6.162546338484231612e-01 -1.349331772472105451e+00
-6.162546338484231612e-01 -1.349331772472105451e+00 1.000000000000000000e+00 1.000000000000000021e-08 -8.551818454899461353e-01 -2.389272116415229519e+00
-8.551818454899461353e-01 -2.389272116415229519e+00 0.000000000000000000e+00 1.000000000000000021e-08 -1.154775580558592640e+00 -2.995937350686464828e+00
-1.154775580558592640e+00 -2.995937350686464828e+00 2.000000000000000000e+00 9.999000000000000110e-01 -1.570796326794896558e+00 -4.606529054994521033e+00
-5.558861548739836567e-02 -5.247818122425789572e-03 0.000000000000000000e+00 1.000000000000000021e-08 3.040096048180680743e-02 8.598957596920516755e-01
3.040096048180680743e-02 8.598957596920516755e-01 0.000000000000000000e+00 1.000000000000000021e-08 2.207338570236802022e-01 1.903328965418733976e+00
2.207338570236802022e-01 1.903328965418733976e+00 2.000000000000000000e+00 1.000000000000000021e-08 3.649225268035063419e-01 1.441886697798261396e+00
3.649225268035063419e-01 1.441886697798261396e+00 1.000000000000000000e+00 1.000000000000000021e-08 5.676232977725471640e-01 2.027007709690408443e+00
5.676232977725471640e-01 2.027007709690408443e+00 0.000000000000000000e+00 1.000000000000000021e-08 9.239564755089921810e-01 3.563331777364449948e+00
9.239564755089921810e-01 3.563331777364449948e+00 1.000000000000000000e+00 1.000000000000000021e-08 1.389220642485068602e+00 4.652641669760763321e+00
1.389220642485068602e+00 4.652641669760763321e+00 1.000000000000000000e+00 9.999000000000000110e-01 1.570796326794896558e+00 5.000000000000000000e+00
8.448183606257023137e-02 -1.610188295566578401e-02 2.000000000000000000e+00 1.000000000000000021e-08 -9.414773461316611192e-04 -8.542331340870188416e-01
-9.414773461316611192e-04 -8.542331340870188416e-01 1.000000000000000000e+00 1.000000000000000021e-08 -7.376137669402262065e-02 -7.281989934789095953e-01
-7.376137669402262065e-02 -7.281989934789095953e-01 2.000000000000000000e+00 1.000000000000000021e-08 -2.504366609596973547e-01 -1.766752842656747369e+00
-2.504366609596973547e-01 -1.766752842656747369e+00 0.000000000000000000e+00 1.000000000000000021e-08 -3.791340119652609753e-01 -1.286973510055635872e+00
-3.791340119652609753e-01 -1.286973510055635872e+00 2.000000000000000000e+00 1.000000000000000021e-08 -6.466457148297868329e-01 -2.675117028645259243e+00
-6.466457148297868329e-01 -2.675117028645259243e+00 0.000000000000000000e+00 1.000000000000000021e-08 -9.402663447869492597e-01 -2.936206299571623823e+00
-9.402663447869492597e-01 -2.936206299571623823e+00 0.000000000000000000e+00 1.000000000000000021e-08 -1.313620489711889938e+00 -3.733541449249407229e+00
-1.313620489711889938e+00 -3.733541449249407229e+00 1.000000000000000000e+00 9.999000000000000110e-01 -1.570796326794896558e+00 -5.000000000000000000e+00
7.283509265830558077e-02 -2.287288446689680205e-02 1.000000000000000000e+00 1.000000000000000021e-08 8.554932858687955277e-02 1.271423592857397200e-01
8.554932858687955277e-02 1.271423592857397200e-01 0.000000000000000000e+00 1.000000000000000021e-08 1.853110566848236995e-01 9.976172809794414675e-01
1.853110566848236995e-01 9.976172809794414675e-01 2.000000000000000000e+00 1.000000000000000021e-08 2.375476165794145333e-01 5.223655989459081717e-01
2.375476165794145333e-01 5.223655989459081717e-01 1.000000000000000000e+00 1.000000000000000021e-08 3.283901577392975835e-01 9.084254115988303901e-01
3.283901577392975835e-01 9.084254115988303901e-01 2.000000000000000000e+00 1.000000000000000021e-08 3.811559633903233157e-01 5.276580565102573228e-01
3.811559633903233157e-01 5.276580565102573228e-01 0.000000000000000000e+00 1.000000000000000021e-08 5.727419520321189728e-01 1.915859886417956126e+00
5.727419520321189728e-01 1.915859886417956126e+00 2.000000000000000000e+00 1.000000000000000021e-08 7.845201814263297324e-01 2.117782293942107152e+00
7.845201814263297324e-01 2.117782293942107152e+00 2.000000000000000000e+00 1.000000000000000021e-08 1.047906638163599080e+00 2.633864567372693255e+00
1.047906638163599080e+00 2.633864567372693255e+00 0.000000000000000000e+00 1.000000000000000021e-08 1.484382413671094136e+00 4.364757755074951007e+00
1.484382413671094136e+00 4.364757755074951007e+00 1.000000000000000000e+00 9.999000000000000110e-01 1.570796326794896558e+00 5.000000000000000000e+00
-8.147545844685558092e-02 8.331027966920097338e-03 1.000000000000000000e+00 1.000000000000000021e-08 -7.838761945634444006e-02 3.087838990511145715e-02
-7.838761945634444006e-02 3.087838990511145715e-02 1.000000000000000000e+00 1.000000000000000021e-08 -1.017747479919266923e-01 -2.338712853558225502e-01
-1.017747479919266923e-01 -2.338712853558225502e-01 2.000000000000000000e+00 1.000000000000000021e-08 -2.445925115302510222e-01 -1.428177635383243382e+00
-2.445925115302510222e-01 -1.428177635383243382e+00 2.000000000000000000e+00 1.000000000000000021e-08 -5.197606536351540019e-01 -2.751681421049030352e+00
-5.197606536351540019e-01 -2.751681421049030352e+00 0.000000000000000000e+00 1.000000000000000021e-08 -8.016027810964376776e-01 -2.818421274612835870e+00
-8.016027810964376776e-01 -2.818421274612835870e+00 2.000000000000000000e+00 1.000000000000000021e-08 -1.251326967052457384e+00 -4.497241859560197952e+00
-1.251326967052457384e+00 -4.497241859560197952e+00 2.000000000000000000e+00 9.999000000000000110e-01 -1.570796326794896558e+00 -5.000000000000000000e+00
-3.961665739478318488e-03 -3.583173289221902591e-02 1.000000000000000000e+00 1.000000000000000021e-08 8.238217699059618288e-03 1.219988343853793678e-01
8.238217699059618288e-03 1.219988343853793678e-01 2.000000000000000000e+00 1.000000000000000021e-08 -5.424889062429799624e-02 -6.248710832335760967e-01
-5.424889062429799624e-02 -6.248710832335760967e-01 0.000000000000000000e+00 1.000000000000000021e-08 -3.820403962788354590e-02 1.604485099641445034e-01
-3.820403962788354590e-02 1.604485099641445034e-01 0.000000000000000000e+00 1.000000000000000021e-08 5.248588320578145838e-02 9.068992283366500429e-01
5.248588320578145838e-02 9.068992283366500429e-01 0.000000000000000000e+00 1.000000000000000021e-08 2.547355690751262336e-01 2.022496858693447752e+00
2.547355690751262336e-01 2.022496858693447752e+00 0.000000000000000000e+00 1.000000000000000021e-08 5.761097837206428096e-01 3.213742146455164761e+00
5.761097837206428096e-01 3.213742146455164761e+00 2.000000000000000000e+00 1.000000000000000021e-08 9.027022367414148096e-01 3.265924530207719112e+00
9.027022367414148096e-01 3.265924530207719112e+00 0.000000000000000000e+00 1.000000000000000021e-08 1.398862356940661744e+00 4.961601201992468901e+00
1.398862356940661744e+00 4.961601201992468901e+00 1.000000000000000000e+00 9.999000000000000110e-01 1.570796326794896558e+00 5.000000000000000000e+00
7.727212137811143022e-02 5.209925416871251380e-02 1.000000000000000000e+00 1.000000000000000021e-08 1.093667981880188100e-01 3.209467680990737426e-01
1.093667981880188100e-01 3.209467680990737426e-01 1.000000000000000000e+00 1.000000000000000021e-08 1.739840663650903396e-01 6.461726817707152959e-01
1.739840663650903396e-01 6.461726817707152959e-01 2.000000000000000000e+00 1.000000000000000021e-08 1.895122788257380675e-01 1.552821246064773342e-01
1.895122788257380675e-01 1.552821246064773342e-01 2.000000000000000000e+00 1.000000000000000021e-08 1.421503154272379943e-01 -4.736196339850005654e-01
1.421503154272379943e-01 -4.736196339850005654e-01 2.000000000000000000e+00 1.000000000000000021e-08 1.571846508624449856e-02 -1.264318503409934902e+00
1.571846508624449856e-02 -1.264318503409934902e+00 2.000000000000000000e+00 1.000000000000000021e-08 -2.037830046257959604e-01 -2.195014697120404534e+00
-2.037830046257959604e-01 -2.195014697120404534e+00 0.000000000000000000e+00 1.000000000000000021e-08 -3.560019356198821372e-01 -1.522189309940861879e+00
-3.560019356198821372e-01 -1.522189309940861879e+00 0.000000000000000000e+00 1.000000000000000021e-08 -4.760567852819220791e-01 -1.200548496620399197e+00
-4.760567852819220791e-01 -1.200548496620399197e+00 2.000000000000000000e+00 1.000000000000000021e-08 -7.482198155441042164e-01 -2.721630302621821151e+00
-7.482198155441042164e-01 -2.721630302621821151e+00 0.000000000000000000e+00 1.000000000000000021e-08 -1.066047148357313290e+00 -3.178273328132090736e+00
-1.066047148357313290e+00 -3.178273328132090736e+00 2.000000000000000000e+00 1.000000000000000021e-08 -1.554298685233139299e+00 -4.882515368758259200e+00
-1.554298685233139299e+00 -4.882515368758259200e+00 1.000000000000000000e+00 9.999000000000000110e-01 -1.570796326794896558e+00 -5.000000000000000000e+00
6.878500576038403674e-03 -3.080090805773843393e-02 2.000000000000000000e+00 1.000000000000000021e-08 -9.386892353393154476e-02 -1.007474241099699519e+00
-9.386892353393154476e-02 -1.007474241099699519e+00 0.000000000000000000e+00 1.000000000000000021e-08 -1.369973197125055608e-01 -4.312839617857401331e-01
-1.369973197125055608e-01 -4.312839617857401331e-01 2.000000000000000000e+00 1.000000000000000021e-08 -2.999427980403537308e-01 -1.629454783278481589e+00
-2.999427980403537308e-01 -1.629454783278481589e+00 1.000000000000000000e+00 1.000000000000000021e-08 -5.280961098074278270e-01 -2.281533117670741184e+00
-5.280961098074278270e-01 -2.281533117670741184e+00 1.000000000000000000e+00 1.000000000000000021e-08 -8.304875628605107307e-01 -3.023914530530828593e+00
-8.304875628605107307e-01 -3.023914530530828593e+00 1.000000000000000000e+00 1.000000000000000021e-08 -1.241862209087224000e+00 -4.113746462267132031e+00
-1.241862209087224000e+00 -4.113746462267132031e+00 2.000000000000000000e+00 9.999000000000000110e-01 -1.570796326794896558e+00 -5.000000000000000000e+00
-6.713889154888923183e-02 -7.409722462528260667e-02 0.000000000000000000e+00 1.000000000000000021e-08 4.668628922945283755e-03 7.180752047183450726e-01
4.668628922945283755e-03 7.180752047183450726e-01 0.000000000000000000e+00 1.000000000000000021e-08 1.713498892659542638e-01 1.666812603430089634e+00
1.713498892659542638e-01 1.666812603430089634e+00 0.000000000000000000e+00 1.000000000000000021e-08 4.700185751907733911e-01 2.986686859248190995e+00
4.700185751907733911e-01 2.986686859248190995e+00 2.000000000000000000e+00 1.000000000000000021e-08 7.544983844332374678e-01 2.844798092424640767e+00
7.544983844332374678e-01 2.844798092424640767e+00 0.000000000000000000e+00 1.000000000000000021e-08 1.189861975437448871e+00 4.353635910042114254e+00
1.189861975437448871e+00 4.353635910042114254e+00 2.000000000000000000e+00 9.999000000000000110e-01 1.570796326794896558e+00 5.000000000000000000e+00
-2.084201189704495971e-02 -6.521986353771441758e-02 2.000000000000000000e+00 1.000000000000000021e-08 -1.311810191719747776e-01 -1.103390072749298234e+00
-1.311810191719747776e-01 -1.103390072749298234e+00 0.000000000000000000e+00 1.000000000000000021e-08 -1.790541892035221183e-01 -4.787317003154735184e-01
-1.790541892035221183e-01 -4.787317003154735184e-01 2.000000000000000000e+00 1.000000000000000021e-08 -3.323287042768296451e-01 -1.532745150733075157e+00
-3.323287042768296451e-01 -1.532745150733075157e+00 2.000000000000000000e+00 1.000000000000000021e-08 -6.274472584836142675e-01 -2.951185542067845891e+00
-6.274472584836142675e-01 -2.951185542067845891e+00 2.000000000000000000e+00 1.000000000000000021e-08 -1.070753857767313910e+00 -4.433065992836997538e+00
-1.070753857767313910e+00 -4.433065992836997538e+00 2.000000000000000000e+00 9.999000000000000110e-01 -1.570796326794896558e+00 -5.000000000000000000e+00
8.458039066444869580e-02 1.454485610236715479e-02 0.000000000000000000e+00 1.000000000000000021e-08 1.740676285857804262e-01 8.948723792133171928e-01
1.740676285857804262e-01 8.948723792133171928e-01 0.000000000000000000e+00 1.000000000000000021e-08 3.755955240343039070e-01 2.015278954485234753e+00
3.755955240343039070e-01 2.015278954485234753e+00 0.000000000000000000e+00 1.000000000000000021e-08 7.278579761889383271e-01 3.522624521546343868e+00
7.278579761889383271e-01 3.522624521546343868e+00 2.000000000000000000e+00 1.000000000000000021e-08 1.116929546213823787e+00 3.890715700248855047e+00
1.116929546213823787e+00 3.890715700248855047e+00 1.000000000000000000e+00 9.999000000000000110e-01 1.570796326794896558e+00 5.000000000000000000e+00
8.439036180441997215e-02 7.592174566455432705e-02 1.000000000000000000e+00 1.000000000000000021e-08 9.403949685244389345e-02 9.649135048023912975e-02
9.403949685244389345e-02 9.649135048023912975e-02 0.000000000000000000e+00 1.000000000000000021e-08 2.042549214269767099e-01 1.102154245745328165e+00
2.042549214269767099e-01 1.102154245745328165e+00 2.000000000000000000e+00 1.000000000000000021e-08 2.706632077644030021e-01 6.640828633742625886e-01
