6.527697011479427491e-03 6.819065243481095551e-03 2.000000000000000000e+00 1.000000000000000021e-08 -8.205349606731425494e-02 -8.858119307879367410e-01
-8.205349606731425494e-02 -8.858119307879367410e-01 0.000000000000000000e+00 1.000000000000000021e-08 -1.105206929135878757e-01 -2.846719684627362357e-01
-1.105206929135878757e-01 -2.846719684627362357e-01 2.000000000000000000e+00 1.000000000000000021e-08 -2.348642111011396971e-01 -1.243435181875518047e+00
-2.348642111011396971e-01 -1.243435181875518047e+00 1.000000000000000000e+00 1.000000000000000021e-08 -4.100655456231681595e-01 -1.752013345220284624e+00
-4.100655456231681595e-01 -1.752013345220284624e+00 0.000000000000000000e+00 1.000000000000000021e-08 -5.679595591424672074e-01 -1.578940135192990146e+00
-5.679595591424672074e-01 -1.578940135192990146e+00 2.000000000000000000e+00 1.000000000000000021e-08 -8.782032234703485152e-01 -3.102436643278812411e+00
-8.782032234703485152e-01 -3.102436643278812411e+00 1.000000000000000000e+00 1.000000000000000021e-08 -1.307011906008152646e+00 -4.288086825378041311e+00
-1.307011906008152646e+00 -4.288086825378041311e+00 2.000000000000000000e+00 9.999000000000000110e-01 -1.570796326794896558e+00 -5.000000000000000000e+00
7.824437290869240558e-02 -2.816955385618762769e-02 2.000000000000000000e+00 1.000000000000000021e-08 -1.118334351712935160e-02 -8.942771642582175717e-01
-1.118334351712935160e-02 -8.942771642582175717e-01 0.000000000000000000e+00 1.000000000000000021e-08 -1.939959120461748343e-02 -8.216247687488131834e-02
-1.939959120461748343e-02 -8.216247687488131834e-02 0.000000000000000000e+00 1.000000000000000021e-08 7.166669576331408109e-02 9.106628696793156452e-01
7.166669576331408109e-02 9.106628696793156452e-01 1.000000000000000000e+00 1.000000000000000021e-08 1.899009019803728493e-01 1.182342062170587571e+00
1.899009019803728493e-01 1.182342062170587571e+00 0.000000000000000000e+00 1.000000000000000021e-08 4.399138708196866365e-01 2.500129688393137872e+00
4.399138708196866365e-01 2.500129688393137872e+00 1.000000000000000000e+00 1.000000000000000021e-08 7.539027743564903350e-01 3.139889035368036652e+00
7.539027743564903350e-01 3.139889035368036652e+00 2.000000000000000000e+00 1.000000000000000021e-08 1.116606181223853245e+00 3.627034068673628653e+00
1.116606181223853245e+00 3.627034068673628653e+00 1.000000000000000000e+00 9.999000000000000110e-01 1.570796326794896558e+00 4.896278262483691357e+00
9.591958901545988292e-03 -4.141085421048314175e-02 0.000000000000000000e+00 1.000000000000000021e-08 1.076956926234703543e-01 9.810373372192435770e-01
1.076956926234703543e-01 9.810373372192435770e-01 0.000000000000000000e+00 1.000000000000000021e-08 2.953421678286959895e-01 1.876464752052256157e+00
2.953421678286959895e-01 1.876464752052256157e+00 1.000000000000000000e+00 1.000000000000000021e-08 5.222510747944131282e-01 2.269089069657171720e+00
5.222510747944131282e-01 2.269089069657171720e+00 0.000000000000000000e+00 1.000000000000000021e-08 9.048659554430240615e-01 3.826148806486109777e+00
9.048659554430240615e-01 3.826148806486109777e+00 2.000000000000000000e+00 1.000000000000000021e-08 1.347736932816667288e+00 4.428709773736430932e+00
1.347736932816667288e+00 4.428709773736430932e+00 2.000000000000000000e+00 9.999000000000000110e-01 1.570796326794896558e+00 5.000000000000000000e+00
4.850901333402195953e-03 -1.143667754417985669e-02 2.000000000000000000e+00 1.000000000000000021e-08 -8.293784554117401842e-02 -8.778874687457620674e-01
-8.293784554117401842e-02 -8.778874687457620674e-01 1.000000000000000000e+00 1.000000000000000021e-08 -1.989394707406412222e-01 -1.160016251994671954e+00
-1.989394707406412222e-01 -1.160016251994671954e+00 0.000000000000000000e+00 1.000000000000000021e-08 -2.577247782842901902e-01 -5.878530754364896804e-01
-2.577247782842901902e-01 -5.878530754364896804e-01 1.000000000000000000e+00 1.000000000000000021e-08 -3.707206072948057152e-01 -1.129958290105155250e+00
-3.707206072948057152e-01 -1.129958290105155250e+00 2.000000000000000000e+00 1.000000000000000021e-08 -6.348139816824140969e-01 -2.640933743876082929e+00
-6.348139816824140969e-01 -2.640933743876082929e+00 0.000000000000000000e+00 1.000000000000000021e-08 -9.277089998646942393e-01 -2.928950181822801202e+00
-9.277089998646942393e-01 -2.928950181822801202e+00 0.000000000000000000e+00 1.000000000000000021e-08 -1.290341110613330233e+00 -3.626321107486359274e+00
-1.290341110613330233e+00 -3.626321107486359274e+00 1.000000000000000000e+00 9.999000000000000110e-01 -1.570796326794896558e+00 -4.977614878966546641e+00
4.694470584461098162e-02 -7.136319974336327587e-02 0.000000000000000000e+00 1.000000000000000021e-08 1.529138354144269352e-01 1.059691295698159674e+00
1.529138354144269352e-01 1.059691295698159674e+00 1.000000000000000000e+00 1.000000000000000021e-08 2.686239098356884569e-01 1.157100744212615329e+00
2.686239098356884569e-01 1.157100744212615329e+00 1.000000000000000000e+00 1.000000000000000021e-08 4.225271889578184892e-01 1.539032791221300212e+00
4.225271889578184892e-01 1.539032791221300212e+00 0.000000000000000000e+00 1.000000000000000021e-08 7.236256848932099972e-01 3.010984959353914636e+00
7.236256848932099972e-01 3.010984959353914636e+00 1.000000000000000000e+00 1.000000000000000021e-08 1.132448863332108147e+00 4.088231784388982604e+00
1.132448863332108147e+00 4.088231784388982604e+00 0.000000000000000000e+00 9.999000000000000110e-01 1.570796326794896558e+00 5.000000000000000000e+00
7.667390315193459149e-02 1.803865950101731647e-02 0.000000000000000000e+00 1.000000000000000021e-08 1.834744982820600834e-01 1.068005951301254974e+00
1.834744982820600834e-01 1.068005951301254974e+00 0.000000000000000000e+00 1.000000000000000021e-08 4.233766913870594673e-01 2.399021931049993839e+00
4.233766913870594673e-01 2.399021931049993839e+00 2.000000000000000000e+00 1.000000000000000021e-08 6.603075672031388788e-01 2.369308758160793893e+00
6.603075672031388788e-01 2.369308758160793893e+00 0.000000000000000000e+00 1.000000000000000021e-08 1.050809345849742282e+00 3.905017786466033591e+00
1.050809345849742282e+00 3.905017786466033591e+00 2.000000000000000000e+00 1.000000000000000021e-08 1.529533338008801202e+00 4.787239921590589198e+00
1.529533338008801202e+00 4.787239921590589198e+00 1.000000000000000000e+00 9.999000000000000110e-01 1.570796326794896558e+00 5.000000000000000000e+00
6.973064833829414888e-02 1.023564007440521534e-02 0.000000000000000000e+00 1.000000000000000021e-08 1.762939912261181075e-01 1.065633428878239641e+00
1.762939912261181075e-01 1.065633428878239641e+00 0.000000000000000000e+00 1.000000000000000021e-08 3.849181580693945559e-01 2.086241668432764484e+00
3.849181580693945559e-01 2.086241668432764484e+00 2.000000000000000000e+00 1.000000000000000021e-08 5.660186192254449411e-01 1.811004611560503408e+00
5.660186192254449411e-01 1.811004611560503408e+00 1.000000000000000000e+00 1.000000000000000021e-08 8.451138937151694286e-01 2.790952744897244209e+00
8.451138937151694286e-01 2.790952744897244209e+00 1.000000000000000000e+00 1.000000000000000021e-08 1.244359155461631117e+00 3.992452617464617326e+00
1.244359155461631117e+00 3.992452617464617326e+00 1.000000000000000000e+00 9.999000000000000110e-01 1.570796326794896558e+00 5.000000000000000000e+00
5.209258183417685151e-02 1.012976668151501641e-02 0.000000000000000000e+00 1.000000000000000021e-08 1.450704578065646899e-01 9.297787597238783563e-01
1.450704578065646899e-01 9.297787597238783563e-01 0.000000000000000000e+00 1.000000000000000021e-08 3.459348544715074025e-01 2.008643966649426904e+00
3.459348544715074025e-01 2.008643966649426904e+00 1.000000000000000000e+00 1.000000000000000021e-08 6.165771430978143064e-01 2.706422886263069039e+00
6.165771430978143064e-01 2.706422886263069039e+00 0.000000000000000000e+00 1.000000000000000021e-08 1.043310109328263957e+00 4.267329662304495841e+00
1.043310109328263957e+00 4.267329662304495841e+00 1.000000000000000000e+00 9.999000000000000110e-01 1.570796326794896558e+00 5.000000000000000000e+00
-6.976973903853542214e-02 2.068183133331825962e-02 0.000000000000000000e+00 1.000000000000000021e-08 -9.231483656704522756e-03 6.053825538183089661e-01
-9.231483656704522756e-03 6.053825538183089661e-01 0.000000000000000000e+00 1.000000000000000021e-08 1.471314190046819070e-01 1.563629026613864159e+00
1.471314190046819070e-01 1.563629026613864159e+00 0.000000000000000000e+00 1.000000000000000021e-08 4.191320518088388347e-01 2.720006328041569166e+00
4.191320518088388347e-01 2.720006328041569166e+00 0.000000000000000000e+00 1.000000000000000021e-08 8.484858365691252402e-01 4.293537847602863167e+00
8.484858365691252402e-01 4.293537847602863167e+00 2.000000000000000000e+00 1.000000000000000021e-08 1.322849367426349732e+00 4.743635308572245357e+00
1.322849367426349732e+00 4.743635308572245357e+00 1.000000000000000000e+00 9.999000000000000110e-01 1.570796326794896558e+00 5.000000000000000000e+00
-2.823688752175264327e-02 6.028990114997283961e-02 2.000000000000000000e+00 1.000000000000000021e-08 -1.155016185269792245e-01 -8.726473100522658122e-01
-1.155016185269792245e-01 -8.726473100522658122e-01 2.000000000000000000e+00 1.000000000000000021e-08 -2.988568606159890950e-01 -1.833552420890098844e+00
-2.988568606159890950e-01 -1.833552420890098844e+00 2.000000000000000000e+00 1.000000000000000021e-08 -6.014910465164473585e-01 -3.026341859004581636e+00
-6.014910465164473585e-01 -3.026341859004581636e+00 2.000000000000000000e+00 1.000000000000000021e-08 -1.047480746153445885e+00 -4.459896996369986155e+00
-1.047480746153445885e+00 -4.459896996369986155e+00 1.000000000000000000e+00 9.999000000000000110e-01 -1.570796326794896558e+00 -5.000000000000000000e+00
7.379833858970333282e-02 -5.500528882379659978e-02 2.000000000000000000e+00 1.000000000000000021e-08 -7.574419737123985752e-03 -8.137275832682731025e-01
-7.574419737123985752e-03 -8.137275832682731025e-01 2.000000000000000000e+00 1.000000000000000021e-08 -1.919733199165216120e-01 -1.843989001793975957e+00
-1.919733199165216120e-01 -1.843989001793975957e+00 0.000000000000000000e+00 1.000000000000000021e-08 -3.240105056117485449e-01 -1.320371856952269329e+00
-3.240105056117485449e-01 -1.320371856952269329e+00 2.000000000000000000e+00 1.000000000000000021e-08 -5.802070238449699158e-01 -2.561965182332213153e+00
-5.802070238449699158e-01 -2.561965182332213153e+00 1.000000000000000000e+00 1.000000000000000021e-08 -9.259530813208289857e-01 -3.457460574758590699e+00
-9.259530813208289857e-01 -3.457460574758590699e+00 1.000000000000000000e+00 1.000000000000000021e-08 -1.391135544072279240e+00 -4.651824627514502097e+00
-1.391135544072279240e+00 -4.651824627514502097e+00 1.000000000000000000e+00 9.999000000000000110e-01 -1.570796326794896558e+00 -5.000000000000000000e+00
-5.730624912330065795e-02 1.210484819029805301e-02 2.000000000000000000e+00 1.000000000000000021e-08 -1.550639857867234517e-01 -9.775773666342278956e-01
-1.550639857867234517e-01 -9.775773666342278956e-01 1.000000000000000000e+00 1.000000000000000021e-08 -2.928169429434874793e-01 -1.377529571567640332e+00
-2.928169429434874793e-01 -1.377529571567640332e+00 2.000000000000000000e+00 1.000000000000000021e-08 -5.699061538194103438e-01 -2.770892108759228201e+00
-5.699061538194103438e-01 -2.770892108759228201e+00 0.000000000000000000e+00 1.000000000000000021e-08 -8.685622289196917034e-01 -2.986560751002812708e+00
-8.685622289196917034e-01 -2.986560751002812708e+00 0.000000000000000000e+00 1.000000000000000021e-08 -1.222434610412884703e+00 -3.538723814931930445e+00
-1.222434610412884703e+00 -3.538723814931930445e+00 1.000000000000000000e+00 9.999000000000000110e-01 -1.570796326794896558e+00 -4.904145452468064548e+00
4.135700521986618305e-02 8.560961360611094029e-02 2.000000000000000000e+00 1.000000000000000021e-08 -4.412316675472099936e-02 -8.548017197458718242e-01
-4.412316675472099936e-02 -8.548017197458718242e-01 0.000000000000000000e+00 1.000000000000000021e-08 -4.375962247459970478e-02 3.635442801212973585e-03
-4.375962247459970478e-02 3.635442801212973585e-03 1.000000000000000000e+00 1.000000000000000021e-08 -4.162538718915824443e-02 2.134235285441458616e-02
-4.162538718915824443e-02 2.134235285441458616e-02 0.000000000000000000e+00 1.000000000000000021e-08 2.997422074102912282e-02 7.159960793018735892e-01
2.997422074102912282e-02 7.159960793018735892e-01 0.000000000000000000e+00 1.000000000000000021e-08 1.786106517581692033e-01 1.486364310171400804e+00
1.786106517581692033e-01 1.486364310171400804e+00 1.000000000000000000e+00 1.000000000000000021e-08 3.652568655158775490e-01 1.866462137577083125e+00
3.652568655158775490e-01 1.866462137577083125e+00 2.000000000000000000e+00 1.000000000000000021e-08 5.224190246096620527e-01 1.571621590937845481e+00
5.224190246096620527e-01 1.571621590937845481e+00 2.000000000000000000e+00 1.000000000000000021e-08 7.016403526812791114e-01 1.792213280716170143e+00
7.016403526812791114e-01 1.792213280716170143e+00 2.000000000000000000e+00 1.000000000000000021e-08 9.086198963317896338e-01 2.069795436505105002e+00
9.086198963317896338e-01 2.069795436505105002e+00 1.000000000000000000e+00 1.000000000000000021e-08 1.230539843894984831e+00 3.219199475631951746e+00
1.230539843894984831e+00 3.219199475631951746e+00 1.000000000000000000e+00 9.999000000000000110e-01 1.570796326794896558e+00 4.626944323624040400e+00
-6.687839589174142396e-02 3.305069606311258901e-02 1.000000000000000000e+00 1.000000000000000021e-08 -6.697939505933385440e-02 -1.009991675924241938e-03
-6.697939505933385440e-02 -1.009991675924241938e-03 1.000000000000000000e+00 1.000000000000000021e-08 -9.583403681452419554e-02 -2.885464175519033558e-01
-9.583403681452419554e-02 -2.885464175519033558e-01 2.000000000000000000e+00 1.000000000000000021e-08 -2.242359060996543252e-01 -1.284018692851301324e+00
-2.242359060996543252e-01 -1.284018692851301324e+00 0.000000000000000000e+00 1.000000000000000021e-08 -2.995732390338566309e-01 -7.533733293420228350e-01
-2.995732390338566309e-01 -7.533733293420228350e-01 0.000000000000000000e+00 1.000000000000000021e-08 -3.347791042028961939e-01 -3.520586516903955743e-01
-3.347791042028961939e-01 -3.520586516903955743e-01 0.000000000000000000e+00 1.000000000000000021e-08 -3.499210613014970828e-01 -1.514195709860090555e-01
-3.499210613014970828e-01 -1.514195709860090555e-01 2.000000000000000000e+00 1.000000000000000021e-08 -5.080707544905739281e-01 -1.581496931890768343e+00
-5.080707544905739281e-01 -1.581496931890768343e+00 1.000000000000000000e+00 1.000000000000000021e-08 -7.432614781648440028e-01 -2.351907236742700746e+00
-7.432614781648440028e-01 -2.351907236742700746e+00 1.000000000000000000e+00 1.000000000000000021e-08 -1.091878909938483355e+00 -3.486174317736392858e+00
-1.091878909938483355e+00 -3.486174317736392858e+00 1.000000000000000000e+00 1.000000000000000021e-08 -1.563991051165609658e+00 -4.721121412271262585e+00
-1.563991051165609658e+00 -4.721121412271262585e+00 0.000000000000000000e+00 9.999000000000000110e-01 -1.570796326794896558e+00 -5.000000000000000000e+00
8.480671509732537472e-02 -1.895498444255851525e-02 2.000000000000000000e+00 1.000000000000000021e-08 1.240516759662385615e-03 -8.356619833766298910e-01
1.240516759662385615e-03 -8.356619833766298910e-01 0.000000000000000000e+00 1.000000000000000021e-08 7.872406100854996425e-03 6.631889341192609422e-02
7.872406100854996425e-03 6.631889341192609422e-02 2.000000000000000000e+00 1.000000000000000021e-08 -6.800173451777227762e-02 -7.587414061862727266e-01
-6.800173451777227762e-02 -7.587414061862727266e-01 2.000000000000000000e+00 1.000000000000000021e-08 -2.399417519503762863e-01 -1.719400174326040087e+00
-2.399417519503762863e-01 -1.719400174326040087e+00 1.000000000000000000e+00 1.000000000000000021e-08 -4.607963335982466768e-01 -2.208545816478703738e+00
-4.607963335982466768e-01 -2.208545816478703738e+00 0.000000000000000000e+00 1.000000000000000021e-08 -6.786576295733166564e-01 -2.178612959750700018e+00
-6.786576295733166564e-01 -2.178612959750700018e+00 0.000000000000000000e+00 1.000000000000000021e-08 -9.177720788431351640e-01 -2.391144492698185520e+00
-9.177720788431351640e-01 -2.391144492698185520e+00 2.000000000000000000e+00 1.000000000000000021e-08 -1.318099765407798607e+00 -4.003276865646634874e+00
-1.318099765407798607e+00 -4.003276865646634874e+00 0.000000000000000000e+00 9.999000000000000110e-01 -1.570796326794896558e+00 -5.000000000000000000e+00
-1.858162268950946591e-02 7.818460277920201429e-02 1.000000000000000000e+00 1.000000000000000021e-08 -9.047514940284219834e-03 9.534107749225245731e-02
-9.047514940284219834e-03 9.534107749225245731e-02 0.000000000000000000e+00 1.000000000000000021e-08 8.713995369403178259e-02 9.618746863431599792e-01
8.713995369403178259e-02 9.618746863431599792e-01 1.000000000000000000e+00 1.000000000000000021e-08 1.988093771236271734e-01 1.116694234295954047e+00
1.988093771236271734e-01 1.116694234295954047e+00 0.000000000000000000e+00 1.000000000000000021e-08 4.331419123723260767e-01 2.343325352486989033e+00
4.331419123723260767e-01 2.343325352486989033e+00 1.000000000000000000e+00 1.000000000000000021e-08 7.379834513518237493e-01 3.048415389794976615e+00
7.379834513518237493e-01 3.048415389794976615e+00 0.000000000000000000e+00 1.000000000000000021e-08 1.212097977242592162e+00 4.741145258907685012e+00
1.212097977242592162e+00 4.741145258907685012e+00 0.000000000000000000e+00 9.999000000000000110e-01 1.570796326794896558e+00 5.000000000000000000e+00
7.518668794700747449e-02 -6.941224412672745980e-03 1.000000000000000000e+00 1.000000000000000021e-08 8.901626287901487355e-02 1.382957493200739629e-01
8.901626287901487355e-02 1.382957493200739629e-01 1.000000000000000000e+00 1.000000000000000021e-08 1.237936149571488564e-01 3.477735207813398288e-01
1.237936149571488564e-01 3.477735207813398288e-01 2.000000000000000000e+00 1.000000000000000021e-08 9.965124869040410671e-02 -2.414236626674475250e-01
9.965124869040410671e-02 -2.414236626674475250e-01 2.000000000000000000e+00 1.000000000000000021e-08 1.720050098802962391e-02 -8.245074770237447170e-01
1.720050098802962391e-02 -8.245074770237447170e-01 1.000000000000000000e+00 1.000000000000000021e-08 -5.952565363423320544e-02 -7.672615462226282101e-01
-5.952565363423320544e-02 -7.672615462226282101e-01 2.000000000000000000e+00 1.000000000000000021e-08 -2.484946161271191778e-01 -1.889689624928859724e+00
-2.484946161271191778e-01 -1.889689624928859724e+00 0.000000000000000000e+00 1.000000000000000021e-08 -3.933392683634768794e-01 -1.448446522363577182e+00
-3.933392683634768794e-01 -1.448446522363577182e+00 2.000000000000000000e+00 1.000000000000000021e-08 -6.751562023204413787e-01 -2.818169339569644549e+00
-6.751562023204413787e-01 -2.818169339569644549e+00 0.000000000000000000e+00 1.000000000000000021e-08 -9.761132141600703527e-01 -3.009570118396289296e+00
-9.761132141600703527e-01 -3.009570118396289296e+00 1.000000000000000000e+00 1.000000000000000021e-08 -1.389627776315660590e+00 -4.135145621555903261e+00
-1.389627776315660590e+00 -4.135145621555903261e+00 2.000000000000000000e+00 9.999000000000000110e-01 -1.570796326794896558e+00 -5.000000000000000000e+00
-6.705540493855483009e-02 3.437967225784096387e-02 1.000000000000000000e+00 1.000000000000000021e-08 -6.540180762038949602e-02 1.653597318165339614e-02
-6.540180762038949602e-02 1.653597318165339614e-02 2.000000000000000000e+00 1.000000000000000021e-08 -1.571834790762019207e-01 -9.178167145581241915e-01
-1.571834790762019207e-01 -9.178167145581241915e-01 2.000000000000000000e+00 1.000000000000000021e-08 -3.696215066942429850e-01 -2.124380276180410476e+00
-3.696215066942429850e-01 -2.124380276180410476e+00 1.000000000000000000e+00 1.000000000000000021e-08 -6.432460307710552438e-01 -2.736245240768121700e+00
-6.432460307710552438e-01 -2.736245240768121700e+00 0.000000000000000000e+00 1.000000000000000021e-08 -9.550630756627966900e-01 -3.118170448917414905e+00
-9.550630756627966900e-01 -3.118170448917414905e+00 0.000000000000000000e+00 1.000000000000000021e-08 -1.338721296507588310e+00 -3.836582208447915310e+00
-1.338721296507588310e+00 -3.836582208447915310e+00 2.000000000000000000e+00 9.999000000000000110e-01 -1.570796326794896558e+00 -5.000000000000000000e+00
-1.446578517339140724e-02 -3.837161237710354222e-02 0.000000000000000000e+00 1.000000000000000021e-08 5.080251990437675835e-02 6.526830507776816281e-01
5.080251990437675835e-02 6.526830507776816281e-01 0.000000000000000000e+00 1.000000000000000021e-08 2.263651652492373878e-01 1.755626453448606128e+00
2.263651652492373878e-01 1.755626453448606128e+00 1.000000000000000000e+00 1.000000000000000021e-08 4.354807132608445874e-01 2.091155480116071885e+00
4.354807132608445874e-01 2.091155480116071885e+00 2.000000000000000000e+00 1.000000000000000021e-08 6.455307493508760652e-01 2.100500360900314334e+00
6.455307493508760652e-01 2.100500360900314334e+00 0.000000000000000000e+00 1.000000000000000021e-08 1.027457115522544484e+00 3.819263661716682634e+00
1.027457115522544484e+00 3.819263661716682634e+00 1.000000000000000000e+00 1.000000000000000021e-08 1.534716846506707366e+00 5.000000000000000000e+00
1.534716846506707366e+00 5.000000000000000000e+00 1.000000000000000000e+00 9.999000000000000110e-01 1.570796326794896558e+00 5.000000000000000000e+00
-3.051175525284603729e-02 4.047456338861842723e-02 0.000000000000000000e+00 1.000000000000000021e-08 5.195116485029233067e-02 8.246292010313835963e-01
5.195116485029233067e-02 8.246292010313835963e-01 2.000000000000000000e+00 1.000000000000000021e-08 7.211760506210887489e-02 2.016644021181653867e-01
7.211760506210887489e-02 2.016644021181653867e-01 1.000000000000000000e+00 1.000000000000000021e-08 9.059656244187165586e-02 1.847895737976277541e-01
9.059656244187165586e-02 1.847895737976277541e-01 2.000000000000000000e+00 1.000000000000000021e-08 3.129560387927406845e-02 -5.930095856259758325e-01
3.129560387927406845e-02 -5.930095856259758325e-01 1.000000000000000000e+00 1.000000000000000021e-08 -2.992212187249890937e-02 -6.121772575177297782e-01
-2.992212187249890937e-02 -6.121772575177297782e-01 1.000000000000000000e+00 1.000000000000000021e-08 -8.758409461659594220e-02 -5.766197274409703422e-01
-8.758409461659594220e-02 -5.766197274409703422e-01 1.000000000000000000e+00 1.000000000000000021e-08 -1.631982955227578302e-01 -7.561420090616189915e-01
-1.631982955227578302e-01 -7.561420090616189915e-01 0.000000000000000000e+00 1.000000000000000021e-08 -1.866725416322774778e-01 -2.347424610951965862e-01
-1.866725416322774778e-01 -2.347424610951965862e-01 1.000000000000000000e+00 1.000000000000000021e-08 -2.375804411830722829e-01 -5.090789955079479956e-01
-2.375804411830722829e-01 -5.090789955079479956e-01 1.000000000000000000e+00 1.000000000000000021e-08 -3.255211813401904242e-01 -8.794074015711814685e-01
-3.255211813401904242e-01 -8.794074015711814685e-01 1.000000000000000000e+00 1.000000000000000021e-08 -4.775260580623776896e-01 -1.520048767221872321e+00
-4.775260580623776896e-01 -1.520048767221872321e+00 0.000000000000000000e+00 1.000000000000000021e-08 -6.411799217918446869e-01 -1.636538637294669973e+00
-6.411799217918446869e-01 -1.636538637294669973e+00 2.000000000000000000e+00 1.000000000000000021e-08 -9.703063075163892437e-01 -3.291263857245445124e+00
-9.703063075163892437e-01 -3.291263857245445124e+00 2.000000000000000000e+00 1.000000000000000021e-08 -1.454680090103138479e+00 -4.843737825867490798e+00
-1.454680090103138479e+00 -4.843737825867490798e+00 1.000000000000000000e+00 9.999000000000000110e-01 -1.570796326794896558e+00 -5.000000000000000000e+00
4.006660091247511712e-02 4.785251145431332342e-02 2.000000000000000000e+00 1.000000000000000021e-08 -3.518441468377635217e-02 -7.525101559625145820e-01
-3.518441468377635217e-02 -7.525101559625145820e-01 2.000000000000000000e+00 1.000000000000000021e-08 -1.958412938018516680e-01 -1.606568791180753131e+00
-1.958412938018516680e-01 -1.606568791180753131e+00 2.000000000000000000e+00 1.000000000000000021e-08 -4.895097990932724685e-01 -2.936685052914207894e+00
-4.895097990932724685e-01 -2.936685052914207894e+00 0.000000000000000000e+00 1.000000000000000021e-08 -7.672930506665063266e-01 -2.777832515732337804e+00
-7.672930506665063266e-01 -2.777832515732337804e+00 1.000000000000000000e+00 1.000000000000000021e-08 -1.150285904787762714e+00 -3.829928541212564319e+00
-1.150285904787762714e+00 -3.829928541212564319e+00 1.000000000000000000e+00 9.999000000000000110e-01 -1.570796326794896558e+00 -5.000000000000000000e+00
7.947702442932574884e-02 4.025846235748578583e-02 2.000000000000000000e+00 1.000000000000000021e-08 2.217791397172264728e-02 -5.729911045760309740e-01
2.217791397172264728e-02 -5.729911045760309740e-01 1.000000000000000000e+00 1.000000000000000021e-08 -1.785648820319096081e-02 -4.003440217491360809e-01
-1.785648820319096081e-02 -4.003440217491360809e-01 2.000000000000000000e+00 1.000000000000000021e-08 -1.501887592034133467e-01 -1.323322710002223790e+00
-1.501887592034133467e-01 -1.323322710002223790e+00 2.000000000000000000e+00 1.000000000000000021e-08 -3.783951319449546657e-01 -2.282063727415413190e+00
-3.783951319449546657e-01 -2.282063727415413190e+00 0.000000000000000000e+00 1.000000000000000021e-08 -5.971782147397868279e-01 -2.187830827948320955e+00
-5.971782147397868279e-01 -2.187830827948320955e+00 2.000000000000000000e+00 1.000000000000000021e-08 -9.812995101714203638e-01 -3.841212954316335804e+00
-9.812995101714203638e-01 -3.841212954316335804e+00 0.000000000000000000e+00 1.000000000000000021e-08 -1.446350552921273680e+00 -4.650510427498533161e+00
-1.446350552921273680e+00 -4.650510427498533161e+00 2.000000000000000000e+00 9.999000000000000110e-01 -1.570796326794896558e+00 -5.000000000000000000e+00
-4.535306804235157002e-02 4.718585995394028454e-03 1.000000000000000000e+00 1.000000000000000021e-08 -5.679474060986328121e-02 -1.144167256751171396e-01
-5.679474060986328121e-02 -1.144167256751171396e-01 2.000000000000000000e+00 1.000000000000000021e-08 -1.678395210964844231e-01 -1.110447804866211419e+00
-1.678395210964844231e-01 -1.110447804866211419e+00 1.000000000000000000e+00 1.000000000000000021e-08 -2.943566038661022954e-01 -1.265170827696178835e+00
-2.943566038661022954e-01 -1.265170827696178835e+00 0.000000000000000000e+00 1.000000000000000021e-08 -3.747735608711649791e-01 -8.041695700506266142e-01
-3.747735608711649791e-01 -8.041695700506266142e-01 0.000000000000000000e+00 1.000000000000000021e-08 -4.423683431444370706e-01 -6.759478227327211375e-01
-4.423683431444370706e-01 -6.759478227327211375e-01 0.000000000000000000e+00 1.000000000000000021e-08 -4.998378851049953830e-01 -5.746954196055833464e-01
-4.998378851049953830e-01 -5.746954196055833464e-01 2.000000000000000000e+00 1.000000000000000021e-08 -7.050512625717515469e-01 -2.052133774667561639e+00
-7.050512625717515469e-01 -2.052133774667561639e+00 1.000000000000000000e+00 1.000000000000000021e-08 -1.014583137515306932e+00 -3.095318749435554295e+00
-1.014583137515306932e+00 -3.095318749435554295e+00 1.000000000000000000e+00 1.000000000000000021e-08 -1.449342534100319213e+00 -4.347593965850121478e+00
-1.449342534100319213e+00 -4.347593965850121478e+00 0.000000000000000000e+00 9.999000000000000110e-01 -1.570796326794896558e+00 -5.000000000000000000e+00
-4.396820124491125636e-02 6.791506449461987005e-02 2.000000000000000000e+00 1.000000000000000021e-08 -1.239531649083370213e-01 -7.998496366342575659e-01
-1.239531649083370213e-01 -7.998496366342575659e-01 2.000000000000000000e+00 1.000000000000000021e-08 -3.151436734860206257e-01 -1.911905085776835822e+00
-3.151436734860206257e-01 -1.911905085776835822e+00 2.000000000000000000e+00 1.000000000000000021e-08 -6.313979883337764720e-01 -3.162543148477558130e+00
-6.313979883337764720e-01 -3.162543148477558130e+00 1.000000000000000000e+00 1.000000000000000021e-08 -1.027830109177975570e+00 -3.964321208441990763e+00
-1.027830109177975570e+00 -3.964321208441990763e+00 2.000000000000000000e+00 9.999000000000000110e-01 -1.570796326794896558e+00 -5.000000000000000000e+00
5.288440840303074153e-02 3.012345836539767618e-03 2.000000000000000000e+00 1.000000000000000021e-08 -2.974119996387333820e-02 -8.262560836690407973e-01
-2.974119996387333820e-02 -8.262560836690407973e-01 0.000000000000000000e+00 1.000000000000000021e-08 -3.965618103352819973e-02 -9.914981069654860146e-02
-3.965618103352819973e-02 -9.914981069654860146e-02 2.000000000000000000e+00 1.000000000000000021e-08 -1.370853372167336048e-01 -9.742915618320538984e-01
-1.370853372167336048e-01 -9.742915618320538984e-01 0.000000000000000000e+00 1.000000000000000021e-08 -1.866444637659404882e-01 -4.955912654920688887e-01
-1.866444637659404882e-01 -4.955912654920688887e-01 2.000000000000000000e+00 1.000000000000000021e-08 -3.580557950916841703e-01 -1.714113313257436877e+00
-3.580557950916841703e-01 -1.714113313257436877e+00 0.000000000000000000e+00 1.000000000000000021e-08 -5.191288287426852888e-01 -1.610730336510011185e+00
-5.191288287426852888e-01 -1.610730336510011185e+00 0.000000000000000000e+00 1.000000000000000021e-08 -6.830252264598138945e-01 -1.638963977171285835e+00
-6.830252264598138945e-01 -1.638963977171285835e+00 2.000000000000000000e+00 1.000000000000000021e-08 -1.000303324414539619e+00 -3.172780979547257019e+00
-1.000303324414539619e+00 -3.172780979547257019e+00 1.000000000000000000e+00 1.000000000000000021e-08 -1.445521039578102851e+00 -4.452177151635631880e+00
-1.445521039578102851e+00 -4.452177151635631880e+00 1.000000000000000000e+00 9.999000000000000110e-01 -1.570796326794896558e+00 -5.000000000000000000e+00
-5.319909212341310256e-02 7.628015893735912156e-02 1.000000000000000000e+00 1.000000000000000021e-08 -4.924384678000100213e-02 3.955245343412103903e-02
-4.924384678000100213e-02 3.955245343412103903e-02 0.000000000000000000e+00 1.000000000000000021e-08 4.603462950509111529e-02 9.527847628509211741e-01
4.603462950509111529e-02 9.527847628509211741e-01 1.000000000000000000e+00 1.000000000000000021e-08 1.349226639029686148e-01 8.888803439787749117e-01
1.349226639029686148e-01 8.888803439787749117e-01 1.000000000000000000e+00 1.000000000000000021e-08 2.575966326516906379e-01 1.226739687487220509e+00
2.575966326516906379e-01 1.226739687487220509e+00 0.000000000000000000e+00 1.000000000000000021e-08 5.235555411729735376e-01 2.659589085212828330e+00
5.235555411729735376e-01 2.659589085212828330e+00 2.000000000000000000e+00 1.000000000000000021e-08 8.058940166779151593e-01 2.823384755049416217e+00
8.058940166779151593e-01 2.823384755049416217e+00 2.000000000000000000e+00 1.000000000000000021e-08 1.140627822469496788e+00 3.347338057915814957e+00
1.140627822469496788e+00 3.347338057915814957e+00 0.000000000000000000e+00 9.999000000000000110e-01 1.570796326794896558e+00 5.000000000000000000e+00
-8.564587720190626474e-02 -8.093893755220477049e-02 0.000000000000000000e+00 1.000000000000000021e-08 -3.511254558389492741e-03 8.213462264351676367e-01
-3.511254558389492741e-03 8.213462264351676367e-01 0.000000000000000000e+00 1.000000000000000021e-08 1.509725074723166360e-01 1.544837620307061288e+00
1.509725074723166360e-01 1.544837620307061288e+00 1.000000000000000000e+00 1.000000000000000021e-08 3.220860359943827356e-01 1.711135285220660940e+00
3.220860359943827356e-01 1.711135285220660940e+00 1.000000000000000000e+00 1.000000000000000021e-08 5.365292704388905376e-01 2.144432344445077909e+00
5.365292704388905376e-01 2.144432344445077909e+00 1.000000000000000000e+00 1.000000000000000021e-08 8.414332639774344536e-01 3.049039935385438937e+00
8.414332639774344536e-01 3.049039935385438937e+00 0.000000000000000000e+00 1.000000000000000021e-08 1.314827661232765177e+00 4.733943972553308122e+00
1.314827661232765177e+00 4.733943972553308122e+00 1.000000000000000000e+00 9.999000000000000110e-01 1.570796326794896558e+00 5.000000000000000000e+00
-8.405973997285479116e-02 -2.509555954203059741e-02 0.000000000000000000e+00 1.000000000000000021e-08 -2.731837451798847793e-02 5.674136545486631045e-01
-2.731837451798847793e-02 5.674136545486631045e-01 0.000000000000000000e+00 1.000000000000000021e-08 1.274854854242317148e-01 1.548038599422201900e+00
1.274854854242317148e-01 1.548038599422201900e+00 2.000000000000000000e+00 1.000000000000000021e-08 2.210121823229794225e-01 9.352669689874769654e-01
2.210121823229794225e-01 9.352669689874769654e-01 1.000000000000000000e+00 1.000000000000000021e-08 3.500325165556593121e-01 1.290203342326798897e+00
3.500325165556593121e-01 1.290203342326798897e+00 1.000000000000000000e+00 1.000000000000000021e-08 5.301705273144852182e-01 1.801380107588258506e+00
5.301705273144852182e-01 1.801380107588258506e+00 0.000000000000000000e+00 1.000000000000000021e-08 8.548487553390600180e-01 3.246782280245747998e+00
8.548487553390600180e-01 3.246782280245747998e+00 0.000000000000000000e+00 1.000000000000000021e-08 1.335968501933175512e+00 4.811197465941154938e+00
1.335968501933175512e+00 4.811197465941154938e+00 2.000000000000000000e+00 9.999000000000000110e-01 1.570796326794896558e+00 5.000000000000000000e+00
8.487832885547637318e-02 4.217995478698660650e-02 1.000000000000000000e+00 1.000000000000000021e-08 9.181202956236504675e-02 6.933700706888669407e-02
9.181202956236504675e-02 6.933700706888669407e-02 0.000000000000000000e+00 1.000000000000000021e-08 2.189225434702042894e-01 1.271105139078392288e+00
2.189225434702042894e-01 1.271105139078392288e+00 2.000000000000000000e+00 1.000000000000000021e-08 2.818925238394727195e-01 6.296998036926841902e-01
2.818925238394727195e-01 6.296998036926841902e-01 0.000000000000000000e+00 1.000000000000000021e-08 4.610730218508924949e-01 1.791804980114197310e+00
4.610730218508924949e-01 1.791804980114197310e+00 2.000000000000000000e+00 1.000000000000000021e-08 6.262134886434854719e-01 1.651404667925929992e+00
6.262134886434854719e-01 1.651404667925929992e+00 1.000000000000000000e+00 1.000000000000000021e-08 8.736069164258062347e-01 2.473934277823207850e+00
8.736069164258062347e-01 2.473934277823207850e+00 1.000000000000000000e+00 1.000000000000000021e-08 1.236717627046383772e+00 3.631107106205774926e+00
1.236717627046383772e+00 3.631107106205774926e+00 2.000000000000000000e+00 9.999000000000000110e-01 1.570796326794896558e+00 4.759190318608503389e+00
1.313811903623559457e-02 -5.297135897474065241e-03 2.000000000000000000e+00 1.000000000000000021e-08 -5.866064934893520239e-02 -7.179876838517079696e-01
-5.866064934893520239e-02 -7.179876838517079696e-01 0.000000000000000000e+00 1.000000000000000021e-08 -3.661422346229872143e-02 2.204642588663647818e-01
-3.661422346229872143e-02 2.204642588663647818e-01 2.000000000000000000e+00 1.000000000000000021e-08 -1.219588881002593161e-01 -8.534466463796059887e-01
-1.219588881002593161e-01 -8.534466463796059887e-01 1.000000000000000000e+00 1.000000000000000021e-08 -2.149962958321402773e-01 -9.303740773188095003e-01
-2.149962958321402773e-01 -9.303740773188095003e-01 1.000000000000000000e+00 1.000000000000000021e-08 -3.553661389188625397e-01 -1.403698430867222458e+00
-3.553661389188625397e-01 -1.403698430867222458e+00 2.000000000000000000e+00 1.000000000000000021e-08 -6.219663369242376394e-01 -2.666001980053751552e+00
-6.219663369242376394e-01 -2.666001980053751552e+00 1.000000000000000000e+00 1.000000000000000021e-08 -9.901799750636217645e-01 -3.682136381393840807e+00
-9.901799750636217645e-01 -3.682136381393840807e+00 0.000000000000000000e+00 1.000000000000000021e-08 -1.442426358243787288e+00 -4.522463831801654344e+00
-1.442426358243787288e+00 -4.522463831801654344e+00 1.000000000000000000e+00 9.999000000000000110e-01 -1.570796326794896558e+00 -5.000000000000000000e+00
1.043222826774260065e-02 -7.283919222418250294e-02 0.000000000000000000e+00 1.000000000000000021e-08 8.530507385231531070e-02 7.487284558457270034e-01
8.530507385231531070e-02 7.487284558457270034e-01 1.000000000000000000e+00 1.000000000000000021e-08 1.871574086802407222e-01 1.018523348279254170e+00
1.871574086802407222e-01 1.018523348279254170e+00 0.000000000000000000e+00 1.000000000000000021e-08 4.209904465099417181e-01 2.338330378297009737e+00
4.209904465099417181e-01 2.338330378297009737e+00 2.000000000000000000e+00 1.000000000000000021e-08 6.273023221806008909e-01 2.063118756706591839e+00
6.273023221806008909e-01 2.063118756706591839e+00 0.000000000000000000e+00 1.000000000000000021e-08 1.005136672355026572e+00 3.778343501744256816e+00
1.005136672355026572e+00 3.778343501744256816e+00 1.000000000000000000e+00 1.000000000000000021e-08 1.500822600747244273e+00 4.956859283922177895e+00
1.500822600747244273e+00 4.956859283922177895e+00 2.000000000000000000e+00 9.999000000000000110e-01 1.570796326794896558e+00 5.000000000000000000e+00
-7.478135302037806909e-02 -3.171076008174979199e-02 2.000000000000000000e+00 1.000000000000000021e-08 -1.938192699564124655e-01 -1.190379169360344047e+00
-1.938192699564124655e-01 -1.190379169360344047e+00 1.000000000000000000e+00 1.000000000000000021e-08 -3.593873569128027690e-01 -1.655680869563902924e+00
-3.593873569128027690e-01 -1.655680869563902924e+00 2.000000000000000000e+00 1.000000000000000021e-08 -6.663298522857621364e-01 -3.069424953729594119e+00
-6.663298522857621364e-01 -3.069424953729594119e+00 1.000000000000000000e+00 1.000000000000000021e-08 -1.077037487381689473e+00 -4.107076350959273370e+00
-1.077037487381689473e+00 -4.107076350959273370e+00 0.000000000000000000e+00 1.000000000000000021e-08 -1.567008191313862264e+00 -4.899707039321728352e+00
-1.567008191313862264e+00 -4.899707039321728352e+00 2.000000000000000000e+00 9.999000000000000110e-01 -1.570796326794896558e+00 -5.000000000000000000e+00
1.597812563043672987e-02 -7.877689190699893595e-02 0.000000000000000000e+00 1.000000000000000021e-08 1.145607292116583298e-01 9.858260358122159506e-01
1.145607292116583298e-01 9.858260358122159506e-01 1.000000000000000000e+00 1.000000000000000021e-08 2.363740026226078816e-01 1.218132734109495630e+00
2.363740026226078816e-01 1.218132734109495630e+00 2.000000000000000000e+00 1.000000000000000021e-08 3.172604817816865319e-01 8.088647915907862807e-01
3.172604817816865319e-01 8.088647915907862807e-01 0.000000000000000000e+00 1.000000000000000021e-08 5.288206777123657387e-01 2.115601959306792068e+00
5.288206777123657387e-01 2.115601959306792068e+00 2.000000000000000000e+00 1.000000000000000021e-08 7.361030066463840615e-01 2.072823289340183006e+00
7.361030066463840615e-01 2.072823289340183006e+00 0.000000000000000000e+00 1.000000000000000021e-08 1.115130534190474920e+00 3.790275275440908587e+00
1.115130534190474920e+00 3.790275275440908587e+00 0.000000000000000000e+00 9.999000000000000110e-01 1.570796326794896558e+00 5.000000000000000000e+00
-5.767217793997869019e-02 -3.280190435866246756e-02 0.000000000000000000e+00 1.000000000000000021e-08 3.328494492525551490e-02 9.095712286523419676e-01
3.328494492525551490e-02 9.095712286523419676e-01 1.000000000000000000e+00 1.000000000000000021e-08 1.380841251299654293e-01 1.047991802047099075e+00
1.380841251299654293e-01 1.047991802047099075e+00 1.000000000000000000e+00 1.000000000000000021e-08 2.527323267693624143e-01 1.146482016393969960e+00
2.527323267693624143e-01 1.146482016393969960e+00 2.000000000000000000e+00 1.000000000000000021e-08 3.277536484623192470e-01 7.502132169295681052e-01
3.277536484623192470e-01 7.502132169295681052e-01 2.000000000000000000e+00 1.000000000000000021e-08 3.776569227861920064e-01 4.990327432387277606e-01
3.776569227861920064e-01 4.990327432387277606e-01 2.000000000000000000e+00 1.000000000000000021e-08 4.249113555240251472e-01 4.725443273783316300e-01
4.249113555240251472e-01 4.725443273783316300e-01 0.000000000000000000e+00 1.000000000000000021e-08 6.056973438440922397e-01 1.807859883200670481e+00
6.056973438440922397e-01 1.807859883200670481e+00 1.000000000000000000e+00 1.000000000000000021e-08 8.771804310828223983e-01 2.714830872387302030e+00
8.771804310828223983e-01 2.714830872387302030e+00 0.000000000000000000e+00 1.000000000000000021e-08 1.305742670605514855e+00 4.285622395226925008e+00
1.305742670605514855e+00 4.285622395226925008e+00 1.000000000000000000e+00 9.999000000000000110e-01 1.570796326794896558e+00 5.000000000000000000e+00
6.971614178905459480e-02 -1.880428229204342966e-02 1.000000000000000000e+00 1.000000000000000021e-08 7.745933888901360143e-02 7.743197099959001073e-02
7.745933888901360143e-02 7.743197099959001073e-02 1.000000000000000000e+00 1.000000000000000021e-08 9.094185165527352011e-02 1.348251276625992423e-01
9.094185165527352011e-02 1.348251276625992423e-01 2.000000000000000000e+00 1.000000000000000021e-08 3.706906956877135950e-02 -5.387278208650215783e-01
3.706906956877135950e-02 -5.387278208650215783e-01 0.000000000000000000e+00 1.000000000000000021e-08 8.134662882548389373e-02 4.427755925671252868e-01
8.134662882548389373e-02 4.427755925671252868e-01 1.000000000000000000e+00 1.000000000000000021e-08 1.363844953320610953e-01 5.503786650657720436e-01
1.363844953320610953e-01 5.503786650657720436e-01 2.000000000000000000e+00 1.000000000000000021e-08 1.312100639004966374e-01 -5.174431431564463502e-02
1.312100639004966374e-01 -5.174431431564463502e-02 2.000000000000000000e+00 1.000000000000000021e-08 5.068793704709134706e-02 -8.052212685340528475e-01
5.068793704709134706e-02 -8.052212685340528475e-01 2.000000000000000000e+00 1.000000000000000021e-08 -9.951945948980472911e-02 -1.502073965368960540e+00
-9.951945948980472911e-02 -1.502073965368960540e+00 1.000000000000000000e+00 1.000000000000000021e-08 -2.646333311928250609e-01 -1.651138717030203207e+00
-2.646333311928250609e-01 -1.651138717030203207e+00 1.000000000000000000e+00 1.000000000000000021e-08 -4.629233518986463070e-01 -1.982900207058212683e+00
-4.629233518986463070e-01 -1.982900207058212683e+00 1.000000000000000000e+00 1.000000000000000021e-08 -7.414590957202515931e-01 -2.785357438216052195e+00
-7.414590957202515931e-01 -2.785357438216052195e+00 2.000000000000000000e+00 1.000000000000000021e-08 -1.188582364122662716e+00 -4.471232684024110782e+00
-1.188582364122662716e+00 -4.471232684024110782e+00 0.000000000000000000e+00 9.999000000000000110e-01 -1.570796326794896558e+00 -5.000000000000000000e+00
2.134300504687183103e-02 -4.532712444279229924e-02 1.000000000000000000e+00 1.000000000000000021e-08 1.197543164884594565e-02 -9.367573398025884346e-02
1.197543164884594565e-02 -9.367573398025884346e-02 1.000000000000000000e+00 1.000000000000000021e-08 8.673162467184008378e-03 -3.302269181661936226e-02
8.673162467184008378e-03 -3.302269181661936226e-02 2.000000000000000000e+00 1.000000000000000021e-08 -9.583356605136286732e-02 -1.045067285185468764e+00
-9.583356605136286732e-02 -1.045067285185468764e+00 0.000000000000000000e+00 1.000000000000000021e-08 -1.227061099475994094e-01 -2.687254389623654482e-01
-1.227061099475994094e-01 -2.687254389623654482e-01 0.000000000000000000e+00 1.000000000000000021e-08 -8.930561855141247452e-02 3.340049139618693763e-01
-8.930561855141247452e-02 3.340049139618693763e-01 0.000000000000000000e+00 1.000000000000000021e-08 2.521837413982899734e-02 1.145239926912414719e+00
2.521837413982899734e-02 1.145239926912414719e+00 0.000000000000000000e+00 1.000000000000000021e-08 2.484713738124162963e-01 2.232529996725872934e+00
2.484713738124162963e-01 2.232529996725872934e+00 0.000000000000000000e+00 1.000000000000000021e-08 5.800409361661360563e-01 3.315695623537196823e+00
5.800409361661360563e-01 3.315695623537196823e+00 0.000000000000000000e+00 1.000000000000000021e-08 1.054726943195712030e+00 4.746860070295759293e+00
1.054726943195712030e+00 4.746860070295759293e+00 0.000000000000000000e+00 9.999000000000000110e-01 1.570796326794896558e+00 5.000000000000000000e+00
-2.670136714224270041e-02 5.821554204525045823e-02 0.000000000000000000e+00 1.000000000000000021e-08 6.508252070634912290e-02 9.178388784859182747e-01
6.508252070634912290e-02 9.178388784859182747e-01 2.000000000000000000e+00 1.000000000000000021e-08 9.569115871301449305e-02 3.060863800666536738e-01
9.569115871301449305e-02 3.060863800666536738e-01 1.000000000000000000e+00 1.000000000000000021e-08 1.361554943540436158e-01 4.046433564102912550e-01
1.361554943540436158e-01 4.046433564102912550e-01 2.000000000000000000e+00 1.000000000000000021e-08 1.010286020039653787e-01 -3.512689235007823152e-01
1.010286020039653787e-01 -3.512689235007823152e-01 1.000000000000000000e+00 1.000000000000000021e-08 8.231191476969439147e-02 -1.871668723427099001e-01
8.231191476969439147e-02 -1.871668723427099001e-01 1.000000000000000000e+00 1.000000000000000021e-08 7.367058283765184901e-02 -8.641331932042545239e-02
7.367058283765184901e-02 -8.641331932042545239e-02 1.000000000000000000e+00 1.000000000000000021e-08 7.875985533845070163e-02 5.089272500798855403e-02
7.875985533845070163e-02 5.089272500798855403e-02 2.000000000000000000e+00 1.000000000000000021e-08 1.550017707865829208e-02 -6.325967825979240677e-01
1.550017707865829208e-02 -6.325967825979240677e-01 1.000000000000000000e+00 1.000000000000000021e-08 -4.040036260184030892e-02 -5.590053968049859545e-01
-4.040036260184030892e-02 -5.590053968049859545e-01 2.000000000000000000e+00 1.000000000000000021e-08 -1.933733489579141374e-01 -1.529729863560737924e+00
-1.933733489579141374e-01 -1.529729863560737924e+00 2.000000000000000000e+00 1.000000000000000021e-08 -4.776004784593518293e-01 -2.842271295014376697e+00
-4.776004784593518293e-01 -2.842271295014376697e+00 0.000000000000000000e+00 1.000000000000000021e-08 -7.627543843817485847e-01 -2.851539059223968220e+00
-7.627543843817485847e-01 -2.851539059223968220e+00 1.000000000000000000e+00 1.000000000000000021e-08 -1.160569941451247367e+00 -3.978155570694988263e+00
-1.160569941451247367e+00 -3.978155570694988263e+00 2.000000000000000000e+00 9.999000000000000110e-01 -1.570796326794896558e+00 -5.000000000000000000e+00
-1.421244100084537339e-02 3.278636131472438542e-02 0.000000000000000000e+00 1.000000000000000021e-08 6.672568691029236165e-02 8.093812791113772498e-01
6.672568691029236165e-02 8.093812791113772498e-01 1.000000000000000000e+00 1.000000000000000021e-08 1.466597805852525305e-01 7.993409367496014939e-01
1.466597805852525305e-01 7.993409367496014939e-01 2.000000000000000000e+00 1.000000000000000021e-08 1.793998049299083686e-01 3.274002434465583811e-01
1.793998049299083686e-01 3.274002434465583811e-01 2.000000000000000000e+00 1.000000000000000021e-08 1.401207865286197563e-01 -3.927901840128861233e-01
1.401207865286197563e-01 -3.927901840128861233e-01 1.000000000000000000e+00 1.000000000000000021e-08 1.405117060523501660e-01 3.909195237303986215e-03
1.405117060523501660e-01 3.909195237303986215e-03 0.000000000000000000e+00 1.000000000000000021e-08 2.383292082508196019e-01 9.781750219846943040e-01
2.383292082508196019e-01 9.781750219846943040e-01 1.000000000000000000e+00 1.000000000000000021e-08 3.843282631850090114e-01 1.459990549341894095e+00
3.843282631850090114e-01 1.459990549341894095e+00 2.000000000000000000e+00 1.000000000000000021e-08 5.239622286183860389e-01 1.396339654333770275e+00
5.239622286183860389e-01 1.396339654333770275e+00 0.000000000000000000e+00 1.000000000000000021e-08 8.071116014504946534e-01 2.831493728321085257e+00
8.071116014504946534e-01 2.831493728321085257e+00 2.000000000000000000e+00 1.000000000000000021e-08 1.143168777435560113e+00 3.360571759850653262e+00
1.143168777435560113e+00 3.360571759850653262e+00 2.000000000000000000e+00 9.999000000000000110e-01 1.570796326794896558e+00 4.401459189022408403e+00
6.870539702166066770e-03 1.107869827170348750e-02 1.000000000000000000e+00 1.000000000000000021e-08 2.476568326280862570e-02 1.789514356064255962e-01
2.476568326280862570e-02 1.789514356064255962e-01 1.000000000000000000e+00 1.000000000000000021e-08 5.498474142498561978e-02 3.021905816217699270e-01
5.498474142498561978e-02 3.021905816217699270e-01 0.000000000000000000e+00 1.000000000000000021e-08 1.871560584419596496e-01 1.321713170169740437e+00
1.871560584419596496e-01 1.321713170169740437e+00 2.000000000000000000e+00 1.000000000000000021e-08 2.797272801826531929e-01 9.257122174069354337e-01
2.797272801826531929e-01 9.257122174069354337e-01 0.000000000000000000e+00 1.000000000000000021e-08 5.059281890815499061e-01 2.262009088988966798e+00
5.059281890815499061e-01 2.262009088988966798e+00 0.000000000000000000e+00 1.000000000000000021e-08 8.734696517000433147e-01 3.675414626184933198e+00
8.734696517000433147e-01 3.675414626184933198e+00 1.000000000000000000e+00 1.000000000000000021e-08 1.356497912648045645e+00 4.830282609480022415e+00
1.356497912648045645e+00 4.830282609480022415e+00 0.000000000000000000e+00 9.999000000000000110e-01 1.570796326794896558e+00 5.000000000000000000e+00
3.578604737555875215e-02 7.612512341219722367e-02 1.000000000000000000e+00 1.000000000000000021e-08 6.620204894007214458e-02 3.041600156451339521e-01
6.620204894007214458e-02 3.041600156451339521e-01 2.000000000000000000e+00 1.000000000000000021e-08 1.741110728042659372e-02 -4.879094165964554808e-01
1.741110728042659372e-02 -4.879094165964554808e-01 0.000000000000000000e+00 1.000000000000000021e-08 7.190191004534154939e-02 5.449080276491495844e-01
7.190191004534154939e-02 5.449080276491495844e-01 0.000000000000000000e+00 1.000000000000000021e-08 2.271929103090149227e-01 1.552910002636733733e+00
2.271929103090149227e-01 1.552910002636733733e+00 2.000000000000000000e+00 1.000000000000000021e-08 3.306707750784155797e-01 1.034778647694006182e+00
3.306707750784155797e-01 1.034778647694006182e+00 0.000000000000000000e+00 1.000000000000000021e-08 5.590630103536388118e-01 2.283922352752231877e+00
5.590630103536388118e-01 2.283922352752231877e+00 0.000000000000000000e+00 1.000000000000000021e-08 9.494996418919118275e-01 3.904366315382730157e+00
9.494996418919118275e-01 3.904366315382730157e+00 1.000000000000000000e+00 1.000000000000000021e-08 1.451993376225873877e+00 5.000000000000000000e+00
1.451993376225873877e+00 5.000000000000000000e+00 1.000000000000000000e+00 9.999000000000000110e-01 1.570796326794896558e+00 5.000000000000000000e+00
-5.510813562446429531e-02 2.184768843137072439e-02 2.000000000000000000e+00 1.000000000000000021e-08 -1.581859747683772577e-01 -1.030778391439129527e+00
-1.581859747683772577e-01 -1.030778391439129527e+00 0.000000000000000000e+00 1.000000000000000021e-08 -2.056987225153186216e-01 -4.751274774694135283e-01
-2.056987225153186216e-01 -4.751274774694135283e-01 2.000000000000000000e+00 1.000000000000000021e-08 -3.788255352747789129e-01 -1.731268127594602912e+00
-3.788255352747789129e-01 -1.731268127594602912e+00 1.000000000000000000e+00 1.000000000000000021e-08 -6.024553372854792865e-01 -2.236298020107004181e+00
-6.024553372854792865e-01 -2.236298020107004181e+00 2.000000000000000000e+00 1.000000000000000021e-08 -9.795870730193376730e-01 -3.771317357338584308e+00
-9.795870730193376730e-01 -3.771317357338584308e+00 1.000000000000000000e+00 1.000000000000000021e-08 -1.481234195683054367e+00 -5.000000000000000000e+00
-1.481234195683054367e+00 -5.000000000000000000e+00 2.000000000000000000e+00 9.999000000000000110e-01 -1.570796326794896558e+00 -5.000000000000000000e+00
-5.773568345938535906e-02 1.776424370793779767e-02 0.000000000000000000e+00 1.000000000000000021e-08 5.939472444934854045e-03 6.367515590432021311e-01
5.939472444934854045e-03 6.367515590432021311e-01 2.000000000000000000e+00 1.000000000000000021e-08 -9.172627726927255407e-03 -1.511210017186210841e-01
-9.172627726927255407e-03 -1.511210017186210841e-01 2.000000000000000000e+00 1.000000000000000021e-08 -1.156170538875150033e-01 -1.064444261605877351e+00
-1.156170538875150033e-01 -1.064444261605877351e+00 0.000000000000000000e+00 1.000000000000000021e-08 -1.444481739722989211e-01 -2.883112008478390109e-01
-1.444481739722989211e-01 -2.883112008478390109e-01 0.000000000000000000e+00 1.000000000000000021e-08 -1.204829340212668909e-01 2.396523995103202465e-01
-1.204829340212668909e-01 2.396523995103202465e-01 2.000000000000000000e+00 1.000000000000000021e-08 -1.943901213145487195e-01 -7.390718729328182857e-01
-1.943901213145487195e-01 -7.390718729328182857e-01 1.000000000000000000e+00 1.000000000000000021e-08 -2.932767615032889630e-01 -9.888664018874021577e-01
-2.932767615032889630e-01 -9.888664018874021577e-01 1.000000000000000000e+00 1.000000000000000021e-08 -4.403944027291617491e-01 -1.471176412258727861e+00
-4.403944027291617491e-01 -1.471176412258727861e+00 2.000000000000000000e+00 1.000000000000000021e-08 -7.199804749800369219e-01 -2.795860722508751728e+00
-7.199804749800369219e-01 -2.795860722508751728e+00 1.000000000000000000e+00 1.000000000000000021e-08 -1.101642325430392644e+00 -3.816618504503557219e+00
-1.101642325430392644e+00 -3.816618504503557219e+00 0.000000000000000000e+00 1.000000000000000021e-08 -1.568364174489439211e+00 -4.667218490590466118e+00
-1.568364174489439211e+00 -4.667218490590466118e+00 2.000000000000000000e+00 9.999000000000000110e-01 -1.570796326794896558e+00 -5.000000000000000000e+00
2.149418868818975259e-03 -4.928811191173722295e-02 2.000000000000000000e+00 1.000000000000000021e-08 -1.081800263245269456e-01 -1.103294451933459097e+00
-1.081800263245269456e-01 -1.103294451933459097e+00 2.000000000000000000e+00 1.000000000000000021e-08 -3.400686648671901180e-01 -2.318886385426631946e+00
-3.400686648671901180e-01 -2.318886385426631946e+00 1.000000000000000000e+00 1.000000000000000021e-08 -6.172799557665613612e-01 -2.772112908993712654e+00
-6.172799557665613612e-01 -2.772112908993712654e+00 2.000000000000000000e+00 1.000000000000000021e-08 -1.059511362392640654e+00 -4.422314066260792487e+00
-1.059511362392640654e+00 -4.422314066260792487e+00 1.000000000000000000e+00 9.999000000000000110e-01 -1.570796326794896558e+00 -5.000000000000000000e+00
4.781967083453604606e-02 -4.446538033178681210e-02 2.000000000000000000e+00 1.000000000000000021e-08 -5.144456915039735678e-02 -9.926423998493340006e-01
-5.144456915039735678e-02 -9.926423998493340006e-01 1.000000000000000000e+00 1.000000000000000021e-08 -1.586863885527277085e-01 -1.072418194023303295e+00
-1.586863885527277085e-01 -1.072418194023303295e+00 0.000000000000000000e+00 1.000000000000000021e-08 -2.132217611601163187e-01 -5.453537260738861026e-01
-2.132217611601163187e-01 -5.453537260738861026e-01 2.000000000000000000e+00 1.000000000000000021e-08 -4.041150530077154968e-01 -1.908932918475991780e+00
-4.041150530077154968e-01 -1.908932918475991780e+00 0.000000000000000000e+00 1.000000000000000021e-08 -5.843954842639433878e-01 -1.802804312562278577e+00
-5.843954842639433878e-01 -1.802804312562278577e+00 2.000000000000000000e+00 1.000000000000000021e-08 -9.254465224508929833e-01 -3.410510381869495511e+00
-9.254465224508929833e-01 -3.410510381869495511e+00 1.000000000000000000e+00 1.000000000000000021e-08 -1.387950084213980251e+00 -4.625035617630873119e+00
-1.387950084213980251e+00 -4.625035617630873119e+00 0.000000000000000000e+00 9.999000000000000110e-01 -1.570796326794896558e+00 -5.000000000000000000e+00
-6.395133087094491409e-02 -6.895683138621513247e-03 0.000000000000000000e+00 1.000000000000000021e-08 2.354760602743109776e-02 8.749893689837600075e-01
2.354760602743109776e-02 8.749893689837600075e-01 0.000000000000000000e+00 1.000000000000000021e-08 2.077556579277106685e-01 1.842080519002795791e+00
2.077556579277106685e-01 1.842080519002795791e+00 1.000000000000000000e+00 1.000000000000000021e-08 4.197040529452915614e-01 2.119483950175808928e+00
4.197040529452915614e-01 2.119483950175808928e+00 2.000000000000000000e+00 1.000000000000000021e-08 6.202399984472993788e-01 2.005359455020077952e+00
6.202399984472993788e-01 2.005359455020077952e+00 1.000000000000000000e+00 1.000000000000000021e-08 9.250412205304825441e-01 3.048012220831830987e+00
9.250412205304825441e-01 3.048012220831830987e+00 2.000000000000000000e+00 1.000000000000000021e-08 1.305144209746027517e+00 3.801029892155449730e+00
1.305144209746027517e+00 3.801029892155449730e+00 0.000000000000000000e+00 9.999000000000000110e-01 1.570796326794896558e+00 5.000000000000000000e+00
4.695013118220674186e-02 -2.337409706947068261e-02 1.000000000000000000e+00 1.000000000000000021e-08 6.549388458712886163e-02 1.854375340492211977e-01
6.549388458712886163e-02 1.854375340492211977e-01 1.000000000000000000e+00 1.000000000000000021e-08 8.838214970167325435e-02 2.288826511454439272e-01
8.838214970167325435e-02 2.288826511454439272e-01 0.000000000000000000e+00 1.000000000000000021e-08 1.990472245692230802e-01 1.106650748675498397e+00
1.990472245692230802e-01 1.106650748675498397e+00 0.000000000000000000e+00 1.000000000000000021e-08 4.192153584622763662e-01 2.201681338930532750e+00
4.192153584622763662e-01 2.201681338930532750e+00 0.000000000000000000e+00 1.000000000000000021e-08 7.695311306634293746e-01 3.503157722011529973e+00
7.695311306634293746e-01 3.503157722011529973e+00 2.000000000000000000e+00 1.000000000000000021e-08 1.166494671813054440e+00 3.969635411496250654e+00
1.166494671813054440e+00 3.969635411496250654e+00 2.000000000000000000e+00 9.999000000000000110e-01 1.570796326794896558e+00 4.942623746109065408e+00
-7.466912742962224236e-02 -2.263349329514264402e-02 2.000000000000000000e+00 1.000000000000000021e-08 -1.608353259591342455e-01 -8.616619852951201697e-01
-1.608353259591342455e-01 -8.616619852951201697e-01 1.000000000000000000e+00 1.000000000000000021e-08 -2.662428395953864158e-01 -1.054075136362521814e+00
-2.662428395953864158e-01 -1.054075136362521814e+00 2.000000000000000000e+00 1.000000000000000021e-08 -4.952409940674813438e-01 -2.289981544720948836e+00
-4.952409940674813438e-01 -2.289981544720948836e+00 2.000000000000000000e+00 1.000000000000000021e-08 -8.848518183491365097e-01 -3.896108242816551215e+00
-8.848518183491365097e-01 -3.896108242816551215e+00 0.000000000000000000e+00 1.000000000000000021e-08 -1.328009681117179097e+00 -4.431578627680425875e+00
-1.328009681117179097e+00 -4.431578627680425875e+00 0.000000000000000000e+00 9.999000000000000110e-01 -1.570796326794896558e+00 -5.000000000000000000e+00
5.476535342848672105e-02 5.793895930961353441e-02 1.000000000000000000e+00 1.000000000000000021e-08 7.709574974377540746e-02 2.233039631528868918e-01
7.709574974377540746e-02 2.233039631528868918e-01 1.000000000000000000e+00 1.000000000000000021e-08 1.200239522315096480e-01 4.292820248773423497e-01
1.200239522315096480e-01 4.292820248773423497e-01 1.000000000000000000e+00 1.000000000000000021e-08 1.798991690021122247e-01 5.987521677060257952e-01
1.798991690021122247e-01 5.987521677060257952e-01 2.000000000000000000e+00 1.000000000000000021e-08 1.972837467807335710e-01 1.738457777862135178e-01
1.972837467807335710e-01 1.738457777862135178e-01 2.000000000000000000e+00 1.000000000000000021e-08 1.586634446933680165e-01 -3.862030208736553782e-01
1.586634446933680165e-01 -3.862030208736553782e-01 2.000000000000000000e+00 1.000000000000000021e-08 6.633091654143358218e-02 -9.233252815193442320e-01
6.633091654143358218e-02 -9.233252815193442320e-01 2.000000000000000000e+00 1.000000000000000021e-08 -8.986393412899018607e-02 -1.561948506704237571e+00
-8.986393412899018607e-02 -1.561948506704237571e+00 0.000000000000000000e+00 1.000000000000000021e-08 -1.809075096919852688e-01 -9.104357556299509380e-01
-1.809075096919852688e-01 -9.104357556299509380e-01 2.000000000000000000e+00 1.000000000000000021e-08 -4.009798827134558041e-01 -2.200723730214705132e+00
-4.009798827134558041e-01 -2.200723730214705132e+00 1.000000000000000000e+00 1.000000000000000021e-08 -6.772395756875189132e-01 -2.762596929740631424e+00
-6.772395756875189132e-01 -2.762596929740631424e+00 2.000000000000000000e+00 1.000000000000000021e-08 -1.110975268394286841e+00 -4.337356927067678392e+00
-1.110975268394286841e+00 -4.337356927067678392e+00 0.000000000000000000e+00 9.999000000000000110e-01 -1.570796326794896558e+00 -5.000000000000000000e+00
6.182978748082219866e-02 -1.451091816437165977e-03 1.000000000000000000e+00 1.000000000000000021e-08 6.322114548379158261e-02 1.391358002969377700e-02
6.322114548379158261e-02 1.391358002969377700e-02 1.000000000000000000e+00 1.000000000000000021e-08 7.939123637257837485e-02 1.617009088878678669e-01
7.939123637257837485e-02 1.617009088878678669e-01 0.000000000000000000e+00 1.000000000000000021e-08 2.092695515326168376e-01 1.298783151600384711e+00
2.092695515326168376e-01 1.298783151600384711e+00 2.000000000000000000e+00 1.000000000000000021e-08 2.724535007213120807e-01 6.318394918869522092e-01
2.724535007213120807e-01 6.318394918869522092e-01 2.000000000000000000e+00 1.000000000000000021e-08 3.100534669008782052e-01 3.759996617956615217e-01
3.100534669008782052e-01 3.759996617956615217e-01 2.000000000000000000e+00 1.000000000000000021e-08 3.025568987099152007e-01 -7.496568190963009970e-02
3.025568987099152007e-01 -7.496568190963009970e-02 0.000000000000000000e+00 1.000000000000000021e-08 4.139689996633509894e-01 1.114121009534357887e+00
4.139689996633509894e-01 1.114121009534357887e+00 0.000000000000000000e+00 1.000000000000000021e-08 6.576629845234076566e-01 2.436939848600566449e+00
6.576629845234076566e-01 2.436939848600566449e+00 2.000000000000000000e+00 1.000000000000000021e-08 9.369432922213047910e-01 2.792803076978970900e+00
9.369432922213047910e-01 2.792803076978970900e+00 0.000000000000000000e+00 1.000000000000000021e-08 1.380765705721421099e+00 4.438224135001163972e+00
1.380765705721421099e+00 4.438224135001163972e+00 0.000000000000000000e+00 9.999000000000000110e-01 1.570796326794896558e+00 5.000000000000000000e+00
8.566552194933947650e-02 -3.348117602037677110e-02 0.000000000000000000e+00 1.000000000000000021e-08 1.977179992573162015e-01 1.120524773079767389e+00
1.977179992573162015e-01 1.120524773079767389e+00 1.000000000000000000e+00 1.000000000000000021e-08 3.455601950232087827e-01 1.478421957658925701e+00
3.455601950232087827e-01 1.478421957658925701e+00 2.000000000000000000e+00 1.000000000000000021e-08 4.625646640889637951e-01 1.170044690657550346e+00
4.625646640889637951e-01 1.170044690657550346e+00 2.000000000000000000e+00 1.000000000000000021e-08 5.655893986665241346e-01 1.030247345775602952e+00
5.655893986665241346e-01 1.030247345775602952e+00 0.000000000000000000e+00 1.000000000000000021e-08 8.336236817197526516e-01 2.680342830532285170e+00
8.336236817197526516e-01 2.680342830532285170e+00 1.000000000000000000e+00 1.000000000000000021e-08 1.202469510738845004e+00 3.688458290190922639e+00
1.202469510738845004e+00 3.688458290190922639e+00 0.000000000000000000e+00 9.999000000000000110e-01 1.570796326794896558e+00 5.000000000000000000e+00
-3.637400657158655626e-02 -2.547808603133878275e-03 1.000000000000000000e+00 1.000000000000000021e-08 -5.283608929319320857e-02 -1.646208272160664676e-01
-5.283608929319320857e-02 -1.646208272160664676e-01 0.000000000000000000e+00 1.000000000000000021e-08 -6.951361506713771288e-03 4.588472778647943451e-01
-6.951361506713771288e-03 4.588472778647943451e-01 1.000000000000000000e+00 1.000000000000000021e-08 2.439081822123300575e-02 3.134217972794677842e-01
2.439081822123300575e-02 3.134217972794677842e-01 2.000000000000000000e+00 1.000000000000000021e-08 -1.163332972362507434e-02 -3.602414794485808147e-01
-1.163332972362507434e-02 -3.602414794485808147e-01 1.000000000000000000e+00 1.000000000000000021e-08 -5.518609972442883871e-02 -4.355277000080376437e-01
-5.518609972442883871e-02 -4.355277000080376437e-01 2.000000000000000000e+00 1.000000000000000021e-08 -1.842509501279481487e-01 -1.290648504035193156e+00
-1.842509501279481487e-01 -1.290648504035193156e+00 2.000000000000000000e+00 1.000000000000000021e-08 -4.312199939750488431e-01 -2.469690438471006999e+00
-4.312199939750488431e-01 -2.469690438471006999e+00 2.000000000000000000e+00 1.000000000000000021e-08 -8.107089298723018089e-01 -3.794889358972529436e+00
-8.107089298723018089e-01 -3.794889358972529436e+00 0.000000000000000000e+00 1.000000000000000021e-08 -1.247461439839003372e+00 -4.367525099667014743e+00
-1.247461439839003372e+00 -4.367525099667014743e+00 2.000000000000000000e+00 9.999000000000000110e-01 -1.570796326794896558e+00 -5.000000000000000000e+00
-6.484445270430183594e-02 -5.361943100816186913e-02 0.000000000000000000e+00 1.000000000000000021e-08 -2.296003479604166730e-03 6.254844922469766644e-01
-2.296003479604166730e-03 6.254844922469766644e-01 0.000000000000000000e+00 1.000000000000000021e-08 1.326860545128084046e-01 1.349820579924125852e+00
1.326860545128084046e-01 1.349820579924125852e+00 1.000000000000000000e+00 1.000000000000000021e-08 2.744611323614168374e-01 1.417750778486084329e+00
2.744611323614168374e-01 1.417750778486084329e+00 1.000000000000000000e+00 1.000000000000000021e-08 4.504264436138722405e-01 1.759653112524554031e+00
4.504264436138722405e-01 1.759653112524554031e+00 0.000000000000000000e+00 1.000000000000000021e-08 7.671144986532945076e-01 3.166880550394221672e+00
7.671144986532945076e-01 3.166880550394221672e+00 0.000000000000000000e+00 1.000000000000000021e-08 1.242081959157798510e+00 4.749674605045040465e+00
1.242081959157798510e+00 4.749674605045040465e+00 0.000000000000000000e+00 9.999000000000000110e-01 1.570796326794896558e+00 5.000000000000000000e+00
-7.073556553558062177e-02 -3.371243387455967466e-02 0.000000000000000000e+00 1.000000000000000021e-08 1.312501256174954112e-02 8.386057809733015178e-01
1.312501256174954112e-02 8.386057809733015178e-01 1.000000000000000000e+00 1.000000000000000021e-08 8.951633768516424616e-02 7.639132512341469949e-01
8.951633768516424616e-02 7.639132512341469949e-01 1.000000000000000000e+00 1.000000000000000021e-08 1.892129133986806266e-01 9.969657571351636660e-01
1.892129133986806266e-01 9.969657571351636660e-01 2.000000000000000000e+00 1.000000000000000021e-08 2.277645473297252587e-01 3.855163393104462655e-01
2.277645473297252587e-01 3.855163393104462655e-01 1.000000000000000000e+00 1.000000000000000021e-08 3.145796487882642767e-01 8.681510145853904570e-01
3.145796487882642767e-01 8.681510145853904570e-01 0.000000000000000000e+00 1.000000000000000021e-08 5.501231810236490993e-01 2.355435322353848449e+00
5.501231810236490993e-01 2.355435322353848449e+00 1.000000000000000000e+00 1.000000000000000021e-08 8.652733733957058693e-01 3.151501923720566811e+00
8.652733733957058693e-01 3.151501923720566811e+00 1.000000000000000000e+00 1.000000000000000021e-08 1.296343815548796297e+00 4.310704421530904717e+00
1.296343815548796297e+00 4.310704421530904717e+00 0.000000000000000000e+00 9.999000000000000110e-01 1.570796326794896558e+00 5.000000000000000000e+00
2.588064673214592742e-02 2.335640290168404867e-02 2.000000000000000000e+00 1.000000000000000021e-08 -7.016581438623784028e-02 -9.604646111838377465e-01
-7.016581438623784028e-02 -9.604646111838377465e-01 1.000000000000000000e+00 1.000000000000000021e-08 -1.637654816325372908e-01 -9.359966724629944501e-01
-1.637654816325372908e-01 -9.359966724629944501e-01 2.000000000000000000e+00 1.000000000000000021e-08 -3.608682071181114615e-01 -1.971027254855741484e+00
-3.608682071181114615e-01 -1.971027254855741484e+00 2.000000000000000000e+00 1.000000000000000021e-08 -7.073334559412252087e-01 -3.464652488231137362e+00
-7.073334559412252087e-01 -3.464652488231137362e+00 2.000000000000000000e+00 1.000000000000000021e-08 -1.213542641138364520e+00 -5.000000000000000000e+00
-1.213542641138364520e+00 -5.000000000000000000e+00 2.000000000000000000e+00 9.999000000000000110e-01 -1.570796326794896558e+00 -5.000000000000000000e+00
-4.555012942013546978e-02 3.542375350254990674e-02 1.000000000000000000e+00 1.000000000000000021e-08 -6.166774248039652573e-02 -1.611761306026106011e-01
-6.166774248039652573e-02 -1.611761306026106011e-01 1.000000000000000000e+00 1.000000000000000021e-08 -9.118219619412550048e-02 -2.951445371372897197e-01
-9.118219619412550048e-02 -2.951445371372897197e-01 1.000000000000000000e+00 1.000000000000000021e-08 -1.383322111674041843e-01 -4.715001497327867552e-01
-1.383322111674041843e-01 -4.715001497327867552e-01 1.000000000000000000e+00 1.000000000000000021e-08 -2.177094377866033159e-01 -7.937722661919912603e-01
-2.177094377866033159e-01 -7.937722661919912603e-01 1.000000000000000000e+00 1.000000000000000021e-08 -3.196806315294378198e-01 -1.019711937428344761e+00
-3.196806315294378198e-01 -1.019711937428344761e+00 0.000000000000000000e+00 1.000000000000000021e-08 -3.978379072606711975e-01 -7.815727573123337768e-01
-3.978379072606711975e-01 -7.815727573123337768e-01 1.000000000000000000e+00 1.000000000000000021e-08 -5.299373966864409091e-01 -1.320994894257697005e+00
-5.299373966864409091e-01 -1.320994894257697005e+00 2.000000000000000000e+00 1.000000000000000021e-08 -8.276241211847816803e-01 -2.976867244983408156e+00
-8.276241211847816803e-01 -2.976867244983408156e+00 2.000000000000000000e+00 1.000000000000000021e-08 -1.284983355864356414e+00 -4.573592346795746444e+00
-1.284983355864356414e+00 -4.573592346795746444e+00 1.000000000000000000e+00 9.999000000000000110e-01 -1.570796326794896558e+00 -5.000000000000000000e+00
-3.476374428204044575e-02 4.123606642480925899e-02 2.000000000000000000e+00 1.000000000000000021e-08 -1.256721736021647884e-01 -9.090842932012433986e-01
-1.256721736021647884e-01 -9.090842932012433986e-01 1.000000000000000000e+00 1.000000000000000021e-08 -2.499417232929209698e-01 -1.242695496907561648e+00
-2.499417232929209698e-01 -1.242695496907561648e+00 1.000000000000000000e+00 1.000000000000000021e-08 -4.296358183613579462e-01 -1.796940950684369653e+00
-4.296358183613579462e-01 -1.796940950684369653e+00 2.000000000000000000e+00 1.000000000000000021e-08 -7.544236027087514174e-01 -3.247877843473935044e+00
-7.544236027087514174e-01 -3.247877843473935044e+00 1.000000000000000000e+00 1.000000000000000021e-08 -1.176867494202487707e+00 -4.224438914937362455e+00
-1.176867494202487707e+00 -4.224438914937362455e+00 0.000000000000000000e+00 9.999000000000000110e-01 -1.570796326794896558e+00 -5.000000000000000000e+00
4.544837245322308483e-02 -1.552628863682931071e-02 2.000000000000000000e+00 1.000000000000000021e-08 -1.980449037478414220e-02 -6.525286282800721871e-01
-1.980449037478414220e-02 -6.525286282800721871e-01 0.000000000000000000e+00 1.000000000000000021e-08 1.389025797455839539e-03 2.119351617223997897e-01
1.389025797455839539e-03 2.119351617223997897e-01 0.000000000000000000e+00 1.000000000000000021e-08 1.240630206013653009e-01 1.226739948039094585e+00
1.240630206013653009e-01 1.226739948039094585e+00 1.000000000000000000e+00 1.000000000000000021e-08 2.670849393897214430e-01 1.430219187883561283e+00
2.670849393897214430e-01 1.430219187883561283e+00 0.000000000000000000e+00 1.000000000000000021e-08 5.495806778876279886e-01 2.824957384979065012e+00
5.495806778876279886e-01 2.824957384979065012e+00 1.000000000000000000e+00 1.000000000000000021e-08 9.086672520643992446e-01 3.590865741767713004e+00
9.086672520643992446e-01 3.590865741767713004e+00 0.000000000000000000e+00 1.000000000000000021e-08 1.431548299226754750e+00 5.000000000000000000e+00
1.431548299226754750e+00 5.000000000000000000e+00 0.000000000000000000e+00 9.999000000000000110e-01 1.570796326794896558e+00 5.000000000000000000e+00
-7.692883420030999231e-02 -1.007074589160958031e-02 2.000000000000000000e+00 1.000000000000000021e-08 -1.751351986159915830e-01 -9.820636441568160180e-01
-1.751351986159915830e-01 -9.820636441568160180e-01 0.000000000000000000e+00 1.000000000000000021e-08 -2.211350259281808228e-01 -4.599982731218924537e-01
-2.211350259281808228e-01 -4.599982731218924537e-01 1.000000000000000000e+00 1.000000000000000021e-08 -3.205299663270100297e-01 -9.939494039882923460e-01
-3.205299663270100297e-01 -9.939494039882923460e-01 1.000000000000000000e+00 1.000000000000000021e-08 -4.800023667419859308e-01 -1.594724004149758567e+00
-4.800023667419859308e-01 -1.594724004149758567e+00 1.000000000000000000e+00 1.000000000000000021e-08 -7.236784009598671297e-01 -2.436760342178811989e+00
-7.236784009598671297e-01 -2.436760342178811989e+00 0.000000000000000000e+00 1.000000000000000021e-08 -1.016864470586020142e+00 -2.931860696261530563e+00
-1.016864470586020142e+00 -2.931860696261530563e+00 0.000000000000000000e+00 1.000000000000000021e-08 -1.392780707015452535e+00 -3.759162364294323933e+00
-1.392780707015452535e+00 -3.759162364294323933e+00 2.000000000000000000e+00 9.999000000000000110e-01 -1.570796326794896558e+00 -5.000000000000000000e+00
-1.390165518150804878e-02 7.789592373868622910e-02 0.000000000000000000e+00 1.000000000000000021e-08 7.019756396094804785e-02 8.409921914245608310e-01
7.019756396094804785e-02 8.409921914245608310e-01 0.000000000000000000e+00 1.000000000000000021e-08 2.640907473911034975e-01 1.938931834301554247e+00
2.640907473911034975e-01 1.938931834301554247e+00 1.000000000000000000e+00 1.000000000000000021e-08 4.936375971962655429e-01 2.295468498051620010e+00
4.936375971962655429e-01 2.295468498051620010e+00 1.000000000000000000e+00 1.000000000000000021e-08 8.034386761095461127e-01 3.098010789132805698e+00
8.034386761095461127e-01 3.098010789132805698e+00 2.000000000000000000e+00 1.000000000000000021e-08 1.169892509121323698e+00 3.664538330117776965e+00
1.169892509121323698e+00 3.664538330117776965e+00 2.000000000000000000e+00 9.999000000000000110e-01 1.570796326794896558e+00 4.694534053569965337e+00
4.500585221645859307e-02 -1.289655076040035174e-02 2.000000000000000000e+00 1.000000000000000021e-08 -2.323605698873585507e-02 -6.824190920519443981e-01
-2.323605698873585507e-02 -6.824190920519443981e-01 1.000000000000000000e+00 1.000000000000000021e-08 -8.419463089486235730e-02 -6.095857390612650084e-01
-8.419463089486235730e-02 -6.095857390612650084e-01 2.000000000000000000e+00 1.000000000000000021e-08 -2.337367091401229557e-01 -1.495420782452606012e+00
-2.337367091401229557e-01 -1.495420782452606012e+00 2.000000000000000000e+00 1.000000000000000021e-08 -5.110673500186181384e-01 -2.773306408784951493e+00
-5.110673500186181384e-01 -2.773306408784951493e+00 2.000000000000000000e+00 1.000000000000000021e-08 -9.275460995355818694e-01 -4.164787495169637310e+00
-9.275460995355818694e-01 -4.164787495169637310e+00 0.000000000000000000e+00 1.000000000000000021e-08 -1.406399840947470281e+00 -4.788537414118884783e+00
-1.406399840947470281e+00 -4.788537414118884783e+00 1.000000000000000000e+00 9.999000000000000110e-01 -1.570796326794896558e+00 -5.000000000000000000e+00
7.598963991648154115e-02 5.847475051791771461e-02 0.000000000000000000e+00 1.000000000000000021e-08 1.713758014692517706e-01 9.538616155277022113e-01
1.713758014692517706e-01 9.538616155277022113e-01 0.000000000000000000e+00 1.000000000000000021e-08 3.907070765881257568e-01 2.193312751188739362e+00
3.907070765881257568e-01 2.193312751188739362e+00 1.000000000000000000e+00 1.000000000000000021e-08 6.755619310240610353e-01 2.848548544359353230e+00
6.755619310240610353e-01 2.848548544359353230e+00 0.000000000000000000e+00 1.000000000000000021e-08 1.130835959223077891e+00 4.552740281990169002e+00
1.130835959223077891e+00 4.552740281990169002e+00 1.000000000000000000e+00 9.999000000000000110e-01 1.570796326794896558e+00 5.000000000000000000e+00
-8.316741950075706713e-02 -4.880191372646698611e-02 0.000000000000000000e+00 1.000000000000000021e-08 1.187351348007209539e-03 8.435477084876427112e-01
1.187351348007209539e-03 8.435477084876427112e-01 0.000000000000000000e+00 1.000000000000000021e-08 1.902507795850241212e-01 1.890634282370168950e+00
1.902507795850241212e-01 1.890634282370168950e+00 2.000000000000000000e+00 1.000000000000000021e-08 3.152656125426515077e-01 1.250148329576273420e+00
3.152656125426515077e-01 1.250148329576273420e+00 2.000000000000000000e+00 1.000000000000000021e-08 4.165288614231639208e-01 1.012632488805124353e+00
4.165288614231639208e-01 1.012632488805124353e+00 0.000000000000000000e+00 1.000000000000000021e-08 6.644602212484536086e-01 2.479313598252896433e+00
6.644602212484536086e-01 2.479313598252896433e+00 0.000000000000000000e+00 1.000000000000000021e-08 1.070906492032495549e+00 4.064462707840418965e+00
1.070906492032495549e+00 4.064462707840418965e+00 1.000000000000000000e+00 9.999000000000000110e-01 1.570796326794896558e+00 5.000000000000000000e+00
