-6.647215803826946046e-02 4.678092232093819525e-02 2.000000000000000000e+00 1.000000000000000021e-08 -1.664584417583929721e-01 -9.998628372012351440e-01
-1.664584417583929721e-01 -9.998628372012351440e-01 0.000000000000000000e+00 1.000000000000000021e-08 -2.001602701645677218e-01 -3.370182840617473863e-01
-2.001602701645677218e-01 -3.370182840617473863e-01 2.000000000000000000e+00 1.000000000000000021e-08 -3.608636933795075219e-01 -1.607034232149398001e+00
-3.608636933795075219e-01 -1.607034232149398001e+00 0.000000000000000000e+00 1.000000000000000021e-08 -4.985117557046320202e-01 -1.376480623251244539e+00
-4.985117557046320202e-01 -1.376480623251244539e+00 0.000000000000000000e+00 1.000000000000000021e-08 -6.290679780310126645e-01 -1.305562223263806665e+00
-6.290679780310126645e-01 -1.305562223263806665e+00 2.000000000000000000e+00 1.000000000000000021e-08 -9.186871866312512624e-01 -2.896192086002385757e+00
-9.186871866312512624e-01 -2.896192086002385757e+00 0.000000000000000000e+00 1.000000000000000021e-08 -1.277226024172083862e+00 -3.585388375408325778e+00
-1.277226024172083862e+00 -3.585388375408325778e+00 2.000000000000000000e+00 9.999000000000000110e-01 -1.570796326794896558e+00 -5.000000000000000000e+00
1.729761992002318630e-02 -4.351103000145677135e-02 1.000000000000000000e+00 1.000000000000000021e-08 2.117883333094157036e-02 3.881213410918382678e-02
2.117883333094157036e-02 3.881213410918382678e-02 0.000000000000000000e+00 1.000000000000000021e-08 1.023875009310389467e-01 8.120866760009736174e-01
1.023875009310389467e-01 8.120866760009736174e-01 2.000000000000000000e+00 1.000000000000000021e-08 1.072657574274016590e-01 4.878256496362709527e-02
1.072657574274016590e-01 4.878256496362709527e-02 2.000000000000000000e+00 1.000000000000000021e-08 3.042486421655102302e-02 -7.684089321085063595e-01
3.042486421655102302e-02 -7.684089321085063595e-01 0.000000000000000000e+00 1.000000000000000021e-08 6.381865800659494714e-02 3.339379379004392412e-01
6.381865800659494714e-02 3.339379379004392412e-01 2.000000000000000000e+00 1.000000000000000021e-08 1.259732530396161926e-02 -5.122133270263332649e-01
1.259732530396161926e-02 -5.122133270263332649e-01 0.000000000000000000e+00 1.000000000000000021e-08 4.659650264183842761e-02 3.399917733787680696e-01
4.659650264183842761e-02 3.399917733787680696e-01 2.000000000000000000e+00 1.000000000000000021e-08 1.813770601533716553e-02 -2.845879662650125930e-01
1.813770601533716553e-02 -2.845879662650125930e-01 1.000000000000000000e+00 1.000000000000000021e-08 -2.758338010470179347e-03 -2.089604402580734210e-01
-2.758338010470179347e-03 -2.089604402580734210e-01 2.000000000000000000e+00 1.000000000000000021e-08 -9.486312006259120522e-02 -9.210478205212102587e-01
-9.486312006259120522e-02 -9.210478205212102587e-01 1.000000000000000000e+00 1.000000000000000021e-08 -2.037523118462148952e-01 -1.088891917836236845e+00
-2.037523118462148952e-01 -1.088891917836236845e+00 2.000000000000000000e+00 1.000000000000000021e-08 -4.480697219267998910e-01 -2.443174100805849847e+00
-4.480697219267998910e-01 -2.443174100805849847e+00 0.000000000000000000e+00 1.000000000000000021e-08 -6.784570604633577418e-01 -2.303873385365577953e+00
-6.784570604633577418e-01 -2.303873385365577953e+00 2.000000000000000000e+00 1.000000000000000021e-08 -1.067293470157092639e+00 -3.888364096937348080e+00
-1.067293470157092639e+00 -3.888364096937348080e+00 1.000000000000000000e+00 9.999000000000000110e-01 -1.570796326794896558e+00 -5.000000000000000000e+00
3.317201588718418637e-02 -5.200728156256727991e-03 0.000000000000000000e+00 1.000000000000000021e-08 1.220769035708386963e-01 8.890488768365450989e-01
1.220769035708386963e-01 8.890488768365450989e-01 1.000000000000000000e+00 1.000000000000000021e-08 2.397427790740683518e-01 1.176658755032296444e+00
2.397427790740683518e-01 1.176658755032296444e+00 1.000000000000000000e+00 1.000000000000000021e-08 4.028042886970294445e-01 1.630615096229610428e+00
4.028042886970294445e-01 1.630615096229610428e+00 2.000000000000000000e+00 1.000000000000000021e-08 5.469890016874940919e-01 1.441847129904646474e+00
5.469890016874940919e-01 1.441847129904646474e+00 0.000000000000000000e+00 1.000000000000000021e-08 8.551805819466911096e-01 3.081915802591970177e+00
8.551805819466911096e-01 3.081915802591970177e+00 1.000000000000000000e+00 1.000000000000000021e-08 1.274398311611141033e+00 4.192177296644500117e+00
1.274398311611141033e+00 4.192177296644500117e+00 0.000000000000000000e+00 9.999000000000000110e-01 1.570796326794896558e+00 5.000000000000000000e+00
4.866227504366985035e-02 2.723662068395971136e-03 1.000000000000000000e+00 1.000000000000000021e-08 5.878313110836021899e-02 1.012085606469037002e-01
5.878313110836021899e-02 1.012085606469037002e-01 1.000000000000000000e+00 1.000000000000000021e-08 7.344689323686487414e-02 1.466376212850465655e-01
7.344689323686487414e-02 1.466376212850465655e-01 2.000000000000000000e+00 1.000000000000000021e-08 2.209460507546379127e-02 -5.135228816140108288e-01
2.209460507546379127e-02 -5.135228816140108288e-01 2.000000000000000000e+00 1.000000000000000021e-08 -1.259540459944815394e-01 -1.480486510699453362e+00
-1.259540459944815394e-01 -1.480486510699453362e+00 0.000000000000000000e+00 1.000000000000000021e-08 -2.196795461158083662e-01 -9.372550012132683239e-01
-2.196795461158083662e-01 -9.372550012132683239e-01 0.000000000000000000e+00 1.000000000000000021e-08 -2.673226357522019425e-01 -4.764308963639359296e-01
-2.673226357522019425e-01 -4.764308963639359296e-01 2.000000000000000000e+00 1.000000000000000021e-08 -4.300240480315792313e-01 -1.627014122793772444e+00
-4.300240480315792313e-01 -1.627014122793772444e+00 1.000000000000000000e+00 1.000000000000000021e-08 -6.686826762770305965e-01 -2.386586282454512986e+00
-6.686826762770305965e-01 -2.386586282454512986e+00 2.000000000000000000e+00 1.000000000000000021e-08 -1.070776063193439320e+00 -4.020933869164087682e+00
-1.070776063193439320e+00 -4.020933869164087682e+00 1.000000000000000000e+00 9.999000000000000110e-01 -1.570796326794896558e+00 -5.000000000000000000e+00
5.804059901801100763e-02 -5.214520821403102052e-02 2.000000000000000000e+00 1.000000000000000021e-08 -2.938275847214713576e-02 -8.742335749015813784e-01
-2.938275847214713576e-02 -8.742335749015813784e-01 0.000000000000000000e+00 1.000000000000000021e-08 -4.607860751972017721e-02 -1.669584904757304145e-01
-4.607860751972017721e-02 -1.669584904757304145e-01 2.000000000000000000e+00 1.000000000000000021e-08 -1.579681177058052943e-01 -1.118895101860851060e+00
-1.579681177058052943e-01 -1.118895101860851060e+00 2.000000000000000000e+00 1.000000000000000021e-08 -3.765411330056255279e-01 -2.185730152998202058e+00
-3.765411330056255279e-01 -2.185730152998202058e+00 0.000000000000000000e+00 1.000000000000000021e-08 -5.778131029422198806e-01 -2.012719699365943526e+00
-5.778131029422198806e-01 -2.012719699365943526e+00 0.000000000000000000e+00 1.000000000000000021e-08 -7.973058291141835729e-01 -2.194927261719636480e+00
-7.973058291141835729e-01 -2.194927261719636480e+00 1.000000000000000000e+00 1.000000000000000021e-08 -1.132727507072196271e+00 -3.354216779580126762e+00
-1.132727507072196271e+00 -3.354216779580126762e+00 0.000000000000000000e+00 1.000000000000000021e-08 -1.559780730235379886e+00 -4.270532231631836595e+00
-1.559780730235379886e+00 -4.270532231631836595e+00 2.000000000000000000e+00 9.999000000000000110e-01 -1.570796326794896558e+00 -5.000000000000000000e+00
7.256194386227868276e-02 5.128509486763872111e-02 0.000000000000000000e+00 1.000000000000000021e-08 1.618223604405439886e-01 8.926041657826530029e-01
1.618223604405439886e-01 8.926041657826530029e-01 0.000000000000000000e+00 1.000000000000000021e-08 3.530411667900313355e-01 1.912188063494873358e+00
3.530411667900313355e-01 1.912188063494873358e+00 0.000000000000000000e+00 1.000000000000000021e-08 6.901844945446586888e-01 3.371433277546273199e+00
6.901844945446586888e-01 3.371433277546273199e+00 0.000000000000000000e+00 1.000000000000000021e-08 1.172870563186682480e+00 4.826860686420237911e+00
1.172870563186682480e+00 4.826860686420237911e+00 1.000000000000000000e+00 9.999000000000000110e-01 1.570796326794896558e+00 5.000000000000000000e+00
6.977754479384654096e-02 4.997031272207887176e-02 0.000000000000000000e+00 1.000000000000000021e-08 1.839705150741914319e-01 1.141929702803448965e+00
1.839705150741914319e-01 1.141929702803448965e+00 1.000000000000000000e+00 1.000000000000000021e-08 3.121840573559301335e-01 1.282135422817387349e+00
3.121840573559301335e-01 1.282135422817387349e+00 1.000000000000000000e+00 1.000000000000000021e-08 4.945199988881851527e-01 1.823359415322550081e+00
4.945199988881851527e-01 1.823359415322550081e+00 2.000000000000000000e+00 1.000000000000000021e-08 6.739432937367165755e-01 1.794232948485314338e+00
6.739432937367165755e-01 1.794232948485314338e+00 2.000000000000000000e+00 1.000000000000000021e-08 8.945646414047362383e-01 2.206213476680196184e+00
8.945646414047362383e-01 2.206213476680196184e+00 1.000000000000000000e+00 1.000000000000000021e-08 1.227195146897362754e+00 3.326305054926264937e+00
1.227195146897362754e+00 3.326305054926264937e+00 1.000000000000000000e+00 9.999000000000000110e-01 1.570796326794896558e+00 4.711827591876416754e+00
-1.473901162134545056e-02 3.120855901797635334e-02 0.000000000000000000e+00 1.000000000000000021e-08 6.714414681816521790e-02 8.188315843951066153e-01
6.714414681816521790e-02 8.188315843951066153e-01 0.000000000000000000e+00 1.000000000000000021e-08 2.615778552057838047e-01 1.944337083876185535e+00
2.615778552057838047e-01 1.944337083876185535e+00 1.000000000000000000e+00 1.000000000000000021e-08 4.822024815385795860e-01 2.206246263327957813e+00
4.822024815385795860e-01 2.206246263327957813e+00 0.000000000000000000e+00 1.000000000000000021e-08 8.606774754387545023e-01 3.784749939001748498e+00
8.606774754387545023e-01 3.784749939001748498e+00 2.000000000000000000e+00 1.000000000000000021e-08 1.288690870280140066e+00 4.280133948413856082e+00
1.288690870280140066e+00 4.280133948413856082e+00 0.000000000000000000e+00 9.999000000000000110e-01 1.570796326794896558e+00 5.000000000000000000e+00
5.453465520352963197e-03 -3.575893961050963937e-02 2.000000000000000000e+00 1.000000000000000021e-08 -8.206801029165229633e-02 -8.752147581200525606e-01
-8.206801029165229633e-02 -8.752147581200525606e-01 0.000000000000000000e+00 1.000000000000000021e-08 -8.073754112004728756e-02 1.330469171605008771e-02
-8.073754112004728756e-02 1.330469171605008771e-02 2.000000000000000000e+00 1.000000000000000021e-08 -1.976675098575189637e-01 -1.169299687374716790e+00
-1.976675098575189637e-01 -1.169299687374716790e+00 0.000000000000000000e+00 1.000000000000000021e-08 -2.604549371770708555e-01 -6.278742731955190282e-01
-2.604549371770708555e-01 -6.278742731955190282e-01 2.000000000000000000e+00 1.000000000000000021e-08 -4.572694250019666562e-01 -1.968144878248957674e+00
-4.572694250019666562e-01 -1.968144878248957674e+00 1.000000000000000000e+00 1.000000000000000021e-08 -7.348947481870078402e-01 -2.776253231850411396e+00
-7.348947481870078402e-01 -2.776253231850411396e+00 0.000000000000000000e+00 1.000000000000000021e-08 -1.050578739731608202e+00 -3.156839915446002731e+00
-1.050578739731608202e+00 -3.156839915446002731e+00 0.000000000000000000e+00 1.000000000000000021e-08 -1.448532957535389798e+00 -3.979542178037815070e+00
-1.448532957535389798e+00 -3.979542178037815070e+00 1.000000000000000000e+00 9.999000000000000110e-01 -1.570796326794896558e+00 -5.000000000000000000e+00
-2.827205232573910820e-02 -1.037071559440174394e-02 0.000000000000000000e+00 1.000000000000000021e-08 5.935682995752659952e-02 8.762888228326570772e-01
5.935682995752659952e-02 8.762888228326570772e-01 1.000000000000000000e+00 1.000000000000000021e-08 1.720616795097756335e-01 1.127048495522490423e+00
1.720616795097756335e-01 1.127048495522490423e+00 1.000000000000000000e+00 1.000000000000000021e-08 3.000867914472083453e-01 1.280251119374327118e+00
3.000867914472083453e-01 1.280251119374327118e+00 2.000000000000000000e+00 1.000000000000000021e-08 3.925930853345268590e-01 9.250629388731850256e-01
3.925930853345268590e-01 9.250629388731850256e-01 1.000000000000000000e+00 1.000000000000000021e-08 5.523660647635492138e-01 1.597729794290223548e+00
5.523660647635492138e-01 1.597729794290223548e+00 2.000000000000000000e+00 1.000000000000000021e-08 7.127498617696150784e-01 1.603837970060657980e+00
7.127498617696150784e-01 1.603837970060657980e+00 1.000000000000000000e+00 1.000000000000000021e-08 9.785134169212603705e-01 2.657635551516452921e+00
9.785134169212603705e-01 2.657635551516452921e+00 1.000000000000000000e+00 1.000000000000000021e-08 1.372235752702221312e+00 3.937223357809608082e+00
1.372235752702221312e+00 3.937223357809608082e+00 1.000000000000000000e+00 9.999000000000000110e-01 1.570796326794896558e+00 5.000000000000000000e+00
4.467332276673015301e-02 -7.302861156788867381e-02 2.000000000000000000e+00 1.000000000000000021e-08 -3.787733428287277937e-02 -8.255065704960292683e-01
-3.787733428287277937e-02 -8.255065704960292683e-01 1.000000000000000000e+00 1.000000000000000021e-08 -1.139052064861360708e-01 -7.602787220326329143e-01
-1.139052064861360708e-01 -7.602787220326329143e-01 2.000000000000000000e+00 1.000000000000000021e-08 -2.852757191496565481e-01 -1.713705126635204801e+00
-2.852757191496565481e-01 -1.713705126635204801e+00 1.000000000000000000e+00 1.000000000000000021e-08 -5.046651647269968510e-01 -2.193894455773402363e+00
-5.046651647269968510e-01 -2.193894455773402363e+00 0.000000000000000000e+00 1.000000000000000021e-08 -7.276220651669734751e-01 -2.229569004399766019e+00
-7.276220651669734751e-01 -2.229569004399766019e+00 0.000000000000000000e+00 1.000000000000000021e-08 -9.882509423271739202e-01 -2.606288771602004228e+00
-9.882509423271739202e-01 -2.606288771602004228e+00 0.000000000000000000e+00 1.000000000000000021e-08 -1.324298812720455576e+00 -3.360478703932817446e+00
-1.324298812720455576e+00 -3.360478703932817446e+00 0.000000000000000000e+00 9.999000000000000110e-01 -1.570796326794896558e+00 -4.599751980596868961e+00
2.543401114485097439e-02 -8.073185706494526159e-03 2.000000000000000000e+00 1.000000000000000021e-08 -4.509797365901387078e-02 -7.053198480386483338e-01
-4.509797365901387078e-02 -7.053198480386483338e-01 1.000000000000000000e+00 1.000000000000000021e-08 -1.106630282170621565e-01 -6.556505455804828575e-01
-1.106630282170621565e-01 -6.556505455804828575e-01 0.000000000000000000e+00 1.000000000000000021e-08 -9.692379381227490820e-02 1.373923440478724833e-01
-9.692379381227490820e-02 1.373923440478724833e-01 1.000000000000000000e+00 1.000000000000000021e-08 -9.052610395472246441e-02 6.397689857552442405e-02
-9.052610395472246441e-02 6.397689857552442405e-02 2.000000000000000000e+00 1.000000000000000021e-08 -1.778219614969351325e-01 -8.729585754221267369e-01
-1.778219614969351325e-01 -8.729585754221267369e-01 0.000000000000000000e+00 1.000000000000000021e-08 -2.149683385198461194e-01 -3.714637702291098131e-01
-2.149683385198461194e-01 -3.714637702291098131e-01 2.000000000000000000e+00 1.000000000000000021e-08 -3.810748768296360334e-01 -1.661065383097898973e+00
-3.810748768296360334e-01 -1.661065383097898973e+00 2.000000000000000000e+00 1.000000000000000021e-08 -6.803573344447705340e-01 -2.992824576151345006e+00
-6.803573344447705340e-01 -2.992824576151345006e+00 2.000000000000000000e+00 1.000000000000000021e-08 -1.134653721982786578e+00 -4.542963875380160665e+00
-1.134653721982786578e+00 -4.542963875380160665e+00 1.000000000000000000e+00 9.999000000000000110e-01 -1.570796326794896558e+00 -5.000000000000000000e+00
-6.369628126032450544e-02 -5.405778573190914843e-02 2.000000000000000000e+00 1.000000000000000021e-08 -1.569549403700880585e-01 -9.325865910976356421e-01
-1.569549403700880585e-01 -9.325865910976356421e-01 2.000000000000000000e+00 1.000000000000000021e-08 -3.708387294358951314e-01 -2.138837890658070506e+00
-3.708387294358951314e-01 -2.138837890658070506e+00 1.000000000000000000e+00 1.000000000000000021e-08 -6.488800626901587432e-01 -2.780413332542635896e+00
-6.488800626901587432e-01 -2.780413332542635896e+00 2.000000000000000000e+00 1.000000000000000021e-08 -1.085159636484077428e+00 -4.362795737939185514e+00
-1.085159636484077428e+00 -4.362795737939185514e+00 2.000000000000000000e+00 9.999000000000000110e-01 -1.570796326794896558e+00 -5.000000000000000000e+00
1.118141362431025743e-02 3.611941227364620643e-02 0.000000000000000000e+00 1.000000000000000021e-08 1.059598706953196051e-01 9.477845707100934769e-01
1.059598706953196051e-01 9.477845707100934769e-01 2.000000000000000000e+00 1.000000000000000021e-08 1.484932412504166299e-01 4.253337055509700537e-01
1.484932412504166299e-01 4.253337055509700537e-01 0.000000000000000000e+00 1.000000000000000021e-08 3.043859574433523396e-01 1.558927161929356986e+00
3.043859574433523396e-01 1.558927161929356986e+00 0.000000000000000000e+00 1.000000000000000021e-08 5.775395069452269325e-01 2.731535495018746040e+00
5.775395069452269325e-01 2.731535495018746040e+00 0.000000000000000000e+00 1.000000000000000021e-08 9.958154044755256340e-01 4.182758975302986570e+00
9.958154044755256340e-01 4.182758975302986570e+00 0.000000000000000000e+00 1.000000000000000021e-08 1.568178109725124614e+00 5.000000000000000000e+00
1.568178109725124614e+00 5.000000000000000000e+00 1.000000000000000000e+00 9.999000000000000110e-01 1.570796326794896558e+00 5.000000000000000000e+00
6.957489435250963083e-02 3.321048814599360244e-03 2.000000000000000000e+00 1.000000000000000021e-08 1.112114240605552307e-02 -5.845375194645410222e-01
1.112114240605552307e-02 -5.845375194645410222e-01 0.000000000000000000e+00 1.000000000000000021e-08 5.871056678329830691e-02 4.758942437724278385e-01
5.871056678329830691e-02 4.758942437724278385e-01 2.000000000000000000e+00 1.000000000000000021e-08 4.105984307583056270e-02 -1.765072370746774144e-01
4.105984307583056270e-02 -1.765072370746774144e-01 1.000000000000000000e+00 1.000000000000000021e-08 2.099616003304856371e-02 -2.006368304278199621e-01
2.099616003304856371e-02 -2.006368304278199621e-01 1.000000000000000000e+00 1.000000000000000021e-08 2.209173988834640598e-02 1.095579855297842964e-02
2.209173988834640598e-02 1.095579855297842964e-02 1.000000000000000000e+00 1.000000000000000021e-08 2.317219430301534211e-02 1.080454414668935437e-02
2.317219430301534211e-02 1.080454414668935437e-02 0.000000000000000000e+00 1.000000000000000021e-08 1.189175452814889289e-01 9.574535097847358678e-01
1.189175452814889289e-01 9.574535097847358678e-01 2.000000000000000000e+00 1.000000000000000021e-08 1.471471260849027685e-01 2.822958080341382292e-01
1.471471260849027685e-01 2.822958080341382292e-01 0.000000000000000000e+00 1.000000000000000021e-08 2.728353476310973469e-01 1.256882215461945673e+00
2.728353476310973469e-01 1.256882215461945673e+00 1.000000000000000000e+00 1.000000000000000021e-08 4.524074534874353293e-01 1.795721058563379824e+00
4.524074534874353293e-01 1.795721058563379824e+00 2.000000000000000000e+00 1.000000000000000021e-08 6.352549085932033268e-01 1.828474551057679864e+00
6.352549085932033268e-01 1.828474551057679864e+00 1.000000000000000000e+00 1.000000000000000021e-08 9.027983012114084715e-01 2.675433926182051891e+00
9.027983012114084715e-01 2.675433926182051891e+00 0.000000000000000000e+00 1.000000000000000021e-08 1.342794215594406593e+00 4.399959143829981656e+00
1.342794215594406593e+00 4.399959143829981656e+00 2.000000000000000000e+00 9.999000000000000110e-01 1.570796326794896558e+00 5.000000000000000000e+00
6.802916950748909286e-02 -8.378024908130261850e-02 1.000000000000000000e+00 1.000000000000000021e-08 7.599876212140513343e-02 7.969592613916044732e-02
7.599876212140513343e-02 7.969592613916044732e-02 0.000000000000000000e+00 1.000000000000000021e-08 1.907545105676108910e-01 1.147557484462057520e+00
1.907545105676108910e-01 1.147557484462057520e+00 1.000000000000000000e+00 1.000000000000000021e-08 3.457765218568156218e-01 1.550220112892047197e+00
3.457765218568156218e-01 1.550220112892047197e+00 0.000000000000000000e+00 1.000000000000000021e-08 6.384520861341504983e-01 2.926755642773348320e+00
6.384520861341504983e-01 2.926755642773348320e+00 1.000000000000000000e+00 1.000000000000000021e-08 1.024282211636479811e+00 3.858301255023292242e+00
1.024282211636479811e+00 3.858301255023292242e+00 0.000000000000000000e+00 9.999000000000000110e-01 1.570796326794896558e+00 5.000000000000000000e+00
3.153778265693463201e-02 8.692792256812364310e-03 0.000000000000000000e+00 1.000000000000000021e-08 1.309958277253157055e-01 9.945804506838105130e-01
1.309958277253157055e-01 9.945804506838105130e-01 2.000000000000000000e+00 1.000000000000000021e-08 1.674076605939208706e-01 3.641183286860517621e-01
1.674076605939208706e-01 3.641183286860517621e-01 2.000000000000000000e+00 1.000000000000000021e-08 1.389043931134996135e-01 -2.850326748042126823e-01
1.389043931134996135e-01 -2.850326748042126823e-01 1.000000000000000000e+00 1.000000000000000021e-08 1.195021812006229200e-01 -1.940221191287669344e-01
1.195021812006229200e-01 -1.940221191287669344e-01 2.000000000000000000e+00 1.000000000000000021e-08 1.751955415377720593e-02 -1.019826270468457086e+00
1.751955415377720593e-02 -1.019826270468457086e+00 2.000000000000000000e+00 1.000000000000000021e-08 -1.853512683328846777e-01 -2.028708224866618615e+00
-1.853512683328846777e-01 -2.028708224866618615e+00 1.000000000000000000e+00 1.000000000000000021e-08 -4.150104871244016391e-01 -2.296592187915169614e+00
-4.150104871244016391e-01 -2.296592187915169614e+00 1.000000000000000000e+00 1.000000000000000021e-08 -7.105383829613405311e-01 -2.955278958369388587e+00
-7.105383829613405311e-01 -2.955278958369388587e+00 2.000000000000000000e+00 1.000000000000000021e-08 -1.176212451394454295e+00 -4.656740684331137636e+00
-1.176212451394454295e+00 -4.656740684331137636e+00 0.000000000000000000e+00 9.999000000000000110e-01 -1.570796326794896558e+00 -5.000000000000000000e+00
-8.448581297353952024e-02 5.622615166240917811e-02 0.000000000000000000e+00 1.000000000000000021e-08 5.909413021804726940e-03 9.039522599534424163e-01
5.909413021804726940e-03 9.039522599534424163e-01 1.000000000000000000e+00 1.000000000000000021e-08 8.561545068030163019e-02 7.970603765849689770e-01
8.561545068030163019e-02 7.970603765849689770e-01 0.000000000000000000e+00 1.000000000000000021e-08 2.645810768437756866e-01 1.789656261634740453e+00
2.645810768437756866e-01 1.789656261634740453e+00 0.000000000000000000e+00 1.000000000000000021e-08 5.548136091835049744e-01 2.902325323397292323e+00
5.548136091835049744e-01 2.902325323397292323e+00 2.000000000000000000e+00 1.000000000000000021e-08 8.617334756820314023e-01 3.069198664985264724e+00
8.617334756820314023e-01 3.069198664985264724e+00 1.000000000000000000e+00 1.000000000000000021e-08 1.270439613940386403e+00 4.087061382583549118e+00
1.270439613940386403e+00 4.087061382583549118e+00 0.000000000000000000e+00 9.999000000000000110e-01 1.570796326794896558e+00 5.000000000000000000e+00
-2.180548069111934092e-02 -1.305255786001183367e-02 2.000000000000000000e+00 1.000000000000000021e-08 -1.021764393454440978e-01 -8.037095865432475339e-01
-1.021764393454440978e-01 -8.037095865432475339e-01 2.000000000000000000e+00 1.000000000000000021e-08 -2.899792802402443304e-01 -1.878028408948002159e+00
-2.899792802402443304e-01 -1.878028408948002159e+00 2.000000000000000000e+00 1.000000000000000021e-08 -5.976639915523376256e-01 -3.076847113120932509e+00
-5.976639915523376256e-01 -3.076847113120932509e+00 2.000000000000000000e+00 1.000000000000000021e-08 -1.058719444409281341e+00 -4.610554528569437593e+00
-1.058719444409281341e+00 -4.610554528569437593e+00 2.000000000000000000e+00 9.999000000000000110e-01 -1.570796326794896558e+00 -5.000000000000000000e+00
-6.885290405449807916e-03 5.600088467977883122e-02 0.000000000000000000e+00 1.000000000000000021e-08 7.702036554118346645e-02 8.390565594663326188e-01
7.702036554118346645e-02 8.390565594663326188e-01 2.000000000000000000e+00 1.000000000000000021e-08 7.951010934658221674e-02 2.489743805398747512e-02
7.951010934658221674e-02 2.489743805398747512e-02 2.000000000000000000e+00 1.000000000000000021e-08 -6.739591384742824043e-03 -8.624970073132502968e-01
-6.739591384742824043e-03 -8.624970073132502968e-01 0.000000000000000000e+00 1.000000000000000021e-08 -6.092511735827556979e-04 6.130340211160067998e-02
-6.092511735827556979e-04 6.130340211160067998e-02 2.000000000000000000e+00 1.000000000000000021e-08 -9.359211224066880941e-02 -9.298286106708605336e-01
-9.359211224066880941e-02 -9.298286106708605336e-01 1.000000000000000000e+00 1.000000000000000021e-08 -1.850680118578305056e-01 -9.147589961716170448e-01
-1.850680118578305056e-01 -9.147589961716170448e-01 2.000000000000000000e+00 1.000000000000000021e-08 -4.025244461154516284e-01 -2.174564342576211118e+00
-4.025244461154516284e-01 -2.174564342576211118e+00 2.000000000000000000e+00 1.000000000000000021e-08 -7.589410162735203969e-01 -3.564165701580686907e+00
-7.589410162735203969e-01 -3.564165701580686907e+00 0.000000000000000000e+00 1.000000000000000021e-08 -1.163395582018895036e+00 -4.044545657453746834e+00
-1.163395582018895036e+00 -4.044545657453746834e+00 1.000000000000000000e+00 9.999000000000000110e-01 -1.570796326794896558e+00 -5.000000000000000000e+00
-7.052728890264227390e-02 1.134181238205364886e-02 2.000000000000000000e+00 1.000000000000000021e-08 -1.648628495929347071e-01 -9.433556069029243041e-01
-1.648628495929347071e-01 -9.433556069029243041e-01 1.000000000000000000e+00 1.000000000000000021e-08 -2.853189363515008514e-01 -1.204560867585661388e+00
-2.853189363515008514e-01 -1.204560867585661388e+00 0.000000000000000000e+00 1.000000000000000021e-08 -3.640672530756197678e-01 -7.874831672411890526e-01
-3.640672530756197678e-01 -7.874831672411890526e-01 1.000000000000000000e+00 1.000000000000000021e-08 -5.015681612050039151e-01 -1.375009081293841140e+00
-5.015681612050039151e-01 -1.375009081293841140e+00 2.000000000000000000e+00 1.000000000000000021e-08 -7.988665335152485003e-01 -2.972983723102445630e+00
-7.988665335152485003e-01 -2.972983723102445630e+00 0.000000000000000000e+00 1.000000000000000021e-08 -1.153540796808739666e+00 -3.546742632934910766e+00
-1.153540796808739666e+00 -3.546742632934910766e+00 2.000000000000000000e+00 9.999000000000000110e-01 -1.570796326794896558e+00 -5.000000000000000000e+00
-6.619342206858515321e-02 -5.214540646439839999e-02 2.000000000000000000e+00 1.000000000000000021e-08 -1.792222626205259850e-01 -1.130288405519408235e+00
-1.792222626205259850e-01 -1.130288405519408235e+00 0.000000000000000000e+00 1.000000000000000021e-08 -2.295205229987155593e-01 -5.029826037818957429e-01
-2.295205229987155593e-01 -5.029826037818957429e-01 0.000000000000000000e+00 1.000000000000000021e-08 -2.362272426134550130e-01 -6.706719614739459212e-02
-2.362272426134550130e-01 -6.706719614739459212e-02 1.000000000000000000e+00 1.000000000000000021e-08 -2.747334869224555831e-01 -3.850624430900054240e-01
-2.747334869224555831e-01 -3.850624430900054240e-01 0.000000000000000000e+00 1.000000000000000021e-08 -2.768489825378103175e-01 -2.115495615354739956e-02
-2.768489825378103175e-01 -2.115495615354739956e-02 1.000000000000000000e+00 1.000000000000000021e-08 -3.150544118653875181e-01 -3.820542932757718391e-01
-3.150544118653875181e-01 -3.820542932757718391e-01 0.000000000000000000e+00 1.000000000000000021e-08 -3.162440272455468437e-01 -1.189615380159342317e-02
-3.162440272455468437e-01 -1.189615380159342317e-02 2.000000000000000000e+00 1.000000000000000021e-08 -4.515842792794967364e-01 -1.353402520339499038e+00
-4.515842792794967364e-01 -1.353402520339499038e+00 2.000000000000000000e+00 1.000000000000000021e-08 -7.378209658067527155e-01 -2.862366865272559568e+00
-7.378209658067527155e-01 -2.862366865272559568e+00 1.000000000000000000e+00 1.000000000000000021e-08 -1.124597012905593552e+00 -3.867760470988407029e+00
-1.124597012905593552e+00 -3.867760470988407029e+00 0.000000000000000000e+00 9.999000000000000110e-01 -1.570796326794896558e+00 -4.777697286868887616e+00
2.080243796767956149e-02 -1.456962846435335898e-02 0.000000000000000000e+00 1.000000000000000021e-08 1.114265315576248028e-01 9.062409358994523156e-01
1.114265315576248028e-01 9.062409358994523156e-01 2.000000000000000000e+00 1.000000000000000021e-08 1.342358306612355112e-01 2.280929910361070290e-01
1.342358306612355112e-01 2.280929910361070290e-01 2.000000000000000000e+00 1.000000000000000021e-08 1.060517636699228328e-01 -2.818406699131267290e-01
1.060517636699228328e-01 -2.818406699131267290e-01 0.000000000000000000e+00 1.000000000000000021e-08 1.925342474078548249e-01 8.648248373793198107e-01
1.925342474078548249e-01 8.648248373793198107e-01 1.000000000000000000e+00 1.000000000000000021e-08 3.221542909856667247e-01 1.296200435778119164e+00
3.221542909856667247e-01 1.296200435778119164e+00 0.000000000000000000e+00 1.000000000000000021e-08 5.772572876884346504e-01 2.551029967027679035e+00
5.772572876884346504e-01 2.551029967027679035e+00 0.000000000000000000e+00 1.000000000000000021e-08 9.875886569566386664e-01 4.103313692682039715e+00
9.875886569566386664e-01 4.103313692682039715e+00 2.000000000000000000e+00 1.000000000000000021e-08 1.477947087063205878e+00 4.903584301065671447e+00
1.477947087063205878e+00 4.903584301065671447e+00 2.000000000000000000e+00 9.999000000000000110e-01 1.570796326794896558e+00 5.000000000000000000e+00
-1.578675243623706842e-02 -3.038267458690756956e-02 1.000000000000000000e+00 1.000000000000000021e-08 -2.276544918885592406e-02 -6.978696752618857024e-02
-2.276544918885592406e-02 -6.978696752618857024e-02 2.000000000000000000e+00 1.000000000000000021e-08 -1.178058689109398316e-01 -9.504041972208390199e-01
-1.178058689109398316e-01 -9.504041972208390199e-01 0.000000000000000000e+00 1.000000000000000021e-08 -1.355694139728733649e-01 -1.776354506193352778e-01
-1.355694139728733649e-01 -1.776354506193352778e-01 2.000000000000000000e+00 1.000000000000000021e-08 -2.580339596252781975e-01 -1.224645456524048548e+00
-2.580339596252781975e-01 -1.224645456524048548e+00 1.000000000000000000e+00 1.000000000000000021e-08 -4.315238132010911221e-01 -1.734898535758129468e+00
-4.315238132010911221e-01 -1.734898535758129468e+00 1.000000000000000000e+00 1.000000000000000021e-08 -6.592690344035252448e-01 -2.277452212024341449e+00
-6.592690344035252448e-01 -2.277452212024341449e+00 2.000000000000000000e+00 1.000000000000000021e-08 -1.051598318692830158e+00 -3.923292842893050025e+00
-1.051598318692830158e+00 -3.923292842893050025e+00 0.000000000000000000e+00 1.000000000000000021e-08 -1.527799029083372506e+00 -4.762007103905423477e+00
-1.527799029083372506e+00 -4.762007103905423477e+00 0.000000000000000000e+00 9.999000000000000110e-01 -1.570796326794896558e+00 -5.000000000000000000e+00
2.133587241706988782e-02 -6.631377626552138749e-02 0.000000000000000000e+00 1.000000000000000021e-08 1.010890739537950861e-01 7.975320153672519341e-01
1.010890739537950861e-01 7.975320153672519341e-01 1.000000000000000000e+00 1.000000000000000021e-08 1.903326746171719597e-01 8.924360066337686526e-01
1.903326746171719597e-01 8.924360066337686526e-01 2.000000000000000000e+00 1.000000000000000021e-08 2.348993464459458724e-01 4.456667182877390720e-01
2.348993464459458724e-01 4.456667182877390720e-01 1.000000000000000000e+00 1.000000000000000021e-08 3.163631357588596593e-01 8.146378931291378134e-01
3.163631357588596593e-01 8.146378931291378134e-01 0.000000000000000000e+00 1.000000000000000021e-08 5.412401805004276589e-01 2.248770447415679996e+00
5.412401805004276589e-01 2.248770447415679996e+00 2.000000000000000000e+00 1.000000000000000021e-08 7.716767117176207558e-01 2.304365312171931190e+00
7.716767117176207558e-01 2.304365312171931190e+00 2.000000000000000000e+00 1.000000000000000021e-08 1.049217396074024977e+00 2.775406843564041992e+00
1.049217396074024977e+00 2.775406843564041992e+00 0.000000000000000000e+00 1.000000000000000021e-08 1.489141674178851460e+00 4.399242781048265272e+00
1.489141674178851460e+00 4.399242781048265272e+00 0.000000000000000000e+00 9.999000000000000110e-01 1.570796326794896558e+00 5.000000000000000000e+00
-2.470254434261313220e-02 4.103742685000384693e-02 1.000000000000000000e+00 1.000000000000000021e-08 -2.562450087926473538e-02 -9.219565366516038751e-03
-2.562450087926473538e-02 -9.219565366516038751e-03 1.000000000000000000e+00 1.000000000000000021e-08 -2.662537118061936853e-02 -1.000870301354633667e-02
-2.662537118061936853e-02 -1.000870301354633667e-02 0.000000000000000000e+00 1.000000000000000021e-08 6.107091790724434449e-02 8.769628908786371024e-01
6.107091790724434449e-02 8.769628908786371024e-01 1.000000000000000000e+00 1.000000000000000021e-08 1.637870209490499829e-01 1.027161030418056287e+00
1.637870209490499829e-01 1.027161030418056287e+00 0.000000000000000000e+00 1.000000000000000021e-08 3.963409107916484042e-01 2.325538898425984158e+00
3.963409107916484042e-01 2.325538898425984158e+00 0.000000000000000000e+00 1.000000000000000021e-08 7.787722133451968620e-01 3.824313025535484023e+00
7.787722133451968620e-01 3.824313025535484023e+00 0.000000000000000000e+00 1.000000000000000021e-08 1.308712603103923788e+00 5.000000000000000000e+00
1.308712603103923788e+00 5.000000000000000000e+00 1.000000000000000000e+00 9.999000000000000110e-01 1.570796326794896558e+00 5.000000000000000000e+00
-4.508478481330167181e-02 -6.471495210100479401e-02 2.000000000000000000e+00 1.000000000000000021e-08 -1.402566522128633753e-01 -9.517186739956169372e-01
-1.402566522128633753e-01 -9.517186739956169372e-01 0.000000000000000000e+00 1.000000000000000021e-08 -1.786754317704443151e-01 -3.841877955758092877e-01
-1.786754317704443151e-01 -3.841877955758092877e-01 2.000000000000000000e+00 1.000000000000000021e-08 -3.253082544384111041e-01 -1.466328226679667779e+00
-3.253082544384111041e-01 -1.466328226679667779e+00 1.000000000000000000e+00 1.000000000000000021e-08 -5.375930972858767865e-01 -2.122848428474656934e+00
-5.375930972858767865e-01 -2.122848428474656934e+00 1.000000000000000000e+00 1.000000000000000021e-08 -8.449552817173717756e-01 -3.073621844314950113e+00
-8.449552817173717756e-01 -3.073621844314950113e+00 2.000000000000000000e+00 1.000000000000000021e-08 -1.321422677748718799e+00 -4.764673960313469792e+00
-1.321422677748718799e+00 -4.764673960313469792e+00 1.000000000000000000e+00 9.999000000000000110e-01 -1.570796326794896558e+00 -5.000000000000000000e+00
-5.168034787538176855e-02 5.837521790111510622e-02 2.000000000000000000e+00 1.000000000000000021e-08 -1.448671427991904959e-01 -9.318679492380872453e-01
-1.448671427991904959e-01 -9.318679492380872453e-01 2.000000000000000000e+00 1.000000000000000021e-08 -3.524787941000454561e-01 -2.076116513008549269e+00
-3.524787941000454561e-01 -2.076116513008549269e+00 1.000000000000000000e+00 1.000000000000000021e-08 -6.078254424595106453e-01 -2.553466483594652559e+00
-6.078254424595106453e-01 -2.553466483594652559e+00 2.000000000000000000e+00 1.000000000000000021e-08 -1.012455425745018012e+00 -4.046299832855072331e+00
-1.012455425745018012e+00 -4.046299832855072331e+00 1.000000000000000000e+00 1.000000000000000021e-08 -1.530862866650396281e+00 -5.000000000000000000e+00
-1.530862866650396281e+00 -5.000000000000000000e+00 0.000000000000000000e+00 9.999000000000000110e-01 -1.570796326794896558e+00 -5.000000000000000000e+00
6.058369509818351678e-02 6.638003581410395482e-02 1.000000000000000000e+00 1.000000000000000021e-08 8.674083356995049288e-02 2.615713847176697748e-01
8.674083356995049288e-02 2.615713847176697748e-01 0.000000000000000000e+00 1.000000000000000021e-08 2.164097385876208590e-01 1.296689050176703661e+00
2.164097385876208590e-01 1.296689050176703661e+00 1.000000000000000000e+00 1.000000000000000021e-08 3.906825815508379596e-01 1.742728429632171006e+00
3.906825815508379596e-01 1.742728429632171006e+00 0.000000000000000000e+00 1.000000000000000021e-08 6.936554512439415676e-01 3.029728696931035969e+00
6.936554512439415676e-01 3.029728696931035969e+00 1.000000000000000000e+00 1.000000000000000021e-08 1.083999726918094986e+00 3.903442756741534403e+00
1.083999726918094986e+00 3.903442756741534403e+00 1.000000000000000000e+00 9.999000000000000110e-01 1.570796326794896558e+00 5.000000000000000000e+00
7.015704411569874399e-02 -3.464928043450388878e-02 0.000000000000000000e+00 1.000000000000000021e-08 1.718508143382387887e-01 1.016937702225400253e+00
1.718508143382387887e-01 1.016937702225400253e+00 2.000000000000000000e+00 1.000000000000000021e-08 2.086422807776308619e-01 3.679146643939206207e-01
2.086422807776308619e-01 3.679146643939206207e-01 1.000000000000000000e+00 1.000000000000000021e-08 2.852551747352881639e-01 7.661289395765729093e-01
2.852551747352881639e-01 7.661289395765729093e-01 1.000000000000000000e+00 1.000000000000000021e-08 4.184351659612407515e-01 1.331799912259525875e+00
4.184351659612407515e-01 1.331799912259525875e+00 1.000000000000000000e+00 1.000000000000000021e-08 6.208773132422313878e-01 2.024421472809906586e+00
6.208773132422313878e-01 2.024421472809906586e+00 1.000000000000000000e+00 1.000000000000000021e-08 9.180552959207832764e-01 2.971779826785517997e+00
9.180552959207832764e-01 2.971779826785517997e+00 2.000000000000000000e+00 1.000000000000000021e-08 1.278949363387672289e+00 3.608940674668890125e+00
1.278949363387672289e+00 3.608940674668890125e+00 2.000000000000000000e+00 9.999000000000000110e-01 1.570796326794896558e+00 4.758224068119282002e+00
5.194222758176658683e-03 1.923528887073835264e-02 1.000000000000000000e+00 1.000000000000000021e-08 1.603062773076749728e-02 1.083640497259083790e-01
1.603062773076749728e-02 1.083640497259083790e-01 0.000000000000000000e+00 1.000000000000000021e-08 1.047548170281300123e-01 8.872418929736251014e-01
1.047548170281300123e-01 8.872418929736251014e-01 2.000000000000000000e+00 1.000000000000000021e-08 1.101119619975412384e-01 5.357144969411231639e-02
1.101119619975412384e-01 5.357144969411231639e-02 1.000000000000000000e+00 1.000000000000000021e-08 1.359264851316684120e-01 2.581452313412717636e-01
1.359264851316684120e-01 2.581452313412717636e-01 0.000000000000000000e+00 1.000000000000000021e-08 2.885796358479163493e-01 1.526531507162479429e+00
2.885796358479163493e-01 1.526531507162479429e+00 1.000000000000000000e+00 1.000000000000000021e-08 5.022089047201617751e-01 2.136292688722454258e+00
5.022089047201617751e-01 2.136292688722454258e+00 0.000000000000000000e+00 1.000000000000000021e-08 8.810059019672208391e-01 3.787969972470590641e+00
8.810059019672208391e-01 3.787969972470590641e+00 1.000000000000000000e+00 1.000000000000000021e-08 1.372759003930641430e+00 4.917531019634204803e+00
1.372759003930641430e+00 4.917531019634204803e+00 0.000000000000000000e+00 9.999000000000000110e-01 1.570796326794896558e+00 5.000000000000000000e+00
3.632346058999277871e-02 1.966345028561876374e-02 1.000000000000000000e+00 1.000000000000000021e-08 2.696950829749533013e-02 -9.353952292497447196e-02
2.696950829749533013e-02 -9.353952292497447196e-02 1.000000000000000000e+00 1.000000000000000021e-08 1.976269728030473696e-02 -7.206811017190592472e-02
1.976269728030473696e-02 -7.206811017190592472e-02 1.000000000000000000e+00 1.000000000000000021e-08 1.427744726759348770e-04 -1.961992280762880070e-01
1.427744726759348770e-04 -1.961992280762880070e-01 1.000000000000000000e+00 1.000000000000000021e-08 -4.870177150829073029e-03 -5.012951623505007559e-02
-4.870177150829073029e-03 -5.012951623505007559e-02 1.000000000000000000e+00 1.000000000000000021e-08 -2.577366568574350134e-03 2.292810582254722895e-02
-2.577366568574350134e-03 2.292810582254722895e-02 1.000000000000000000e+00 1.000000000000000021e-08 5.296208763141772163e-04 3.106987444888527350e-02
5.296208763141772163e-04 3.106987444888527350e-02 1.000000000000000000e+00 1.000000000000000021e-08 8.340234732568833909e-03 7.810613856254655651e-02
8.340234732568833909e-03 7.810613856254655651e-02 2.000000000000000000e+00 1.000000000000000021e-08 -6.946656908902160144e-02 -7.780680382159044228e-01
-6.946656908902160144e-02 -7.780680382159044228e-01 2.000000000000000000e+00 1.000000000000000021e-08 -2.304573221029761476e-01 -1.609907530139545351e+00
-2.304573221029761476e-01 -1.609907530139545351e+00 0.000000000000000000e+00 1.000000000000000021e-08 -3.566116613650819334e-01 -1.261543392621058191e+00
-3.566116613650819334e-01 -1.261543392621058191e+00 1.000000000000000000e+00 1.000000000000000021e-08 -5.464597274529643389e-01 -1.898480660878824056e+00
-5.464597274529643389e-01 -1.898480660878824056e+00 1.000000000000000000e+00 1.000000000000000021e-08 -8.250892490678246594e-01 -2.786295216148602982e+00
-8.250892490678246594e-01 -2.786295216148602982e+00 1.000000000000000000e+00 1.000000000000000021e-08 -1.213667272240069872e+00 -3.885780231722451461e+00
-1.213667272240069872e+00 -3.885780231722451461e+00 0.000000000000000000e+00 9.999000000000000110e-01 -1.570796326794896558e+00 -4.994970923556879328e+00
-4.656386221733269104e-02 -5.970912895092221617e-02 1.000000000000000000e+00 1.000000000000000021e-08 -5.373977061076522926e-02 -7.175908393432539611e-02
-5.373977061076522926e-02 -7.175908393432539611e-02 2.000000000000000000e+00 1.000000000000000021e-08 -1.699330958333980235e-01 -1.161933252226327928e+00
-1.699330958333980235e-01 -1.161933252226327928e+00 1.000000000000000000e+00 1.000000000000000021e-08 -3.015906248188362504e-01 -1.316575289854382103e+00
-3.015906248188362504e-01 -1.316575289854382103e+00 0.000000000000000000e+00 1.000000000000000021e-08 -4.035698951678106106e-01 -1.019792703489743824e+00
-4.035698951678106106e-01 -1.019792703489743824e+00 0.000000000000000000e+00 1.000000000000000021e-08 -4.922128722328799055e-01 -8.864297706506926167e-01
-4.922128722328799055e-01 -8.864297706506926167e-01 1.000000000000000000e+00 1.000000000000000021e-08 -6.726189306330473405e-01 -1.804060584001674572e+00
-6.726189306330473405e-01 -1.804060584001674572e+00 0.000000000000000000e+00 1.000000000000000021e-08 -8.799982281234651760e-01 -2.073792974904178354e+00
-8.799982281234651760e-01 -2.073792974904178354e+00 2.000000000000000000e+00 1.000000000000000021e-08 -1.249006166654735850e+00 -3.690079385312707405e+00
-1.249006166654735850e+00 -3.690079385312707405e+00 1.000000000000000000e+00 9.999000000000000110e-01 -1.570796326794896558e+00 -5.000000000000000000e+00
7.380824145395378788e-02 -2.563881904418061769e-02 0.000000000000000000e+00 1.000000000000000021e-08 1.804520837040043957e-01 1.066438422500505911e+00
1.804520837040043957e-01 1.066438422500505911e+00 0.000000000000000000e+00 1.000000000000000021e-08 4.094181924142569207e-01 2.289661087102524917e+00
4.094181924142569207e-01 2.289661087102524917e+00 1.000000000000000000e+00 1.000000000000000021e-08 7.130509982240701428e-01 3.036328058098132221e+00
7.130509982240701428e-01 3.036328058098132221e+00 0.000000000000000000e+00 1.000000000000000021e-08 1.170935447648024486e+00 4.578844494239541874e+00
1.170935447648024486e+00 4.578844494239541874e+00 1.000000000000000000e+00 9.999000000000000110e-01 1.570796326794896558e+00 5.000000000000000000e+00
-5.486459632970426548e-02 -6.926747570941486909e-02 1.000000000000000000e+00 1.000000000000000021e-08 -7.116278686722041225e-02 -1.629819053751613844e-01
-7.116278686722041225e-02 -1.629819053751613844e-01 2.000000000000000000e+00 1.000000000000000021e-08 -1.801443733359859301e-01 -1.089815864687655234e+00
-1.801443733359859301e-01 -1.089815864687655234e+00 2.000000000000000000e+00 1.000000000000000021e-08 -4.022226059860309899e-01 -2.220782326500450488e+00
-4.022226059860309899e-01 -2.220782326500450488e+00 2.000000000000000000e+00 1.000000000000000021e-08 -7.676282684925572752e-01 -3.654056625065263297e+00
-7.676282684925572752e-01 -3.654056625065263297e+00 2.000000000000000000e+00 1.000000000000000021e-08 -1.301727392949192375e+00 -5.000000000000000000e+00
-1.301727392949192375e+00 -5.000000000000000000e+00 0.000000000000000000e+00 9.999000000000000110e-01 -1.570796326794896558e+00 -5.000000000000000000e+00
-4.320033318169483327e-02 -5.175896568869725600e-02 1.000000000000000000e+00 1.000000000000000021e-08 -6.875417613735997080e-02 -2.555384295566513475e-01
-6.875417613735997080e-02 -2.555384295566513475e-01 1.000000000000000000e+00 1.000000000000000021e-08 -1.125113479467281380e-01 -4.375717180936816719e-01
-1.125113479467281380e-01 -4.375717180936816719e-01 1.000000000000000000e+00 1.000000000000000021e-08 -1.598656859047516976e-01 -4.735433795802357348e-01
-1.598656859047516976e-01 -4.735433795802357348e-01 2.000000000000000000e+00 1.000000000000000021e-08 -3.297775619119076573e-01 -1.699118760071559153e+00
-3.297775619119076573e-01 -1.699118760071559153e+00 2.000000000000000000e+00 1.000000000000000021e-08 -6.361600328297403184e-01 -3.063824709178327055e+00
-6.361600328297403184e-01 -3.063824709178327055e+00 2.000000000000000000e+00 1.000000000000000021e-08 -1.092552490119533815e+00 -4.563924572897934517e+00
-1.092552490119533815e+00 -4.563924572897934517e+00 2.000000000000000000e+00 9.999000000000000110e-01 -1.570796326794896558e+00 -5.000000000000000000e+00
6.779223610606940897e-02 -4.432299044849802305e-02 2.000000000000000000e+00 1.000000000000000021e-08 -2.601661825772477732e-02 -9.380885436379418074e-01
-2.601661825772477732e-02 -9.380885436379418074e-01 1.000000000000000000e+00 1.000000000000000021e-08 -1.208123866005399311e-01 -9.479576834281514541e-01
-1.208123866005399311e-01 -9.479576834281514541e-01 1.000000000000000000e+00 1.000000000000000021e-08 -2.422346998312362443e-01 -1.214223132306962993e+00
-2.422346998312362443e-01 -1.214223132306962993e+00 0.000000000000000000e+00 1.000000000000000021e-08 -3.283890807998171568e-01 -8.615438096858092365e-01
-3.283890807998171568e-01 -8.615438096858092365e-01 2.000000000000000000e+00 1.000000000000000021e-08 -5.403636145572876526e-01 -2.119745337574705513e+00
-5.403636145572876526e-01 -2.119745337574705513e+00 2.000000000000000000e+00 1.000000000000000021e-08 -8.937800927649952598e-01 -3.534164782077076516e+00
-8.937800927649952598e-01 -3.534164782077076516e+00 1.000000000000000000e+00 1.000000000000000021e-08 -1.364919522881476777e+00 -4.711394301164815168e+00
-1.364919522881476777e+00 -4.711394301164815168e+00 1.000000000000000000e+00 9.999000000000000110e-01 -1.570796326794896558e+00 -5.000000000000000000e+00
-2.073019364541824408e-02 -2.758780789934908023e-03 0.000000000000000000e+00 1.000000000000000021e-08 7.579751524821858044e-02 9.652770889363680995e-01
7.579751524821858044e-02 9.652770889363680995e-01 1.000000000000000000e+00 1.000000000000000021e-08 1.742900267491981348e-01 9.849251150097955154e-01
1.742900267491981348e-01 9.849251150097955154e-01 1.000000000000000000e+00 1.000000000000000021e-08 3.006227380688036854e-01 1.263327113196055507e+00
3.006227380688036854e-01 1.263327113196055507e+00 2.000000000000000000e+00 1.000000000000000021e-08 3.836422927165097363e-01 8.301955464770607307e-01
3.836422927165097363e-01 8.301955464770607307e-01 1.000000000000000000e+00 1.000000000000000021e-08 5.167060503075656674e-01 1.330637575910558867e+00
5.167060503075656674e-01 1.330637575910558867e+00 0.000000000000000000e+00 1.000000000000000021e-08 7.917867097043176372e-01 2.750806593967519920e+00
7.917867097043176372e-01 2.750806593967519920e+00 0.000000000000000000e+00 1.000000000000000021e-08 1.229258709665630001e+00 4.374719999613122745e+00
1.229258709665630001e+00 4.374719999613122745e+00 2.000000000000000000e+00 9.999000000000000110e-01 1.570796326794896558e+00 5.000000000000000000e+00
-5.980969534025690898e-02 3.929349180051880386e-02 1.000000000000000000e+00 1.000000000000000021e-08 -6.128908097204759792e-02 -1.479385631790688937e-02
-6.128908097204759792e-02 -1.479385631790688937e-02 0.000000000000000000e+00 1.000000000000000021e-08 2.214847828718514294e-02 8.343755925923272976e-01
2.214847828718514294e-02 8.343755925923272976e-01 1.000000000000000000e+00 1.000000000000000021e-08 9.505859586659318183e-02 7.291011757940802918e-01
9.505859586659318183e-02 7.291011757940802918e-01 0.000000000000000000e+00 1.000000000000000021e-08 2.740957033265359333e-01 1.790371074599427459e+00
2.740957033265359333e-01 1.790371074599427459e+00 1.000000000000000000e+00 1.000000000000000021e-08 5.006340365416493965e-01 2.265383332151134521e+00
5.006340365416493965e-01 2.265383332151134521e+00 0.000000000000000000e+00 1.000000000000000021e-08 8.653616528875700542e-01 3.647276163459205911e+00
8.653616528875700542e-01 3.647276163459205911e+00 1.000000000000000000e+00 1.000000000000000021e-08 1.332882268206533105e+00 4.675206153189629177e+00
1.332882268206533105e+00 4.675206153189629177e+00 1.000000000000000000e+00 9.999000000000000110e-01 1.570796326794896558e+00 5.000000000000000000e+00
-8.214700542406626338e-02 4.258271894348067410e-02 1.000000000000000000e+00 1.000000000000000021e-08 -8.980513375377031926e-02 -7.658128329704058657e-02
-8.980513375377031926e-02 -7.658128329704058657e-02 1.000000000000000000e+00 1.000000000000000021e-08 -1.161104416276660389e-01 -2.630530787389572245e-01
-1.161104416276660389e-01 -2.630530787389572245e-01 0.000000000000000000e+00 1.000000000000000021e-08 -7.446544962908745180e-02 4.164499199857858436e-01
-7.446544962908745180e-02 4.164499199857858436e-01 2.000000000000000000e+00 1.000000000000000021e-08 -1.384337452846578775e-01 -6.396829565557042852e-01
-1.384337452846578775e-01 -6.396829565557042852e-01 1.000000000000000000e+00 1.000000000000000021e-08 -2.284495728742799159e-01 -9.001582758962203279e-01
-2.284495728742799159e-01 -9.001582758962203279e-01 1.000000000000000000e+00 1.000000000000000021e-08 -3.516703381639525450e-01 -1.232207652896726513e+00
-3.516703381639525450e-01 -1.232207652896726513e+00 2.000000000000000000e+00 1.000000000000000021e-08 -5.987959845206085596e-01 -2.471256463566560591e+00
-5.987959845206085596e-01 -2.471256463566560591e+00 1.000000000000000000e+00 1.000000000000000021e-08 -9.299981068146130347e-01 -3.312021222940043863e+00
-9.299981068146130347e-01 -3.312021222940043863e+00 1.000000000000000000e+00 1.000000000000000021e-08 -1.369981706967079216e+00 -4.399836001524660922e+00
-1.369981706967079216e+00 -4.399836001524660922e+00 2.000000000000000000e+00 9.999000000000000110e-01 -1.570796326794896558e+00 -5.000000000000000000e+00
-4.959190047274041058e-02 2.471268334418210560e-02 0.000000000000000000e+00 1.000000000000000021e-08 1.918782960852433161e-02 6.877973008126474497e-01
1.918782960852433161e-02 6.877973008126474497e-01 1.000000000000000000e+00 1.000000000000000021e-08 7.869169775245217491e-02 5.950386814392784052e-01
7.869169775245217491e-02 5.950386814392784052e-01 0.000000000000000000e+00 1.000000000000000021e-08 2.371969883592335848e-01 1.585052906067814238e+00
2.371969883592335848e-01 1.585052906067814238e+00 2.000000000000000000e+00 1.000000000000000021e-08 3.516956622602738225e-01 1.144986739010402488e+00
3.516956622602738225e-01 1.144986739010402488e+00 1.000000000000000000e+00 1.000000000000000021e-08 5.384846116709747221e-01 1.867889494107009440e+00
5.384846116709747221e-01 1.867889494107009440e+00 0.000000000000000000e+00 1.000000000000000021e-08 8.826316424699145458e-01 3.441470307989397348e+00
8.826316424699145458e-01 3.441470307989397348e+00 0.000000000000000000e+00 1.000000000000000021e-08 1.395310457076211819e+00 5.000000000000000000e+00
1.395310457076211819e+00 5.000000000000000000e+00 0.000000000000000000e+00 9.999000000000000110e-01 1.570796326794896558e+00 5.000000000000000000e+00
2.390939473565072484e-02 -7.527749208230100075e-02 0.000000000000000000e+00 1.000000000000000021e-08 1.127760258306205465e-01 8.886663109496981683e-01
1.127760258306205465e-01 8.886663109496981683e-01 0.000000000000000000e+00 1.000000000000000021e-08 3.077531636314770891e-01 1.949771378008565481e+00
3.077531636314770891e-01 1.949771378008565481e+00 2.000000000000000000e+00 1.000000000000000021e-08 4.603611855457228064e-01 1.526080219142457173e+00
4.603611855457228064e-01 1.526080219142457173e+00 0.000000000000000000e+00 1.000000000000000021e-08 7.652783073934783520e-01 3.049171218477555900e+00
7.652783073934783520e-01 3.049171218477555900e+00 2.000000000000000000e+00 1.000000000000000021e-08 1.107778792576268989e+00 3.425004851827905927e+00
1.107778792576268989e+00 3.425004851827905927e+00 1.000000000000000000e+00 9.999000000000000110e-01 1.570796326794896558e+00 4.678232812535564555e+00
1.533623883956586331e-02 1.115715928043025870e-02 2.000000000000000000e+00 1.000000000000000021e-08 -5.604847338697116488e-02 -7.138471222653702819e-01
-5.604847338697116488e-02 -7.138471222653702819e-01 0.000000000000000000e+00 1.000000000000000021e-08 -5.413679091463611398e-02 1.911682472335052285e-02
-5.413679091463611398e-02 1.911682472335052285e-02 0.000000000000000000e+00 1.000000000000000021e-08 1.429254451393924957e-02 6.842933542857535523e-01
1.429254451393924957e-02 6.842933542857535523e-01 0.000000000000000000e+00 1.000000000000000021e-08 1.891245519295630673e-01 1.748320074156238135e+00
1.891245519295630673e-01 1.748320074156238135e+00 0.000000000000000000e+00 1.000000000000000021e-08 4.807940395406443690e-01 2.916694876110812906e+00
4.807940395406443690e-01 2.916694876110812906e+00 1.000000000000000000e+00 1.000000000000000021e-08 8.403808297951316231e-01 3.595867902544871875e+00
8.403808297951316231e-01 3.595867902544871875e+00 2.000000000000000000e+00 1.000000000000000021e-08 1.261767095659458660e+00 4.213862658643270365e+00
1.261767095659458660e+00 4.213862658643270365e+00 2.000000000000000000e+00 9.999000000000000110e-01 1.570796326794896558e+00 5.000000000000000000e+00
-5.859777867257859318e-02 -1.420124749957765199e-02 2.000000000000000000e+00 1.000000000000000021e-08 -1.559718168175263375e-01 -9.737403814494773879e-01
-1.559718168175263375e-01 -9.737403814494773879e-01 1.000000000000000000e+00 1.000000000000000021e-08 -2.738911035393356563e-01 -1.179192867218093133e+00
-2.738911035393356563e-01 -1.179192867218093133e+00 2.000000000000000000e+00 1.000000000000000021e-08 -5.310490353435139976e-01 -2.571579318041783857e+00
-5.310490353435139976e-01 -2.571579318041783857e+00 1.000000000000000000e+00 1.000000000000000021e-08 -8.723345274977951647e-01 -3.412854921542810782e+00
-8.723345274977951647e-01 -3.412854921542810782e+00 2.000000000000000000e+00 1.000000000000000021e-08 -1.382593837425599492e+00 -5.000000000000000000e+00
-1.382593837425599492e+00 -5.000000000000000000e+00 0.000000000000000000e+00 9.999000000000000110e-01 -1.570796326794896558e+00 -5.000000000000000000e+00
5.505492760455015649e-02 3.782621378037967497e-02 2.000000000000000000e+00 1.000000000000000021e-08 -1.456385368011183651e-02 -6.961878128466199023e-01
-1.456385368011183651e-02 -6.961878128466199023e-01 2.000000000000000000e+00 1.000000000000000021e-08 -1.709544118472494101e-01 -1.563905581671375611e+00
-1.709544118472494101e-01 -1.563905581671375611e+00 0.000000000000000000e+00 1.000000000000000021e-08 -2.707027759675244560e-01 -9.974836412027505705e-01
-2.707027759675244560e-01 -9.974836412027505705e-01 2.000000000000000000e+00 1.000000000000000021e-08 -4.976249347603428075e-01 -2.269221587928183403e+00
-4.976249347603428075e-01 -2.269221587928183403e+00 2.000000000000000000e+00 1.000000000000000021e-08 -8.844596215983990817e-01 -3.868346868380562853e+00
-8.844596215983990817e-01 -3.868346868380562853e+00 2.000000000000000000e+00 1.000000000000000021e-08 -1.421800421822895899e+00 -5.000000000000000000e+00
-1.421800421822895899e+00 -5.000000000000000000e+00 0.000000000000000000e+00 9.999000000000000110e-01 -1.570796326794896558e+00 -5.000000000000000000e+00
-1.106683326955622965e-02 7.266063990504849357e-02 2.000000000000000000e+00 1.000000000000000021e-08 -9.531569580840326683e-02 -8.424886253884703580e-01
-9.531569580840326683e-02 -8.424886253884703580e-01 2.000000000000000000e+00 1.000000000000000021e-08 -3.001764597402509782e-01 -2.048607639318476892e+00
-3.001764597402509782e-01 -2.048607639318476892e+00 1.000000000000000000e+00 1.000000000000000021e-08 -5.427118339938268310e-01 -2.425353742535758528e+00
-5.427118339938268310e-01 -2.425353742535758528e+00 0.000000000000000000e+00 1.000000000000000021e-08 -7.954378383178946077e-01 -2.527260043240677767e+00
-7.954378383178946077e-01 -2.527260043240677767e+00 0.000000000000000000e+00 1.000000000000000021e-08 -1.088677738258907457e+00 -2.932398999410128937e+00
-1.088677738258907457e+00 -2.932398999410128937e+00 1.000000000000000000e+00 1.000000000000000021e-08 -1.516357429298485382e+00 -4.276796910395778362e+00
-1.516357429298485382e+00 -4.276796910395778362e+00 0.000000000000000000e+00 9.999000000000000110e-01 -1.570796326794896558e+00 -5.000000000000000000e+00
3.683594275307320448e-02 -4.947418543008692826e-02 0.000000000000000000e+00 1.000000000000000021e-08 1.310899571818114340e-01 9.425401442873821978e-01
1.310899571818114340e-01 9.425401442873821978e-01 1.000000000000000000e+00 1.000000000000000021e-08 2.585131898625024904e-01 1.274232326806910232e+00
2.585131898625024904e-01 1.274232326806910232e+00 0.000000000000000000e+00 1.000000000000000021e-08 5.056202237854566794e-01 2.471070339229541446e+00
5.056202237854566794e-01 2.471070339229541446e+00 2.000000000000000000e+00 1.000000000000000021e-08 7.480040559534332223e-01 2.423838321679765428e+00
7.480040559534332223e-01 2.423838321679765428e+00 2.000000000000000000e+00 1.000000000000000021e-08 1.035908188109191608e+00 2.879041321557584521e+00
1.035908188109191608e+00 2.879041321557584521e+00 1.000000000000000000e+00 1.000000000000000021e-08 1.450588569735099753e+00 4.146803816259080122e+00
1.450588569735099753e+00 4.146803816259080122e+00 1.000000000000000000e+00 9.999000000000000110e-01 1.570796326794896558e+00 5.000000000000000000e+00
6.216166136159410882e-02 -8.093885565535591242e-02 2.000000000000000000e+00 1.000000000000000021e-08 -1.741378743242441574e-02 -7.957544879401852178e-01
-1.741378743242441574e-02 -7.957544879401852178e-01 0.000000000000000000e+00 1.000000000000000021e-08 -1.964880426738935953e-02 -2.235016834964942412e-02
-1.964880426738935953e-02 -2.235016834964942412e-02 1.000000000000000000e+00 1.000000000000000021e-08 -1.160523295401421490e-02 8.043571313375144638e-02
-1.160523295401421490e-02 8.043571313375144638e-02 2.000000000000000000e+00 1.000000000000000021e-08 -9.878336821086036723e-02 -8.717813525684614540e-01
-9.878336821086036723e-02 -8.717813525684614540e-01 2.000000000000000000e+00 1.000000000000000021e-08 -3.040049978193054558e-01 -2.052216296084450775e+00
-3.040049978193054558e-01 -2.052216296084450775e+00 2.000000000000000000e+00 1.000000000000000021e-08 -6.407609309427305666e-01 -3.367559331234250664e+00
-6.407609309427305666e-01 -3.367559331234250664e+00 2.000000000000000000e+00 1.000000000000000021e-08 -1.129431202681833168e+00 -4.886702717391026241e+00
-1.129431202681833168e+00 -4.886702717391026241e+00 0.000000000000000000e+00 9.999000000000000110e-01 -1.570796326794896558e+00 -5.000000000000000000e+00
6.311428162878911230e-02 6.510952097538666439e-02 0.000000000000000000e+00 1.000000000000000021e-08 1.673840056267439369e-01 1.042697239979547996e+00
1.673840056267439369e-01 1.042697239979547996e+00 2.000000000000000000e+00 1.000000000000000021e-08 2.102656497119587131e-01 4.288164408521478732e-01
2.102656497119587131e-01 4.288164408521478732e-01 2.000000000000000000e+00 1.000000000000000021e-08 1.900268719794920014e-01 -2.023877773246670619e-01
1.900268719794920014e-01 -2.023877773246670619e-01 1.000000000000000000e+00 1.000000000000000021e-08 1.982525520219143300e-01 8.225680042422328642e-02
1.982525520219143300e-01 8.225680042422328642e-02 0.000000000000000000e+00 1.000000000000000021e-08 3.105011193334182851e-01 1.122485673115039662e+00
3.105011193334182851e-01 1.122485673115039662e+00 0.000000000000000000e+00 1.000000000000000021e-08 5.410964006870468967e-01 2.305952813536285895e+00
5.410964006870468967e-01 2.305952813536285895e+00 0.000000000000000000e+00 1.000000000000000021e-08 9.288717625826595770e-01 3.877753618956126580e+00
9.288717625826595770e-01 3.877753618956126580e+00 0.000000000000000000e+00 1.000000000000000021e-08 1.485529285819748191e+00 5.000000000000000000e+00
1.485529285819748191e+00 5.000000000000000000e+00 2.000000000000000000e+00 9.999000000000000110e-01 1.570796326794896558e+00 5.000000000000000000e+00
-7.740178320123003441e-02 6.162113102198610998e-02 0.000000000000000000e+00 1.000000000000000021e-08 7.781385911619781437e-03 8.518316911284981030e-01
7.781385911619781437e-03 8.518316911284981030e-01 0.000000000000000000e+00 1.000000000000000021e-08 1.819456832564471938e-01 1.741642973448274123e+00
1.819456832564471938e-01 1.741642973448274123e+00 0.000000000000000000e+00 1.000000000000000021e-08 4.700192789206638633e-01 2.880735956642166862e+00
4.700192789206638633e-01 2.880735956642166862e+00 0.000000000000000000e+00 1.000000000000000021e-08 9.169598862807588624e-01 4.469406073600949547e+00
9.169598862807588624e-01 4.469406073600949547e+00 2.000000000000000000e+00 1.000000000000000021e-08 1.422930001435192882e+00 5.000000000000000000e+00
1.422930001435192882e+00 5.000000000000000000e+00 0.000000000000000000e+00 9.999000000000000110e-01 1.570796326794896558e+00 5.000000000000000000e+00
-7.309790755786419597e-03 -4.357260807958742571e-02 0.000000000000000000e+00 1.000000000000000021e-08 7.626429652662665426e-02 8.357408728241306761e-01
7.626429652662665426e-02 8.357408728241306761e-01 1.000000000000000000e+00 1.000000000000000021e-08 1.572328851345980161e-01 8.096858860797135904e-01
1.572328851345980161e-01 8.096858860797135904e-01 0.000000000000000000e+00 1.000000000000000021e-08 3.594571347073758916e-01 2.022242495727778699e+00
3.594571347073758916e-01 2.022242495727778699e+00 0.000000000000000000e+00 1.000000000000000021e-08 7.106888756909435223e-01 3.512317409835676862e+00
7.106888756909435223e-01 3.512317409835676862e+00 0.000000000000000000e+00 1.000000000000000021e-08 1.219821935043173156e+00 5.000000000000000000e+00
1.219821935043173156e+00 5.000000000000000000e+00 1.000000000000000000e+00 9.999000000000000110e-01 1.570796326794896558e+00 5.000000000000000000e+00
-4.538540453164152666e-02 4.475649888587351216e-02 2.000000000000000000e+00 1.000000000000000021e-08 -1.248047566583980195e-01 -7.941935212675649280e-01
-1.248047566583980195e-01 -7.941935212675649280e-01 1.000000000000000000e+00 1.000000000000000021e-08 -2.127476950583788162e-01 -8.794293839998080786e-01
-2.127476950583788162e-01 -8.794293839998080786e-01 2.000000000000000000e+00 1.000000000000000021e-08 -4.159579333110522414e-01 -2.032102382526733919e+00
-4.159579333110522414e-01 -2.032102382526733919e+00 1.000000000000000000e+00 1.000000000000000021e-08 -6.696673138731701336e-01 -2.537093805621178699e+00
-6.696673138731701336e-01 -2.537093805621178699e+00 1.000000000000000000e+00 1.000000000000000021e-08 -1.013255663152746955e+00 -3.435883492795769101e+00
-1.013255663152746955e+00 -3.435883492795769101e+00 1.000000000000000000e+00 1.000000000000000021e-08 -1.475802786184091886e+00 -4.625471230313448423e+00
-1.475802786184091886e+00 -4.625471230313448423e+00 1.000000000000000000e+00 9.999000000000000110e-01 -1.570796326794896558e+00 -5.000000000000000000e+00
6.800863477367383170e-02 7.827041137281180727e-02 0.000000000000000000e+00 1.000000000000000021e-08 1.592539797221203535e-01 9.124534494844650512e-01
1.592539797221203535e-01 9.124534494844650512e-01 2.000000000000000000e+00 1.000000000000000021e-08 1.800027187649443083e-01 2.074873904282396042e-01
1.800027187649443083e-01 2.074873904282396042e-01 1.000000000000000000e+00 1.000000000000000021e-08 2.266927043445602363e-01 4.668998557961593909e-01
2.266927043445602363e-01 4.668998557961593909e-01 0.000000000000000000e+00 1.000000000000000021e-08 4.059219712196744378e-01 1.792292668751141571e+00
4.059219712196744378e-01 1.792292668751141571e+00 2.000000000000000000e+00 1.000000000000000021e-08 5.591431659358374606e-01 1.532211947161629784e+00
5.591431659358374606e-01 1.532211947161629784e+00 2.000000000000000000e+00 1.000000000000000021e-08 7.197160232484144382e-01 1.605728573125769776e+00
7.197160232484144382e-01 1.605728573125769776e+00 2.000000000000000000e+00 1.000000000000000021e-08 9.177463403493391070e-01 1.980303171009246910e+00
9.177463403493391070e-01 1.980303171009246910e+00 0.000000000000000000e+00 1.000000000000000021e-08 1.284946508742203619e+00 3.672001683928645122e+00
1.284946508742203619e+00 3.672001683928645122e+00 1.000000000000000000e+00 9.999000000000000110e-01 1.570796326794896558e+00 5.000000000000000000e+00
-8.704471747404123050e-02 -2.337584104933336515e-02 1.000000000000000000e+00 1.000000000000000021e-08 -1.057999297710576353e-01 -1.875521229701639925e-01
-1.057999297710576353e-01 -1.875521229701639925e-01 2.000000000000000000e+00 1.000000000000000021e-08 -2.314485092874727923e-01 -1.256485795164151709e+00
-2.314485092874727923e-01 -1.256485795164151709e+00 0.000000000000000000e+00 1.000000000000000021e-08 -3.097395426494882753e-01 -7.829103336201549412e-01
-3.097395426494882753e-01 -7.829103336201549412e-01 1.000000000000000000e+00 1.000000000000000021e-08 -4.259676800726683865e-01 -1.162281374231800779e+00
-4.259676800726683865e-01 -1.162281374231800779e+00 2.000000000000000000e+00 1.000000000000000021e-08 -6.845275918295776751e-01 -2.585599117569092886e+00
-6.845275918295776751e-01 -2.585599117569092886e+00 0.000000000000000000e+00 1.000000000000000021e-08 -9.852508761522926761e-01 -3.007232843227150454e+00
-9.852508761522926761e-01 -3.007232843227150454e+00 1.000000000000000000e+00 1.000000000000000021e-08 -1.411272526133424909e+00 -4.260216499811322777e+00
-1.411272526133424909e+00 -4.260216499811322777e+00 1.000000000000000000e+00 9.999000000000000110e-01 -1.570796326794896558e+00 -5.000000000000000000e+00
-5.952250085827528320e-02 -3.033651399363796602e-02 0.000000000000000000e+00 1.000000000000000021e-08 3.393552023320998978e-03 6.291605288159627385e-01
3.393552023320998978e-03 6.291605288159627385e-01 2.000000000000000000e+00 1.000000000000000021e-08 -3.058644397155874106e-02 -3.397999599487974143e-01
-3.058644397155874106e-02 -3.397999599487974143e-01 1.000000000000000000e+00 1.000000000000000021e-08 -7.826222569966773124e-02 -4.767578172810899018e-01
-7.826222569966773124e-02 -4.767578172810899018e-01 1.000000000000000000e+00 1.000000000000000021e-08 -1.248355672244303022e-01 -4.657334152476256817e-01
-1.248355672244303022e-01 -4.657334152476256817e-01 0.000000000000000000e+00 1.000000000000000021e-08 -1.189220759186842835e-01 5.913491305746021443e-02
-1.189220759186842835e-01 5.913491305746021443e-02 1.000000000000000000e+00 1.000000000000000021e-08 -1.356329364783394331e-01 -1.671086055965515516e-01
-1.356329364783394331e-01 -1.671086055965515516e-01 1.000000000000000000e+00 1.000000000000000021e-08 -1.827812560654448470e-01 -4.714831958710540838e-01
-1.827812560654448470e-01 -4.714831958710540838e-01 0.000000000000000000e+00 1.000000000000000021e-08 -1.797929641727936123e-01 2.988291892651234738e-02
-1.797929641727936123e-01 2.988291892651234738e-02 0.000000000000000000e+00 1.000000000000000021e-08 -1.088486418630043723e-01 7.094432230978924281e-01
-1.088486418630043723e-01 7.094432230978924281e-01 1.000000000000000000e+00 1.000000000000000021e-08 -5.921718424259547059e-02 4.963145762040889752e-01
-5.921718424259547059e-02 4.963145762040889752e-01 2.000000000000000000e+00 1.000000000000000021e-08 -1.143520407348912193e-01 -5.513485649229574737e-01
-1.143520407348912193e-01 -5.513485649229574737e-01 0.000000000000000000e+00 1.000000000000000021e-08 -9.218146875803061302e-02 2.217057197686060910e-01
-9.218146875803061302e-02 2.217057197686060910e-01 1.000000000000000000e+00 1.000000000000000021e-08 -6.956991780336962972e-02 2.261155095466098053e-01
-6.956991780336962972e-02 2.261155095466098053e-01 2.000000000000000000e+00 1.000000000000000021e-08 -1.430293573969340648e-01 -7.345943959356442399e-01
-1.430293573969340648e-01 -7.345943959356442399e-01 1.000000000000000000e+00 1.000000000000000021e-08 -2.552791565927087780e-01 -1.122497991957747132e+00
-2.552791565927087780e-01 -1.122497991957747132e+00 1.000000000000000000e+00 1.000000000000000021e-08 -4.269917754444453872e-01 -1.717126188517366092e+00
-4.269917754444453872e-01 -1.717126188517366092e+00 1.000000000000000000e+00 1.000000000000000021e-08 -6.709807834274000848e-01 -2.439890079829546643e+00
-6.709807834274000848e-01 -2.439890079829546643e+00 2.000000000000000000e+00 1.000000000000000021e-08 -1.077725375782166983e+00 -4.067445923547668762e+00
-1.077725375782166983e+00 -4.067445923547668762e+00 0.000000000000000000e+00 1.000000000000000021e-08 -1.569179344148098121e+00 -4.914539683659311819e+00
-1.569179344148098121e+00 -4.914539683659311819e+00 1.000000000000000000e+00 9.999000000000000110e-01 -1.570796326794896558e+00 -5.000000000000000000e+00
-7.809885345264348799e-02 1.762762768571134869e-02 1.000000000000000000e+00 1.000000000000000021e-08 -1.007388895561607545e-01 -2.264003610351726647e-01
-1.007388895561607545e-01 -2.264003610351726647e-01 0.000000000000000000e+00 1.000000000000000021e-08 -5.497439157490546791e-02 4.576449798125528101e-01
-5.497439157490546791e-02 4.576449798125528101e-01 2.000000000000000000e+00 1.000000000000000021e-08 -1.070736526250975484e-01 -5.209926105019208054e-01
-1.070736526250975484e-01 -5.209926105019208054e-01 2.000000000000000000e+00 1.000000000000000021e-08 -2.531726934289930675e-01 -1.460990408038954858e+00
-2.531726934289930675e-01 -1.460990408038954858e+00 1.000000000000000000e+00 1.000000000000000021e-08 -4.419501067010865869e-01 -1.887774132720934972e+00
-4.419501067010865869e-01 -1.887774132720934972e+00 1.000000000000000000e+00 1.000000000000000021e-08 -7.108196771382973012e-01 -2.688695704372106920e+00
-7.108196771382973012e-01 -2.688695704372106920e+00 1.000000000000000000e+00 1.000000000000000021e-08 -1.087391724364012324e+00 -3.765720472257149787e+00
-1.087391724364012324e+00 -3.765720472257149787e+00 1.000000000000000000e+00 9.999000000000000110e-01 -1.570796326794896558e+00 -5.000000000000000000e+00
6.992054368333035230e-04 2.055024054960179550e-02 1.000000000000000000e+00 1.000000000000000021e-08 2.755489026482184356e-03 2.056283589648880833e-02
2.755489026482184356e-03 2.056283589648880833e-02 2.000000000000000000e+00 1.000000000000000021e-08 -6.816827115137472082e-02 -7.092376017785690934e-01
-6.816827115137472082e-02 -7.092376017785690934e-01 0.000000000000000000e+00 1.000000000000000021e-08 -6.583269452773578279e-02 2.335576623638935256e-02
-6.583269452773578279e-02 2.335576623638935256e-02 0.000000000000000000e+00 1.000000000000000021e-08 1.635086873058425039e-03 6.746778140079420227e-01
1.635086873058425039e-03 6.746778140079420227e-01 1.000000000000000000e+00 1.000000000000000021e-08 7.728749635701100129e-02 7.565240948395257625e-01
7.728749635701100129e-02 7.565240948395257625e-01 0.000000000000000000e+00 1.000000000000000021e-08 2.466631235573749636e-01 1.693756272003639651e+00
2.466631235573749636e-01 1.693756272003639651e+00 2.000000000000000000e+00 1.000000000000000021e-08 3.861174100398414022e-01 1.394542864824664274e+00
3.861174100398414022e-01 1.394542864824664274e+00 2.000000000000000000e+00 1.000000000000000021e-08 5.231136745627646967e-01 1.369962645229233278e+00
5.231136745627646967e-01 1.369962645229233278e+00 1.000000000000000000e+00 1.000000000000000021e-08 7.285996367840870125e-01 2.054859622213222714e+00
7.285996367840870125e-01 2.054859622213222714e+00 0.000000000000000000e+00 1.000000000000000021e-08 1.086499713397958145e+00 3.579000766138711320e+00
1.086499713397958145e+00 3.579000766138711320e+00 2.000000000000000000e+00 1.000000000000000021e-08 1.539249524232463306e+00 4.527498108345050731e+00
1.539249524232463306e+00 4.527498108345050731e+00 2.000000000000000000e+00 9.999000000000000110e-01 1.570796326794896558e+00 5.000000000000000000e+00
-5.040196302859668853e-02 -2.007853799419417190e-02 0.000000000000000000e+00 1.000000000000000021e-08 1.841834378754397816e-02 6.882030681614066392e-01
1.841834378754397816e-02 6.882030681614066392e-01 0.000000000000000000e+00 1.000000000000000021e-08 1.629428751663132280e-01 1.445245313787692387e+00
1.629428751663132280e-01 1.445245313787692387e+00 0.000000000000000000e+00 1.000000000000000021e-08 4.270899707929446398e-01 2.641470956266314118e+00
4.270899707929446398e-01 2.641470956266314118e+00 2.000000000000000000e+00 1.000000000000000021e-08 6.913032547572643960e-01 2.642132839643197340e+00
6.913032547572643960e-01 2.642132839643197340e+00 2.000000000000000000e+00 1.000000000000000021e-08 9.923996976765262490e-01 3.010964429192618308e+00
9.923996976765262490e-01 3.010964429192618308e+00 1.000000000000000000e+00 1.000000000000000021e-08 1.410058685618810870e+00 4.176589879422845542e+00
1.410058685618810870e+00 4.176589879422845542e+00 2.000000000000000000e+00 9.999000000000000110e-01 1.570796326794896558e+00 5.000000000000000000e+00
7.153578049916184400e-02 7.743838942499836620e-02 0.000000000000000000e+00 1.000000000000000021e-08 1.785705785869708129e-01 1.070347980878089578e+00
1.785705785869708129e-01 1.070347980878089578e+00 1.000000000000000000e+00 1.000000000000000021e-08 3.171351485708663320e-01 1.385645699838955025e+00
3.171351485708663320e-01 1.385645699838955025e+00 2.000000000000000000e+00 1.000000000000000021e-08 4.176416248716327551e-01 1.005064763007664119e+00
4.176416248716327551e-01 1.005064763007664119e+00 2.000000000000000000e+00 1.000000000000000021e-08 4.932688234615051348e-01 7.562719858987240196e-01
4.932688234615051348e-01 7.562719858987240196e-01 2.000000000000000000e+00 1.000000000000000021e-08 5.838545129601260264e-01 9.058568949862088049e-01
5.838545129601260264e-01 9.058568949862088049e-01 1.000000000000000000e+00 1.000000000000000021e-08 7.578907103660048605e-01 1.740361974058787897e+00
7.578907103660048605e-01 1.740361974058787897e+00 1.000000000000000000e+00 1.000000000000000021e-08 1.027976562528049032e+00 2.700858521620442154e+00
1.027976562528049032e+00 2.700858521620442154e+00 2.000000000000000000e+00 1.000000000000000021e-08 1.391633979100195262e+00 3.636574165721460972e+00
1.391633979100195262e+00 3.636574165721460972e+00 0.000000000000000000e+00 9.999000000000000110e-01 1.570796326794896558e+00 5.000000000000000000e+00
-4.086939926974266640e-02 1.781148195383691624e-02 1.000000000000000000e+00 1.000000000000000021e-08 -4.616415832347589565e-02 -5.294759053733229248e-02
-4.616415832347589565e-02 -5.294759053733229248e-02 2.000000000000000000e+00 1.000000000000000021e-08 -1.489017806607258188e-01 -1.027376223372499231e+00
-1.489017806607258188e-01 -1.027376223372499231e+00 1.000000000000000000e+00 1.000000000000000021e-08 -2.657534475293981124e-01 -1.168516668686722548e+00
-2.657534475293981124e-01 -1.168516668686722548e+00 0.000000000000000000e+00 1.000000000000000021e-08 -3.269166794444713364e-01 -6.116323191507324619e-01
-3.269166794444713364e-01 -6.116323191507324619e-01 1.000000000000000000e+00 1.000000000000000021e-08 -4.295249551652290387e-01 -1.026082757207577245e+00
-4.295249551652290387e-01 -1.026082757207577245e+00 0.000000000000000000e+00 1.000000000000000021e-08 -5.311685090886806293e-01 -1.016435539234515462e+00
-5.311685090886806293e-01 -1.016435539234515462e+00 0.000000000000000000e+00 1.000000000000000021e-08 -6.454511999254830545e-01 -1.142826908368024474e+00
-6.454511999254830545e-01 -1.142826908368024474e+00 1.000000000000000000e+00 1.000000000000000021e-08 -8.648805844099376472e-01 -2.194293844844546371e+00
-8.648805844099376472e-01 -2.194293844844546371e+00 2.000000000000000000e+00 1.000000000000000021e-08 -1.252007736924524606e+00 -3.871271525145868697e+00
-1.252007736924524606e+00 -3.871271525145868697e+00 2.000000000000000000e+00 9.999000000000000110e-01 -1.570796326794896558e+00 -5.000000000000000000e+00
5.365196275998901365e-02 -1.316709921126455601e-02 2.000000000000000000e+00 1.000000000000000021e-08 -4.391356999213741341e-02 -9.756553275212642706e-01
