-3.873741836294148505e-03 -6.645084880466719385e-03 2.000000000000000000e+00 1.000000000000000021e-08 -1.020695566673281429e-01 -9.819581483103398956e-01
-1.020695566673281429e-01 -9.819581483103398956e-01 1.000000000000000000e+00 1.000000000000000021e-08 -2.121074239918074589e-01 -1.100378673244793104e+00
-2.121074239918074589e-01 -1.100378673244793104e+00 0.000000000000000000e+00 1.000000000000000021e-08 -2.658390465776708789e-01 -5.373162258586339224e-01
-2.658390465776708789e-01 -5.373162258586339224e-01 1.000000000000000000e+00 1.000000000000000021e-08 -3.682299262823706121e-01 -1.023908797046997554e+00
-3.682299262823706121e-01 -1.023908797046997554e+00 0.000000000000000000e+00 1.000000000000000021e-08 -4.608804491363909239e-01 -9.265052285402031185e-01
-4.608804491363909239e-01 -9.265052285402031185e-01 0.000000000000000000e+00 1.000000000000000021e-08 -5.659370810842899724e-01 -1.050566319478990707e+00
-5.659370810842899724e-01 -1.050566319478990707e+00 0.000000000000000000e+00 1.000000000000000021e-08 -6.883324108052392143e-01 -1.223953297209492197e+00
-6.883324108052392143e-01 -1.223953297209492197e+00 0.000000000000000000e+00 1.000000000000000021e-08 -8.430719053405195673e-01 -1.547394945352803752e+00
-8.430719053405195673e-01 -1.547394945352803752e+00 1.000000000000000000e+00 1.000000000000000021e-08 -1.109325963584551822e+00 -2.662540582440323433e+00
-1.109325963584551822e+00 -2.662540582440323433e+00 2.000000000000000000e+00 1.000000000000000021e-08 -1.540659449864663522e+00 -4.313334862801116110e+00
-1.540659449864663522e+00 -4.313334862801116110e+00 0.000000000000000000e+00 9.999000000000000110e-01 -1.570796326794896558e+00 -5.000000000000000000e+00
-1.461915135063370473e-02 -8.164179500497005526e-02 1.000000000000000000e+00 1.000000000000000021e-08 -1.942655047829168480e-02 -4.807399127657981802e-02
-1.942655047829168480e-02 -4.807399127657981802e-02 0.000000000000000000e+00 1.000000000000000021e-08 5.591165934732671150e-02 7.533820982561839630e-01
5.591165934732671150e-02 7.533820982561839630e-01 2.000000000000000000e+00 1.000000000000000021e-08 3.662890083896451487e-02 -1.928275850836219663e-01
3.662890083896451487e-02 -1.928275850836219663e-01 2.000000000000000000e+00 1.000000000000000021e-08 -6.704317286243251239e-02 -1.036720737013970162e+00
-6.704317286243251239e-02 -1.036720737013970162e+00 2.000000000000000000e+00 1.000000000000000021e-08 -2.704033399897793344e-01 -2.033601671273467915e+00
-2.704033399897793344e-01 -2.033601671273467915e+00 2.000000000000000000e+00 1.000000000000000021e-08 -5.983257955033218778e-01 -3.279224555135424435e+00
-5.983257955033218778e-01 -3.279224555135424435e+00 2.000000000000000000e+00 1.000000000000000021e-08 -1.065778950630831723e+00 -4.674531551275098451e+00
-1.065778950630831723e+00 -4.674531551275098451e+00 0.000000000000000000e+00 9.999000000000000110e-01 -1.570796326794896558e+00 -5.000000000000000000e+00
7.974919284670799191e-02 -2.545933550886165034e-02 1.000000000000000000e+00 1.000000000000000021e-08 8.748185933323410213e-02 7.732666486526108829e-02
8.748185933323410213e-02 7.732666486526108829e-02 1.000000000000000000e+00 1.000000000000000021e-08 1.188049418613011943e-01 3.132308252806708104e-01
1.188049418613011943e-01 3.132308252806708104e-01 2.000000000000000000e+00 1.000000000000000021e-08 9.295746845465648056e-02 -2.584747340664471649e-01
9.295746845465648056e-02 -2.584747340664471649e-01 2.000000000000000000e+00 1.000000000000000021e-08 4.885676783723480465e-03 -8.807179167093299732e-01
4.885676783723480465e-03 -8.807179167093299732e-01 1.000000000000000000e+00 1.000000000000000021e-08 -9.038206427627802630e-02 -9.526774106000149844e-01
-9.038206427627802630e-02 -9.526774106000149844e-01 2.000000000000000000e+00 1.000000000000000021e-08 -2.969279261416465920e-01 -2.065458618653685630e+00
-2.969279261416465920e-01 -2.065458618653685630e+00 0.000000000000000000e+00 1.000000000000000021e-08 -4.819105283114745175e-01 -1.849826021698279144e+00
-4.819105283114745175e-01 -1.849826021698279144e+00 2.000000000000000000e+00 1.000000000000000021e-08 -8.162275364446839321e-01 -3.343170081332093702e+00
-8.162275364446839321e-01 -3.343170081332093702e+00 2.000000000000000000e+00 1.000000000000000021e-08 -1.308015409938375173e+00 -4.917878734936912188e+00
-1.308015409938375173e+00 -4.917878734936912188e+00 1.000000000000000000e+00 9.999000000000000110e-01 -1.570796326794896558e+00 -5.000000000000000000e+00
-5.373975749008998160e-02 8.145045876991144351e-02 1.000000000000000000e+00 1.000000000000000021e-08 -6.027021040985185846e-02 -6.530452919761878250e-02
-6.027021040985185846e-02 -6.530452919761878250e-02 0.000000000000000000e+00 1.000000000000000021e-08 -4.581043453313463076e-03 5.568916695653839399e-01
-4.581043453313463076e-03 5.568916695653839399e-01 0.000000000000000000e+00 1.000000000000000021e-08 1.284933134493623230e-01 1.330743569026757944e+00
1.284933134493623230e-01 1.330743569026757944e+00 1.000000000000000000e+00 1.000000000000000021e-08 2.986465149816562858e-01 1.701532015322939628e+00
2.986465149816562858e-01 1.701532015322939628e+00 1.000000000000000000e+00 1.000000000000000021e-08 5.160080861982483391e-01 2.173615712165919867e+00
5.160080861982483391e-01 2.173615712165919867e+00 1.000000000000000000e+00 1.000000000000000021e-08 8.147880992780691667e-01 2.987800130798207832e+00
8.147880992780691667e-01 2.987800130798207832e+00 0.000000000000000000e+00 1.000000000000000021e-08 1.281764513148884621e+00 4.669764138708153212e+00
1.281764513148884621e+00 4.669764138708153212e+00 0.000000000000000000e+00 9.999000000000000110e-01 1.570796326794896558e+00 5.000000000000000000e+00
8.302390904743042754e-02 -2.475378232653934613e-02 2.000000000000000000e+00 1.000000000000000021e-08 5.836944949369454738e-03 -7.718696409806097281e-01
5.836944949369454738e-03 -7.718696409806097281e-01 1.000000000000000000e+00 1.000000000000000021e-08 -6.437268171716618859e-02 -7.020962666653564055e-01
-6.437268171716618859e-02 -7.020962666653564055e-01 2.000000000000000000e+00 1.000000000000000021e-08 -2.223105568321840364e-01 -1.579378751150178228e+00
-2.223105568321840364e-01 -1.579378751150178228e+00 0.000000000000000000e+00 1.000000000000000021e-08 -3.393741486161159226e-01 -1.170635917839319085e+00
-3.393741486161159226e-01 -1.170635917839319085e+00 1.000000000000000000e+00 1.000000000000000021e-08 -5.233996776256738537e-01 -1.840255290095579532e+00
-5.233996776256738537e-01 -1.840255290095579532e+00 2.000000000000000000e+00 1.000000000000000021e-08 -8.649262722175703466e-01 -3.415265945918965151e+00
-8.649262722175703466e-01 -3.415265945918965151e+00 0.000000000000000000e+00 1.000000000000000021e-08 -1.254821728000343306e+00 -3.898954557827730039e+00
-1.254821728000343306e+00 -3.898954557827730039e+00 0.000000000000000000e+00 9.999000000000000110e-01 -1.570796326794896558e+00 -5.000000000000000000e+00
8.516932339631826110e-02 4.501366647137246269e-02 0.000000000000000000e+00 1.000000000000000021e-08 1.925408973830677883e-01 1.073715739867495245e+00
1.925408973830677883e-01 1.073715739867495245e+00 1.000000000000000000e+00 1.000000000000000021e-08 3.181948905600909261e-01 1.256539931770231266e+00
3.181948905600909261e-01 1.256539931770231266e+00 1.000000000000000000e+00 1.000000000000000021e-08 5.031235696915512534e-01 1.849286791314603384e+00
5.031235696915512534e-01 1.849286791314603384e+00 1.000000000000000000e+00 1.000000000000000021e-08 7.586703109720369653e-01 2.555467412804856231e+00
7.586703109720369653e-01 2.555467412804856231e+00 2.000000000000000000e+00 1.000000000000000021e-08 1.050116157183988097e+00 2.914458462119510429e+00
1.050116157183988097e+00 2.914458462119510429e+00 2.000000000000000000e+00 1.000000000000000021e-08 1.434598146714458178e+00 3.844819895304701696e+00
1.434598146714458178e+00 3.844819895304701696e+00 2.000000000000000000e+00 9.999000000000000110e-01 1.570796326794896558e+00 5.000000000000000000e+00
-2.703167962172759245e-02 3.335805740573948019e-02 1.000000000000000000e+00 1.000000000000000021e-08 -3.451777780048684297e-02 -7.486098178759248434e-02
-3.451777780048684297e-02 -7.486098178759248434e-02 1.000000000000000000e+00 1.000000000000000021e-08 -4.507374975880692330e-02 -1.055597195832007895e-01
-4.507374975880692330e-02 -1.055597195832007895e-01 1.000000000000000000e+00 1.000000000000000021e-08 -5.567767396463899066e-02 -1.060392420583206596e-01
-5.567767396463899066e-02 -1.060392420583206596e-01 0.000000000000000000e+00 1.000000000000000021e-08 2.365001846875129654e-02 7.932769243339028442e-01
2.365001846875129654e-02 7.932769243339028442e-01 1.000000000000000000e+00 1.000000000000000021e-08 1.173340176746538455e-01 9.368399920590254615e-01
1.173340176746538455e-01 9.368399920590254615e-01 1.000000000000000000e+00 1.000000000000000021e-08 2.188465321189430601e-01 1.015125144442891925e+00
2.188465321189430601e-01 1.015125144442891925e+00 1.000000000000000000e+00 1.000000000000000021e-08 3.594589982037911247e-01 1.406124660848480534e+00
3.594589982037911247e-01 1.406124660848480534e+00 0.000000000000000000e+00 1.000000000000000021e-08 6.533776916586697681e-01 2.939186934548785768e+00
6.533776916586697681e-01 2.939186934548785768e+00 0.000000000000000000e+00 1.000000000000000021e-08 1.097040983551131443e+00 4.436632918924616753e+00
1.097040983551131443e+00 4.436632918924616753e+00 2.000000000000000000e+00 9.999000000000000110e-01 1.570796326794896558e+00 5.000000000000000000e+00
3.501074549306905370e-02 3.190957620187429011e-02 1.000000000000000000e+00 1.000000000000000021e-08 2.819992182821736207e-02 -6.810823664851690940e-02
2.819992182821736207e-02 -6.810823664851690940e-02 0.000000000000000000e+00 1.000000000000000021e-08 1.032385444774450989e-01 7.503862264922773750e-01
1.032385444774450989e-01 7.503862264922773750e-01 0.000000000000000000e+00 1.000000000000000021e-08 2.665130656547805010e-01 1.632745211773353633e+00
2.665130656547805010e-01 1.632745211773353633e+00 2.000000000000000000e+00 1.000000000000000021e-08 3.747817344878782153e-01 1.082686688330977365e+00
3.747817344878782153e-01 1.082686688330977365e+00 0.000000000000000000e+00 1.000000000000000021e-08 6.395987202392325877e-01 2.648169857513543946e+00
6.395987202392325877e-01 2.648169857513543946e+00 1.000000000000000000e+00 1.000000000000000021e-08 9.965726067346449835e-01 3.569738864954123514e+00
9.965726067346449835e-01 3.569738864954123514e+00 2.000000000000000000e+00 1.000000000000000021e-08 1.432727978811418668e+00 4.361553720767735953e+00
1.432727978811418668e+00 4.361553720767735953e+00 1.000000000000000000e+00 9.999000000000000110e-01 1.570796326794896558e+00 5.000000000000000000e+00
3.267709008890631872e-02 -6.723592215032478392e-02 1.000000000000000000e+00 1.000000000000000021e-08 4.190853487090116791e-02 9.231444781994849191e-02
4.190853487090116791e-02 9.231444781994849191e-02 0.000000000000000000e+00 1.000000000000000021e-08 1.637513410345831921e-01 1.218428061636820159e+00
1.637513410345831921e-01 1.218428061636820159e+00 2.000000000000000000e+00 1.000000000000000021e-08 2.114758191945711463e-01 4.772447815998793752e-01
2.114758191945711463e-01 4.772447815998793752e-01 1.000000000000000000e+00 1.000000000000000021e-08 2.898092970872944707e-01 7.833347789272333550e-01
2.898092970872944707e-01 7.833347789272333550e-01 2.000000000000000000e+00 1.000000000000000021e-08 3.227887771395209215e-01 3.297948005222643975e-01
3.227887771395209215e-01 3.297948005222643975e-01 2.000000000000000000e+00 1.000000000000000021e-08 3.261793871710805259e-01 3.390610031559582183e-02
3.261793871710805259e-01 3.390610031559582183e-02 2.000000000000000000e+00 1.000000000000000021e-08 2.977082662754682030e-01 -2.847112089561235071e-01
2.977082662754682030e-01 -2.847112089561235071e-01 1.000000000000000000e+00 1.000000000000000021e-08 3.124949831419867041e-01 1.478671686651847894e-01
3.124949831419867041e-01 1.478671686651847894e-01 0.000000000000000000e+00 1.000000000000000021e-08 4.595624681687835444e-01 1.470674850267968736e+00
4.595624681687835444e-01 1.470674850267968736e+00 0.000000000000000000e+00 1.000000000000000021e-08 7.426473595411484663e-01 2.830848913723649218e+00
7.426473595411484663e-01 2.830848913723649218e+00 2.000000000000000000e+00 1.000000000000000021e-08 1.064109982824334555e+00 3.214626232831861330e+00
1.064109982824334555e+00 3.214626232831861330e+00 0.000000000000000000e+00 1.000000000000000021e-08 1.547542847445536829e+00 4.834328646212023628e+00
1.547542847445536829e+00 4.834328646212023628e+00 1.000000000000000000e+00 9.999000000000000110e-01 1.570796326794896558e+00 5.000000000000000000e+00
-3.555367333534797947e-02 4.287402412685038106e-02 0.000000000000000000e+00 1.000000000000000021e-08 5.181635057164175884e-02 8.737002390698973553e-01
5.181635057164175884e-02 8.737002390698973553e-01 2.000000000000000000e+00 1.000000000000000021e-08 6.665300447899717706e-02 1.483665390735541267e-01
6.665300447899717706e-02 1.483665390735541267e-01 2.000000000000000000e+00 1.000000000000000021e-08 -5.824785644137103757e-03 -7.247779012313427804e-01
-5.824785644137103757e-03 -7.247779012313427804e-01 0.000000000000000000e+00 1.000000000000000021e-08 1.788390580195529933e-02 2.370869144609240031e-01
1.788390580195529933e-02 2.370869144609240031e-01 2.000000000000000000e+00 1.000000000000000021e-08 -3.660995742658414154e-02 -5.449386322853944087e-01
-3.660995742658414154e-02 -5.449386322853944087e-01 1.000000000000000000e+00 1.000000000000000021e-08 -1.062057458662770681e-01 -6.959578843969292938e-01
-1.062057458662770681e-01 -6.959578843969292938e-01 1.000000000000000000e+00 1.000000000000000021e-08 -1.861632740954085596e-01 -7.995752822913150260e-01
-1.861632740954085596e-01 -7.995752822913150260e-01 1.000000000000000000e+00 1.000000000000000021e-08 -3.068424636522446569e-01 -1.206791895568360973e+00
-3.068424636522446569e-01 -1.206791895568360973e+00 1.000000000000000000e+00 1.000000000000000021e-08 -4.891224564696244892e-01 -1.822799928173798101e+00
-4.891224564696244892e-01 -1.822799928173798101e+00 1.000000000000000000e+00 1.000000000000000021e-08 -7.535615798295800527e-01 -2.644391233599555857e+00
-7.535615798295800527e-01 -2.644391233599555857e+00 0.000000000000000000e+00 1.000000000000000021e-08 -1.065193637368964774e+00 -3.116320575393847214e+00
-1.065193637368964774e+00 -3.116320575393847214e+00 0.000000000000000000e+00 1.000000000000000021e-08 -1.469564113036242237e+00 -4.043704756672773293e+00
-1.469564113036242237e+00 -4.043704756672773293e+00 1.000000000000000000e+00 9.999000000000000110e-01 -1.570796326794896558e+00 -5.000000000000000000e+00
6.830865074824002403e-02 -2.267301252149714341e-02 1.000000000000000000e+00 1.000000000000000021e-08 7.985681401615069008e-02 1.154816326791067160e-01
7.985681401615069008e-02 1.154816326791067160e-01 1.000000000000000000e+00 1.000000000000000021e-08 1.108269554013788516e-01 3.097014138522816706e-01
1.108269554013788516e-01 3.097014138522816706e-01 2.000000000000000000e+00 1.000000000000000021e-08 7.009728165367892783e-02 -4.072967374769992377e-01
7.009728165367892783e-02 -4.072967374769992377e-01 2.000000000000000000e+00 1.000000000000000021e-08 -6.244856458270525712e-02 -1.325458462363841683e+00
-6.244856458270525712e-02 -1.325458462363841683e+00 1.000000000000000000e+00 1.000000000000000021e-08 -1.978031123213185860e-01 -1.353545477386133289e+00
-1.978031123213185860e-01 -1.353545477386133289e+00 2.000000000000000000e+00 1.000000000000000021e-08 -4.475361912456158886e-01 -2.497330789242973026e+00
-4.475361912456158886e-01 -2.497330789242973026e+00 0.000000000000000000e+00 1.000000000000000021e-08 -6.859850081139913236e-01 -2.384488168683754239e+00
-6.859850081139913236e-01 -2.384488168683754239e+00 1.000000000000000000e+00 1.000000000000000021e-08 -1.021004248100964240e+00 -3.350192399869730053e+00
-1.021004248100964240e+00 -3.350192399869730053e+00 0.000000000000000000e+00 1.000000000000000021e-08 -1.442686909077196766e+00 -4.216826609762325262e+00
-1.442686909077196766e+00 -4.216826609762325262e+00 0.000000000000000000e+00 9.999000000000000110e-01 -1.570796326794896558e+00 -5.000000000000000000e+00
-3.700125559249081708e-02 -6.701523074357437770e-03 1.000000000000000000e+00 1.000000000000000021e-08 -5.774175318160158776e-02 -2.074049758911076791e-01
-5.774175318160158776e-02 -2.074049758911076791e-01 2.000000000000000000e+00 1.000000000000000021e-08 -1.637530048659170401e-01 -1.060112516843154662e+00
-1.637530048659170401e-01 -1.060112516843154662e+00 0.000000000000000000e+00 1.000000000000000021e-08 -2.134508570883870415e-01 -4.969785222246999590e-01
-2.134508570883870415e-01 -4.969785222246999590e-01 2.000000000000000000e+00 1.000000000000000021e-08 -3.948756287156071076e-01 -1.814247716272200162e+00
-3.948756287156071076e-01 -1.814247716272200162e+00 2.000000000000000000e+00 1.000000000000000021e-08 -7.061929237096604695e-01 -3.113172949940532952e+00
-7.061929237096604695e-01 -3.113172949940532952e+00 2.000000000000000000e+00 1.000000000000000021e-08 -1.182702783847694450e+00 -4.765098601380339360e+00
-1.182702783847694450e+00 -4.765098601380339360e+00 1.000000000000000000e+00 9.999000000000000110e-01 -1.570796326794896558e+00 -5.000000000000000000e+00
-3.994483179811093854e-02 -7.037188994268339659e-02 1.000000000000000000e+00 1.000000000000000021e-08 -5.995525581673541438e-02 -2.001042401862447029e-01
-5.995525581673541438e-02 -2.001042401862447029e-01 2.000000000000000000e+00 1.000000000000000021e-08 -1.722466845145976533e-01 -1.122914286978622389e+00
-1.722466845145976533e-01 -1.122914286978622389e+00 1.000000000000000000e+00 1.000000000000000021e-08 -3.296084852488260220e-01 -1.573618007342283631e+00
-3.296084852488260220e-01 -1.573618007342283631e+00 1.000000000000000000e+00 1.000000000000000021e-08 -5.469774239097640045e-01 -2.173689386609379603e+00
-5.469774239097640045e-01 -2.173689386609379603e+00 0.000000000000000000e+00 1.000000000000000021e-08 -7.841609492114963720e-01 -2.371835253017323453e+00
-7.841609492114963720e-01 -2.371835253017323453e+00 0.000000000000000000e+00 1.000000000000000021e-08 -1.063222899441217839e+00 -2.790619502297214893e+00
-1.063222899441217839e+00 -2.790619502297214893e+00 2.000000000000000000e+00 1.000000000000000021e-08 -1.506608702898707630e+00 -4.433858034574898355e+00
-1.506608702898707630e+00 -4.433858034574898355e+00 0.000000000000000000e+00 9.999000000000000110e-01 -1.570796326794896558e+00 -5.000000000000000000e+00
6.729122856372329875e-02 5.209311223329718410e-02 2.000000000000000000e+00 1.000000000000000021e-08 5.663464245181465406e-03 -6.162776431854183334e-01
5.663464245181465406e-03 -6.162776431854183334e-01 1.000000000000000000e+00 1.000000000000000021e-08 -6.251063045955729258e-02 -6.817409470473875244e-01
-6.251063045955729258e-02 -6.817409470473875244e-01 0.000000000000000000e+00 1.000000000000000021e-08 -5.183051101897021701e-02 1.068011944058707696e-01
-5.183051101897021701e-02 1.068011944058707696e-01 0.000000000000000000e+00 1.000000000000000021e-08 3.416232473757025573e-02 8.599283575654046441e-01
3.416232473757025573e-02 8.599283575654046441e-01 1.000000000000000000e+00 1.000000000000000021e-08 1.150902559612499709e-01 8.092793122367971659e-01
1.150902559612499709e-01 8.092793122367971659e-01 0.000000000000000000e+00 1.000000000000000021e-08 3.050550188190291889e-01 1.899647628577791680e+00
3.050550188190291889e-01 1.899647628577791680e+00 1.000000000000000000e+00 1.000000000000000021e-08 5.403441969172583237e-01 2.352891780982291348e+00
5.403441969172583237e-01 2.352891780982291348e+00 1.000000000000000000e+00 1.000000000000000021e-08 8.691716449800440669e-01 3.288274480627856988e+00
8.691716449800440669e-01 3.288274480627856988e+00 2.000000000000000000e+00 1.000000000000000021e-08 1.257873563608552514e+00 3.887019186285084693e+00
1.257873563608552514e+00 3.887019186285084693e+00 0.000000000000000000e+00 9.999000000000000110e-01 1.570796326794896558e+00 5.000000000000000000e+00
4.019804949922187870e-03 4.166592999892675814e-02 2.000000000000000000e+00 1.000000000000000021e-08 -6.453331014511873298e-02 -6.855311509504091738e-01
-6.453331014511873298e-02 -6.855311509504091738e-01 1.000000000000000000e+00 1.000000000000000021e-08 -1.539918360175681622e-01 -8.945852587244943477e-01
-1.539918360175681622e-01 -8.945852587244943477e-01 2.000000000000000000e+00 1.000000000000000021e-08 -3.480989321709651030e-01 -1.941070961533969186e+00
-3.480989321709651030e-01 -1.941070961533969186e+00 1.000000000000000000e+00 1.000000000000000021e-08 -5.915565658159745999e-01 -2.434576336450095191e+00
-5.915565658159745999e-01 -2.434576336450095191e+00 0.000000000000000000e+00 1.000000000000000021e-08 -8.662850665865133859e-01 -2.747285007705387194e+00
-8.662850665865133859e-01 -2.747285007705387194e+00 1.000000000000000000e+00 1.000000000000000021e-08 -1.264402055623448318e+00 -3.981169890369349762e+00
-1.264402055623448318e+00 -3.981169890369349762e+00 1.000000000000000000e+00 9.999000000000000110e-01 -1.570796326794896558e+00 -5.000000000000000000e+00
7.776561272826777726e-02 -8.564241713465778338e-02 1.000000000000000000e+00 1.000000000000000021e-08 8.559035051001988303e-02 7.824737781752102994e-02
8.559035051001988303e-02 7.824737781752102994e-02 2.000000000000000000e+00 1.000000000000000021e-08 1.105181839824041778e-02 -7.453853211177946525e-01
1.105181839824041778e-02 -7.453853211177946525e-01 0.000000000000000000e+00 1.000000000000000021e-08 3.357547118802828301e-02 2.252365278978786245e-01
3.357547118802828301e-02 2.252365278978786245e-01 2.000000000000000000e+00 1.000000000000000021e-08 -2.919060350079998034e-02 -6.276607468882826613e-01
-2.919060350079998034e-02 -6.276607468882826613e-01 2.000000000000000000e+00 1.000000000000000021e-08 -1.930021259082136953e-01 -1.638115224074136789e+00
-1.930021259082136953e-01 -1.638115224074136789e+00 0.000000000000000000e+00 1.000000000000000021e-08 -2.922384744896240338e-01 -9.923634858141032744e-01
-2.922384744896240338e-01 -9.923634858141032744e-01 0.000000000000000000e+00 1.000000000000000021e-08 -3.703242041820061781e-01 -7.808572969238213313e-01
-3.703242041820061781e-01 -7.808572969238213313e-01 1.000000000000000000e+00 1.000000000000000021e-08 -5.247568701790684687e-01 -1.544326659970622906e+00
-5.247568701790684687e-01 -1.544326659970622906e+00 2.000000000000000000e+00 1.000000000000000021e-08 -8.211626393648283617e-01 -2.964057691857598709e+00
-8.211626393648283617e-01 -2.964057691857598709e+00 2.000000000000000000e+00 1.000000000000000021e-08 -1.279227323887633716e+00 -4.580646845228052655e+00
-1.279227323887633716e+00 -4.580646845228052655e+00 1.000000000000000000e+00 9.999000000000000110e-01 -1.570796326794896558e+00 -5.000000000000000000e+00
7.761895984081286504e-03 6.591110833072957864e-02 2.000000000000000000e+00 1.000000000000000021e-08 -8.941920956952811861e-02 -9.718110555360939262e-01
-8.941920956952811861e-02 -9.718110555360939262e-01 0.000000000000000000e+00 1.000000000000000021e-08 -1.115471559783809546e-01 -2.212794640885283881e-01
-1.115471559783809546e-01 -2.212794640885283881e-01 1.000000000000000000e+00 1.000000000000000021e-08 -1.693083888339909082e-01 -5.776123285560993414e-01
-1.693083888339909082e-01 -5.776123285560993414e-01 2.000000000000000000e+00 1.000000000000000021e-08 -3.344948759852348630e-01 -1.651864871512439770e+00
-3.344948759852348630e-01 -1.651864871512439770e+00 0.000000000000000000e+00 1.000000000000000021e-08 -4.577255806763139145e-01 -1.232307046910790405e+00
-4.577255806763139145e-01 -1.232307046910790405e+00 0.000000000000000000e+00 1.000000000000000021e-08 -5.900523472532598346e-01 -1.323267665769459533e+00
-5.900523472532598346e-01 -1.323267665769459533e+00 2.000000000000000000e+00 1.000000000000000021e-08 -8.846517611918440771e-01 -2.945994139385841759e+00
-8.846517611918440771e-01 -2.945994139385841759e+00 1.000000000000000000e+00 1.000000000000000021e-08 -1.303035635138101167e+00 -4.183838739462570899e+00
-1.303035635138101167e+00 -4.183838739462570899e+00 0.000000000000000000e+00 9.999000000000000110e-01 -1.570796326794896558e+00 -5.000000000000000000e+00
-1.194631189688128738e-02 -5.504877543822520730e-02 1.000000000000000000e+00 1.000000000000000021e-08 -2.115682870601625493e-02 -9.210516809134969285e-02
-2.115682870601625493e-02 -9.210516809134969285e-02 1.000000000000000000e+00 1.000000000000000021e-08 -3.279581506127010604e-02 -1.163898635525385250e-01
-3.279581506127010604e-02 -1.163898635525385250e-01 1.000000000000000000e+00 1.000000000000000021e-08 -3.621872167061442049e-02 -3.422906609344311679e-02
-3.621872167061442049e-02 -3.422906609344311679e-02 0.000000000000000000e+00 1.000000000000000021e-08 2.506759941092612243e-02 6.128632108154054015e-01
2.506759941092612243e-02 6.128632108154054015e-01 2.000000000000000000e+00 1.000000000000000021e-08 2.510458071895670107e-03 -2.255714133903045093e-01
2.510458071895670107e-03 -2.255714133903045093e-01 1.000000000000000000e+00 1.000000000000000021e-08 -2.780266166826719440e-02 -3.031311974016286381e-01
-2.780266166826719440e-02 -3.031311974016286381e-01 0.000000000000000000e+00 1.000000000000000021e-08 3.817927349352508160e-02 6.598193516179227114e-01
3.817927349352508160e-02 6.598193516179227114e-01 0.000000000000000000e+00 1.000000000000000021e-08 2.151842247283784482e-01 1.770049512348533804e+00
2.151842247283784482e-01 1.770049512348533804e+00 0.000000000000000000e+00 1.000000000000000021e-08 5.093972530958036371e-01 2.942130283674251778e+00
5.093972530958036371e-01 2.942130283674251778e+00 0.000000000000000000e+00 1.000000000000000021e-08 9.568305911609888970e-01 4.474333380651852821e+00
9.568305911609888970e-01 4.474333380651852821e+00 1.000000000000000000e+00 1.000000000000000021e-08 1.512964963871483270e+00 5.000000000000000000e+00
1.512964963871483270e+00 5.000000000000000000e+00 2.000000000000000000e+00 9.999000000000000110e-01 1.570796326794896558e+00 5.000000000000000000e+00
-2.969762352201563149e-02 8.643253627956198892e-02 2.000000000000000000e+00 1.000000000000000021e-08 -1.021978710608675983e-01 -7.250024753885195850e-01
-1.021978710608675983e-01 -7.250024753885195850e-01 2.000000000000000000e+00 1.000000000000000021e-08 -2.655056419291805803e-01 -1.633077708683129625e+00
-2.655056419291805803e-01 -1.633077708683129625e+00 1.000000000000000000e+00 1.000000000000000021e-08 -4.821133998484165017e-01 -2.166077579192359437e+00
-4.821133998484165017e-01 -2.166077579192359437e+00 1.000000000000000000e+00 1.000000000000000021e-08 -7.827593185996218894e-01 -3.006459187512053433e+00
-7.827593185996218894e-01 -3.006459187512053433e+00 1.000000000000000000e+00 1.000000000000000021e-08 -1.176720370502321034e+00 -3.939610519026991220e+00
-1.176720370502321034e+00 -3.939610519026991220e+00 2.000000000000000000e+00 9.999000000000000110e-01 -1.570796326794896558e+00 -5.000000000000000000e+00
7.442018410149858765e-02 -3.565968907255327724e-02 0.000000000000000000e+00 1.000000000000000021e-08 1.868310371371949274e-01 1.124108530356963342e+00
1.868310371371949274e-01 1.124108530356963342e+00 0.000000000000000000e+00 1.000000000000000021e-08 4.026881790748986778e-01 2.158571419377037337e+00
4.026881790748986778e-01 2.158571419377037337e+00 2.000000000000000000e+00 1.000000000000000021e-08 6.134621231475609893e-01 2.107739440726622782e+00
6.134621231475609893e-01 2.107739440726622782e+00 1.000000000000000000e+00 1.000000000000000021e-08 9.147817180893110800e-01 3.013195949417500685e+00
9.147817180893110800e-01 3.013195949417500685e+00 1.000000000000000000e+00 1.000000000000000021e-08 1.333986667597438336e+00 4.192049495081272781e+00
1.333986667597438336e+00 4.192049495081272781e+00 1.000000000000000000e+00 9.999000000000000110e-01 1.570796326794896558e+00 5.000000000000000000e+00
-1.558817644849563172e-03 3.221649178003613279e-02 1.000000000000000000e+00 1.000000000000000021e-08 8.493623521890262401e-03 1.005244116673982419e-01
8.493623521890262401e-03 1.005244116673982419e-01 1.000000000000000000e+00 1.000000000000000021e-08 2.293517864534804634e-02 1.444155512345778325e-01
2.293517864534804634e-02 1.444155512345778325e-01 2.000000000000000000e+00 1.000000000000000021e-08 -2.948940979804656054e-02 -5.242458844339460411e-01
-2.948940979804656054e-02 -5.242458844339460411e-01 2.000000000000000000e+00 1.000000000000000021e-08 -1.716916863863101050e-01 -1.422022765882635209e+00
-1.716916863863101050e-01 -1.422022765882635209e+00 1.000000000000000000e+00 1.000000000000000021e-08 -3.560279345155669128e-01 -1.843362481292567967e+00
-3.560279345155669128e-01 -1.843362481292567967e+00 0.000000000000000000e+00 1.000000000000000021e-08 -5.053570395872785115e-01 -1.493291050717115986e+00
-5.053570395872785115e-01 -1.493291050717115986e+00 2.000000000000000000e+00 1.000000000000000021e-08 -8.048251375438340016e-01 -2.994680979565554679e+00
-8.048251375438340016e-01 -2.994680979565554679e+00 2.000000000000000000e+00 1.000000000000000021e-08 -1.269786877962953753e+00 -4.649617404191196179e+00
-1.269786877962953753e+00 -4.649617404191196179e+00 0.000000000000000000e+00 9.999000000000000110e-01 -1.570796326794896558e+00 -5.000000000000000000e+00
1.959767645198246672e-02 -1.415259260604827957e-02 0.000000000000000000e+00 1.000000000000000021e-08 1.013548392107033180e-01 8.175716275872084715e-01
1.013548392107033180e-01 8.175716275872084715e-01 2.000000000000000000e+00 1.000000000000000021e-08 1.143831391173635303e-01 1.302829990666021232e-01
1.143831391173635303e-01 1.302829990666021232e-01 0.000000000000000000e+00 1.000000000000000021e-08 2.370418845163904664e-01 1.226587453990269472e+00
2.370418845163904664e-01 1.226587453990269472e+00 1.000000000000000000e+00 1.000000000000000021e-08 3.890172000726098145e-01 1.519753155562193481e+00
3.890172000726098145e-01 1.519753155562193481e+00 2.000000000000000000e+00 1.000000000000000021e-08 5.365830141433933775e-01 1.475658140707835964e+00
5.365830141433933775e-01 1.475658140707835964e+00 2.000000000000000000e+00 1.000000000000000021e-08 6.857015674454483012e-01 1.491185533020549236e+00
6.857015674454483012e-01 1.491185533020549236e+00 0.000000000000000000e+00 1.000000000000000021e-08 1.004477523649991655e+00 3.187759562045433093e+00
1.004477523649991655e+00 3.187759562045433093e+00 1.000000000000000000e+00 1.000000000000000021e-08 1.440353264627607377e+00 4.358757409776156777e+00
1.440353264627607377e+00 4.358757409776156777e+00 2.000000000000000000e+00 9.999000000000000110e-01 1.570796326794896558e+00 5.000000000000000000e+00
-3.060186787017510346e-02 7.124892215881020729e-02 2.000000000000000000e+00 1.000000000000000021e-08 -1.093278756443710892e-01 -7.872600777419598295e-01
-1.093278756443710892e-01 -7.872600777419598295e-01 0.000000000000000000e+00 1.000000000000000021e-08 -1.188102919993187373e-01 -9.482416354947642567e-02
-1.188102919993187373e-01 -9.482416354947642567e-02 2.000000000000000000e+00 1.000000000000000021e-08 -2.282008117081688603e-01 -1.093905197088501202e+00
-2.282008117081688603e-01 -1.093905197088501202e+00 2.000000000000000000e+00 1.000000000000000021e-08 -4.606337128254563984e-01 -2.324329011172875159e+00
-4.606337128254563984e-01 -2.324329011172875159e+00 2.000000000000000000e+00 1.000000000000000021e-08 -8.485192020924514633e-01 -3.878854892669950427e+00
-8.485192020924514633e-01 -3.878854892669950427e+00 0.000000000000000000e+00 1.000000000000000021e-08 -1.282512029939426812e+00 -4.339928278469752598e+00
-1.282512029939426812e+00 -4.339928278469752598e+00 2.000000000000000000e+00 9.999000000000000110e-01 -1.570796326794896558e+00 -5.000000000000000000e+00
-4.579459432134474345e-02 -1.060349247698612850e-02 2.000000000000000000e+00 1.000000000000000021e-08 -1.269011877044652903e-01 -8.110659338312053990e-01
-1.269011877044652903e-01 -8.110659338312053990e-01 0.000000000000000000e+00 1.000000000000000021e-08 -1.277442404877342230e-01 -8.430527832689382883e-03
-1.277442404877342230e-01 -8.430527832689382883e-03 1.000000000000000000e+00 1.000000000000000021e-08 -1.556080286742927699e-01 -2.786378818655854683e-01
-1.556080286742927699e-01 -2.786378818655854683e-01 2.000000000000000000e+00 1.000000000000000021e-08 -3.050361974580884650e-01 -1.494281687837957007e+00
-3.050361974580884650e-01 -1.494281687837957007e+00 0.000000000000000000e+00 1.000000000000000021e-08 -4.279787318165382271e-01 -1.229425343584497510e+00
-4.279787318165382271e-01 -1.229425343584497510e+00 1.000000000000000000e+00 1.000000000000000021e-08 -6.268323266151878403e-01 -1.988535947986496133e+00
-6.268323266151878403e-01 -1.988535947986496133e+00 2.000000000000000000e+00 1.000000000000000021e-08 -9.792450645512631446e-01 -3.524127379360752155e+00
-9.792450645512631446e-01 -3.524127379360752155e+00 1.000000000000000000e+00 1.000000000000000021e-08 -1.456701548994482565e+00 -4.774564844432195088e+00
-1.456701548994482565e+00 -4.774564844432195088e+00 2.000000000000000000e+00 9.999000000000000110e-01 -1.570796326794896558e+00 -5.000000000000000000e+00
7.110140400058606591e-02 1.728228370818218201e-03 2.000000000000000000e+00 1.000000000000000021e-08 -5.814438373557023754e-03 -7.691584237414308411e-01
-5.814438373557023754e-03 -7.691584237414308411e-01 1.000000000000000000e+00 1.000000000000000021e-08 -8.013871451926013467e-02 -7.432427614570310537e-01
-8.013871451926013467e-02 -7.432427614570310537e-01 2.000000000000000000e+00 1.000000000000000021e-08 -2.692106164301327764e-01 -1.890719019108725973e+00
-2.692106164301327764e-01 -1.890719019108725973e+00 1.000000000000000000e+00 1.000000000000000021e-08 -5.107579907158041888e-01 -2.415473742856713457e+00
-5.107579907158041888e-01 -2.415473742856713457e+00 2.000000000000000000e+00 1.000000000000000021e-08 -8.939226372288804345e-01 -3.831646465130762902e+00
-8.939226372288804345e-01 -3.831646465130762902e+00 1.000000000000000000e+00 1.000000000000000021e-08 -1.384067622406573772e+00 -4.901449851776932043e+00
-1.384067622406573772e+00 -4.901449851776932043e+00 1.000000000000000000e+00 9.999000000000000110e-01 -1.570796326794896558e+00 -5.000000000000000000e+00
3.796309141952342037e-02 -6.180595649851253204e-03 2.000000000000000000e+00 1.000000000000000021e-08 -4.608949864616278258e-02 -8.405259006568619462e-01
-4.608949864616278258e-02 -8.405259006568619462e-01 0.000000000000000000e+00 1.000000000000000021e-08 -4.655596258097696033e-02 -4.664639348141763620e-03
-4.655596258097696033e-02 -4.664639348141763620e-03 1.000000000000000000e+00 1.000000000000000021e-08 -5.657061576634180022e-02 -1.001465318536483989e-01
-5.657061576634180022e-02 -1.001465318536483989e-01 2.000000000000000000e+00 1.000000000000000021e-08 -1.587514999100283486e-01 -1.021808841436865345e+00
-1.587514999100283486e-01 -1.021808841436865345e+00 0.000000000000000000e+00 1.000000000000000021e-08 -2.029666091910058423e-01 -4.421510928097748261e-01
-2.029666091910058423e-01 -4.421510928097748261e-01 0.000000000000000000e+00 1.000000000000000021e-08 -1.851335273833815687e-01 1.783308180762428474e-01
-1.851335273833815687e-01 1.783308180762428474e-01 2.000000000000000000e+00 1.000000000000000021e-08 -2.823183168611336780e-01 -9.718478947775208709e-01
-2.823183168611336780e-01 -9.718478947775208709e-01 2.000000000000000000e+00 1.000000000000000021e-08 -4.944436386938801942e-01 -2.121253218327464829e+00
-4.944436386938801942e-01 -2.121253218327464829e+00 2.000000000000000000e+00 1.000000000000000021e-08 -8.427540763102250310e-01 -3.483104376163447480e+00
-8.427540763102250310e-01 -3.483104376163447480e+00 2.000000000000000000e+00 1.000000000000000021e-08 -1.357544047132370757e+00 -5.000000000000000000e+00
-1.357544047132370757e+00 -5.000000000000000000e+00 0.000000000000000000e+00 9.999000000000000110e-01 -1.570796326794896558e+00 -5.000000000000000000e+00
6.446158535289335523e-02 -5.263848348682234612e-02 0.000000000000000000e+00 1.000000000000000021e-08 1.563482558997031091e-01 9.188667054680974555e-01
1.563482558997031091e-01 9.188667054680974555e-01 2.000000000000000000e+00 1.000000000000000021e-08 1.739700775043804548e-01 1.762182160467735681e-01
1.739700775043804548e-01 1.762182160467735681e-01 2.000000000000000000e+00 1.000000000000000021e-08 1.358124407700546377e-01 -3.815763673432580605e-01
1.358124407700546377e-01 -3.815763673432580605e-01 0.000000000000000000e+00 1.000000000000000021e-08 2.033239474728986140e-01 6.751150670284397082e-01
2.033239474728986140e-01 6.751150670284397082e-01 1.000000000000000000e+00 1.000000000000000021e-08 3.012049039503481573e-01 9.788095647744955441e-01
3.012049039503481573e-01 9.788095647744955441e-01 0.000000000000000000e+00 1.000000000000000021e-08 5.234093840053134494e-01 2.222044800549653143e+00
5.234093840053134494e-01 2.222044800549653143e+00 0.000000000000000000e+00 1.000000000000000021e-08 8.839822246071593614e-01 3.605728406018458454e+00
8.839822246071593614e-01 3.605728406018458454e+00 2.000000000000000000e+00 1.000000000000000021e-08 1.302491238537448082e+00 4.185090139302886314e+00
1.302491238537448082e+00 4.185090139302886314e+00 1.000000000000000000e+00 9.999000000000000110e-01 1.570796326794896558e+00 5.000000000000000000e+00
8.013378761116390220e-03 1.431559897630350908e-02 2.000000000000000000e+00 1.000000000000000021e-08 -8.851822259220787359e-02 -9.653160135332425895e-01
-8.851822259220787359e-02 -9.653160135332425895e-01 0.000000000000000000e+00 1.000000000000000021e-08 -1.014660854401039786e-01 -1.294786284789610775e-01
-1.014660854401039786e-01 -1.294786284789610775e-01 1.000000000000000000e+00 1.000000000000000021e-08 -1.195394872205719494e-01 -1.807340178046797363e-01
-1.195394872205719494e-01 -1.807340178046797363e-01 1.000000000000000000e+00 1.000000000000000021e-08 -1.482503140247636575e-01 -2.871082680419170807e-01
-1.482503140247636575e-01 -2.871082680419170807e-01 2.000000000000000000e+00 1.000000000000000021e-08 -3.048988548372695284e-01 -1.566485408125058765e+00
-3.048988548372695284e-01 -1.566485408125058765e+00 1.000000000000000000e+00 1.000000000000000021e-08 -5.179654592153384307e-01 -2.130666043780688579e+00
-5.179654592153384307e-01 -2.130666043780688579e+00 1.000000000000000000e+00 1.000000000000000021e-08 -7.959474858915422946e-01 -2.779820266762038639e+00
-7.959474858915422946e-01 -2.779820266762038639e+00 0.000000000000000000e+00 1.000000000000000021e-08 -1.123407592758888907e+00 -3.274601068673464788e+00
-1.123407592758888907e+00 -3.274601068673464788e+00 2.000000000000000000e+00 9.999000000000000110e-01 -1.570796326794896558e+00 -4.879008360800544786e+00
6.623044390242821544e-02 2.918296516339728697e-02 0.000000000000000000e+00 1.000000000000000021e-08 1.766659536966111999e-01 1.104355097941829955e+00
1.766659536966111999e-01 1.104355097941829955e+00 2.000000000000000000e+00 1.000000000000000021e-08 2.282104114137969986e-01 5.154445771718578762e-01
2.282104114137969986e-01 5.154445771718578762e-01 0.000000000000000000e+00 1.000000000000000021e-08 3.999830655249015376e-01 1.717726541111045169e+00
3.999830655249015376e-01 1.717726541111045169e+00 1.000000000000000000e+00 1.000000000000000021e-08 6.488895428740142357e-01 2.489064773491126203e+00
6.488895428740142357e-01 2.489064773491126203e+00 0.000000000000000000e+00 1.000000000000000021e-08 1.066695718580905172e+00 4.178061757068908477e+00
1.066695718580905172e+00 4.178061757068908477e+00 2.000000000000000000e+00 1.000000000000000021e-08 1.561988585933473672e+00 4.952928673525684999e+00
1.561988585933473672e+00 4.952928673525684999e+00 1.000000000000000000e+00 9.999000000000000110e-01 1.570796326794896558e+00 5.000000000000000000e+00
8.895062984506530573e-03 -8.508568471347156825e-02 2.000000000000000000e+00 1.000000000000000021e-08 -8.232944204791506349e-02 -9.122450503242158781e-01
-8.232944204791506349e-02 -9.122450503242158781e-01 1.000000000000000000e+00 1.000000000000000021e-08 -1.785724288770128010e-01 -9.624298682909773195e-01
-1.785724288770128010e-01 -9.624298682909773195e-01 0.000000000000000000e+00 1.000000000000000021e-08 -2.345703446698966799e-01 -5.599791579288388998e-01
-2.345703446698966799e-01 -5.599791579288388998e-01 1.000000000000000000e+00 1.000000000000000021e-08 -3.167083855742021670e-01 -8.213804090430549820e-01
-3.167083855742021670e-01 -8.213804090430549820e-01 2.000000000000000000e+00 1.000000000000000021e-08 -5.247139907712170537e-01 -2.080056051970148090e+00
-5.247139907712170537e-01 -2.080056051970148090e+00 2.000000000000000000e+00 1.000000000000000021e-08 -8.762361463018264462e-01 -3.515221555306093038e+00
-8.762361463018264462e-01 -3.515221555306093038e+00 2.000000000000000000e+00 1.000000000000000021e-08 -1.383232624851401305e+00 -5.000000000000000000e+00
-1.383232624851401305e+00 -5.000000000000000000e+00 2.000000000000000000e+00 9.999000000000000110e-01 -1.570796326794896558e+00 -5.000000000000000000e+00
7.928875860927443731e-02 1.836033712129085671e-03 2.000000000000000000e+00 1.000000000000000021e-08 4.426684806494468605e-03 -7.486207380277997148e-01
4.426684806494468605e-03 -7.486207380277997148e-01 2.000000000000000000e+00 1.000000000000000021e-08 -1.414011863366679278e-01 -1.458278711431623798e+00
-1.414011863366679278e-01 -1.458278711431623798e+00 1.000000000000000000e+00 1.000000000000000021e-08 -2.987032130092434068e-01 -1.573020266725754457e+00
-2.987032130092434068e-01 -1.573020266725754457e+00 0.000000000000000000e+00 1.000000000000000021e-08 -4.297773656683951948e-01 -1.310741526591517436e+00
-4.297773656683951948e-01 -1.310741526591517436e+00 0.000000000000000000e+00 1.000000000000000021e-08 -5.495538456732012023e-01 -1.197764800048059408e+00
-5.495538456732012023e-01 -1.197764800048059408e+00 1.000000000000000000e+00 1.000000000000000021e-08 -7.531648382600300007e-01 -2.036109925868287540e+00
-7.531648382600300007e-01 -2.036109925868287540e+00 2.000000000000000000e+00 1.000000000000000021e-08 -1.110343217592312692e+00 -3.571783793322827361e+00
-1.110343217592312692e+00 -3.571783793322827361e+00 2.000000000000000000e+00 9.999000000000000110e-01 -1.570796326794896558e+00 -5.000000000000000000e+00
-4.272380556266078266e-02 -2.393075456586504432e-02 1.000000000000000000e+00 1.000000000000000021e-08 -3.637796787733773435e-02 6.345837685323046928e-02
-3.637796787733773435e-02 6.345837685323046928e-02 1.000000000000000000e+00 1.000000000000000021e-08 -4.808790236556703679e-02 -1.170993448822930105e-01
-4.808790236556703679e-02 -1.170993448822930105e-01 1.000000000000000000e+00 1.000000000000000021e-08 -5.947153556389751794e-02 -1.138363319833047838e-01
-5.947153556389751794e-02 -1.138363319833047838e-01 2.000000000000000000e+00 1.000000000000000021e-08 -1.712742879938571050e-01 -1.118027524299595843e+00
-1.712742879938571050e-01 -1.118027524299595843e+00 2.000000000000000000e+00 1.000000000000000021e-08 -4.030500842439063147e-01 -2.317757962500491598e+00
-4.030500842439063147e-01 -2.317757962500491598e+00 2.000000000000000000e+00 1.000000000000000021e-08 -7.815156343951592532e-01 -3.784655501512528719e+00
-7.815156343951592532e-01 -3.784655501512528719e+00 2.000000000000000000e+00 1.000000000000000021e-08 -1.328801835661356456e+00 -5.000000000000000000e+00
-1.328801835661356456e+00 -5.000000000000000000e+00 2.000000000000000000e+00 9.999000000000000110e-01 -1.570796326794896558e+00 -5.000000000000000000e+00
4.537005358514152598e-02 2.096006365107986463e-02 2.000000000000000000e+00 1.000000000000000021e-08 -3.864291381757606336e-02 -8.401296740271758656e-01
-3.864291381757606336e-02 -8.401296740271758656e-01 0.000000000000000000e+00 1.000000000000000021e-08 -3.559525988817188041e-02 3.047653929404181561e-02
-3.559525988817188041e-02 3.047653929404181561e-02 1.000000000000000000e+00 1.000000000000000021e-08 -4.659324894484327684e-02 -1.099798905667139226e-01
-4.659324894484327684e-02 -1.099798905667139226e-01 0.000000000000000000e+00 1.000000000000000021e-08 1.986007732383995861e-02 6.645332626868323267e-01
1.986007732383995861e-02 6.645332626868323267e-01 2.000000000000000000e+00 1.000000000000000021e-08 -1.499555217022848635e-02 -3.485562949406844080e-01
-1.499555217022848635e-02 -3.485562949406844080e-01 0.000000000000000000e+00 1.000000000000000021e-08 3.601792803056672737e-02 5.101348020079521373e-01
3.601792803056672737e-02 5.101348020079521373e-01 0.000000000000000000e+00 1.000000000000000021e-08 1.980816176752771274e-01 1.620636896447103847e+00
1.980816176752771274e-01 1.620636896447103847e+00 2.000000000000000000e+00 1.000000000000000021e-08 2.917142251137375686e-01 9.363260743846043566e-01
2.917142251137375686e-01 9.363260743846043566e-01 1.000000000000000000e+00 1.000000000000000021e-08 4.470959792865644156e-01 1.553817541728268026e+00
4.470959792865644156e-01 1.553817541728268026e+00 1.000000000000000000e+00 1.000000000000000021e-08 6.644021638827968257e-01 2.173061845962323879e+00
6.644021638827968257e-01 2.173061845962323879e+00 1.000000000000000000e+00 1.000000000000000021e-08 9.704526526660208763e-01 3.060504887832240950e+00
9.704526526660208763e-01 3.060504887832240950e+00 2.000000000000000000e+00 1.000000000000000021e-08 1.357562555694341588e+00 3.871099030283207565e+00
1.357562555694341588e+00 3.871099030283207565e+00 0.000000000000000000e+00 9.999000000000000110e-01 1.570796326794896558e+00 5.000000000000000000e+00
1.214475018573614451e-02 4.189013231030568052e-02 0.000000000000000000e+00 1.000000000000000021e-08 9.433729446706669297e-02 8.219254428133054846e-01
9.433729446706669297e-02 8.219254428133054846e-01 0.000000000000000000e+00 1.000000000000000021e-08 2.697752578345927743e-01 1.754379633675260841e+00
2.697752578345927743e-01 1.754379633675260841e+00 0.000000000000000000e+00 1.000000000000000021e-08 5.606437818118183980e-01 2.908685239772256903e+00
5.606437818118183980e-01 2.908685239772256903e+00 2.000000000000000000e+00 1.000000000000000021e-08 8.647988370475895303e-01 3.041550552357711101e+00
8.647988370475895303e-01 3.041550552357711101e+00 0.000000000000000000e+00 1.000000000000000021e-08 1.330508937815005677e+00 4.657101007674161686e+00
1.330508937815005677e+00 4.657101007674161686e+00 0.000000000000000000e+00 9.999000000000000110e-01 1.570796326794896558e+00 5.000000000000000000e+00
6.176891573120937839e-02 6.763976663008741674e-02 0.000000000000000000e+00 1.000000000000000021e-08 1.744638273276930829e-01 1.126949115964837045e+00
1.744638273276930829e-01 1.126949115964837045e+00 2.000000000000000000e+00 1.000000000000000021e-08 2.435864808666274861e-01 6.912265353893441988e-01
2.435864808666274861e-01 6.912265353893441988e-01 1.000000000000000000e+00 1.000000000000000021e-08 3.502708299336518838e-01 1.066843490670243977e+00
3.502708299336518838e-01 1.066843490670243977e+00 2.000000000000000000e+00 1.000000000000000021e-08 4.470045314337505182e-01 9.673370150009863444e-01
4.470045314337505182e-01 9.673370150009863444e-01 0.000000000000000000e+00 1.000000000000000021e-08 6.840030767183125082e-01 2.369985452845619456e+00
6.840030767183125082e-01 2.369985452845619456e+00 0.000000000000000000e+00 1.000000000000000021e-08 1.082622408056371555e+00 3.986193313380590464e+00
1.082622408056371555e+00 3.986193313380590464e+00 2.000000000000000000e+00 9.999000000000000110e-01 1.570796326794896558e+00 4.916578508481644683e+00
-6.257665414821148020e-02 3.761885209293432814e-02 0.000000000000000000e+00 1.000000000000000021e-08 1.471221186706497819e-02 7.728886601527645839e-01
1.471221186706497819e-02 7.728886601527645839e-01 1.000000000000000000e+00 1.000000000000000021e-08 1.032237043352745992e-01 8.851149246820961825e-01
1.032237043352745992e-01 8.851149246820961825e-01 0.000000000000000000e+00 1.000000000000000021e-08 2.806873714011274279e-01 1.774636670658527926e+00
2.806873714011274279e-01 1.774636670658527926e+00 0.000000000000000000e+00 1.000000000000000021e-08 5.818537768497862306e-01 3.011664054486588249e+00
5.818537768497862306e-01 3.011664054486588249e+00 2.000000000000000000e+00 1.000000000000000021e-08 8.999133241725021382e-01 3.180595473227159520e+00
8.999133241725021382e-01 3.180595473227159520e+00 2.000000000000000000e+00 1.000000000000000021e-08 1.289629692145858986e+00 3.897163679733568920e+00
1.289629692145858986e+00 3.897163679733568920e+00 1.000000000000000000e+00 9.999000000000000110e-01 1.570796326794896558e+00 5.000000000000000000e+00
-2.055457825702174113e-02 6.646909185935249292e-03 1.000000000000000000e+00 1.000000000000000021e-08 -2.111870339319556547e-02 -5.641251361738241696e-03
-2.111870339319556547e-02 -5.641251361738241696e-03 0.000000000000000000e+00 1.000000000000000021e-08 5.056452839424467605e-02 7.168323178744023805e-01
5.056452839424467605e-02 7.168323178744023805e-01 0.000000000000000000e+00 1.000000000000000021e-08 2.304930144788823743e-01 1.799284860846376954e+00
2.304930144788823743e-01 1.799284860846376954e+00 0.000000000000000000e+00 1.000000000000000021e-08 5.262918552825364138e-01 2.957988408036539951e+00
5.262918552825364138e-01 2.957988408036539951e+00 0.000000000000000000e+00 1.000000000000000021e-08 9.649338574957582182e-01 4.386420022132217156e+00
9.649338574957582182e-01 4.386420022132217156e+00 1.000000000000000000e+00 1.000000000000000021e-08 1.520932427920649754e+00 5.000000000000000000e+00
1.520932427920649754e+00 5.000000000000000000e+00 2.000000000000000000e+00 9.999000000000000110e-01 1.570796326794896558e+00 5.000000000000000000e+00
3.853072634606645452e-02 8.041959835642999155e-02 2.000000000000000000e+00 1.000000000000000021e-08 -1.800964824456997154e-02 -5.654037459063642190e-01
-1.800964824456997154e-02 -5.654037459063642190e-01 1.000000000000000000e+00 1.000000000000000021e-08 -8.009833588555251294e-02 -6.208868764098254278e-01
-8.009833588555251294e-02 -6.208868764098254278e-01 2.000000000000000000e+00 1.000000000000000021e-08 -2.308274811766712065e-01 -1.507291452911186935e+00
-2.308274811766712065e-01 -1.507291452911186935e+00 0.000000000000000000e+00 1.000000000000000021e-08 -3.471945581074284970e-01 -1.163670769307573183e+00
-3.471945581074284970e-01 -1.163670769307573183e+00 2.000000000000000000e+00 1.000000000000000021e-08 -5.864528972307795351e-01 -2.392583391233510604e+00
-5.864528972307795351e-01 -2.392583391233510604e+00 2.000000000000000000e+00 1.000000000000000021e-08 -9.803306270222149621e-01 -3.938777297914353603e+00
-9.803306270222149621e-01 -3.938777297914353603e+00 2.000000000000000000e+00 1.000000000000000021e-08 -1.539619120964701882e+00 -5.000000000000000000e+00
-1.539619120964701882e+00 -5.000000000000000000e+00 2.000000000000000000e+00 9.999000000000000110e-01 -1.570796326794896558e+00 -5.000000000000000000e+00
-1.492215004791820447e-02 -4.628721688101921500e-02 2.000000000000000000e+00 1.000000000000000021e-08 -1.120298856957730599e-01 -9.710773564785485368e-01
-1.120298856957730599e-01 -9.710773564785485368e-01 2.000000000000000000e+00 1.000000000000000021e-08 -3.195583319169163494e-01 -2.075284462211432590e+00
-3.195583319169163494e-01 -2.075284462211432590e+00 2.000000000000000000e+00 1.000000000000000021e-08 -6.734927400381163221e-01 -3.539344081211998727e+00
-6.734927400381163221e-01 -3.539344081211998727e+00 2.000000000000000000e+00 1.000000000000000021e-08 -1.173795060548117775e+00 -5.000000000000000000e+00
-1.173795060548117775e+00 -5.000000000000000000e+00 1.000000000000000000e+00 9.999000000000000110e-01 -1.570796326794896558e+00 -5.000000000000000000e+00
-4.529577149698248151e-02 6.202216838737992233e-02 0.000000000000000000e+00 1.000000000000000021e-08 4.423428533647362493e-02 8.953005683345610644e-01
4.423428533647362493e-02 8.953005683345610644e-01 2.000000000000000000e+00 1.000000000000000021e-08 4.361877847111907125e-02 -6.155068653545536783e-03
4.361877847111907125e-02 -6.155068653545536783e-03 1.000000000000000000e+00 1.000000000000000021e-08 6.352848564791586938e-02 1.990970717679679536e-01
6.352848564791586938e-02 1.990970717679679536e-01 1.000000000000000000e+00 1.000000000000000021e-08 1.058389585773657493e-01 4.231047292944987159e-01
1.058389585773657493e-01 4.231047292944987159e-01 1.000000000000000000e+00 1.000000000000000021e-08 1.680850870442512357e-01 6.224612846688547529e-01
1.680850870442512357e-01 6.224612846688547529e-01 0.000000000000000000e+00 1.000000000000000021e-08 3.333882464609918550e-01 1.653031594167406304e+00
3.333882464609918550e-01 1.653031594167406304e+00 0.000000000000000000e+00 1.000000000000000021e-08 6.384669783891464556e-01 3.050787319281545784e+00
6.384669783891464556e-01 3.050787319281545784e+00 0.000000000000000000e+00 1.000000000000000021e-08 1.096772651390543363e+00 4.583056730013968405e+00
1.096772651390543363e+00 4.583056730013968405e+00 0.000000000000000000e+00 9.999000000000000110e-01 1.570796326794896558e+00 5.000000000000000000e+00
-5.461853744100608754e-02 -8.560879039131447099e-02 0.000000000000000000e+00 1.000000000000000021e-08 1.087216835792360892e-03 5.570575427679844704e-01
1.087216835792360892e-03 5.570575427679844704e-01 0.000000000000000000e+00 1.000000000000000021e-08 1.573228204442718159e-01 1.562356036084794564e+00
1.573228204442718159e-01 1.562356036084794564e+00 2.000000000000000000e+00 1.000000000000000021e-08 2.399140315861746919e-01 8.259121114190285384e-01
2.399140315861746919e-01 8.259121114190285384e-01 1.000000000000000000e+00 1.000000000000000021e-08 3.553041374207246972e-01 1.153901058345500052e+00
3.553041374207246972e-01 1.153901058345500052e+00 0.000000000000000000e+00 1.000000000000000021e-08 6.111795474441310549e-01 2.558754100234063689e+00
6.111795474441310549e-01 2.558754100234063689e+00 2.000000000000000000e+00 1.000000000000000021e-08 8.937145974444022922e-01 2.825350500002712373e+00
8.937145974444022922e-01 2.825350500002712373e+00 1.000000000000000000e+00 1.000000000000000021e-08 1.296970281187173057e+00 4.032556837427707208e+00
1.296970281187173057e+00 4.032556837427707208e+00 0.000000000000000000e+00 9.999000000000000110e-01 1.570796326794896558e+00 5.000000000000000000e+00
-9.897253620234566784e-04 -4.296056753009310641e-02 0.000000000000000000e+00 1.000000000000000021e-08 7.359448244440147668e-02 7.458420780642494030e-01
7.359448244440147668e-02 7.458420780642494030e-01 2.000000000000000000e+00 1.000000000000000021e-08 8.987956243355391117e-02 1.628507998915244004e-01
8.987956243355391117e-02 1.628507998915244004e-01 0.000000000000000000e+00 1.000000000000000021e-08 2.146920964520075137e-01 1.248125340184536025e+00
2.146920964520075137e-01 1.248125340184536025e+00 0.000000000000000000e+00 1.000000000000000021e-08 4.526021562248812025e-01 2.379100597728736943e+00
4.526021562248812025e-01 2.379100597728736943e+00 0.000000000000000000e+00 1.000000000000000021e-08 8.387744837021551270e-01 3.861723274772739245e+00
8.387744837021551270e-01 3.861723274772739245e+00 2.000000000000000000e+00 1.000000000000000021e-08 1.286570451648999303e+00 4.477959679468441756e+00
1.286570451648999303e+00 4.477959679468441756e+00 1.000000000000000000e+00 9.999000000000000110e-01 1.570796326794896558e+00 5.000000000000000000e+00
-2.862656199420669789e-02 1.580474594632071128e-02 2.000000000000000000e+00 1.000000000000000021e-08 -1.039083345816561726e-01 -7.528177258744946920e-01
-1.039083345816561726e-01 -7.528177258744946920e-01 1.000000000000000000e+00 1.000000000000000021e-08 -2.074467506784530291e-01 -1.035384160967968370e+00
-2.074467506784530291e-01 -1.035384160967968370e+00 0.000000000000000000e+00 1.000000000000000021e-08 -2.473392294385735046e-01 -3.989247876012048666e-01
-2.473392294385735046e-01 -3.989247876012048666e-01 0.000000000000000000e+00 1.000000000000000021e-08 -2.418651829419002364e-01 5.474046496673279361e-02
-2.418651829419002364e-01 5.474046496673279361e-02 2.000000000000000000e+00 1.000000000000000021e-08 -3.608780255395736547e-01 -1.190128425976733961e+00
-3.608780255395736547e-01 -1.190128425976733961e+00 2.000000000000000000e+00 1.000000000000000021e-08 -6.173089487272518383e-01 -2.564309231876782391e+00
-6.173089487272518383e-01 -2.564309231876782391e+00 2.000000000000000000e+00 1.000000000000000021e-08 -1.034713612875699296e+00 -4.174046641484474129e+00
-1.034713612875699296e+00 -4.174046641484474129e+00 0.000000000000000000e+00 1.000000000000000021e-08 -1.526301968793538855e+00 -4.915883559178394258e+00
-1.526301968793538855e+00 -4.915883559178394258e+00 1.000000000000000000e+00 9.999000000000000110e-01 -1.570796326794896558e+00 -5.000000000000000000e+00
6.249405046716492718e-02 -1.143537610239588921e-02 1.000000000000000000e+00 1.000000000000000021e-08 8.550198745571763181e-02 2.300793698855271019e-01
8.550198745571763181e-02 2.300793698855271019e-01 0.000000000000000000e+00 1.000000000000000021e-08 2.231780870267290051e-01 1.376760995710113678e+00
2.231780870267290051e-01 1.376760995710113678e+00 0.000000000000000000e+00 1.000000000000000021e-08 4.888167530115071768e-01 2.656386659847782106e+00
4.888167530115071768e-01 2.656386659847782106e+00 0.000000000000000000e+00 1.000000000000000021e-08 9.094778234569600439e-01 4.206610704454528893e+00
9.094778234569600439e-01 4.206610704454528893e+00 0.000000000000000000e+00 1.000000000000000021e-08 1.486397861536506770e+00 5.000000000000000000e+00
1.486397861536506770e+00 5.000000000000000000e+00 2.000000000000000000e+00 9.999000000000000110e-01 1.570796326794896558e+00 5.000000000000000000e+00
-6.691518580634150948e-02 -6.386101961820442319e-02 2.000000000000000000e+00 1.000000000000000021e-08 -1.734274537015167150e-01 -1.065122678951752055e+00
-1.734274537015167150e-01 -1.065122678951752055e+00 2.000000000000000000e+00 1.000000000000000021e-08 -3.913886589348614664e-01 -2.179612052333447458e+00
-3.913886589348614664e-01 -2.179612052333447458e+00 1.000000000000000000e+00 1.000000000000000021e-08 -6.682086003752785164e-01 -2.768199414404169723e+00
-6.682086003752785164e-01 -2.768199414404169723e+00 2.000000000000000000e+00 1.000000000000000021e-08 -1.110636794370235769e+00 -4.424281939949571196e+00
-1.110636794370235769e+00 -4.424281939949571196e+00 0.000000000000000000e+00 9.999000000000000110e-01 -1.570796326794896558e+00 -5.000000000000000000e+00
-3.820141191343746911e-02 2.102187837021887717e-02 2.000000000000000000e+00 1.000000000000000021e-08 -1.354374722271361464e-01 -9.723606031369865788e-01
-1.354374722271361464e-01 -9.723606031369865788e-01 0.000000000000000000e+00 1.000000000000000021e-08 -1.558300301974414603e-01 -2.039255797030532502e-01
-1.558300301974414603e-01 -2.039255797030532502e-01 1.000000000000000000e+00 1.000000000000000021e-08 -2.048735862886502668e-01 -4.904355609120880088e-01
-2.048735862886502668e-01 -4.904355609120880088e-01 2.000000000000000000e+00 1.000000000000000021e-08 -3.688136694665800630e-01 -1.639400831779297851e+00
-3.688136694665800630e-01 -1.639400831779297851e+00 2.000000000000000000e+00 1.000000000000000021e-08 -6.768291126597507645e-01 -3.080154431931707570e+00
-6.768291126597507645e-01 -3.080154431931707570e+00 0.000000000000000000e+00 1.000000000000000021e-08 -1.026357832077757992e+00 -3.495287194180071833e+00
-1.026357832077757992e+00 -3.495287194180071833e+00 1.000000000000000000e+00 1.000000000000000021e-08 -1.490404203032922092e+00 -4.640463709551640115e+00
-1.490404203032922092e+00 -4.640463709551640115e+00 1.000000000000000000e+00 9.999000000000000110e-01 -1.570796326794896558e+00 -5.000000000000000000e+00
-5.402854344107330120e-02 -2.112435282830648839e-02 1.000000000000000000e+00 1.000000000000000021e-08 -6.499282437538682344e-02 -1.096428093431352641e-01
-6.499282437538682344e-02 -1.096428093431352641e-01 1.000000000000000000e+00 1.000000000000000021e-08 -9.737003769599990310e-02 -3.237721332061307966e-01
-9.737003769599990310e-02 -3.237721332061307966e-01 2.000000000000000000e+00 1.000000000000000021e-08 -2.355826794229542442e-01 -1.382126417269543106e+00
-2.355826794229542442e-01 -1.382126417269543106e+00 2.000000000000000000e+00 1.000000000000000021e-08 -4.982343595901658206e-01 -2.626516801672115431e+00
-4.982343595901658206e-01 -2.626516801672115431e+00 1.000000000000000000e+00 1.000000000000000021e-08 -8.229333411635396667e-01 -3.246989815733738016e+00
-8.229333411635396667e-01 -3.246989815733738016e+00 0.000000000000000000e+00 1.000000000000000021e-08 -1.206726560624082456e+00 -3.837932194605428116e+00
-1.206726560624082456e+00 -3.837932194605428116e+00 1.000000000000000000e+00 9.999000000000000110e-01 -1.570796326794896558e+00 -5.000000000000000000e+00
-1.142172571130705555e-02 1.109993498593555422e-02 1.000000000000000000e+00 1.000000000000000021e-08 -2.232950714551279470e-02 -1.090778143420574053e-01
-2.232950714551279470e-02 -1.090778143420574053e-01 1.000000000000000000e+00 1.000000000000000021e-08 -4.949317019730707645e-02 -2.716366305179428453e-01
-4.949317019730707645e-02 -2.716366305179428453e-01 2.000000000000000000e+00 1.000000000000000021e-08 -1.737778746284502351e-01 -1.242847044311431670e+00
-1.737778746284502351e-01 -1.242847044311431670e+00 2.000000000000000000e+00 1.000000000000000021e-08 -4.008165191077363021e-01 -2.270386444792860559e+00
-4.008165191077363021e-01 -2.270386444792860559e+00 0.000000000000000000e+00 1.000000000000000021e-08 -6.131445788805768293e-01 -2.123280597728405272e+00
-6.131445788805768293e-01 -2.123280597728405272e+00 1.000000000000000000e+00 1.000000000000000021e-08 -9.127854966974962014e-01 -2.996409178169193943e+00
-9.127854966974962014e-01 -2.996409178169193943e+00 1.000000000000000000e+00 1.000000000000000021e-08 -1.329556137701191298e+00 -4.167706410036950082e+00
-1.329556137701191298e+00 -4.167706410036950082e+00 1.000000000000000000e+00 9.999000000000000110e-01 -1.570796326794896558e+00 -5.000000000000000000e+00
-7.320660193645203706e-03 3.920411471204753029e-02 1.000000000000000000e+00 1.000000000000000021e-08 -1.969106641166277170e-03 5.351553552478926362e-02
-1.969106641166277170e-03 5.351553552478926362e-02 0.000000000000000000e+00 1.000000000000000021e-08 7.809886384549508120e-02 8.006797048666134398e-01
7.809886384549508120e-02 8.006797048666134398e-01 1.000000000000000000e+00 1.000000000000000021e-08 1.691919796314311220e-01 9.109311578593604075e-01
1.691919796314311220e-01 9.109311578593604075e-01 2.000000000000000000e+00 1.000000000000000021e-08 2.046188984178293480e-01 3.542691878639822045e-01
2.046188984178293480e-01 3.542691878639822045e-01 0.000000000000000000e+00 1.000000000000000021e-08 3.725070489744444768e-01 1.678881505566151233e+00
3.725070489744444768e-01 1.678881505566151233e+00 2.000000000000000000e+00 1.000000000000000021e-08 5.299260027299207421e-01 1.574189537554762763e+00
5.299260027299207421e-01 1.574189537554762763e+00 0.000000000000000000e+00 1.000000000000000021e-08 8.488636732623225933e-01 3.189376705324018069e+00
8.488636732623225933e-01 3.189376705324018069e+00 0.000000000000000000e+00 1.000000000000000021e-08 1.337128265883548828e+00 4.882645926212262566e+00
1.337128265883548828e+00 4.882645926212262566e+00 1.000000000000000000e+00 9.999000000000000110e-01 1.570796326794896558e+00 5.000000000000000000e+00
4.915285441211920958e-02 -3.228392426355637668e-02 2.000000000000000000e+00 1.000000000000000021e-08 -3.473483981758052064e-02 -8.388769422969972744e-01
-3.473483981758052064e-02 -8.388769422969972744e-01 0.000000000000000000e+00 1.000000000000000021e-08 -5.024494973734140724e-02 -1.551010991976088382e-01
-5.024494973734140724e-02 -1.551010991976088382e-01 2.000000000000000000e+00 1.000000000000000021e-08 -1.521290276020191290e-01 -1.018840778646777245e+00
-1.521290276020191290e-01 -1.018840778646777245e+00 2.000000000000000000e+00 1.000000000000000021e-08 -3.592041761458382720e-01 -2.070751485438191430e+00
-3.592041761458382720e-01 -2.070751485438191430e+00 1.000000000000000000e+00 1.000000000000000021e-08 -6.110630390638439602e-01 -2.518588629180056770e+00
-6.110630390638439602e-01 -2.518588629180056770e+00 1.000000000000000000e+00 1.000000000000000021e-08 -9.598005440424528523e-01 -3.487375049786088699e+00
-9.598005440424528523e-01 -3.487375049786088699e+00 2.000000000000000000e+00 1.000000000000000021e-08 -1.467240868953433308e+00 -5.000000000000000000e+00
-1.467240868953433308e+00 -5.000000000000000000e+00 1.000000000000000000e+00 9.999000000000000110e-01 -1.570796326794896558e+00 -5.000000000000000000e+00
-2.971173948008378959e-02 -6.636495853329987815e-02 1.000000000000000000e+00 1.000000000000000021e-08 -5.783862399418210343e-02 -2.812688451409831591e-01
-5.783862399418210343e-02 -2.812688451409831591e-01 0.000000000000000000e+00 1.000000000000000021e-08 -8.043135820220391474e-03 4.979548817396171057e-01
-8.043135820220391474e-03 4.979548817396171057e-01 0.000000000000000000e+00 1.000000000000000021e-08 1.415331108108725533e-01 1.495762466310929462e+00
1.415331108108725533e-01 1.495762466310929462e+00 1.000000000000000000e+00 1.000000000000000021e-08 3.102283645994850514e-01 1.686952537886124759e+00
3.102283645994850514e-01 1.686952537886124759e+00 2.000000000000000000e+00 1.000000000000000021e-08 4.446801859225663067e-01 1.344518213230812220e+00
4.446801859225663067e-01 1.344518213230812220e+00 2.000000000000000000e+00 1.000000000000000021e-08 5.639592965776720757e-01 1.192791106551057467e+00
5.639592965776720757e-01 1.192791106551057467e+00 2.000000000000000000e+00 1.000000000000000021e-08 7.025972741718756742e-01 1.386379775942035542e+00
7.025972741718756742e-01 1.386379775942035542e+00 0.000000000000000000e+00 1.000000000000000021e-08 1.005962028988731660e+00 3.033647548168558750e+00
1.005962028988731660e+00 3.033647548168558750e+00 0.000000000000000000e+00 1.000000000000000021e-08 1.472938769987119034e+00 4.669767409983872852e+00
1.472938769987119034e+00 4.669767409983872852e+00 2.000000000000000000e+00 9.999000000000000110e-01 1.570796326794896558e+00 5.000000000000000000e+00
3.223520851442103485e-02 8.772301472597700267e-03 0.000000000000000000e+00 1.000000000000000021e-08 1.171381340066536964e-01 8.490292549223266150e-01
1.171381340066536964e-01 8.490292549223266150e-01 1.000000000000000000e+00 1.000000000000000021e-08 2.283359982965325607e-01 1.111978642898788561e+00
2.283359982965325607e-01 1.111978642898788561e+00 1.000000000000000000e+00 1.000000000000000021e-08 3.804682629432331042e-01 1.521322646467005324e+00
3.804682629432331042e-01 1.521322646467005324e+00 2.000000000000000000e+00 1.000000000000000021e-08 5.166469968625218012e-01 1.361787339192886304e+00
5.166469968625218012e-01 1.361787339192886304e+00 2.000000000000000000e+00 1.000000000000000021e-08 6.492313844900380326e-01 1.325843876275162536e+00
6.492313844900380326e-01 1.325843876275162536e+00 1.000000000000000000e+00 1.000000000000000021e-08 8.691636654794610006e-01 2.199322809894229458e+00
8.691636654794610006e-01 2.199322809894229458e+00 1.000000000000000000e+00 1.000000000000000021e-08 1.207946115315211122e+00 3.387824498357501213e+00
1.207946115315211122e+00 3.387824498357501213e+00 1.000000000000000000e+00 9.999000000000000110e-01 1.570796326794896558e+00 4.772644536244793123e+00
-8.846166338428041592e-03 4.365513457781315665e-02 2.000000000000000000e+00 1.000000000000000021e-08 -8.917426392420506331e-02 -8.032809758577701409e-01
-8.917426392420506331e-02 -8.032809758577701409e-01 0.000000000000000000e+00 1.000000000000000021e-08 -1.145700879485647694e-01 -2.539582402435970332e-01
-1.145700879485647694e-01 -2.539582402435970332e-01 2.000000000000000000e+00 1.000000000000000021e-08 -2.517084900856512153e-01 -1.371384021370864126e+00
-2.517084900856512153e-01 -1.371384021370864126e+00 0.000000000000000000e+00 1.000000000000000021e-08 -3.539845120475989537e-01 -1.022760219619477606e+00
-3.539845120475989537e-01 -1.022760219619477606e+00 0.000000000000000000e+00 1.000000000000000021e-08 -4.445235456374460048e-01 -9.053903358984705108e-01
-4.445235456374460048e-01 -9.053903358984705108e-01 0.000000000000000000e+00 1.000000000000000021e-08 -5.430239721732315061e-01 -9.850042653578543472e-01
-5.430239721732315061e-01 -9.850042653578543472e-01 0.000000000000000000e+00 1.000000000000000021e-08 -6.636900675733696797e-01 -1.206660954001381292e+00
-6.636900675733696797e-01 -1.206660954001381292e+00 2.000000000000000000e+00 1.000000000000000021e-08 -9.571247993712010960e-01 -2.934347317978314607e+00
-9.571247993712010960e-01 -2.934347317978314607e+00 2.000000000000000000e+00 1.000000000000000021e-08 -1.415493808111170315e+00 -4.583690087399692636e+00
-1.415493808111170315e+00 -4.583690087399692636e+00 1.000000000000000000e+00 9.999000000000000110e-01 -1.570796326794896558e+00 -5.000000000000000000e+00
6.666864242987971534e-02 -2.679490430359409217e-02 0.000000000000000000e+00 1.000000000000000021e-08 1.802036952855671781e-01 1.135350528556874572e+00
1.802036952855671781e-01 1.135350528556874572e+00 2.000000000000000000e+00 1.000000000000000021e-08 2.331935650949762961e-01 5.298986980940912916e-01
2.331935650949762961e-01 5.298986980940912916e-01 1.000000000000000000e+00 1.000000000000000021e-08 3.426713357550761896e-01 1.094777706600998712e+00
3.426713357550761896e-01 1.094777706600998712e+00 1.000000000000000000e+00 1.000000000000000021e-08 5.154076685710442529e-01 1.727363328159680078e+00
5.154076685710442529e-01 1.727363328159680078e+00 2.000000000000000000e+00 1.000000000000000021e-08 6.969731752169711081e-01 1.815655066459268330e+00
6.969731752169711081e-01 1.815655066459268330e+00 2.000000000000000000e+00 1.000000000000000021e-08 9.067061270790948146e-01 2.097329518621237288e+00
9.067061270790948146e-01 2.097329518621237288e+00 2.000000000000000000e+00 1.000000000000000021e-08 1.183928067220045399e+00 2.772219401409504513e+00
1.183928067220045399e+00 2.772219401409504513e+00 1.000000000000000000e+00 9.999000000000000110e-01 1.570796326794896558e+00 4.172651149029162454e+00
-7.236773258587241020e-02 -6.732491320996214501e-02 1.000000000000000000e+00 1.000000000000000021e-08 -9.520610587339115027e-02 -2.283837328751874285e-01
-9.520610587339115027e-02 -2.283837328751874285e-01 0.000000000000000000e+00 1.000000000000000021e-08 -5.092001396035633620e-02 4.428609191303480852e-01
-5.092001396035633620e-02 4.428609191303480852e-01 0.000000000000000000e+00 1.000000000000000021e-08 7.982357325351785438e-02 1.307435872138741795e+00
7.982357325351785438e-02 1.307435872138741795e+00 1.000000000000000000e+00 1.000000000000000021e-08 2.124201966954521181e-01 1.325966234419342582e+00
2.124201966954521181e-01 1.325966234419342582e+00 2.000000000000000000e+00 1.000000000000000021e-08 2.818534383031648938e-01 6.943324160771275899e-01
2.818534383031648938e-01 6.943324160771275899e-01 1.000000000000000000e+00 1.000000000000000021e-08 3.825447513273732558e-01 1.006913130242083509e+00
3.825447513273732558e-01 1.006913130242083509e+00 1.000000000000000000e+00 1.000000000000000021e-08 5.474899090828129200e-01 1.649451577554396087e+00
5.474899090828129200e-01 1.649451577554396087e+00 2.000000000000000000e+00 1.000000000000000021e-08 7.234164290144912135e-01 1.759265199316782935e+00
7.234164290144912135e-01 1.759265199316782935e+00 2.000000000000000000e+00 1.000000000000000021e-08 9.353467659442518123e-01 2.119303369297605322e+00
9.353467659442518123e-01 2.119303369297605322e+00 2.000000000000000000e+00 1.000000000000000021e-08 1.230244184259186913e+00 2.948974183149350115e+00
1.230244184259186913e+00 2.948974183149350115e+00 2.000000000000000000e+00 9.999000000000000110e-01 1.570796326794896558e+00 4.094757743871221933e+00
-7.117253761303767023e-03 3.897986800005772551e-02 1.000000000000000000e+00 1.000000000000000021e-08 5.615605048803491706e-03 1.273285881010725873e-01
5.615605048803491706e-03 1.273285881010725873e-01 2.000000000000000000e+00 1.000000000000000021e-08 -5.347293577250714081e-02 -5.908854082131063112e-01
-5.347293577250714081e-02 -5.908854082131063112e-01 0.000000000000000000e+00 1.000000000000000021e-08 -4.563461146579536609e-02 7.838324306711774714e-02
-4.563461146579536609e-02 7.838324306711774714e-02 1.000000000000000000e+00 1.000000000000000021e-08 -3.340047417625970766e-02 1.223413728953565843e-01
-3.340047417625970766e-02 1.223413728953565843e-01 2.000000000000000000e+00 1.000000000000000021e-08 -9.793324550979695675e-02 -6.453277133353724215e-01
-9.793324550979695675e-02 -6.453277133353724215e-01 1.000000000000000000e+00 1.000000000000000021e-08 -1.815443174099816703e-01 -8.361107190018469693e-01
-1.815443174099816703e-01 -8.361107190018469693e-01 1.000000000000000000e+00 1.000000000000000021e-08 -3.086951009574334659e-01 -1.271507835474518178e+00
-3.086951009574334659e-01 -1.271507835474518178e+00 0.000000000000000000e+00 1.000000000000000021e-08 -3.875127047976288930e-01 -7.881760384019542709e-01
-3.875127047976288930e-01 -7.881760384019542709e-01 0.000000000000000000e+00 1.000000000000000021e-08 -4.406246374106976282e-01 -5.311193261306874636e-01
-4.406246374106976282e-01 -5.311193261306874636e-01 0.000000000000000000e+00 1.000000000000000021e-08 -5.015588631202415604e-01 -6.093422570954395434e-01
-5.015588631202415604e-01 -6.093422570954395434e-01 1.000000000000000000e+00 1.000000000000000021e-08 -6.355483522458571510e-01 -1.339894891256156129e+00
-6.355483522458571510e-01 -1.339894891256156129e+00 0.000000000000000000e+00 1.000000000000000021e-08 -7.883879109654556849e-01 -1.528395587195985339e+00
-7.883879109654556849e-01 -1.528395587195985339e+00 1.000000000000000000e+00 1.000000000000000021e-08 -1.047071930847535581e+00 -2.586840198820798964e+00
-1.047071930847535581e+00 -2.586840198820798964e+00 1.000000000000000000e+00 1.000000000000000021e-08 -1.434732193009587764e+00 -3.876602621620521827e+00
-1.434732193009587764e+00 -3.876602621620521827e+00 1.000000000000000000e+00 9.999000000000000110e-01 -1.570796326794896558e+00 -5.000000000000000000e+00
-6.299214608868683452e-02 3.192821300602020906e-02 1.000000000000000000e+00 1.000000000000000021e-08 -6.383265690120440428e-02 -8.405108125175690670e-03
-6.383265690120440428e-02 -8.405108125175690670e-03 0.000000000000000000e+00 1.000000000000000021e-08 7.737904612367535462e-03 7.157056151357193974e-01
7.737904612367535462e-03 7.157056151357193974e-01 0.000000000000000000e+00 1.000000000000000021e-08 1.824599831978282738e-01 1.747220785854607161e+00
1.824599831978282738e-01 1.747220785854607161e+00 0.000000000000000000e+00 1.000000000000000021e-08 4.696648859640946139e-01 2.872049027662663789e+00
4.696648859640946139e-01 2.872049027662663789e+00 2.000000000000000000e+00 1.000000000000000021e-08 7.427171179423797120e-01 2.730522319782851426e+00
7.427171179423797120e-01 2.730522319782851426e+00 1.000000000000000000e+00 1.000000000000000021e-08 1.114238043535198397e+00 3.715209255928185961e+00
1.114238043535198397e+00 3.715209255928185961e+00 0.000000000000000000e+00 9.999000000000000110e-01 1.570796326794896558e+00 5.000000000000000000e+00
-2.533124112889872243e-02 8.194611130567784618e-02 0.000000000000000000e+00 1.000000000000000021e-08 5.712697412927243007e-02 8.245821525817115250e-01
5.712697412927243007e-02 8.245821525817115250e-01 1.000000000000000000e+00 1.000000000000000021e-08 1.554018631974947162e-01 9.827488906822229309e-01
1.554018631974947162e-01 9.827488906822229309e-01 1.000000000000000000e+00 1.000000000000000021e-08 2.906010027117641448e-01 1.351991395142694508e+00
2.906010027117641448e-01 1.351991395142694508e+00 1.000000000000000000e+00 1.000000000000000021e-08 4.620954599890882974e-01 1.714944572773241305e+00
4.620954599890882974e-01 1.714944572773241305e+00 0.000000000000000000e+00 1.000000000000000021e-08 7.899165804788392808e-01 3.278211204897510278e+00
7.899165804788392808e-01 3.278211204897510278e+00 1.000000000000000000e+00 1.000000000000000021e-08 1.210876465400370083e+00 4.209598849215308469e+00
1.210876465400370083e+00 4.209598849215308469e+00 0.000000000000000000e+00 9.999000000000000110e-01 1.570796326794896558e+00 5.000000000000000000e+00
6.473503410218803267e-02 -3.032761633231951387e-03 1.000000000000000000e+00 1.000000000000000021e-08 6.066356589756110446e-02 -4.071468204626925436e-02
6.066356589756110446e-02 -4.071468204626925436e-02 2.000000000000000000e+00 1.000000000000000021e-08 -2.159653437963519190e-02 -8.226010027719629081e-01
-2.159653437963519190e-02 -8.226010027719629081e-01 0.000000000000000000e+00 1.000000000000000021e-08 -1.555471456496273705e-02 6.041819814672455546e-02
-1.555471456496273705e-02 6.041819814672455546e-02 1.000000000000000000e+00 1.000000000000000021e-08 4.934252549817771255e-03 2.048896711478050692e-01
