1.825951709796125658e-02 -1.975187043273467918e-02 0.000000000000000000e+00 1.000000000000000021e-08 9.019679116679274467e-02 7.193727406883149156e-01
9.019679116679274467e-02 7.193727406883149156e-01 2.000000000000000000e+00 1.000000000000000021e-08 8.815344186256397763e-02 -2.043349304228769814e-02
8.815344186256397763e-02 -2.043349304228769814e-02 2.000000000000000000e+00 1.000000000000000021e-08 1.308195174846425723e-02 -7.507149011409971484e-01
1.308195174846425723e-02 -7.507149011409971484e-01 2.000000000000000000e+00 1.000000000000000021e-08 -1.524052592276876061e-01 -1.654872109761518661e+00
-1.524052592276876061e-01 -1.654872109761518661e+00 2.000000000000000000e+00 1.000000000000000021e-08 -4.142818147816336727e-01 -2.618765555539460443e+00
-4.142818147816336727e-01 -2.618765555539460443e+00 2.000000000000000000e+00 1.000000000000000021e-08 -8.103009785314342350e-01 -3.960191637498005512e+00
-8.103009785314342350e-01 -3.960191637498005512e+00 2.000000000000000000e+00 1.000000000000000021e-08 -1.355660674437052737e+00 -5.000000000000000000e+00
-1.355660674437052737e+00 -5.000000000000000000e+00 1.000000000000000000e+00 9.999000000000000110e-01 -1.570796326794896558e+00 -5.000000000000000000e+00
7.558639682567815099e-02 7.697371980461763241e-02 2.000000000000000000e+00 1.000000000000000021e-08 1.462026411332903453e-03 -7.412437041434524199e-01
1.462026411332903453e-03 -7.412437041434524199e-01 0.000000000000000000e+00 1.000000000000000021e-08 1.049324438218478261e-02 9.031217970851879162e-02
1.049324438218478261e-02 9.031217970851879162e-02 0.000000000000000000e+00 1.000000000000000021e-08 1.263715453910567166e-01 1.158783010088719312e+00
1.263715453910567166e-01 1.158783010088719312e+00 1.000000000000000000e+00 1.000000000000000021e-08 2.606361084601610534e-01 1.342645630691043479e+00
2.606361084601610534e-01 1.342645630691043479e+00 2.000000000000000000e+00 1.000000000000000021e-08 3.398789223430985773e-01 7.924281388293750172e-01
3.398789223430985773e-01 7.924281388293750172e-01 1.000000000000000000e+00 1.000000000000000021e-08 4.826892493843669696e-01 1.428103270412683923e+00
4.826892493843669696e-01 1.428103270412683923e+00 0.000000000000000000e+00 1.000000000000000021e-08 7.718893786078706576e-01 2.892001292235037546e+00
7.718893786078706576e-01 2.892001292235037546e+00 2.000000000000000000e+00 1.000000000000000021e-08 1.103533586792829313e+00 3.316442081849585666e+00
1.103533586792829313e+00 3.316442081849585666e+00 0.000000000000000000e+00 9.999000000000000110e-01 1.570796326794896558e+00 4.944132615144336995e+00
1.059203216387008886e-02 -4.209418177662110211e-02 2.000000000000000000e+00 1.000000000000000021e-08 -8.676975388320146143e-02 -9.736178604707154127e-01
-8.676975388320146143e-02 -9.736178604707154127e-01 0.000000000000000000e+00 1.000000000000000021e-08 -1.159160620572762257e-01 -2.914630817407476426e-01
-1.159160620572762257e-01 -2.914630817407476426e-01 2.000000000000000000e+00 1.000000000000000021e-08 -2.432834537334374880e-01 -1.273673916761612457e+00
-2.432834537334374880e-01 -1.273673916761612457e+00 2.000000000000000000e+00 1.000000000000000021e-08 -5.094972831356646692e-01 -2.662138294022271978e+00
-5.094972831356646692e-01 -2.662138294022271978e+00 0.000000000000000000e+00 1.000000000000000021e-08 -7.700193336684486578e-01 -2.605220505327839664e+00
-7.700193336684486578e-01 -2.605220505327839664e+00 1.000000000000000000e+00 1.000000000000000021e-08 -1.134493649162164219e+00 -3.644743154937155172e+00
-1.134493649162164219e+00 -3.644743154937155172e+00 0.000000000000000000e+00 9.999000000000000110e-01 -1.570796326794896558e+00 -4.557668883740723764e+00
3.352549013793216376e-02 5.368721562268256170e-02 0.000000000000000000e+00 1.000000000000000021e-08 1.499484717911334086e-01 1.164229816532012407e+00
1.499484717911334086e-01 1.164229816532012407e+00 0.000000000000000000e+00 1.000000000000000021e-08 3.683231208341548046e-01 2.183746490430213960e+00
3.683231208341548046e-01 2.183746490430213960e+00 0.000000000000000000e+00 1.000000000000000021e-08 7.181747480523403837e-01 3.498516272181856124e+00
7.181747480523403837e-01 3.498516272181856124e+00 2.000000000000000000e+00 1.000000000000000021e-08 1.096265981202703355e+00 3.780912331503630153e+00
1.096265981202703355e+00 3.780912331503630153e+00 1.000000000000000000e+00 9.999000000000000110e-01 1.570796326794896558e+00 5.000000000000000000e+00
1.823108005299401910e-02 2.308465755922460907e-02 2.000000000000000000e+00 1.000000000000000021e-08 -4.882085168010441567e-02 -6.705193173309843546e-01
-4.882085168010441567e-02 -6.705193173309843546e-01 1.000000000000000000e+00 1.000000000000000021e-08 -1.271953030353148717e-01 -7.837445135521045048e-01
-1.271953030353148717e-01 -7.837445135521045048e-01 0.000000000000000000e+00 1.000000000000000021e-08 -1.268821212417577671e-01 3.131817935570935241e-03
-1.268821212417577671e-01 3.131817935570935241e-03 1.000000000000000000e+00 1.000000000000000021e-08 -1.346644521308108244e-01 -7.782330889053046263e-02
-1.346644521308108244e-01 -7.782330889053046263e-02 2.000000000000000000e+00 1.000000000000000021e-08 -2.614314938402562127e-01 -1.267670417094454161e+00
-2.614314938402562127e-01 -1.267670417094454161e+00 1.000000000000000000e+00 1.000000000000000021e-08 -4.267473856997580084e-01 -1.653158918595017957e+00
-4.267473856997580084e-01 -1.653158918595017957e+00 1.000000000000000000e+00 1.000000000000000021e-08 -6.541581065415182916e-01 -2.274107208417603054e+00
-6.541581065415182916e-01 -2.274107208417603054e+00 2.000000000000000000e+00 1.000000000000000021e-08 -1.034394507418049614e+00 -3.802364008765313663e+00
-1.034394507418049614e+00 -3.802364008765313663e+00 1.000000000000000000e+00 1.000000000000000021e-08 -1.535043015958101886e+00 -5.000000000000000000e+00
-1.535043015958101886e+00 -5.000000000000000000e+00 1.000000000000000000e+00 9.999000000000000110e-01 -1.570796326794896558e+00 -5.000000000000000000e+00
9.597035769575313485e-03 -8.470047739753275295e-02 1.000000000000000000e+00 1.000000000000000021e-08 5.067819511445486105e-03 -4.529216258129827033e-02
5.067819511445486105e-03 -4.529216258129827033e-02 1.000000000000000000e+00 1.000000000000000021e-08 1.747701994103420618e-03 -3.320117517342065228e-02
1.747701994103420618e-03 -3.320117517342065228e-02 2.000000000000000000e+00 1.000000000000000021e-08 -8.405233721750159093e-02 -8.580003921160500591e-01
-8.405233721750159093e-02 -8.580003921160500591e-01 2.000000000000000000e+00 1.000000000000000021e-08 -2.658563299990184259e-01 -1.818039927815168433e+00
-2.658563299990184259e-01 -1.818039927815168433e+00 2.000000000000000000e+00 1.000000000000000021e-08 -5.637844981379392939e-01 -2.979281681389208458e+00
-5.637844981379392939e-01 -2.979281681389208458e+00 1.000000000000000000e+00 1.000000000000000021e-08 -9.462303354471446326e-01 -3.824458373092053609e+00
-9.462303354471446326e-01 -3.824458373092053609e+00 0.000000000000000000e+00 1.000000000000000021e-08 -1.392199759897488898e+00 -4.459694244503443095e+00
-1.392199759897488898e+00 -4.459694244503443095e+00 2.000000000000000000e+00 9.999000000000000110e-01 -1.570796326794896558e+00 -5.000000000000000000e+00
-6.954928853544491141e-02 8.593228139662777154e-02 2.000000000000000000e+00 1.000000000000000021e-08 -1.633014664398067528e-01 -9.375217790436184417e-01
-1.633014664398067528e-01 -9.375217790436184417e-01 2.000000000000000000e+00 1.000000000000000021e-08 -3.567678494434139980e-01 -1.934663830036072119e+00
-3.567678494434139980e-01 -1.934663830036072119e+00 1.000000000000000000e+00 1.000000000000000021e-08 -6.211595096219043599e-01 -2.643916601784903619e+00
-6.211595096219043599e-01 -2.643916601784903619e+00 0.000000000000000000e+00 1.000000000000000021e-08 -9.133398489212103399e-01 -2.921803392993059578e+00
-9.133398489212103399e-01 -2.921803392993059578e+00 0.000000000000000000e+00 1.000000000000000021e-08 -1.268952824495587217e+00 -3.556129755743767884e+00
-1.268952824495587217e+00 -3.556129755743767884e+00 1.000000000000000000e+00 9.999000000000000110e-01 -1.570796326794896558e+00 -4.939563593918279594e+00
5.453377384930634814e-03 4.686614022157671589e-02 1.000000000000000000e+00 1.000000000000000021e-08 1.125409657145894082e-02 5.800719186528304622e-02
1.125409657145894082e-02 5.800719186528304622e-02 2.000000000000000000e+00 1.000000000000000021e-08 -6.051194008013763281e-02 -7.176603665159657641e-01
-6.051194008013763281e-02 -7.176603665159657641e-01 2.000000000000000000e+00 1.000000000000000021e-08 -2.426017943473624816e-01 -1.820898542672248377e+00
-2.426017943473624816e-01 -1.820898542672248377e+00 2.000000000000000000e+00 1.000000000000000021e-08 -5.473274556480531849e-01 -3.047256613006906534e+00
-5.473274556480531849e-01 -3.047256613006906534e+00 1.000000000000000000e+00 1.000000000000000021e-08 -9.336839672618126862e-01 -3.863565116137594568e+00
-9.336839672618126862e-01 -3.863565116137594568e+00 1.000000000000000000e+00 1.000000000000000021e-08 -1.425918378867459868e+00 -4.922344116056471819e+00
-1.425918378867459868e+00 -4.922344116056471819e+00 2.000000000000000000e+00 9.999000000000000110e-01 -1.570796326794896558e+00 -5.000000000000000000e+00
3.946716122962459078e-03 7.308092084359658902e-02 0.000000000000000000e+00 1.000000000000000021e-08 1.169304264147641853e-01 1.129837102918017200e+00
1.169304264147641853e-01 1.129837102918017200e+00 0.000000000000000000e+00 1.000000000000000021e-08 3.436698285368930406e-01 2.267394021221288192e+00
3.436698285368930406e-01 2.267394021221288192e+00 2.000000000000000000e+00 1.000000000000000021e-08 5.451812798577051478e-01 2.015114513208121405e+00
5.451812798577051478e-01 2.015114513208121405e+00 1.000000000000000000e+00 1.000000000000000021e-08 8.214893481482604676e-01 2.763080682905552976e+00
8.214893481482604676e-01 2.763080682905552976e+00 0.000000000000000000e+00 1.000000000000000021e-08 1.259232964483993467e+00 4.377436163357329768e+00
1.259232964483993467e+00 4.377436163357329768e+00 0.000000000000000000e+00 9.999000000000000110e-01 1.570796326794896558e+00 5.000000000000000000e+00
-6.974290517988057658e-02 -5.043559156467824350e-02 0.000000000000000000e+00 1.000000000000000021e-08 7.220365639158538018e-03 7.696327081903910905e-01
7.220365639158538018e-03 7.696327081903910905e-01 2.000000000000000000e+00 1.000000000000000021e-08 7.047899228308357293e-03 -1.724664108501805515e-03
7.047899228308357293e-03 -1.724664108501805515e-03 1.000000000000000000e+00 1.000000000000000021e-08 2.148644684252120837e-02 1.443854761421285160e-01
2.148644684252120837e-02 1.443854761421285160e-01 2.000000000000000000e+00 1.000000000000000021e-08 -5.757402031606340120e-02 -7.906046715858461305e-01
-5.757402031606340120e-02 -7.906046715858461305e-01 0.000000000000000000e+00 1.000000000000000021e-08 -6.953233814031574422e-02 -1.195831782425234024e-01
-6.953233814031574422e-02 -1.195831782425234024e-01 0.000000000000000000e+00 1.000000000000000021e-08 9.394962901972142566e-03 7.892730104228787846e-01
9.394962901972142566e-03 7.892730104228787846e-01 2.000000000000000000e+00 1.000000000000000021e-08 2.828764405165623379e-03 -6.566198496806519014e-02
2.828764405165623379e-03 -6.566198496806519014e-02 1.000000000000000000e+00 1.000000000000000021e-08 -9.770246039490265016e-03 -1.259901044465588926e-01
-9.770246039490265016e-03 -1.259901044465588926e-01 1.000000000000000000e+00 1.000000000000000021e-08 -2.548166038878959053e-02 -1.571141434929932412e-01
-2.548166038878959053e-02 -1.571141434929932412e-01 0.000000000000000000e+00 1.000000000000000021e-08 5.930426511784125942e-02 8.478592550663084371e-01
5.930426511784125942e-02 8.478592550663084371e-01 0.000000000000000000e+00 1.000000000000000021e-08 2.442879300313538504e-01 1.849836649135125688e+00
2.442879300313538504e-01 1.849836649135125688e+00 1.000000000000000000e+00 1.000000000000000021e-08 4.583478219355057171e-01 2.140598919041518222e+00
4.583478219355057171e-01 2.140598919041518222e+00 0.000000000000000000e+00 1.000000000000000021e-08 8.304213238999130775e-01 3.720735019644073382e+00
8.304213238999130775e-01 3.720735019644073382e+00 1.000000000000000000e+00 1.000000000000000021e-08 1.304856541797766445e+00 4.744352178978533452e+00
1.304856541797766445e+00 4.744352178978533452e+00 1.000000000000000000e+00 9.999000000000000110e-01 1.570796326794896558e+00 5.000000000000000000e+00
2.691902260749341746e-02 -6.277514175193835144e-02 2.000000000000000000e+00 1.000000000000000021e-08 -7.429712374309087319e-02 -1.012161463505842907e+00
-7.429712374309087319e-02 -1.012161463505842907e+00 1.000000000000000000e+00 1.000000000000000021e-08 -1.730482606068857176e-01 -9.875113686379484168e-01
-1.730482606068857176e-01 -9.875113686379484168e-01 2.000000000000000000e+00 1.000000000000000021e-08 -3.857784945246609531e-01 -2.127302339177752355e+00
-3.857784945246609531e-01 -2.127302339177752355e+00 1.000000000000000000e+00 1.000000000000000021e-08 -6.725051528765839670e-01 -2.867266583519229250e+00
-6.725051528765839670e-01 -2.867266583519229250e+00 1.000000000000000000e+00 1.000000000000000021e-08 -1.041314778511818417e+00 -3.688096256352344948e+00
-1.041314778511818417e+00 -3.688096256352344948e+00 2.000000000000000000e+00 1.000000000000000021e-08 -1.566106147096336887e+00 -5.000000000000000000e+00
-1.566106147096336887e+00 -5.000000000000000000e+00 0.000000000000000000e+00 9.999000000000000110e-01 -1.570796326794896558e+00 -5.000000000000000000e+00
1.267199701733773623e-02 2.314893666333152009e-02 2.000000000000000000e+00 1.000000000000000021e-08 -5.413381023997702879e-02 -6.680580725731475322e-01
-5.413381023997702879e-02 -6.680580725731475322e-01 1.000000000000000000e+00 1.000000000000000021e-08 -1.164229347297282419e-01 -6.228912448975121308e-01
-1.164229347297282419e-01 -6.228912448975121308e-01 2.000000000000000000e+00 1.000000000000000021e-08 -2.966348270816808741e-01 -1.802118923519526072e+00
-2.966348270816808741e-01 -1.802118923519526072e+00 1.000000000000000000e+00 1.000000000000000021e-08 -5.384619035746071036e-01 -2.418270764929261851e+00
-5.384619035746071036e-01 -2.418270764929261851e+00 1.000000000000000000e+00 1.000000000000000021e-08 -8.537443677357118288e-01 -3.152824641611046808e+00
-8.537443677357118288e-01 -3.152824641611046808e+00 0.000000000000000000e+00 1.000000000000000021e-08 -1.226258518183845903e+00 -3.725141504481340071e+00
-1.226258518183845903e+00 -3.725141504481340071e+00 0.000000000000000000e+00 9.999000000000000110e-01 -1.570796326794896558e+00 -4.776963613734863223e+00
-7.226171557853784677e-02 5.256162483836512855e-02 1.000000000000000000e+00 1.000000000000000021e-08 -8.657476785813589260e-02 -1.431305227959803750e-01
-8.657476785813589260e-02 -1.431305227959803750e-01 2.000000000000000000e+00 1.000000000000000021e-08 -2.143272836011231031e-01 -1.277525157429872049e+00
-2.143272836011231031e-01 -1.277525157429872049e+00 0.000000000000000000e+00 1.000000000000000021e-08 -3.066478681656407135e-01 -9.232058456451757156e-01
-3.066478681656407135e-01 -9.232058456451757156e-01 1.000000000000000000e+00 1.000000000000000021e-08 -4.467621556730396737e-01 -1.401142875073989158e+00
-4.467621556730396737e-01 -1.401142875073989158e+00 1.000000000000000000e+00 1.000000000000000021e-08 -6.649883488936221276e-01 -2.182261932205824984e+00
-6.649883488936221276e-01 -2.182261932205824984e+00 1.000000000000000000e+00 1.000000000000000021e-08 -9.861817285848100134e-01 -3.211933796911879302e+00
-9.861817285848100134e-01 -3.211933796911879302e+00 1.000000000000000000e+00 1.000000000000000021e-08 -1.435898808576780539e+00 -4.497170799919705253e+00
-1.435898808576780539e+00 -4.497170799919705253e+00 1.000000000000000000e+00 9.999000000000000110e-01 -1.570796326794896558e+00 -5.000000000000000000e+00
6.187465250709818509e-02 2.560287288496783387e-02 2.000000000000000000e+00 1.000000000000000021e-08 -2.731749176381330357e-02 -8.919214427091147757e-01
-2.731749176381330357e-02 -8.919214427091147757e-01 2.000000000000000000e+00 1.000000000000000021e-08 -1.996777833497150878e-01 -1.723602915859017592e+00
-1.996777833497150878e-01 -1.723602915859017592e+00 1.000000000000000000e+00 1.000000000000000021e-08 -4.038849260928432106e-01 -2.042071427431281005e+00
-4.038849260928432106e-01 -2.042071427431281005e+00 0.000000000000000000e+00 1.000000000000000021e-08 -5.775212561096429997e-01 -1.736363300167998114e+00
-5.775212561096429997e-01 -1.736363300167998114e+00 1.000000000000000000e+00 1.000000000000000021e-08 -8.454603831025961913e-01 -2.679391269929531916e+00
-8.454603831025961913e-01 -2.679391269929531916e+00 0.000000000000000000e+00 1.000000000000000021e-08 -1.165375358612274592e+00 -3.199149755096784009e+00
-1.165375358612274592e+00 -3.199149755096784009e+00 0.000000000000000000e+00 9.999000000000000110e-01 -1.570796326794896558e+00 -4.231032205415740322e+00
5.076097520349277803e-02 -8.210278078940937141e-02 1.000000000000000000e+00 1.000000000000000021e-08 6.881653344357814561e-02 1.805555824008536203e-01
6.881653344357814561e-02 1.805555824008536203e-01 2.000000000000000000e+00 1.000000000000000021e-08 8.153073077302709637e-03 -6.066346036627543459e-01
8.153073077302709637e-03 -6.066346036627543459e-01 0.000000000000000000e+00 1.000000000000000021e-08 2.280532447962507758e-02 1.465225140232236933e-01
2.280532447962507758e-02 1.465225140232236933e-01 0.000000000000000000e+00 1.000000000000000021e-08 1.470327417149597804e-01 1.242274172353346806e+00
1.470327417149597804e-01 1.242274172353346806e+00 2.000000000000000000e+00 1.000000000000000021e-08 1.968529197216411786e-01 4.982017800668139262e-01
1.968529197216411786e-01 4.982017800668139262e-01 1.000000000000000000e+00 1.000000000000000021e-08 2.885731015062512061e-01 9.172018178461003313e-01
2.885731015062512061e-01 9.172018178461003313e-01 1.000000000000000000e+00 1.000000000000000021e-08 4.169835052562266275e-01 1.284104037499753881e+00
4.169835052562266275e-01 1.284104037499753881e+00 0.000000000000000000e+00 1.000000000000000021e-08 6.830135352687872752e-01 2.660300300125606476e+00
6.830135352687872752e-01 2.660300300125606476e+00 0.000000000000000000e+00 1.000000000000000021e-08 1.106980784726934397e+00 4.239672494581471440e+00
1.106980784726934397e+00 4.239672494581471440e+00 0.000000000000000000e+00 9.999000000000000110e-01 1.570796326794896558e+00 5.000000000000000000e+00
-1.860240051930173860e-02 6.450460244928858666e-02 0.000000000000000000e+00 1.000000000000000021e-08 5.565948766063879422e-02 7.426188817994052727e-01
5.565948766063879422e-02 7.426188817994052727e-01 1.000000000000000000e+00 1.000000000000000021e-08 1.268712384054004882e-01 7.121175074476169264e-01
1.268712384054004882e-01 7.121175074476169264e-01 1.000000000000000000e+00 1.000000000000000021e-08 2.112945962410356371e-01 8.442335783563515994e-01
2.112945962410356371e-01 8.442335783563515994e-01 0.000000000000000000e+00 1.000000000000000021e-08 4.175390352721939369e-01 2.062444390311583220e+00
4.175390352721939369e-01 2.062444390311583220e+00 2.000000000000000000e+00 1.000000000000000021e-08 6.080004616512117988e-01 1.904614263790177953e+00
6.080004616512117988e-01 1.904614263790177953e+00 2.000000000000000000e+00 1.000000000000000021e-08 8.091393242029230048e-01 2.011388625517112061e+00
8.091393242029230048e-01 2.011388625517112061e+00 0.000000000000000000e+00 1.000000000000000021e-08 1.185043866085511377e+00 3.759045418825882834e+00
1.185043866085511377e+00 3.759045418825882834e+00 2.000000000000000000e+00 9.999000000000000110e-01 1.570796326794896558e+00 4.795855538429950826e+00
1.660284896933915746e-02 2.279220206838118018e-02 2.000000000000000000e+00 1.000000000000000021e-08 -6.517617479916948398e-02 -8.177902376850862964e-01
-6.517617479916948398e-02 -8.177902376850862964e-01 1.000000000000000000e+00 1.000000000000000021e-08 -1.484323524573174513e-01 -8.325617765814794513e-01
-1.484323524573174513e-01 -8.325617765814794513e-01 1.000000000000000000e+00 1.000000000000000021e-08 -2.676358008230860785e-01 -1.192034483657686383e+00
-2.676358008230860785e-01 -1.192034483657686383e+00 1.000000000000000000e+00 1.000000000000000021e-08 -4.367575485340817187e-01 -1.691217477109956402e+00
-4.367575485340817187e-01 -1.691217477109956402e+00 1.000000000000000000e+00 1.000000000000000021e-08 -6.832792503261866379e-01 -2.465217017921049525e+00
-6.832792503261866379e-01 -2.465217017921049525e+00 1.000000000000000000e+00 1.000000000000000021e-08 -1.021306056031875409e+00 -3.380268057056888154e+00
-1.021306056031875409e+00 -3.380268057056888154e+00 1.000000000000000000e+00 1.000000000000000021e-08 -1.490226512110231605e+00 -4.689204560783561071e+00
-1.490226512110231605e+00 -4.689204560783561071e+00 0.000000000000000000e+00 9.999000000000000110e-01 -1.570796326794896558e+00 -5.000000000000000000e+00
7.990740233420971783e-02 6.977802352568085453e-02 2.000000000000000000e+00 1.000000000000000021e-08 -1.827483314512448609e-03 -8.173488564872215534e-01
-1.827483314512448609e-03 -8.173488564872215534e-01 1.000000000000000000e+00 1.000000000000000021e-08 -9.406825470006695278e-02 -9.224077138555449862e-01
-9.406825470006695278e-02 -9.224077138555449862e-01 0.000000000000000000e+00 1.000000000000000021e-08 -1.153437468880789685e-01 -2.127549218801201292e-01
-1.153437468880789685e-01 -2.127549218801201292e-01 0.000000000000000000e+00 1.000000000000000021e-08 -7.381545533380126645e-02 4.152829155427769647e-01
-7.381545533380126645e-02 4.152829155427769647e-01 0.000000000000000000e+00 1.000000000000000021e-08 5.046817692404212408e-02 1.242836322578433794e+00
5.046817692404212408e-02 1.242836322578433794e+00 1.000000000000000000e+00 1.000000000000000021e-08 1.931809622258620907e-01 1.427127853018199666e+00
1.931809622258620907e-01 1.427127853018199666e+00 2.000000000000000000e+00 1.000000000000000021e-08 2.983976034050341286e-01 1.052166411791720435e+00
2.983976034050341286e-01 1.052166411791720435e+00 1.000000000000000000e+00 1.000000000000000021e-08 4.685693063087254528e-01 1.701717029036913242e+00
4.685693063087254528e-01 1.701717029036913242e+00 2.000000000000000000e+00 1.000000000000000021e-08 6.384880232783407550e-01 1.699187169696153132e+00
6.384880232783407550e-01 1.699187169696153132e+00 0.000000000000000000e+00 1.000000000000000021e-08 9.585774140684636402e-01 3.200893907901228630e+00
9.585774140684636402e-01 3.200893907901228630e+00 1.000000000000000000e+00 1.000000000000000021e-08 1.393364965261554289e+00 4.347875511930904935e+00
1.393364965261554289e+00 4.347875511930904935e+00 1.000000000000000000e+00 9.999000000000000110e-01 1.570796326794896558e+00 5.000000000000000000e+00
-7.666646863737848483e-02 4.843174831730970992e-02 2.000000000000000000e+00 1.000000000000000021e-08 -1.729706283775412357e-01 -9.630415974016276470e-01
-1.729706283775412357e-01 -9.630415974016276470e-01 2.000000000000000000e+00 1.000000000000000021e-08 -3.998254987432565688e-01 -2.268548703657152998e+00
-3.998254987432565688e-01 -2.268548703657152998e+00 1.000000000000000000e+00 1.000000000000000021e-08 -6.917275768897346300e-01 -2.919020781464781056e+00
-6.917275768897346300e-01 -2.919020781464781056e+00 1.000000000000000000e+00 1.000000000000000021e-08 -1.088679556404013038e+00 -3.969519795142782748e+00
-1.088679556404013038e+00 -3.969519795142782748e+00 2.000000000000000000e+00 9.999000000000000110e-01 -1.570796326794896558e+00 -5.000000000000000000e+00
-4.000958434856291546e-02 8.430204532748336588e-02 0.000000000000000000e+00 1.000000000000000021e-08 4.746995791778810259e-02 8.747954226635101804e-01
4.746995791778810259e-02 8.747954226635101804e-01 1.000000000000000000e+00 1.000000000000000021e-08 1.572093285699775744e-01 1.097393706521894607e+00
1.572093285699775744e-01 1.097393706521894607e+00 0.000000000000000000e+00 1.000000000000000021e-08 3.678778517753015231e-01 2.106685232053238988e+00
3.678778517753015231e-01 2.106685232053238988e+00 1.000000000000000000e+00 1.000000000000000021e-08 6.278736368384709721e-01 2.599957850631694711e+00
6.278736368384709721e-01 2.599957850631694711e+00 1.000000000000000000e+00 1.000000000000000021e-08 9.860590541902294337e-01 3.581854173517585060e+00
9.860590541902294337e-01 3.581854173517585060e+00 0.000000000000000000e+00 1.000000000000000021e-08 1.504563088913212887e+00 5.000000000000000000e+00
1.504563088913212887e+00 5.000000000000000000e+00 1.000000000000000000e+00 9.999000000000000110e-01 1.570796326794896558e+00 5.000000000000000000e+00
-6.981605873151058850e-02 7.596979853690193074e-02 1.000000000000000000e+00 1.000000000000000021e-08 -8.300786825968432814e-02 -1.319180952817374242e-01
-8.300786825968432814e-02 -1.319180952817374242e-01 2.000000000000000000e+00 1.000000000000000021e-08 -2.022945233959608513e-01 -1.192866551362765204e+00
-2.022945233959608513e-01 -1.192866551362765204e+00 0.000000000000000000e+00 1.000000000000000021e-08 -2.749514542389983052e-01 -7.265693084303745941e-01
-2.749514542389983052e-01 -7.265693084303745941e-01 2.000000000000000000e+00 1.000000000000000021e-08 -4.700437664507193802e-01 -1.950923122117210529e+00
-4.700437664507193802e-01 -1.950923122117210529e+00 0.000000000000000000e+00 1.000000000000000021e-08 -6.473884503584167449e-01 -1.773446839076973758e+00
-6.473884503584167449e-01 -1.773446839076973758e+00 1.000000000000000000e+00 1.000000000000000021e-08 -9.101957368401361048e-01 -2.628072864817194265e+00
-9.101957368401361048e-01 -2.628072864817194265e+00 0.000000000000000000e+00 1.000000000000000021e-08 -1.237801649464188802e+00 -3.276059126240527419e+00
-1.237801649464188802e+00 -3.276059126240527419e+00 1.000000000000000000e+00 9.999000000000000110e-01 -1.570796326794896558e+00 -4.638368982892788317e+00
-4.084966815064645929e-02 4.856489041450463146e-02 1.000000000000000000e+00 1.000000000000000021e-08 -5.903785855508926483e-02 -1.818819040444280832e-01
-5.903785855508926483e-02 -1.818819040444280832e-01 0.000000000000000000e+00 1.000000000000000021e-08 5.455488823424933797e-03 6.449334737851419863e-01
5.455488823424933797e-03 6.449334737851419863e-01 0.000000000000000000e+00 1.000000000000000021e-08 1.595696061776615271e-01 1.541141173542365905e+00
1.595696061776615271e-01 1.541141173542365905e+00 1.000000000000000000e+00 1.000000000000000021e-08 3.381217049535581998e-01 1.785520987758966394e+00
3.381217049535581998e-01 1.785520987758966394e+00 2.000000000000000000e+00 1.000000000000000021e-08 4.856471481835002990e-01 1.475254432299420770e+00
4.856471481835002990e-01 1.475254432299420770e+00 2.000000000000000000e+00 1.000000000000000021e-08 6.205699303456846394e-01 1.349227821621843848e+00
6.205699303456846394e-01 1.349227821621843848e+00 2.000000000000000000e+00 1.000000000000000021e-08 7.679529281891143144e-01 1.473829978434296750e+00
7.679529281891143144e-01 1.473829978434296750e+00 0.000000000000000000e+00 1.000000000000000021e-08 1.085627848615748237e+00 3.176749204266339000e+00
1.085627848615748237e+00 3.176749204266339000e+00 2.000000000000000000e+00 1.000000000000000021e-08 1.488814259118606875e+00 4.031864105028585499e+00
1.488814259118606875e+00 4.031864105028585499e+00 0.000000000000000000e+00 9.999000000000000110e-01 1.570796326794896558e+00 5.000000000000000000e+00
-1.088119146275905690e-02 -2.373566453090666939e-02 1.000000000000000000e+00 1.000000000000000021e-08 -5.582518979981728434e-03 5.298672482777327941e-02
-5.582518979981728434e-03 5.298672482777327941e-02 0.000000000000000000e+00 1.000000000000000021e-08 1.012179520589431281e-01 1.068004710389248491e+00
1.012179520589431281e-01 1.068004710389248491e+00 0.000000000000000000e+00 1.000000000000000021e-08 3.122147633514725795e-01 2.109968112925294292e+00
3.122147633514725795e-01 2.109968112925294292e+00 2.000000000000000000e+00 1.000000000000000021e-08 4.984058557800806755e-01 1.861910924286080515e+00
4.984058557800806755e-01 1.861910924286080515e+00 2.000000000000000000e+00 1.000000000000000021e-08 6.892133626112159073e-01 1.908075068311352540e+00
6.892133626112159073e-01 1.908075068311352540e+00 0.000000000000000000e+00 1.000000000000000021e-08 1.031906066795719834e+00 3.426927041845038602e+00
1.031906066795719834e+00 3.426927041845038602e+00 2.000000000000000000e+00 1.000000000000000021e-08 1.462809088520770739e+00 4.309030217250508166e+00
1.462809088520770739e+00 4.309030217250508166e+00 1.000000000000000000e+00 9.999000000000000110e-01 1.570796326794896558e+00 5.000000000000000000e+00
6.542956216879294851e-04 2.684788379460154722e-02 1.000000000000000000e+00 1.000000000000000021e-08 5.547710558672112879e-03 4.893414936984183394e-02
5.547710558672112879e-03 4.893414936984183394e-02 1.000000000000000000e+00 1.000000000000000021e-08 -1.365404782629652675e-03 -6.913115341301764860e-02
-1.365404782629652675e-03 -6.913115341301764860e-02 2.000000000000000000e+00 1.000000000000000021e-08 -8.896930649538963010e-02 -8.760390171275996840e-01
-8.896930649538963010e-02 -8.760390171275996840e-01 0.000000000000000000e+00 1.000000000000000021e-08 -1.072099137509477662e-01 -1.824060725555812779e-01
-1.072099137509477662e-01 -1.824060725555812779e-01 2.000000000000000000e+00 1.000000000000000021e-08 -2.360657857106612245e-01 -1.288558719597134417e+00
-2.360657857106612245e-01 -1.288558719597134417e+00 0.000000000000000000e+00 1.000000000000000021e-08 -3.362111014717836244e-01 -1.001453157611223999e+00
-3.362111014717836244e-01 -1.001453157611223999e+00 1.000000000000000000e+00 1.000000000000000021e-08 -5.046361055655745886e-01 -1.684250040937909532e+00
-5.046361055655745886e-01 -1.684250040937909532e+00 2.000000000000000000e+00 1.000000000000000021e-08 -8.219390150331584710e-01 -3.173029094675839268e+00
-8.219390150331584710e-01 -3.173029094675839268e+00 1.000000000000000000e+00 1.000000000000000021e-08 -1.246996399739906725e+00 -4.250573847067481204e+00
-1.246996399739906725e+00 -4.250573847067481204e+00 1.000000000000000000e+00 9.999000000000000110e-01 -1.570796326794896558e+00 -5.000000000000000000e+00
2.971095362947708332e-02 7.215395634534083058e-02 0.000000000000000000e+00 1.000000000000000021e-08 1.472925003578332004e-01 1.175815467283561011e+00
1.472925003578332004e-01 1.175815467283561011e+00 1.000000000000000000e+00 1.000000000000000021e-08 2.917903792473961477e-01 1.444978788895629584e+00
2.917903792473961477e-01 1.444978788895629584e+00 1.000000000000000000e+00 1.000000000000000021e-08 4.766030956165839827e-01 1.848127163691878128e+00
4.766030956165839827e-01 1.848127163691878128e+00 2.000000000000000000e+00 1.000000000000000021e-08 6.505977337978732233e-01 1.739946381812892628e+00
6.505977337978732233e-01 1.739946381812892628e+00 2.000000000000000000e+00 1.000000000000000021e-08 8.581610993580077729e-01 2.075633655601345939e+00
8.581610993580077729e-01 2.075633655601345939e+00 0.000000000000000000e+00 1.000000000000000021e-08 1.228580601073685497e+00 3.704195017156777681e+00
1.228580601073685497e+00 3.704195017156777681e+00 0.000000000000000000e+00 9.999000000000000110e-01 1.570796326794896558e+00 5.000000000000000000e+00
-5.354983308751798399e-02 1.297985898864723736e-02 2.000000000000000000e+00 1.000000000000000021e-08 -1.597717804184500268e-01 -1.062219473309320206e+00
-1.597717804184500268e-01 -1.062219473309320206e+00 2.000000000000000000e+00 1.000000000000000021e-08 -3.773315506551084275e-01 -2.175597702366583786e+00
-3.773315506551084275e-01 -2.175597702366583786e+00 1.000000000000000000e+00 1.000000000000000021e-08 -6.420698127777891839e-01 -2.647382621226807675e+00
-6.420698127777891839e-01 -2.647382621226807675e+00 0.000000000000000000e+00 1.000000000000000021e-08 -9.323209799853404700e-01 -2.902511672075513083e+00
-9.323209799853404700e-01 -2.902511672075513083e+00 0.000000000000000000e+00 1.000000000000000021e-08 -1.294786557505906099e+00 -3.624655775205657182e+00
-1.294786557505906099e+00 -3.624655775205657182e+00 1.000000000000000000e+00 9.999000000000000110e-01 -1.570796326794896558e+00 -5.000000000000000000e+00
-3.165734076605492692e-02 -5.739476689050043018e-02 0.000000000000000000e+00 1.000000000000000021e-08 4.612330929944611496e-02 7.778065006550103355e-01
4.612330929944611496e-02 7.778065006550103355e-01 0.000000000000000000e+00 1.000000000000000021e-08 2.183363728020663863e-01 1.722130635026202672e+00
2.183363728020663863e-01 1.722130635026202672e+00 1.000000000000000000e+00 1.000000000000000021e-08 4.250312807632524725e-01 2.066949079611860363e+00
4.250312807632524725e-01 2.066949079611860363e+00 0.000000000000000000e+00 1.000000000000000021e-08 7.856640513933181857e-01 3.606327706300657354e+00
7.856640513933181857e-01 3.606327706300657354e+00 0.000000000000000000e+00 1.000000000000000021e-08 1.301579445504537080e+00 5.000000000000000000e+00
1.301579445504537080e+00 5.000000000000000000e+00 1.000000000000000000e+00 9.999000000000000110e-01 1.570796326794896558e+00 5.000000000000000000e+00
2.247545150331986541e-02 -1.152001862164937253e-02 1.000000000000000000e+00 1.000000000000000021e-08 3.456717765914427143e-02 1.209172615582440741e-01
3.456717765914427143e-02 1.209172615582440741e-01 2.000000000000000000e+00 1.000000000000000021e-08 -1.915389477872861401e-02 -5.372107243787288544e-01
-1.915389477872861401e-02 -5.372107243787288544e-01 0.000000000000000000e+00 1.000000000000000021e-08 -3.280091147957769904e-03 1.587380363077084411e-01
-3.280091147957769904e-03 1.587380363077084411e-01 2.000000000000000000e+00 1.000000000000000021e-08 -6.222592953510908825e-02 -5.894583838715131696e-01
-6.222592953510908825e-02 -5.894583838715131696e-01 2.000000000000000000e+00 1.000000000000000021e-08 -2.185464376296133160e-01 -1.563205080945042180e+00
-2.185464376296133160e-01 -1.563205080945042180e+00 1.000000000000000000e+00 1.000000000000000021e-08 -4.099381112456825793e-01 -1.913916736160692800e+00
-4.099381112456825793e-01 -1.913916736160692800e+00 1.000000000000000000e+00 1.000000000000000021e-08 -6.572749690822958790e-01 -2.473368578366132553e+00
-6.572749690822958790e-01 -2.473368578366132553e+00 0.000000000000000000e+00 1.000000000000000021e-08 -9.257557998454788439e-01 -2.684808307631828761e+00
-9.257557998454788439e-01 -2.684808307631828761e+00 2.000000000000000000e+00 1.000000000000000021e-08 -1.367963160813803203e+00 -4.422073609683244477e+00
-1.367963160813803203e+00 -4.422073609683244477e+00 1.000000000000000000e+00 9.999000000000000110e-01 -1.570796326794896558e+00 -5.000000000000000000e+00
7.840225368656658644e-02 -5.857399396963346161e-02 1.000000000000000000e+00 1.000000000000000021e-08 1.035300519234626654e-01 2.512779823689608172e-01
1.035300519234626654e-01 2.512779823689608172e-01 2.000000000000000000e+00 1.000000000000000021e-08 5.614303630501406295e-02 -4.738701561844860244e-01
5.614303630501406295e-02 -4.738701561844860244e-01 0.000000000000000000e+00 1.000000000000000021e-08 1.044450508977721320e-01 4.830201459275806908e-01
1.044450508977721320e-01 4.830201459275806908e-01 0.000000000000000000e+00 1.000000000000000021e-08 2.463466622239655068e-01 1.419016113261933665e+00
2.463466622239655068e-01 1.419016113261933665e+00 1.000000000000000000e+00 1.000000000000000021e-08 4.252211299361106089e-01 1.788744677121450799e+00
4.252211299361106089e-01 1.788744677121450799e+00 2.000000000000000000e+00 1.000000000000000021e-08 5.868385117957259922e-01 1.616173818596153833e+00
5.868385117957259922e-01 1.616173818596153833e+00 0.000000000000000000e+00 1.000000000000000021e-08 9.097656817574090171e-01 3.229271699616830027e+00
9.097656817574090171e-01 3.229271699616830027e+00 0.000000000000000000e+00 1.000000000000000021e-08 1.389237022995068571e+00 4.794713412376593986e+00
1.389237022995068571e+00 4.794713412376593986e+00 1.000000000000000000e+00 9.999000000000000110e-01 1.570796326794896558e+00 5.000000000000000000e+00
8.091899142685295143e-02 -3.995740806021281372e-02 2.000000000000000000e+00 1.000000000000000021e-08 3.790344363203926314e-03 -7.712864706364902512e-01
3.790344363203926314e-03 -7.712864706364902512e-01 2.000000000000000000e+00 1.000000000000000021e-08 -1.613717057319187242e-01 -1.651620500951226589e+00
-1.613717057319187242e-01 -1.651620500951226589e+00 2.000000000000000000e+00 1.000000000000000021e-08 -4.327337001922496040e-01 -2.713619944603308909e+00
-4.327337001922496040e-01 -2.713619944603308909e+00 0.000000000000000000e+00 1.000000000000000021e-08 -6.970843410177878230e-01 -2.643506408255382745e+00
-6.970843410177878230e-01 -2.643506408255382745e+00 2.000000000000000000e+00 1.000000000000000021e-08 -1.134678275254365598e+00 -4.375939342365776419e+00
-1.134678275254365598e+00 -4.375939342365776419e+00 2.000000000000000000e+00 9.999000000000000110e-01 -1.570796326794896558e+00 -5.000000000000000000e+00
-7.071694080015308859e-02 5.264674481070284739e-02 1.000000000000000000e+00 1.000000000000000021e-08 -8.020557411618478572e-02 -9.488633316031690190e-02
-8.020557411618478572e-02 -9.488633316031690190e-02 1.000000000000000000e+00 1.000000000000000021e-08 -1.006738383648501933e-01 -2.046826424866541316e-01
-1.006738383648501933e-01 -2.046826424866541316e-01 2.000000000000000000e+00 1.000000000000000021e-08 -2.216364901121372355e-01 -1.209626517472870422e+00
-2.216364901121372355e-01 -1.209626517472870422e+00 2.000000000000000000e+00 1.000000000000000021e-08 -4.579888664729231396e-01 -2.363523763607858541e+00
-4.579888664729231396e-01 -2.363523763607858541e+00 1.000000000000000000e+00 1.000000000000000021e-08 -7.687519531096088654e-01 -3.107630866366856814e+00
-7.687519531096088654e-01 -3.107630866366856814e+00 1.000000000000000000e+00 1.000000000000000021e-08 -1.175775858726380019e+00 -4.070239056167710423e+00
-1.175775858726380019e+00 -4.070239056167710423e+00 1.000000000000000000e+00 9.999000000000000110e-01 -1.570796326794896558e+00 -5.000000000000000000e+00
7.097592364912053142e-02 -7.352871543293879042e-02 2.000000000000000000e+00 1.000000000000000021e-08 -4.957190065175101634e-03 -7.593311371429563028e-01
-4.957190065175101634e-03 -7.593311371429563028e-01 2.000000000000000000e+00 1.000000000000000021e-08 -1.656974348936375296e-01 -1.607402448284624086e+00
-1.656974348936375296e-01 -1.607402448284624086e+00 1.000000000000000000e+00 1.000000000000000021e-08 -3.386840198756018161e-01 -1.729865849819643087e+00
-3.386840198756018161e-01 -1.729865849819643087e+00 1.000000000000000000e+00 1.000000000000000021e-08 -5.686902888285665369e-01 -2.300062689529647209e+00
-5.686902888285665369e-01 -2.300062689529647209e+00 0.000000000000000000e+00 1.000000000000000021e-08 -8.258091572437984418e-01 -2.571188684152319492e+00
-8.258091572437984418e-01 -2.571188684152319492e+00 2.000000000000000000e+00 1.000000000000000021e-08 -1.253587179477615887e+00 -4.277780222338174454e+00
-1.253587179477615887e+00 -4.277780222338174454e+00 1.000000000000000000e+00 9.999000000000000110e-01 -1.570796326794896558e+00 -5.000000000000000000e+00
4.950834200939274732e-02 -5.693284716092300579e-02 0.000000000000000000e+00 1.000000000000000021e-08 1.318707652944496322e-01 8.236242328505687382e-01
1.318707652944496322e-01 8.236242328505687382e-01 1.000000000000000000e+00 1.000000000000000021e-08 2.196244288589517812e-01 8.775366356450216010e-01
2.196244288589517812e-01 8.775366356450216010e-01 1.000000000000000000e+00 1.000000000000000021e-08 3.509904629237913798e-01 1.313660340648395985e+00
3.509904629237913798e-01 1.313660340648395985e+00 1.000000000000000000e+00 1.000000000000000021e-08 5.306232844285998507e-01 1.796328215048084154e+00
5.306232844285998507e-01 1.796328215048084154e+00 0.000000000000000000e+00 1.000000000000000021e-08 8.767448948480436322e-01 3.461216104194438259e+00
8.767448948480436322e-01 3.461216104194438259e+00 2.000000000000000000e+00 1.000000000000000021e-08 1.290648804261558924e+00 4.139039094135153363e+00
1.290648804261558924e+00 4.139039094135153363e+00 0.000000000000000000e+00 9.999000000000000110e-01 1.570796326794896558e+00 5.000000000000000000e+00
3.506593375295130599e-02 3.629882927054879638e-02 1.000000000000000000e+00 1.000000000000000021e-08 3.892451745831035370e-02 3.858583705359047711e-02
3.892451745831035370e-02 3.858583705359047711e-02 2.000000000000000000e+00 1.000000000000000021e-08 -5.569993178475408924e-02 -9.462444924306443461e-01
-5.569993178475408924e-02 -9.462444924306443461e-01 1.000000000000000000e+00 1.000000000000000021e-08 -1.693659836020968701e-01 -1.136660518173427947e+00
-1.693659836020968701e-01 -1.136660518173427947e+00 0.000000000000000000e+00 1.000000000000000021e-08 -2.293217831589835776e-01 -5.995579955688670193e-01
-2.293217831589835776e-01 -5.995579955688670193e-01 2.000000000000000000e+00 1.000000000000000021e-08 -4.154259691169117641e-01 -1.861041859579282143e+00
-4.154259691169117641e-01 -1.861041859579282143e+00 2.000000000000000000e+00 1.000000000000000021e-08 -7.392246834643876330e-01 -3.237987143474758245e+00
-7.392246834643876330e-01 -3.237987143474758245e+00 1.000000000000000000e+00 1.000000000000000021e-08 -1.152489622193978880e+00 -4.132649387295911581e+00
-1.152489622193978880e+00 -4.132649387295911581e+00 0.000000000000000000e+00 9.999000000000000110e-01 -1.570796326794896558e+00 -5.000000000000000000e+00
-8.375171468215144438e-03 -7.557329878126227418e-02 0.000000000000000000e+00 1.000000000000000021e-08 7.157544750071306860e-02 7.995061896892821096e-01
7.157544750071306860e-02 7.995061896892821096e-01 1.000000000000000000e+00 1.000000000000000021e-08 1.769347086842467109e-01 1.053592611835336257e+00
1.769347086842467109e-01 1.053592611835336257e+00 0.000000000000000000e+00 1.000000000000000021e-08 4.144207290153559820e-01 2.374860203311092821e+00
4.144207290153559820e-01 2.374860203311092821e+00 2.000000000000000000e+00 1.000000000000000021e-08 6.321317454898452981e-01 2.177110164744893162e+00
6.321317454898452981e-01 2.177110164744893162e+00 2.000000000000000000e+00 1.000000000000000021e-08 8.681325391370926514e-01 2.360007936472473755e+00
8.681325391370926514e-01 2.360007936472473755e+00 0.000000000000000000e+00 1.000000000000000021e-08 1.266889153395154288e+00 3.987566142580615924e+00
1.266889153395154288e+00 3.987566142580615924e+00 1.000000000000000000e+00 9.999000000000000110e-01 1.570796326794896558e+00 5.000000000000000000e+00
-2.498943859332762932e-02 -4.065029021146401855e-02 2.000000000000000000e+00 1.000000000000000021e-08 -1.351194536227436627e-01 -1.101300150294160174e+00
-1.351194536227436627e-01 -1.101300150294160174e+00 2.000000000000000000e+00 1.000000000000000021e-08 -3.719323375183538616e-01 -2.368128838956101490e+00
-3.719323375183538616e-01 -2.368128838956101490e+00 1.000000000000000000e+00 1.000000000000000021e-08 -6.742893949095732919e-01 -3.023570573912194082e+00
-6.742893949095732919e-01 -3.023570573912194082e+00 0.000000000000000000e+00 1.000000000000000021e-08 -1.004888591292350197e+00 -3.305991963827768387e+00
-1.004888591292350197e+00 -3.305991963827768387e+00 1.000000000000000000e+00 1.000000000000000021e-08 -1.464430953300453364e+00 -4.595423620081030336e+00
-1.464430953300453364e+00 -4.595423620081030336e+00 1.000000000000000000e+00 9.999000000000000110e-01 -1.570796326794896558e+00 -5.000000000000000000e+00
9.004331340453693849e-03 5.408196697333424174e-02 2.000000000000000000e+00 1.000000000000000021e-08 -7.052600707075738773e-02 -7.953033841121107672e-01
-7.052600707075738773e-02 -7.953033841121107672e-01 0.000000000000000000e+00 1.000000000000000021e-08 -7.853544177071558607e-02 -8.009434699958195569e-02
-7.853544177071558607e-02 -8.009434699958195569e-02 2.000000000000000000e+00 1.000000000000000021e-08 -1.763285779661195318e-01 -9.779313619540394020e-01
-1.763285779661195318e-01 -9.779313619540394020e-01 1.000000000000000000e+00 1.000000000000000021e-08 -2.869872365976186002e-01 -1.106586586314990850e+00
-2.869872365976186002e-01 -1.106586586314990850e+00 1.000000000000000000e+00 1.000000000000000021e-08 -4.613425618207910861e-01 -1.743553252231724748e+00
-4.613425618207910861e-01 -1.743553252231724748e+00 1.000000000000000000e+00 1.000000000000000021e-08 -7.155892755235281344e-01 -2.542467137027370594e+00
-7.155892755235281344e-01 -2.542467137027370594e+00 0.000000000000000000e+00 1.000000000000000021e-08 -1.002332265354541230e+00 -2.867429898310130731e+00
-1.002332265354541230e+00 -2.867429898310130731e+00 1.000000000000000000e+00 1.000000000000000021e-08 -1.405132436581217892e+00 -4.028001712266766177e+00
-1.405132436581217892e+00 -4.028001712266766177e+00 0.000000000000000000e+00 9.999000000000000110e-01 -1.570796326794896558e+00 -5.000000000000000000e+00
2.173672478573697789e-02 5.269971454924502613e-02 0.000000000000000000e+00 1.000000000000000021e-08 1.131764926879433447e-01 9.143976790220637030e-01
1.131764926879433447e-01 9.143976790220637030e-01 0.000000000000000000e+00 1.000000000000000021e-08 3.037913668193528705e-01 1.906148741314095396e+00
3.037913668193528705e-01 1.906148741314095396e+00 2.000000000000000000e+00 1.000000000000000021e-08 4.594243506422994172e-01 1.556329838229465468e+00
4.594243506422994172e-01 1.556329838229465468e+00 1.000000000000000000e+00 1.000000000000000021e-08 6.797126001952529251e-01 2.202882495529535412e+00
6.797126001952529251e-01 2.202882495529535412e+00 2.000000000000000000e+00 1.000000000000000021e-08 9.318548677840698957e-01 2.521422675888168818e+00
9.318548677840698957e-01 2.521422675888168818e+00 0.000000000000000000e+00 1.000000000000000021e-08 1.359221539607898155e+00 4.273666718238281703e+00
1.359221539607898155e+00 4.273666718238281703e+00 1.000000000000000000e+00 9.999000000000000110e-01 1.570796326794896558e+00 5.000000000000000000e+00
3.574839934379735185e-02 -5.213447649141476209e-03 1.000000000000000000e+00 1.000000000000000021e-08 5.773273069036884142e-02 2.198433134657149235e-01
5.773273069036884142e-02 2.198433134657149235e-01 1.000000000000000000e+00 1.000000000000000021e-08 8.044744176941159841e-02 2.271471107904275977e-01
8.044744176941159841e-02 2.271471107904275977e-01 1.000000000000000000e+00 1.000000000000000021e-08 1.248541008389763840e-01 4.440665906956477449e-01
1.248541008389763840e-01 4.440665906956477449e-01 0.000000000000000000e+00 1.000000000000000021e-08 2.925500877378556241e-01 1.676959868988791902e+00
2.925500877378556241e-01 1.676959868988791902e+00 1.000000000000000000e+00 1.000000000000000021e-08 5.235675378070381303e-01 2.310174500691825283e+00
5.235675378070381303e-01 2.310174500691825283e+00 2.000000000000000000e+00 1.000000000000000021e-08 7.733050130293694924e-01 2.497374752223313177e+00
7.733050130293694924e-01 2.497374752223313177e+00 1.000000000000000000e+00 1.000000000000000021e-08 1.124194989783980470e+00 3.508899767546109771e+00
1.124194989783980470e+00 3.508899767546109771e+00 2.000000000000000000e+00 1.000000000000000021e-08 1.570210175392524166e+00 4.460151856085436073e+00
1.570210175392524166e+00 4.460151856085436073e+00 2.000000000000000000e+00 9.999000000000000110e-01 1.570796326794896558e+00 5.000000000000000000e+00
-4.404806208535777534e-02 -6.426370432875208594e-03 2.000000000000000000e+00 1.000000000000000021e-08 -1.544728476214239365e-01 -1.104247855360661612e+00
-1.544728476214239365e-01 -1.104247855360661612e+00 0.000000000000000000e+00 1.000000000000000021e-08 -1.923351861998011669e-01 -3.786233857837724148e-01
-1.923351861998011669e-01 -3.786233857837724148e-01 2.000000000000000000e+00 1.000000000000000021e-08 -3.366334904319640553e-01 -1.442983042321628773e+00
-3.366334904319640553e-01 -1.442983042321628773e+00 2.000000000000000000e+00 1.000000000000000021e-08 -6.216833168738641335e-01 -2.850498264419000449e+00
-6.216833168738641335e-01 -2.850498264419000449e+00 0.000000000000000000e+00 1.000000000000000021e-08 -9.287830469767750508e-01 -3.070997301029108950e+00
-9.287830469767750508e-01 -3.070997301029108950e+00 2.000000000000000000e+00 1.000000000000000021e-08 -1.398068568517251586e+00 -4.692855215404765801e+00
-1.398068568517251586e+00 -4.692855215404765801e+00 2.000000000000000000e+00 9.999000000000000110e-01 -1.570796326794896558e+00 -5.000000000000000000e+00
-6.991697885313882810e-02 3.135935623409018269e-02 2.000000000000000000e+00 1.000000000000000021e-08 -1.639212481113058728e-01 -9.400426925816705026e-01
-1.639212481113058728e-01 -9.400426925816705026e-01 0.000000000000000000e+00 1.000000000000000021e-08 -2.110159112338820808e-01 -4.709466312257620801e-01
-2.110159112338820808e-01 -4.709466312257620801e-01 1.000000000000000000e+00 1.000000000000000021e-08 -3.062167196779829181e-01 -9.520080844410083731e-01
-3.062167196779829181e-01 -9.520080844410083731e-01 2.000000000000000000e+00 1.000000000000000021e-08 -5.323827704881809453e-01 -2.261660508101980493e+00
-5.323827704881809453e-01 -2.261660508101980493e+00 0.000000000000000000e+00 1.000000000000000021e-08 -7.759787685081489528e-01 -2.435959980199679631e+00
-7.759787685081489528e-01 -2.435959980199679631e+00 1.000000000000000000e+00 1.000000000000000021e-08 -1.120260617179193341e+00 -3.442818486710443437e+00
-1.120260617179193341e+00 -3.442818486710443437e+00 1.000000000000000000e+00 9.999000000000000110e-01 -1.570796326794896558e+00 -4.786299048133585643e+00
2.863210951698521786e-02 -6.875039818046227436e-03 2.000000000000000000e+00 1.000000000000000021e-08 -5.457530482918837578e-02 -8.320741434617359156e-01
-5.457530482918837578e-02 -8.320741434617359156e-01 1.000000000000000000e+00 1.000000000000000021e-08 -1.457949708777041831e-01 -9.121966604851580174e-01
-1.457949708777041831e-01 -9.121966604851580174e-01 2.000000000000000000e+00 1.000000000000000021e-08 -3.335406806292589010e-01 -1.877457097515547346e+00
-3.335406806292589010e-01 -1.877457097515547346e+00 0.000000000000000000e+00 1.000000000000000021e-08 -4.849389820368980031e-01 -1.513983014076390798e+00
-4.849389820368980031e-01 -1.513983014076390798e+00 1.000000000000000000e+00 1.000000000000000021e-08 -7.114360460811053333e-01 -2.264970640442072636e+00
-7.114360460811053333e-01 -2.264970640442072636e+00 0.000000000000000000e+00 1.000000000000000021e-08 -9.830600671326122919e-01 -2.716240210515069364e+00
-9.830600671326122919e-01 -2.716240210515069364e+00 1.000000000000000000e+00 1.000000000000000021e-08 -1.382908708273874687e+00 -3.998486411412624619e+00
-1.382908708273874687e+00 -3.998486411412624619e+00 1.000000000000000000e+00 9.999000000000000110e-01 -1.570796326794896558e+00 -5.000000000000000000e+00
7.929450905056218551e-03 4.626807607932519051e-02 0.000000000000000000e+00 1.000000000000000021e-08 8.633690010686535798e-02 7.840744920180913180e-01
8.633690010686535798e-02 7.840744920180913180e-01 1.000000000000000000e+00 1.000000000000000021e-08 1.947252226389719065e-01 1.083883225321065291e+00
1.947252226389719065e-01 1.083883225321065291e+00 1.000000000000000000e+00 1.000000000000000021e-08 3.215568564395840379e-01 1.268316338006121313e+00
3.215568564395840379e-01 1.268316338006121313e+00 1.000000000000000000e+00 1.000000000000000021e-08 4.975877122495034888e-01 1.760308558099194620e+00
4.975877122495034888e-01 1.760308558099194620e+00 0.000000000000000000e+00 1.000000000000000021e-08 8.228037823156715280e-01 3.252160700661679726e+00
8.228037823156715280e-01 3.252160700661679726e+00 0.000000000000000000e+00 1.000000000000000021e-08 1.316888167685346778e+00 4.940843853696751609e+00
1.316888167685346778e+00 4.940843853696751609e+00 0.000000000000000000e+00 9.999000000000000110e-01 1.570796326794896558e+00 5.000000000000000000e+00
8.382983406135620374e-02 8.717611759729493315e-02 0.000000000000000000e+00 1.000000000000000021e-08 2.019177216774302175e-01 1.180878876160740054e+00
2.019177216774302175e-01 1.180878876160740054e+00 1.000000000000000000e+00 1.000000000000000021e-08 3.458738351730699101e-01 1.439561134956397037e+00
3.458738351730699101e-01 1.439561134956397037e+00 0.000000000000000000e+00 1.000000000000000021e-08 6.262090612325570405e-01 2.803352260594871304e+00
6.262090612325570405e-01 2.803352260594871304e+00 0.000000000000000000e+00 1.000000000000000021e-08 1.054256238840239446e+00 4.280471776076823609e+00
1.054256238840239446e+00 4.280471776076823609e+00 1.000000000000000000e+00 9.999000000000000110e-01 1.570796326794896558e+00 5.000000000000000000e+00
2.974452581917731708e-02 5.982259407121755246e-02 2.000000000000000000e+00 1.000000000000000021e-08 -6.315018631381873193e-02 -9.289471213299604901e-01
-6.315018631381873193e-02 -9.289471213299604901e-01 2.000000000000000000e+00 1.000000000000000021e-08 -2.381037989042373848e-01 -1.749536125904186612e+00
-2.381037989042373848e-01 -1.749536125904186612e+00 1.000000000000000000e+00 1.000000000000000021e-08 -4.365408369663644206e-01 -1.984370380621270247e+00
-4.365408369663644206e-01 -1.984370380621270247e+00 2.000000000000000000e+00 1.000000000000000021e-08 -7.915266322218512673e-01 -3.549857952554868135e+00
-7.915266322218512673e-01 -3.549857952554868135e+00 0.000000000000000000e+00 1.000000000000000021e-08 -1.190875267046032082e+00 -3.993486348241808592e+00
-1.190875267046032082e+00 -3.993486348241808592e+00 2.000000000000000000e+00 9.999000000000000110e-01 -1.570796326794896558e+00 -5.000000000000000000e+00
-1.871976054858786806e-02 2.940593473522316870e-02 0.000000000000000000e+00 1.000000000000000021e-08 6.442975287489639824e-02 8.314951342348426699e-01
6.442975287489639824e-02 8.314951342348426699e-01 0.000000000000000000e+00 1.000000000000000021e-08 2.545390763039786508e-01 1.901093234290822220e+00
2.545390763039786508e-01 1.901093234290822220e+00 1.000000000000000000e+00 1.000000000000000021e-08 4.882854202037688607e-01 2.337463438997902099e+00
4.882854202037688607e-01 2.337463438997902099e+00 1.000000000000000000e+00 1.000000000000000021e-08 7.961721746618056761e-01 3.078867544580367710e+00
7.961721746618056761e-01 3.078867544580367710e+00 1.000000000000000000e+00 1.000000000000000021e-08 1.199819675510340744e+00 4.036475008485350457e+00
1.199819675510340744e+00 4.036475008485350457e+00 2.000000000000000000e+00 9.999000000000000110e-01 1.570796326794896558e+00 5.000000000000000000e+00
-8.454723571048020081e-02 5.405693748169154711e-02 2.000000000000000000e+00 1.000000000000000021e-08 -1.904970262320235808e-01 -1.059497905215433633e+00
-1.904970262320235808e-01 -1.059497905215433633e+00 2.000000000000000000e+00 1.000000000000000021e-08 -4.052311144413903721e-01 -2.147340882093668135e+00
-4.052311144413903721e-01 -2.147340882093668135e+00 2.000000000000000000e+00 1.000000000000000021e-08 -7.691018466427432809e-01 -3.638707322013528866e+00
-7.691018466427432809e-01 -3.638707322013528866e+00 2.000000000000000000e+00 1.000000000000000021e-08 -1.297352002519796432e+00 -5.000000000000000000e+00
-1.297352002519796432e+00 -5.000000000000000000e+00 1.000000000000000000e+00 9.999000000000000110e-01 -1.570796326794896558e+00 -5.000000000000000000e+00
3.563195729643900411e-02 -5.143893744992317912e-02 0.000000000000000000e+00 1.000000000000000021e-08 1.197799652456178754e-01 8.414800794917887128e-01
1.197799652456178754e-01 8.414800794917887128e-01 1.000000000000000000e+00 1.000000000000000021e-08 2.117597780468922219e-01 9.197981280127434101e-01
2.117597780468922219e-01 9.197981280127434101e-01 1.000000000000000000e+00 1.000000000000000021e-08 3.339310534370920625e-01 1.221712753901998294e+00
3.339310534370920625e-01 1.221712753901998294e+00 1.000000000000000000e+00 1.000000000000000021e-08 5.057380856846583894e-01 1.718070322475663048e+00
5.057380856846583894e-01 1.718070322475663048e+00 0.000000000000000000e+00 1.000000000000000021e-08 8.177955814020660963e-01 3.120574957174076403e+00
8.177955814020660963e-01 3.120574957174076403e+00 0.000000000000000000e+00 1.000000000000000021e-08 1.296700358464805136e+00 4.789047770627389511e+00
1.296700358464805136e+00 4.789047770627389511e+00 0.000000000000000000e+00 9.999000000000000110e-01 1.570796326794896558e+00 5.000000000000000000e+00
7.431173190166091846e-02 8.504332192572705562e-02 2.000000000000000000e+00 1.000000000000000021e-08 1.938675748284081346e-02 -5.492497441882010500e-01
1.938675748284081346e-02 -5.492497441882010500e-01 2.000000000000000000e+00 1.000000000000000021e-08 -1.276102541429043336e-01 -1.469970116257451220e+00
-1.276102541429043336e-01 -1.469970116257451220e+00 1.000000000000000000e+00 1.000000000000000021e-08 -2.841534243963633743e-01 -1.565431702534590297e+00
-2.841534243963633743e-01 -1.565431702534590297e+00 2.000000000000000000e+00 1.000000000000000021e-08 -5.716198175679420013e-01 -2.874663931715786269e+00
-5.716198175679420013e-01 -2.874663931715786269e+00 0.000000000000000000e+00 1.000000000000000021e-08 -8.796403517559664431e-01 -3.080205341880243974e+00
-8.796403517559664431e-01 -3.080205341880243974e+00 1.000000000000000000e+00 1.000000000000000021e-08 -1.306851334760513073e+00 -4.272109830045467405e+00
-1.306851334760513073e+00 -4.272109830045467405e+00 0.000000000000000000e+00 9.999000000000000110e-01 -1.570796326794896558e+00 -5.000000000000000000e+00
-5.976456817407863054e-02 5.910657322406336067e-02 2.000000000000000000e+00 1.000000000000000021e-08 -1.678644401238860162e-01 -1.080998719498073690e+00
-1.678644401238860162e-01 -1.080998719498073690e+00 1.000000000000000000e+00 1.000000000000000021e-08 -3.070563942754903630e-01 -1.391919541516043246e+00
-3.070563942754903630e-01 -1.391919541516043246e+00 2.000000000000000000e+00 1.000000000000000021e-08 -5.941197907398390043e-01 -2.870633964643485747e+00
-5.941197907398390043e-01 -2.870633964643485747e+00 2.000000000000000000e+00 1.000000000000000021e-08 -1.029260467514322208e+00 -4.351406767744832038e+00
-1.029260467514322208e+00 -4.351406767744832038e+00 0.000000000000000000e+00 1.000000000000000021e-08 -1.535351855204409866e+00 -5.000000000000000000e+00
-1.535351855204409866e+00 -5.000000000000000000e+00 2.000000000000000000e+00 9.999000000000000110e-01 -1.570796326794896558e+00 -5.000000000000000000e+00
-3.630553611007102111e-02 -5.725501265287856467e-02 1.000000000000000000e+00 1.000000000000000021e-08 -3.612385681139451687e-02 1.816792986765077000e-03
-3.612385681139451687e-02 1.816792986765077000e-03 0.000000000000000000e+00 1.000000000000000021e-08 5.776171886605770134e-02 9.388557567745221544e-01
5.776171886605770134e-02 9.388557567745221544e-01 1.000000000000000000e+00 1.000000000000000021e-08 1.676867562884123974e-01 1.099250374223546878e+00
1.676867562884123974e-01 1.099250374223546878e+00 1.000000000000000000e+00 1.000000000000000021e-08 3.143511347110492515e-01 1.466643784226368874e+00
3.143511347110492515e-01 1.466643784226368874e+00 1.000000000000000000e+00 1.000000000000000021e-08 5.066421131982199455e-01 1.922909784871706940e+00
5.066421131982199455e-01 1.922909784871706940e+00 0.000000000000000000e+00 1.000000000000000021e-08 8.599236768068575509e-01 3.532815636086375832e+00
8.599236768068575509e-01 3.532815636086375832e+00 1.000000000000000000e+00 1.000000000000000021e-08 1.314858284085818951e+00 4.549346072789613338e+00
1.314858284085818951e+00 4.549346072789613338e+00 1.000000000000000000e+00 9.999000000000000110e-01 1.570796326794896558e+00 5.000000000000000000e+00
-8.102066963735657379e-02 1.992710743767481599e-02 0.000000000000000000e+00 1.000000000000000021e-08 -1.601521782507500657e-02 6.500545181228156721e-01
-1.601521782507500657e-02 6.500545181228156721e-01 1.000000000000000000e+00 1.000000000000000021e-08 3.865236654364923724e-02 5.466758436872424243e-01
3.865236654364923724e-02 5.466758436872424243e-01 0.000000000000000000e+00 1.000000000000000021e-08 1.925028086270668959e-01 1.538504420834176489e+00
1.925028086270668959e-01 1.538504420834176489e+00 0.000000000000000000e+00 1.000000000000000021e-08 4.642084573617950571e-01 2.717056487347282001e+00
4.642084573617950571e-01 2.717056487347282001e+00 2.000000000000000000e+00 1.000000000000000021e-08 7.358967571637511362e-01 2.716882998019559903e+00
7.358967571637511362e-01 2.716882998019559903e+00 0.000000000000000000e+00 1.000000000000000021e-08 1.157871727204863088e+00 4.219749700411119520e+00
1.157871727204863088e+00 4.219749700411119520e+00 0.000000000000000000e+00 9.999000000000000110e-01 1.570796326794896558e+00 5.000000000000000000e+00
-6.490333338915181549e-02 9.010588926313088665e-03 2.000000000000000000e+00 1.000000000000000021e-08 -1.658313692180743426e-01 -1.009280358289225132e+00
-1.658313692180743426e-01 -1.009280358289225132e+00 0.000000000000000000e+00 1.000000000000000021e-08 -2.201770074478792694e-01 -5.434563822980491565e-01
-2.201770074478792694e-01 -5.434563822980491565e-01 1.000000000000000000e+00 1.000000000000000021e-08 -3.223676604096533671e-01 -1.021906529617740755e+00
-3.223676604096533671e-01 -1.021906529617740755e+00 1.000000000000000000e+00 1.000000000000000021e-08 -4.729993189495707018e-01 -1.506316585399173125e+00
-4.729993189495707018e-01 -1.506316585399173125e+00 0.000000000000000000e+00 1.000000000000000021e-08 -6.174938515688057628e-01 -1.444945326192350610e+00
-6.174938515688057628e-01 -1.444945326192350610e+00 2.000000000000000000e+00 1.000000000000000021e-08 -9.300219593998166889e-01 -3.125281078310108374e+00
-9.300219593998166889e-01 -3.125281078310108374e+00 2.000000000000000000e+00 1.000000000000000021e-08 -1.405825094567398681e+00 -4.758031351675819032e+00
-1.405825094567398681e+00 -4.758031351675819032e+00 1.000000000000000000e+00 9.999000000000000110e-01 -1.570796326794896558e+00 -5.000000000000000000e+00
4.583882736374411682e-02 -5.674741942252068544e-02 2.000000000000000000e+00 1.000000000000000021e-08 -4.652772657564277492e-02 -9.236655393938688619e-01
-4.652772657564277492e-02 -9.236655393938688619e-01 1.000000000000000000e+00 1.000000000000000021e-08 -1.620063892147216578e-01 -1.154786626390788884e+00
-1.620063892147216578e-01 -1.154786626390788884e+00 0.000000000000000000e+00 1.000000000000000021e-08 -2.330510743827186593e-01 -7.104468516799697930e-01
-2.330510743827186593e-01 -7.104468516799697930e-01 1.000000000000000000e+00 1.000000000000000021e-08 -3.419728304786548434e-01 -1.089217560959361730e+00
-3.419728304786548434e-01 -1.089217560959361730e+00 0.000000000000000000e+00 1.000000000000000021e-08 -4.229156661155024088e-01 -8.094283563684756544e-01
-4.229156661155024088e-01 -8.094283563684756544e-01 0.000000000000000000e+00 1.000000000000000021e-08 -4.838634052809043795e-01 -6.094773916540194847e-01
-4.838634052809043795e-01 -6.094773916540194847e-01 2.000000000000000000e+00 1.000000000000000021e-08 -6.840011565646858527e-01 -2.001377512837814621e+00
-6.840011565646858527e-01 -2.001377512837814621e+00 1.000000000000000000e+00 1.000000000000000021e-08 -9.914009793481013411e-01 -3.073998227834154662e+00
-9.914009793481013411e-01 -3.073998227834154662e+00 2.000000000000000000e+00 1.000000000000000021e-08 -1.461544758620095363e+00 -4.701437792719939779e+00
-1.461544758620095363e+00 -4.701437792719939779e+00 0.000000000000000000e+00 9.999000000000000110e-01 -1.570796326794896558e+00 -5.000000000000000000e+00
-7.987648449788768701e-02 1.257525148165919426e-04 0.000000000000000000e+00 1.000000000000000021e-08 5.945382567112980632e-03 8.582186706500066764e-01
5.945382567112980632e-03 8.582186706500066764e-01 2.000000000000000000e+00 1.000000000000000021e-08 1.840449055885276519e-02 1.245910799173978178e-01
1.840449055885276519e-02 1.245910799173978178e-01 1.000000000000000000e+00 1.000000000000000021e-08 4.474989074890789453e-02 2.634540019005512379e-01
4.474989074890789453e-02 2.634540019005512379e-01 2.000000000000000000e+00 1.000000000000000021e-08 -5.589743241366219861e-03 -5.033963399027411301e-01
-5.589743241366219861e-03 -5.033963399027411301e-01 0.000000000000000000e+00 1.000000000000000021e-08 3.525113196037164137e-02 4.084087520173785846e-01
3.525113196037164137e-02 4.084087520173785846e-01 2.000000000000000000e+00 1.000000000000000021e-08 -1.554124985904357242e-02 -5.079238181941521102e-01
-1.554124985904357242e-02 -5.079238181941521102e-01 0.000000000000000000e+00 1.000000000000000021e-08 2.098271045520026107e-02 3.652396031424383072e-01
2.098271045520026107e-02 3.652396031424383072e-01 2.000000000000000000e+00 1.000000000000000021e-08 -3.938336502929068450e-02 -6.036607548449094418e-01
-3.938336502929068450e-02 -6.036607548449094418e-01 0.000000000000000000e+00 1.000000000000000021e-08 -1.689883576550825495e-02 2.248452926378242678e-01
-1.689883576550825495e-02 2.248452926378242678e-01 2.000000000000000000e+00 1.000000000000000021e-08 -1.021192842970633369e-01 -8.522044853155507083e-01
-1.021192842970633369e-01 -8.522044853155507083e-01 0.000000000000000000e+00 1.000000000000000021e-08 -1.270647689118228618e-01 -2.494548461475951662e-01
-1.270647689118228618e-01 -2.494548461475951662e-01 2.000000000000000000e+00 1.000000000000000021e-08 -2.528084802248300456e-01 -1.257437113130072115e+00
-2.528084802248300456e-01 -1.257437113130072115e+00 0.000000000000000000e+00 1.000000000000000021e-08 -3.394009819753658341e-01 -8.659250175053576637e-01
-3.394009819753658341e-01 -8.659250175053576637e-01 0.000000000000000000e+00 1.000000000000000021e-08 -4.018191329473583817e-01 -6.241815097199256979e-01
-4.018191329473583817e-01 -6.241815097199256979e-01 1.000000000000000000e+00 1.000000000000000021e-08 -5.261049450859334176e-01 -1.242858121385750581e+00
-5.261049450859334176e-01 -1.242858121385750581e+00 0.000000000000000000e+00 1.000000000000000021e-08 -6.503320223571248393e-01 -1.242270772711913773e+00
-6.503320223571248393e-01 -1.242270772711913773e+00 2.000000000000000000e+00 1.000000000000000021e-08 -9.464193685642205978e-01 -2.960873462070956919e+00
-9.464193685642205978e-01 -2.960873462070956919e+00 1.000000000000000000e+00 1.000000000000000021e-08 -1.356899021836655228e+00 -4.104796532724345859e+00
-1.356899021836655228e+00 -4.104796532724345859e+00 2.000000000000000000e+00 9.999000000000000110e-01 -1.570796326794896558e+00 -5.000000000000000000e+00
3.825015738397637144e-02 3.716081618455425312e-02 1.000000000000000000e+00 1.000000000000000021e-08 3.213562674732267643e-02 -6.114530636653697088e-02
3.213562674732267643e-02 -6.114530636653697088e-02 0.000000000000000000e+00 1.000000000000000021e-08 1.308484359097865091e-01 9.871280916246382153e-01
1.308484359097865091e-01 9.871280916246382153e-01 1.000000000000000000e+00 1.000000000000000021e-08 2.363719722622492359e-01 1.055235363524627212e+00
2.363719722622492359e-01 1.055235363524627212e+00 0.000000000000000000e+00 1.000000000000000021e-08 4.496942173542995969e-01 2.133222450920503555e+00
4.496942173542995969e-01 2.133222450920503555e+00 0.000000000000000000e+00 1.000000000000000021e-08 8.079112466415342420e-01 3.582170292872346007e+00
8.079112466415342420e-01 3.582170292872346007e+00 1.000000000000000000e+00 1.000000000000000021e-08 1.273167947888452556e+00 4.652567012469183361e+00
1.273167947888452556e+00 4.652567012469183361e+00 1.000000000000000000e+00 9.999000000000000110e-01 1.570796326794896558e+00 5.000000000000000000e+00
8.662328404903626988e-02 4.158536036900953303e-02 2.000000000000000000e+00 1.000000000000000021e-08 1.603555291433994556e-02 -7.058773113469631877e-01
1.603555291433994556e-02 -7.058773113469631877e-01 1.000000000000000000e+00 1.000000000000000021e-08 -3.646556282436234225e-02 -5.250111573870228643e-01
-3.646556282436234225e-02 -5.250111573870228643e-01 2.000000000000000000e+00 1.000000000000000021e-08 -1.823841427833762519e-01 -1.459185799590139165e+00
-1.823841427833762519e-01 -1.459185799590139165e+00 2.000000000000000000e+00 1.000000000000000021e-08 -4.620049751926965653e-01 -2.796208324093202968e+00
-4.620049751926965653e-01 -2.796208324093202968e+00 0.000000000000000000e+00 1.000000000000000021e-08 -7.406483006326228802e-01 -2.786433254399263149e+00
-7.406483006326228802e-01 -2.786433254399263149e+00 2.000000000000000000e+00 1.000000000000000021e-08 -1.191545044424220601e+00 -4.508967437915977428e+00
-1.191545044424220601e+00 -4.508967437915977428e+00 1.000000000000000000e+00 9.999000000000000110e-01 -1.570796326794896558e+00 -5.000000000000000000e+00
2.165845642139346480e-02 -1.369291680066333887e-02 1.000000000000000000e+00 1.000000000000000021e-08 2.215051159429889949e-02 4.920551729054352050e-03
2.215051159429889949e-02 4.920551729054352050e-03 0.000000000000000000e+00 1.000000000000000021e-08 1.135327912148157287e-01 9.138227962051682640e-01
1.135327912148157287e-01 9.138227962051682640e-01 2.000000000000000000e+00 1.000000000000000021e-08 1.476255914291341176e-01 3.409280021431837504e-01
1.476255914291341176e-01 3.409280021431837504e-01 1.000000000000000000e+00 1.000000000000000021e-08 2.047923064374415625e-01 5.716671500830743380e-01
2.047923064374415625e-01 5.716671500830743380e-01 1.000000000000000000e+00 1.000000000000000021e-08 2.815680572942988458e-01 7.677575085685729439e-01
2.815680572942988458e-01 7.677575085685729439e-01 0.000000000000000000e+00 1.000000000000000021e-08 4.877124914244387321e-01 2.061444341301398975e+00
4.877124914244387321e-01 2.061444341301398975e+00 2.000000000000000000e+00 1.000000000000000021e-08 6.979043343808979394e-01 2.101918429564591850e+00
6.979043343808979394e-01 2.101918429564591850e+00 2.000000000000000000e+00 1.000000000000000021e-08 9.436187659600154820e-01 2.457144315791174982e+00
9.436187659600154820e-01 2.457144315791174982e+00 0.000000000000000000e+00 1.000000000000000021e-08 1.351092576671183432e+00 4.074738107111679497e+00
1.351092576671183432e+00 4.074738107111679497e+00 2.000000000000000000e+00 9.999000000000000110e-01 1.570796326794896558e+00 5.000000000000000000e+00
-2.418733728522648452e-02 5.334599006810560040e-02 0.000000000000000000e+00 1.000000000000000021e-08 8.078457688227549949e-02 1.049719141675019785e+00
8.078457688227549949e-02 1.049719141675019785e+00 2.000000000000000000e+00 1.000000000000000021e-08 1.030213121864916731e-01 2.223673530421617084e-01
1.030213121864916731e-01 2.223673530421617084e-01 0.000000000000000000e+00 1.000000000000000021e-08 2.319957732567357045e-01 1.289744610702440175e+00
2.319957732567357045e-01 1.289744610702440175e+00 1.000000000000000000e+00 1.000000000000000021e-08 3.969403505729949266e-01 1.649445773162592221e+00
3.969403505729949266e-01 1.649445773162592221e+00 0.000000000000000000e+00 1.000000000000000021e-08 6.904958819315673013e-01 2.935555313585723525e+00
6.904958819315673013e-01 2.935555313585723525e+00 1.000000000000000000e+00 1.000000000000000021e-08 1.068068586910402518e+00 3.775727049788352385e+00
1.068068586910402518e+00 3.775727049788352385e+00 2.000000000000000000e+00 1.000000000000000021e-08 1.535830012427194413e+00 4.677614255167918955e+00
1.535830012427194413e+00 4.677614255167918955e+00 0.000000000000000000e+00 9.999000000000000110e-01 1.570796326794896558e+00 5.000000000000000000e+00
-8.083736627563557764e-02 -4.963228774882512406e-02 1.000000000000000000e+00 1.000000000000000021e-08 -9.838260162289884370e-02 -1.754523534726326051e-01
-9.838260162289884370e-02 -1.754523534726326051e-01 0.000000000000000000e+00 1.000000000000000021e-08 -5.067875264170279559e-02 4.770384898119604533e-01
-5.067875264170279559e-02 4.770384898119604533e-01 1.000000000000000000e+00 1.000000000000000021e-08 3.072307235692253724e-03 5.375105987739504654e-01
3.072307235692253724e-03 5.375105987739504654e-01 0.000000000000000000e+00 1.000000000000000021e-08 1.358204959488217289e-01 1.327481887131294780e+00
1.358204959488217289e-01 1.327481887131294780e+00 1.000000000000000000e+00 1.000000000000000021e-08 2.819170686694746353e-01 1.460965727206528619e+00
2.819170686694746353e-01 1.460965727206528619e+00 1.000000000000000000e+00 1.000000000000000021e-08 4.871855973278115259e-01 2.052685286583368907e+00
4.871855973278115259e-01 2.052685286583368907e+00 1.000000000000000000e+00 1.000000000000000021e-08 7.565913957940180179e-01 2.694057984662065586e+00
7.565913957940180179e-01 2.694057984662065586e+00 2.000000000000000000e+00 1.000000000000000021e-08 1.072947213629343644e+00 3.163558178353255368e+00
1.072947213629343644e+00 3.163558178353255368e+00 1.000000000000000000e+00 1.000000000000000021e-08 1.523626791831158123e+00 4.506795782018144791e+00
1.523626791831158123e+00 4.506795782018144791e+00 1.000000000000000000e+00 9.999000000000000110e-01 1.570796326794896558e+00 5.000000000000000000e+00
-8.827913578569584335e-03 -6.690770622183980776e-02 0.000000000000000000e+00 1.000000000000000021e-08 6.073860212591356000e-02 6.956651570448314503e-01
6.073860212591356000e-02 6.956651570448314503e-01 1.000000000000000000e+00 1.000000000000000021e-08 1.376600100020649309e-01 7.692140787615135977e-01
1.376600100020649309e-01 7.692140787615135977e-01 2.000000000000000000e+00 1.000000000000000021e-08 1.339344334412327642e-01 -3.725576560832155604e-02
1.339344334412327642e-01 -3.725576560832155604e-02 1.000000000000000000e+00 1.000000000000000021e-08 1.579940948575303261e-01 2.405966141629756749e-01
1.579940948575303261e-01 2.405966141629756749e-01 1.000000000000000000e+00 1.000000000000000021e-08 1.952645902098230912e-01 3.727049535229275956e-01
1.952645902098230912e-01 3.727049535229275956e-01 0.000000000000000000e+00 1.000000000000000021e-08 3.628203545239922501e-01 1.675557643141691422e+00
3.628203545239922501e-01 1.675557643141691422e+00 2.000000000000000000e+00 1.000000000000000021e-08 4.988460282772205767e-01 1.360256737532283156e+00
4.988460282772205767e-01 1.360256737532283156e+00 2.000000000000000000e+00 1.000000000000000021e-08 6.479671569540894627e-01 1.491211286768688860e+00
6.479671569540894627e-01 1.491211286768688860e+00 2.000000000000000000e+00 1.000000000000000021e-08 8.197269100619373194e-01 1.717597531078478790e+00
8.197269100619373194e-01 1.717597531078478790e+00 0.000000000000000000e+00 1.000000000000000021e-08 1.154861224979155221e+00 3.351343149172177682e+00
1.154861224979155221e+00 3.351343149172177682e+00 1.000000000000000000e+00 9.999000000000000110e-01 1.570796326794896558e+00 4.678683905780782304e+00
7.877162191633446664e-02 -7.152897416409391418e-02 2.000000000000000000e+00 1.000000000000000021e-08 -1.422970141679502643e-02 -9.300132333312948196e-01
-1.422970141679502643e-02 -9.300132333312948196e-01 2.000000000000000000e+00 1.000000000000000021e-08 -2.102522079342059869e-01 -1.960225065174109549e+00
-2.102522079342059869e-01 -1.960225065174109549e+00 0.000000000000000000e+00 1.000000000000000021e-08 -3.671251657682410019e-01 -1.568729578340350095e+00
-3.671251657682410019e-01 -1.568729578340350095e+00 1.000000000000000000e+00 1.000000000000000021e-08 -5.852100562322463118e-01 -2.180848904640053210e+00
-5.852100562322463118e-01 -2.180848904640053210e+00 0.000000000000000000e+00 1.000000000000000021e-08 -8.145731963698941147e-01 -2.293631401376478252e+00
-8.145731963698941147e-01 -2.293631401376478252e+00 0.000000000000000000e+00 1.000000000000000021e-08 -1.099994910739169995e+00 -2.854217143692758807e+00
-1.099994910739169995e+00 -2.854217143692758807e+00 1.000000000000000000e+00 1.000000000000000021e-08 -1.514255661817197618e+00 -4.142607510780276669e+00
-1.514255661817197618e+00 -4.142607510780276669e+00 2.000000000000000000e+00 9.999000000000000110e-01 -1.570796326794896558e+00 -5.000000000000000000e+00
-3.898932821510055213e-02 -7.142554222507145611e-02 0.000000000000000000e+00 1.000000000000000021e-08 2.497250522805080641e-02 6.396183344315135022e-01
2.497250522805080641e-02 6.396183344315135022e-01 1.000000000000000000e+00 1.000000000000000021e-08 7.725163844504694122e-02 5.227913321699613203e-01
7.725163844504694122e-02 5.227913321699613203e-01 2.000000000000000000e+00 1.000000000000000021e-08 6.883329826736085677e-02 -8.418340177686078896e-02
6.883329826736085677e-02 -8.418340177686078896e-02 0.000000000000000000e+00 1.000000000000000021e-08 1.522572266377043293e-01 8.342392837034346975e-01
1.522572266377043293e-01 8.342392837034346975e-01 0.000000000000000000e+00 1.000000000000000021e-08 3.425828965489455813e-01 1.903256699112412020e+00
3.425828965489455813e-01 1.903256699112412020e+00 2.000000000000000000e+00 1.000000000000000021e-08 5.128952833261108957e-01 1.703123867771652922e+00
5.128952833261108957e-01 1.703123867771652922e+00 2.000000000000000000e+00 1.000000000000000021e-08 6.902528756251892217e-01 1.773575922990783482e+00
6.902528756251892217e-01 1.773575922990783482e+00 1.000000000000000000e+00 1.000000000000000021e-08 9.600123814911756259e-01 2.697595058659864264e+00
9.600123814911756259e-01 2.697595058659864264e+00 1.000000000000000000e+00 1.000000000000000021e-08 1.342545699553376881e+00 3.825333180622012108e+00
