-8.368302721238937703e-02 8.261998377564903906e-02 1.000000000000000000e+00 1.000000000000000021e-08 -1.027466214513679393e-01 -1.906359423897855954e-01
-1.027466214513679393e-01 -1.906359423897855954e-01 1.000000000000000000e+00 1.000000000000000021e-08 -1.439618861734335287e-01 -4.121526472206556990e-01
-1.439618861734335287e-01 -4.121526472206556990e-01 0.000000000000000000e+00 1.000000000000000021e-08 -1.249661020679535828e-01 1.899578410547994034e-01
-1.249661020679535828e-01 1.899578410547994034e-01 0.000000000000000000e+00 1.000000000000000021e-08 -4.563104583186668173e-02 7.933505623608689827e-01
-4.563104583186668173e-02 7.933505623608689827e-01 0.000000000000000000e+00 1.000000000000000021e-08 1.073453608591024427e-01 1.529764066909691245e+00
1.073453608591024427e-01 1.529764066909691245e+00 0.000000000000000000e+00 1.000000000000000021e-08 3.600840597098228790e-01 2.527386988507204002e+00
3.600840597098228790e-01 2.527386988507204002e+00 2.000000000000000000e+00 1.000000000000000021e-08 5.902244403409416806e-01 2.301403806311188127e+00
5.902244403409416806e-01 2.301403806311188127e+00 1.000000000000000000e+00 1.000000000000000021e-08 9.017224382845019370e-01 3.114979979435601898e+00
9.017224382845019370e-01 3.114979979435601898e+00 0.000000000000000000e+00 1.000000000000000021e-08 1.371124231003005622e+00 4.694017927185037742e+00
1.371124231003005622e+00 4.694017927185037742e+00 2.000000000000000000e+00 9.999000000000000110e-01 1.570796326794896558e+00 5.000000000000000000e+00
4.277844360795068912e-02 2.894957178502070849e-02 1.000000000000000000e+00 1.000000000000000021e-08 4.683600093657812324e-02 4.057557328627433429e-02
4.683600093657812324e-02 4.057557328627433429e-02 2.000000000000000000e+00 1.000000000000000021e-08 -1.399818667886450207e-02 -6.083418761544262532e-01
-1.399818667886450207e-02 -6.083418761544262532e-01 0.000000000000000000e+00 1.000000000000000021e-08 6.843886377166694124e-03 2.084207305603119620e-01
6.843886377166694124e-03 2.084207305603119620e-01 1.000000000000000000e+00 1.000000000000000021e-08 2.504147088613720151e-02 1.819758450897050739e-01
2.504147088613720151e-02 1.819758450897050739e-01 1.000000000000000000e+00 1.000000000000000021e-08 5.316595775809863228e-02 2.812448687196142938e-01
5.316595775809863228e-02 2.812448687196142938e-01 0.000000000000000000e+00 1.000000000000000021e-08 1.867042440717255614e-01 1.335382863136269194e+00
1.867042440717255614e-01 1.335382863136269194e+00 1.000000000000000000e+00 1.000000000000000021e-08 3.611640974935690362e-01 1.744598534218434249e+00
3.611640974935690362e-01 1.744598534218434249e+00 1.000000000000000000e+00 1.000000000000000021e-08 5.971942179779856641e-01 2.360301204844166278e+00
5.971942179779856641e-01 2.360301204844166278e+00 2.000000000000000000e+00 1.000000000000000021e-08 8.543519105175495509e-01 2.571576925395638646e+00
8.543519105175495509e-01 2.571576925395638646e+00 0.000000000000000000e+00 1.000000000000000021e-08 1.276844046500906327e+00 4.224921359833568424e+00
1.276844046500906327e+00 4.224921359833568424e+00 1.000000000000000000e+00 9.999000000000000110e-01 1.570796326794896558e+00 5.000000000000000000e+00
8.015985615241570661e-02 3.803912453828113549e-02 1.000000000000000000e+00 1.000000000000000021e-08 8.043566093820062046e-02 2.758047857849110773e-03
8.043566093820062046e-02 2.758047857849110773e-03 1.000000000000000000e+00 1.000000000000000021e-08 9.401829459137278633e-02 1.358263365317215754e-01
9.401829459137278633e-02 1.358263365317215754e-01 1.000000000000000000e+00 1.000000000000000021e-08 1.304479572743844629e-01 3.642966268301166544e-01
1.304479572743844629e-01 3.642966268301166544e-01 0.000000000000000000e+00 1.000000000000000021e-08 2.666971719209762504e-01 1.362492146465917875e+00
2.666971719209762504e-01 1.362492146465917875e+00 0.000000000000000000e+00 1.000000000000000021e-08 5.452045580309975437e-01 2.785073861100212600e+00
5.452045580309975437e-01 2.785073861100212600e+00 0.000000000000000000e+00 1.000000000000000021e-08 9.760155815744626651e-01 4.308110235434650548e+00
9.760155815744626651e-01 4.308110235434650548e+00 0.000000000000000000e+00 1.000000000000000021e-08 1.562127691319450395e+00 5.000000000000000000e+00
1.562127691319450395e+00 5.000000000000000000e+00 2.000000000000000000e+00 9.999000000000000110e-01 1.570796326794896558e+00 5.000000000000000000e+00
4.293340133492357102e-02 -1.562379649078047411e-03 0.000000000000000000e+00 1.000000000000000021e-08 1.217492253915653938e-01 7.881582405664181445e-01
1.217492253915653938e-01 7.881582405664181445e-01 0.000000000000000000e+00 1.000000000000000021e-08 2.980724327948706676e-01 1.763232074033052488e+00
2.980724327948706676e-01 1.763232074033052488e+00 0.000000000000000000e+00 1.000000000000000021e-08 6.225114456661225981e-01 3.244390128712518973e+00
6.225114456661225981e-01 3.244390128712518973e+00 0.000000000000000000e+00 1.000000000000000021e-08 1.106568457496450275e+00 4.840570118303276992e+00
1.106568457496450275e+00 4.840570118303276992e+00 1.000000000000000000e+00 9.999000000000000110e-01 1.570796326794896558e+00 5.000000000000000000e+00
1.733376493819001329e-02 8.466490070312715499e-02 0.000000000000000000e+00 1.000000000000000021e-08 1.219583942514678304e-01 1.046246293132778060e+00
1.219583942514678304e-01 1.046246293132778060e+00 2.000000000000000000e+00 1.000000000000000021e-08 1.554728050224876701e-01 3.351441077101984245e-01
1.554728050224876701e-01 3.351441077101984245e-01 2.000000000000000000e+00 1.000000000000000021e-08 1.400977358099795567e-01 -1.537506921250810232e-01
1.400977358099795567e-01 -1.537506921250810232e-01 0.000000000000000000e+00 1.000000000000000021e-08 2.281612777732238417e-01 8.806354196324428507e-01
2.281612777732238417e-01 8.806354196324428507e-01 1.000000000000000000e+00 1.000000000000000021e-08 3.640169188080529250e-01 1.358556410348290777e+00
3.640169188080529250e-01 1.358556410348290777e+00 1.000000000000000000e+00 1.000000000000000021e-08 5.657152657220416714e-01 2.016983469139887575e+00
5.657152657220416714e-01 2.016983469139887575e+00 2.000000000000000000e+00 1.000000000000000021e-08 7.800322335486779002e-01 2.143169678266362066e+00
7.800322335486779002e-01 2.143169678266362066e+00 1.000000000000000000e+00 1.000000000000000021e-08 1.094043861471413415e+00 3.140116279227353591e+00
1.094043861471413415e+00 3.140116279227353591e+00 0.000000000000000000e+00 9.999000000000000110e-01 1.570796326794896558e+00 4.836017726978679931e+00
6.556258805380228705e-02 3.434716151419935082e-02 2.000000000000000000e+00 1.000000000000000021e-08 6.683645721593876876e-03 -5.887894233220840601e-01
6.683645721593876876e-03 -5.887894233220840601e-01 0.000000000000000000e+00 1.000000000000000021e-08 2.833393209985489783e-02 2.165028637826101887e-01
2.833393209985489783e-02 2.165028637826101887e-01 2.000000000000000000e+00 1.000000000000000021e-08 -2.328645904677057246e-02 -5.162039114662546613e-01
-2.328645904677057246e-02 -5.162039114662546613e-01 2.000000000000000000e+00 1.000000000000000021e-08 -1.698260578157068101e-01 -1.465395987689362300e+00
-1.698260578157068101e-01 -1.465395987689362300e+00 0.000000000000000000e+00 1.000000000000000021e-08 -2.672568580775959712e-01 -9.743080026188917220e-01
-2.672568580775959712e-01 -9.743080026188917220e-01 0.000000000000000000e+00 1.000000000000000021e-08 -3.407541940396850988e-01 -7.349733596208911646e-01
-3.407541940396850988e-01 -7.349733596208911646e-01 2.000000000000000000e+00 1.000000000000000021e-08 -5.673936402932853174e-01 -2.266394462536001519e+00
-5.673936402932853174e-01 -2.266394462536001519e+00 0.000000000000000000e+00 1.000000000000000021e-08 -8.198903409015481092e-01 -2.524967006082627030e+00
-8.198903409015481092e-01 -2.524967006082627030e+00 1.000000000000000000e+00 1.000000000000000021e-08 -1.189202588195987342e+00 -3.693122472944390999e+00
-1.189202588195987342e+00 -3.693122472944390999e+00 0.000000000000000000e+00 9.999000000000000110e-01 -1.570796326794896558e+00 -4.705463684245930089e+00
-4.027192453387479915e-02 -3.548438101124556932e-02 2.000000000000000000e+00 1.000000000000000021e-08 -1.384724461736120404e-01 -9.820052163973724824e-01
-1.384724461736120404e-01 -9.820052163973724824e-01 2.000000000000000000e+00 1.000000000000000021e-08 -3.390680157232901504e-01 -2.005955695496781210e+00
-3.390680157232901504e-01 -2.005955695496781210e+00 0.000000000000000000e+00 1.000000000000000021e-08 -5.095977609412019049e-01 -1.705297452179116879e+00
-5.095977609412019049e-01 -1.705297452179116879e+00 2.000000000000000000e+00 1.000000000000000021e-08 -8.184891804902486578e-01 -3.088914195490467307e+00
-8.184891804902486578e-01 -3.088914195490467307e+00 0.000000000000000000e+00 1.000000000000000021e-08 -1.169032602587316561e+00 -3.505434220970678361e+00
-1.169032602587316561e+00 -3.505434220970678361e+00 0.000000000000000000e+00 9.999000000000000110e-01 -1.570796326794896558e+00 -4.543740891365982471e+00
-4.699754519354144150e-02 -1.592445200237822475e-02 1.000000000000000000e+00 1.000000000000000021e-08 -7.271221706487090986e-02 -2.571467187132946419e-01
-7.271221706487090986e-02 -2.571467187132946419e-01 0.000000000000000000e+00 1.000000000000000021e-08 -3.930805396174693461e-02 3.340416310312397385e-01
-3.930805396174693461e-02 3.340416310312397385e-01 2.000000000000000000e+00 1.000000000000000021e-08 -9.494687568733108096e-02 -5.563882172558414219e-01
-9.494687568733108096e-02 -5.563882172558414219e-01 0.000000000000000000e+00 1.000000000000000021e-08 -7.165441364630648069e-02 2.329246204102459750e-01
-7.165441364630648069e-02 2.329246204102459750e-01 0.000000000000000000e+00 1.000000000000000021e-08 3.425885229176607594e-02 1.059132659380725539e+00
3.425885229176607594e-02 1.059132659380725539e+00 1.000000000000000000e+00 1.000000000000000021e-08 1.424970576489014706e-01 1.082382053571353975e+00
1.424970576489014706e-01 1.082382053571353975e+00 1.000000000000000000e+00 1.000000000000000021e-08 2.617276200498730443e-01 1.192305624009715403e+00
2.617276200498730443e-01 1.192305624009715403e+00 1.000000000000000000e+00 1.000000000000000021e-08 4.103300516311768620e-01 1.486024315813037733e+00
4.103300516311768620e-01 1.486024315813037733e+00 2.000000000000000000e+00 1.000000000000000021e-08 5.433027633963667391e-01 1.329727117651899215e+00
5.433027633963667391e-01 1.329727117651899215e+00 0.000000000000000000e+00 1.000000000000000021e-08 8.283218597358001922e-01 2.850190963394334531e+00
8.283218597358001922e-01 2.850190963394334531e+00 0.000000000000000000e+00 1.000000000000000021e-08 1.287925325381620745e+00 4.596034656458206413e+00
1.287925325381620745e+00 4.596034656458206413e+00 1.000000000000000000e+00 9.999000000000000110e-01 1.570796326794896558e+00 5.000000000000000000e+00
6.683588418322956859e-02 6.673516712419261254e-02 1.000000000000000000e+00 1.000000000000000021e-08 9.150996659825931523e-02 2.467408241502974386e-01
9.150996659825931523e-02 2.467408241502974386e-01 0.000000000000000000e+00 1.000000000000000021e-08 2.106410034368697559e-01 1.191310368386104157e+00
2.106410034368697559e-01 1.191310368386104157e+00 2.000000000000000000e+00 1.000000000000000021e-08 2.684358903866000956e-01 5.779488694973036189e-01
2.684358903866000956e-01 5.779488694973036189e-01 0.000000000000000000e+00 1.000000000000000021e-08 4.516148087514751941e-01 1.831789183648750985e+00
4.516148087514751941e-01 1.831789183648750985e+00 0.000000000000000000e+00 1.000000000000000021e-08 7.818155152011067033e-01 3.302007064496315092e+00
7.818155152011067033e-01 3.302007064496315092e+00 1.000000000000000000e+00 1.000000000000000021e-08 1.210912560865777809e+00 4.290970456646710396e+00
1.210912560865777809e+00 4.290970456646710396e+00 2.000000000000000000e+00 9.999000000000000110e-01 1.570796326794896558e+00 5.000000000000000000e+00
8.797005237569325425e-03 -1.771809444810782883e-02 1.000000000000000000e+00 1.000000000000000021e-08 2.366656872066439862e-02 1.486956348309507181e-01
2.366656872066439862e-02 1.486956348309507181e-01 2.000000000000000000e+00 1.000000000000000021e-08 -3.076013502454104723e-02 -5.442670374520544030e-01
-3.076013502454104723e-02 -5.442670374520544030e-01 0.000000000000000000e+00 1.000000000000000021e-08 -2.016332293766440881e-03 2.874380273077460357e-01
-2.016332293766440881e-03 2.874380273077460357e-01 0.000000000000000000e+00 1.000000000000000021e-08 1.210647777226245420e-01 1.230811100163909710e+00
1.210647777226245420e-01 1.230811100163909710e+00 2.000000000000000000e+00 1.000000000000000021e-08 1.881594954434480937e-01 6.709471772082354901e-01
1.881594954434480937e-01 6.709471772082354901e-01 1.000000000000000000e+00 1.000000000000000021e-08 2.955415661103640845e-01 1.073820706669160074e+00
2.955415661103640845e-01 1.073820706669160074e+00 1.000000000000000000e+00 1.000000000000000021e-08 4.536838517778533642e-01 1.581422856674892685e+00
4.536838517778533642e-01 1.581422856674892685e+00 1.000000000000000000e+00 1.000000000000000021e-08 6.731467211555441921e-01 2.194628693776908612e+00
6.731467211555441921e-01 2.194628693776908612e+00 2.000000000000000000e+00 1.000000000000000021e-08 9.281346048353289468e-01 2.549878836797847992e+00
9.281346048353289468e-01 2.549878836797847992e+00 2.000000000000000000e+00 1.000000000000000021e-08 1.256647760383347023e+00 3.285131555480181209e+00
1.256647760383347023e+00 3.285131555480181209e+00 0.000000000000000000e+00 9.999000000000000110e-01 1.570796326794896558e+00 4.894315349986055885e+00
-7.597334231625360590e-02 -3.482008505436111345e-03 0.000000000000000000e+00 1.000000000000000021e-08 -2.228081686966906783e-03 7.374526062928670189e-01
-2.228081686966906783e-03 7.374526062928670189e-01 0.000000000000000000e+00 1.000000000000000021e-08 1.518060406129288498e-01 1.540341222998957704e+00
1.518060406129288498e-01 1.540341222998957704e+00 0.000000000000000000e+00 1.000000000000000021e-08 4.164850393869917178e-01 2.646789987740628458e+00
4.164850393869917178e-01 2.646789987740628458e+00 1.000000000000000000e+00 1.000000000000000021e-08 7.521984168070885435e-01 3.357133774200967480e+00
7.521984168070885435e-01 3.357133774200967480e+00 2.000000000000000000e+00 1.000000000000000021e-08 1.122352929770629615e+00 3.701545129635410269e+00
1.122352929770629615e+00 3.701545129635410269e+00 0.000000000000000000e+00 9.999000000000000110e-01 1.570796326794896558e+00 5.000000000000000000e+00
1.098968893247113943e-02 -7.325474572882714752e-02 0.000000000000000000e+00 1.000000000000000021e-08 1.109666418780002606e-01 9.997695294552911838e-01
1.109666418780002606e-01 9.997695294552911838e-01 1.000000000000000000e+00 1.000000000000000021e-08 2.433484747984863139e-01 1.323818329204860422e+00
2.433484747984863139e-01 1.323818329204860422e+00 2.000000000000000000e+00 1.000000000000000021e-08 3.311068148478630846e-01 8.775834004937674848e-01
3.311068148478630846e-01 8.775834004937674848e-01 0.000000000000000000e+00 1.000000000000000021e-08 5.597603880004462518e-01 2.286535731525832116e+00
5.597603880004462518e-01 2.286535731525832116e+00 1.000000000000000000e+00 1.000000000000000021e-08 8.682893228207235747e-01 3.085289348202773230e+00
8.682893228207235747e-01 3.085289348202773230e+00 0.000000000000000000e+00 1.000000000000000021e-08 1.343243376460074856e+00 4.749540536393513257e+00
1.343243376460074856e+00 4.749540536393513257e+00 0.000000000000000000e+00 9.999000000000000110e-01 1.570796326794896558e+00 5.000000000000000000e+00
-1.100458280231054846e-02 -5.375959461634948616e-03 1.000000000000000000e+00 1.000000000000000021e-08 1.503098301285763286e-03 1.250768110359631036e-01
1.503098301285763286e-03 1.250768110359631036e-01 1.000000000000000000e+00 1.000000000000000021e-08 2.382792220213671153e-02 2.232482390085094581e-01
2.382792220213671153e-02 2.232482390085094581e-01 2.000000000000000000e+00 1.000000000000000021e-08 -2.563419950672387454e-02 -4.946212170886058468e-01
-2.563419950672387454e-02 -4.946212170886058468e-01 1.000000000000000000e+00 1.000000000000000021e-08 -6.576256809601604969e-02 -4.012836858929217931e-01
-6.576256809601604969e-02 -4.012836858929217931e-01 1.000000000000000000e+00 1.000000000000000021e-08 -1.099542408727191556e-01 -4.419167277670310590e-01
-1.099542408727191556e-01 -4.419167277670310590e-01 2.000000000000000000e+00 1.000000000000000021e-08 -2.438999018614615155e-01 -1.339456609887423433e+00
-2.438999018614615155e-01 -1.339456609887423433e+00 2.000000000000000000e+00 1.000000000000000021e-08 -5.076387485786584275e-01 -2.637388467171969175e+00
-5.076387485786584275e-01 -2.637388467171969175e+00 1.000000000000000000e+00 1.000000000000000021e-08 -8.415189944713981074e-01 -3.338802458927395911e+00
-8.415189944713981074e-01 -3.338802458927395911e+00 1.000000000000000000e+00 1.000000000000000021e-08 -1.275409727471544130e+00 -4.338907330001458895e+00
-1.275409727471544130e+00 -4.338907330001458895e+00 2.000000000000000000e+00 9.999000000000000110e-01 -1.570796326794896558e+00 -5.000000000000000000e+00
3.104494562669510987e-02 -5.212031829264679450e-02 1.000000000000000000e+00 1.000000000000000021e-08 3.484809445985626031e-02 3.803148833161149045e-02
3.484809445985626031e-02 3.803148833161149045e-02 2.000000000000000000e+00 1.000000000000000021e-08 -5.799535954982491803e-02 -9.284345400968117001e-01
-5.799535954982491803e-02 -9.284345400968117001e-01 1.000000000000000000e+00 1.000000000000000021e-08 -1.489854552278165878e-01 -9.099009567799167808e-01
-1.489854552278165878e-01 -9.099009567799167808e-01 1.000000000000000000e+00 1.000000000000000021e-08 -2.591537511566601171e-01 -1.101682959288435182e+00
-2.591537511566601171e-01 -1.101682959288435182e+00 2.000000000000000000e+00 1.000000000000000021e-08 -4.961316562941934238e-01 -2.369779051375333179e+00
-4.961316562941934238e-01 -2.369779051375333179e+00 2.000000000000000000e+00 1.000000000000000021e-08 -8.973981658875966883e-01 -4.012665095934032422e+00
-8.973981658875966883e-01 -4.012665095934032422e+00 0.000000000000000000e+00 1.000000000000000021e-08 -1.350326442138824135e+00 -4.529282762512273131e+00
-1.350326442138824135e+00 -4.529282762512273131e+00 0.000000000000000000e+00 9.999000000000000110e-01 -1.570796326794896558e+00 -5.000000000000000000e+00
-6.354596934449603662e-02 -4.899338719667502284e-02 0.000000000000000000e+00 1.000000000000000021e-08 9.133094374779077151e-03 7.267906371927510545e-01
9.133094374779077151e-03 7.267906371927510545e-01 0.000000000000000000e+00 1.000000000000000021e-08 1.638021704837699100e-01 1.546690761089908106e+00
1.638021704837699100e-01 1.546690761089908106e+00 2.000000000000000000e+00 1.000000000000000021e-08 2.725204637450645562e-01 1.087182932612946296e+00
2.725204637450645562e-01 1.087182932612946296e+00 2.000000000000000000e+00 1.000000000000000021e-08 3.280024932486266254e-01 5.548202950356208030e-01
3.280024932486266254e-01 5.548202950356208030e-01 1.000000000000000000e+00 1.000000000000000021e-08 4.216914228984575685e-01 9.368892964983095428e-01
4.216914228984575685e-01 9.368892964983095428e-01 2.000000000000000000e+00 1.000000000000000021e-08 4.912635874177744832e-01 6.957216451931689249e-01
4.912635874177744832e-01 6.957216451931689249e-01 2.000000000000000000e+00 1.000000000000000021e-08 5.496394178161480015e-01 5.837583039837351828e-01
5.496394178161480015e-01 5.837583039837351828e-01 2.000000000000000000e+00 1.000000000000000021e-08 6.201240712944613431e-01 7.048465347831329719e-01
6.201240712944613431e-01 7.048465347831329719e-01 2.000000000000000000e+00 1.000000000000000021e-08 7.075182584553881826e-01 8.739418716092682837e-01
7.075182584553881826e-01 8.739418716092682837e-01 1.000000000000000000e+00 1.000000000000000021e-08 8.984618088363893751e-01 1.909435503810011703e+00
8.984618088363893751e-01 1.909435503810011703e+00 1.000000000000000000e+00 1.000000000000000021e-08 1.205883225566017236e+00 3.074214167296277722e+00
1.205883225566017236e+00 3.074214167296277722e+00 0.000000000000000000e+00 9.999000000000000110e-01 1.570796326794896558e+00 4.711202139377483888e+00
-5.267321764359318009e-02 2.237362624466198921e-02 0.000000000000000000e+00 1.000000000000000021e-08 1.508791566646314891e-02 6.776113331005633178e-01
1.508791566646314891e-02 6.776113331005633178e-01 1.000000000000000000e+00 1.000000000000000021e-08 6.785022232353095373e-02 5.276230665706780343e-01
6.785022232353095373e-02 5.276230665706780343e-01 0.000000000000000000e+00 1.000000000000000021e-08 2.219763924428836965e-01 1.541261701193527234e+00
2.219763924428836965e-01 1.541261701193527234e+00 0.000000000000000000e+00 1.000000000000000021e-08 5.113405827277590632e-01 2.893641902848752778e+00
5.113405827277590632e-01 2.893641902848752778e+00 0.000000000000000000e+00 1.000000000000000021e-08 9.523539804166296641e-01 4.410133976888705121e+00
9.523539804166296641e-01 4.410133976888705121e+00 2.000000000000000000e+00 1.000000000000000021e-08 1.467771687600913921e+00 5.000000000000000000e+00
1.467771687600913921e+00 5.000000000000000000e+00 1.000000000000000000e+00 9.999000000000000110e-01 1.570796326794896558e+00 5.000000000000000000e+00
-7.551361224414510770e-03 7.114782169469950623e-02 2.000000000000000000e+00 1.000000000000000021e-08 -8.934657619941316353e-02 -8.179521497499865346e-01
-8.934657619941316353e-02 -8.179521497499865346e-01 1.000000000000000000e+00 1.000000000000000021e-08 -1.984673342967468446e-01 -1.091207580973336810e+00
-1.984673342967468446e-01 -1.091207580973336810e+00 2.000000000000000000e+00 1.000000000000000021e-08 -4.273573622640111092e-01 -2.288900279672642313e+00
-4.273573622640111092e-01 -2.288900279672642313e+00 1.000000000000000000e+00 1.000000000000000021e-08 -7.221462560211522330e-01 -2.947888937571411017e+00
-7.221462560211522330e-01 -2.947888937571411017e+00 0.000000000000000000e+00 1.000000000000000021e-08 -1.052025323894648423e+00 -3.298790678734961013e+00
-1.052025323894648423e+00 -3.298790678734961013e+00 0.000000000000000000e+00 1.000000000000000021e-08 -1.476136612560575712e+00 -4.241112886659273329e+00
-1.476136612560575712e+00 -4.241112886659273329e+00 2.000000000000000000e+00 9.999000000000000110e-01 -1.570796326794896558e+00 -5.000000000000000000e+00
-4.891554392777257981e-02 -2.215406668891126141e-05 2.000000000000000000e+00 1.000000000000000021e-08 -1.320665138190678378e-01 -8.315096989129524552e-01
-1.320665138190678378e-01 -8.315096989129524552e-01 0.000000000000000000e+00 1.000000000000000021e-08 -1.541307851571222520e-01 -2.206427133805440866e-01
-1.541307851571222520e-01 -2.206427133805440866e-01 2.000000000000000000e+00 1.000000000000000021e-08 -3.009200617548055678e-01 -1.467892765976833047e+00
-3.009200617548055678e-01 -1.467892765976833047e+00 2.000000000000000000e+00 1.000000000000000021e-08 -5.908931210779757581e-01 -2.899730593231701015e+00
-5.908931210779757581e-01 -2.899730593231701015e+00 1.000000000000000000e+00 1.000000000000000021e-08 -9.558579989527143939e-01 -3.649648778747386135e+00
-9.558579989527143939e-01 -3.649648778747386135e+00 1.000000000000000000e+00 1.000000000000000021e-08 -1.442734632520296767e+00 -4.868766335675822177e+00
-1.442734632520296767e+00 -4.868766335675822177e+00 2.000000000000000000e+00 9.999000000000000110e-01 -1.570796326794896558e+00 -5.000000000000000000e+00
3.397615407933970988e-02 -1.756985594733402253e-02 2.000000000000000000e+00 1.000000000000000021e-08 -4.977786182390389613e-02 -8.375401590324360601e-01
-4.977786182390389613e-02 -8.375401590324360601e-01 1.000000000000000000e+00 1.000000000000000021e-08 -1.360390775859883217e-01 -8.626121576208443109e-01
-1.360390775859883217e-01 -8.626121576208443109e-01 1.000000000000000000e+00 1.000000000000000021e-08 -2.621778541914443483e-01 -1.261387766054560267e+00
-2.621778541914443483e-01 -1.261387766054560267e+00 0.000000000000000000e+00 1.000000000000000021e-08 -3.415003542004442227e-01 -7.932250000899987441e-01
-3.415003542004442227e-01 -7.932250000899987441e-01 2.000000000000000000e+00 1.000000000000000021e-08 -5.716216569329297670e-01 -2.301213027324855886e+00
-5.716216569329297670e-01 -2.301213027324855886e+00 1.000000000000000000e+00 1.000000000000000021e-08 -8.996323472022315082e-01 -3.280106902693017190e+00
-8.996323472022315082e-01 -3.280106902693017190e+00 1.000000000000000000e+00 1.000000000000000021e-08 -1.333303146335588441e+00 -4.336707991333568657e+00
-1.333303146335588441e+00 -4.336707991333568657e+00 2.000000000000000000e+00 9.999000000000000110e-01 -1.570796326794896558e+00 -5.000000000000000000e+00
-3.232014070873696909e-02 1.699698787105411585e-02 2.000000000000000000e+00 1.000000000000000021e-08 -1.177954250825557492e-01 -8.547528437381877175e-01
-1.177954250825557492e-01 -8.547528437381877175e-01 0.000000000000000000e+00 1.000000000000000021e-08 -1.253626229932409408e-01 -7.567197910685197204e-02
-1.253626229932409408e-01 -7.567197910685197204e-02 1.000000000000000000e+00 1.000000000000000021e-08 -1.450527295745751566e-01 -1.969010658133422131e-01
-1.450527295745751566e-01 -1.969010658133422131e-01 1.000000000000000000e+00 1.000000000000000021e-08 -1.984246281502280718e-01 -5.337189857565292073e-01
-1.984246281502280718e-01 -5.337189857565292073e-01 2.000000000000000000e+00 1.000000000000000021e-08 -3.703939410467055326e-01 -1.719693128964774109e+00
-3.703939410467055326e-01 -1.719693128964774109e+00 2.000000000000000000e+00 1.000000000000000021e-08 -6.849026815125769385e-01 -3.145087404658713837e+00
-6.849026815125769385e-01 -3.145087404658713837e+00 2.000000000000000000e+00 1.000000000000000021e-08 -1.163691225715988375e+00 -4.787885442034113481e+00
-1.163691225715988375e+00 -4.787885442034113481e+00 1.000000000000000000e+00 9.999000000000000110e-01 -1.570796326794896558e+00 -5.000000000000000000e+00
7.567457537929178635e-02 -1.009122806037247681e-02 0.000000000000000000e+00 1.000000000000000021e-08 1.751268717683774900e-01 9.945229638908570369e-01
1.751268717683774900e-01 9.945229638908570369e-01 1.000000000000000000e+00 1.000000000000000021e-08 3.147346682342949675e-01 1.396077964659174775e+00
3.147346682342949675e-01 1.396077964659174775e+00 0.000000000000000000e+00 1.000000000000000021e-08 5.805069501154255240e-01 2.657722818811305565e+00
5.805069501154255240e-01 2.657722818811305565e+00 0.000000000000000000e+00 1.000000000000000021e-08 9.961143429539464078e-01 4.156073928385208838e+00
9.961143429539464078e-01 4.156073928385208838e+00 2.000000000000000000e+00 1.000000000000000021e-08 1.477761729530427504e+00 4.816473865764811180e+00
1.477761729530427504e+00 4.816473865764811180e+00 0.000000000000000000e+00 9.999000000000000110e-01 1.570796326794896558e+00 5.000000000000000000e+00
-7.875436160699052224e-02 8.435756989326212429e-02 2.000000000000000000e+00 1.000000000000000021e-08 -1.577315901727896486e-01 -7.897722856579912909e-01
-1.577315901727896486e-01 -7.897722856579912909e-01 2.000000000000000000e+00 1.000000000000000021e-08 -3.588040499057802979e-01 -2.010724597329906604e+00
-3.588040499057802979e-01 -2.010724597329906604e+00 1.000000000000000000e+00 1.000000000000000021e-08 -6.126016125880080487e-01 -2.537975626822277952e+00
-6.126016125880080487e-01 -2.537975626822277952e+00 0.000000000000000000e+00 1.000000000000000021e-08 -8.820260012830434260e-01 -2.694243886950353772e+00
-8.820260012830434260e-01 -2.694243886950353772e+00 1.000000000000000000e+00 1.000000000000000021e-08 -1.264746271857924986e+00 -3.827202705748814715e+00
-1.264746271857924986e+00 -3.827202705748814715e+00 2.000000000000000000e+00 9.999000000000000110e-01 -1.570796326794896558e+00 -5.000000000000000000e+00
-2.823934855193856869e-03 -3.412535047224600493e-02 0.000000000000000000e+00 1.000000000000000021e-08 9.616824549762846563e-02 9.899218035282232320e-01
9.616824549762846563e-02 9.899218035282232320e-01 2.000000000000000000e+00 1.000000000000000021e-08 1.249019336319199536e-01 2.873368813429147961e-01
1.249019336319199536e-01 2.873368813429147961e-01 0.000000000000000000e+00 1.000000000000000021e-08 2.783916184046923981e-01 1.534896847727724722e+00
2.783916184046923981e-01 1.534896847727724722e+00 2.000000000000000000e+00 1.000000000000000021e-08 3.931914110259718265e-01 1.147997926212794395e+00
3.931914110259718265e-01 1.147997926212794395e+00 2.000000000000000000e+00 1.000000000000000021e-08 5.002994154455893128e-01 1.071080044196174752e+00
5.002994154455893128e-01 1.071080044196174752e+00 0.000000000000000000e+00 1.000000000000000021e-08 7.497586089743503157e-01 2.494591935287609807e+00
7.497586089743503157e-01 2.494591935287609807e+00 2.000000000000000000e+00 1.000000000000000021e-08 1.032796890953456614e+00 2.830382819791061877e+00
1.032796890953456614e+00 2.830382819791061877e+00 1.000000000000000000e+00 1.000000000000000021e-08 1.444020654683849658e+00 4.112237637303930882e+00
1.444020654683849658e+00 4.112237637303930882e+00 1.000000000000000000e+00 9.999000000000000110e-01 1.570796326794896558e+00 5.000000000000000000e+00
6.207429236353388669e-03 7.368953163011489338e-02 0.000000000000000000e+00 1.000000000000000021e-08 1.142831948900984163e-01 1.080757656537450151e+00
1.142831948900984163e-01 1.080757656537450151e+00 0.000000000000000000e+00 1.000000000000000021e-08 3.333628160396987505e-01 2.190796211496003121e+00
3.333628160396987505e-01 2.190796211496003121e+00 2.000000000000000000e+00 1.000000000000000021e-08 5.286772516676371270e-01 1.953144356279383986e+00
5.286772516676371270e-01 1.953144356279383986e+00 0.000000000000000000e+00 1.000000000000000021e-08 8.882830545359563512e-01 3.596058028683192465e+00
8.882830545359563512e-01 3.596058028683192465e+00 2.000000000000000000e+00 1.000000000000000021e-08 1.308261069174468494e+00 4.199780146385121427e+00
1.308261069174468494e+00 4.199780146385121427e+00 1.000000000000000000e+00 9.999000000000000110e-01 1.570796326794896558e+00 5.000000000000000000e+00
-1.876733207427460845e-02 -4.020622426668669924e-02 0.000000000000000000e+00 1.000000000000000021e-08 5.454531020387898277e-02 7.331264227815359469e-01
5.454531020387898277e-02 7.331264227815359469e-01 1.000000000000000000e+00 1.000000000000000021e-08 1.446805145319017827e-01 9.013520432802279991e-01
1.446805145319017827e-01 9.013520432802279991e-01 0.000000000000000000e+00 1.000000000000000021e-08 3.594160720297360778e-01 2.147355574978342840e+00
3.594160720297360778e-01 2.147355574978342840e+00 2.000000000000000000e+00 1.000000000000000021e-08 5.418566465000598242e-01 1.824405744703237131e+00
5.418566465000598242e-01 1.824405744703237131e+00 2.000000000000000000e+00 1.000000000000000021e-08 7.368274961089582575e-01 1.949708496088984555e+00
7.368274961089582575e-01 1.949708496088984555e+00 0.000000000000000000e+00 1.000000000000000021e-08 1.103060217096129003e+00 3.662327209871706568e+00
1.103060217096129003e+00 3.662327209871706568e+00 2.000000000000000000e+00 1.000000000000000021e-08 1.559404230137156899e+00 4.563440130410278073e+00
1.559404230137156899e+00 4.563440130410278073e+00 2.000000000000000000e+00 9.999000000000000110e-01 1.570796326794896558e+00 5.000000000000000000e+00
3.055221952619367395e-02 -3.683016683849161393e-02 0.000000000000000000e+00 1.000000000000000021e-08 1.229482551379394301e-01 9.239603561174574153e-01
1.229482551379394301e-01 9.239603561174574153e-01 0.000000000000000000e+00 1.000000000000000021e-08 3.092074754317304941e-01 1.862592202937910280e+00
3.092074754317304941e-01 1.862592202937910280e+00 0.000000000000000000e+00 1.000000000000000021e-08 6.118381908085002152e-01 3.026307153767697322e+00
6.118381908085002152e-01 3.026307153767697322e+00 2.000000000000000000e+00 1.000000000000000021e-08 9.434371561304808473e-01 3.315989653219806321e+00
9.434371561304808473e-01 3.315989653219806321e+00 0.000000000000000000e+00 1.000000000000000021e-08 1.433752867340683190e+00 4.903157112102023873e+00
1.433752867340683190e+00 4.903157112102023873e+00 2.000000000000000000e+00 9.999000000000000110e-01 1.570796326794896558e+00 5.000000000000000000e+00
8.209201560565219935e-02 -7.403357567346743884e-02 1.000000000000000000e+00 1.000000000000000021e-08 1.010247514433538774e-01 1.893273583770167801e-01
1.010247514433538774e-01 1.893273583770167801e-01 0.000000000000000000e+00 1.000000000000000021e-08 2.332947961539496573e-01 1.322700447105957799e+00
2.332947961539496573e-01 1.322700447105957799e+00 2.000000000000000000e+00 1.000000000000000021e-08 3.324860688508198270e-01 9.919127269687015858e-01
3.324860688508198270e-01 9.919127269687015858e-01 2.000000000000000000e+00 1.000000000000000021e-08 3.965622322479619433e-01 6.407616339714210518e-01
3.965622322479619433e-01 6.407616339714210518e-01 0.000000000000000000e+00 1.000000000000000021e-08 6.109471480658759113e-01 2.143849158179139902e+00
6.109471480658759113e-01 2.143849158179139902e+00 0.000000000000000000e+00 1.000000000000000021e-08 9.712283280806577324e-01 3.602811800147818211e+00
9.712283280806577324e-01 3.602811800147818211e+00 1.000000000000000000e+00 1.000000000000000021e-08 1.453175499676843341e+00 4.819471715961856084e+00
1.453175499676843341e+00 4.819471715961856084e+00 0.000000000000000000e+00 9.999000000000000110e-01 1.570796326794896558e+00 5.000000000000000000e+00
-5.390315586597825559e-02 8.277203505824894114e-02 1.000000000000000000e+00 1.000000000000000021e-08 -5.082535027568716585e-02 3.077805590291090437e-02
-5.082535027568716585e-02 3.077805590291090437e-02 1.000000000000000000e+00 1.000000000000000021e-08 -4.078630635676561145e-02 1.003904391892155579e-01
-4.078630635676561145e-02 1.003904391892155579e-01 2.000000000000000000e+00 1.000000000000000021e-08 -1.109170382092050794e-01 -7.013073185243946517e-01
-1.109170382092050794e-01 -7.013073185243946517e-01 2.000000000000000000e+00 1.000000000000000021e-08 -2.970214023290715932e-01 -1.861043641198665277e+00
-2.970214023290715932e-01 -1.861043641198665277e+00 0.000000000000000000e+00 1.000000000000000021e-08 -4.418194174053758361e-01 -1.447980150763042317e+00
-4.418194174053758361e-01 -1.447980150763042317e+00 1.000000000000000000e+00 1.000000000000000021e-08 -6.615301405517832745e-01 -2.197107231464074051e+00
-6.615301405517832745e-01 -2.197107231464074051e+00 2.000000000000000000e+00 1.000000000000000021e-08 -1.038437266837510142e+00 -3.769071262857268678e+00
-1.038437266837510142e+00 -3.769071262857268678e+00 1.000000000000000000e+00 1.000000000000000021e-08 -1.531706247004751775e+00 -4.932689801672416330e+00
-1.531706247004751775e+00 -4.932689801672416330e+00 1.000000000000000000e+00 9.999000000000000110e-01 -1.570796326794896558e+00 -5.000000000000000000e+00
-3.487595426229284090e-02 -7.993823149267241523e-02 2.000000000000000000e+00 1.000000000000000021e-08 -1.351578025615350065e-01 -1.002818482992421600e+00
-1.351578025615350065e-01 -1.002818482992421600e+00 1.000000000000000000e+00 1.000000000000000021e-08 -2.494048055287259313e-01 -1.142470029671909248e+00
-2.494048055287259313e-01 -1.142470029671909248e+00 2.000000000000000000e+00 1.000000000000000021e-08 -4.817349027217310287e-01 -2.323300971930050807e+00
-4.817349027217310287e-01 -2.323300971930050807e+00 1.000000000000000000e+00 1.000000000000000021e-08 -7.932910678956139883e-01 -3.115561651738828708e+00
-7.932910678956139883e-01 -3.115561651738828708e+00 0.000000000000000000e+00 1.000000000000000021e-08 -1.164273347003684123e+00 -3.709822791080700455e+00
-1.164273347003684123e+00 -3.709822791080700455e+00 1.000000000000000000e+00 9.999000000000000110e-01 -1.570796326794896558e+00 -4.969923720182769067e+00
-1.783516869877170910e-02 -6.916866180704715761e-02 2.000000000000000000e+00 1.000000000000000021e-08 -1.277057854436081663e-01 -1.098706167448364468e+00
-1.277057854436081663e-01 -1.098706167448364468e+00 1.000000000000000000e+00 1.000000000000000021e-08 -2.613338643082153689e-01 -1.336280788646072359e+00
-2.613338643082153689e-01 -1.336280788646072359e+00 1.000000000000000000e+00 1.000000000000000021e-08 -4.317468371480484013e-01 -1.704129728398330546e+00
-4.317468371480484013e-01 -1.704129728398330546e+00 0.000000000000000000e+00 1.000000000000000021e-08 -5.884771464273170771e-01 -1.567303092792686536e+00
-5.884771464273170771e-01 -1.567303092792686536e+00 0.000000000000000000e+00 1.000000000000000021e-08 -7.620006175684574945e-01 -1.735234711411404618e+00
-7.620006175684574945e-01 -1.735234711411404618e+00 1.000000000000000000e+00 1.000000000000000021e-08 -1.044636206619480978e+00 -2.826355890510234836e+00
-1.044636206619480978e+00 -2.826355890510234836e+00 1.000000000000000000e+00 1.000000000000000021e-08 -1.458080621527637621e+00 -4.134444149081566877e+00
-1.458080621527637621e+00 -4.134444149081566877e+00 2.000000000000000000e+00 9.999000000000000110e-01 -1.570796326794896558e+00 -5.000000000000000000e+00
1.540650161146146085e-02 -6.163703393304992284e-02 2.000000000000000000e+00 1.000000000000000021e-08 -7.194656021162698645e-02 -8.735306182308844036e-01
-7.194656021162698645e-02 -8.735306182308844036e-01 2.000000000000000000e+00 1.000000000000000021e-08 -2.430346086785810378e-01 -1.710880484669540458e+00
-2.430346086785810378e-01 -1.710880484669540458e+00 1.000000000000000000e+00 1.000000000000000021e-08 -4.596964995938106480e-01 -2.166618909152295824e+00
-4.596964995938106480e-01 -2.166618909152295824e+00 2.000000000000000000e+00 1.000000000000000021e-08 -8.351676783110334457e-01 -3.754711787172227755e+00
-8.351676783110334457e-01 -3.754711787172227755e+00 0.000000000000000000e+00 1.000000000000000021e-08 -1.270197570443355684e+00 -4.350298921323223489e+00
-1.270197570443355684e+00 -4.350298921323223489e+00 1.000000000000000000e+00 9.999000000000000110e-01 -1.570796326794896558e+00 -5.000000000000000000e+00
-8.695732408772999245e-02 7.256569558875150538e-02 1.000000000000000000e+00 1.000000000000000021e-08 -8.741898095196076746e-02 -4.616568642307763981e-03
-8.741898095196076746e-02 -4.616568642307763981e-03 1.000000000000000000e+00 1.000000000000000021e-08 -1.019619789719655861e-01 -1.454299802000481590e-01
-1.019619789719655861e-01 -1.454299802000481590e-01 2.000000000000000000e+00 1.000000000000000021e-08 -2.301706118252591082e-01 -1.282086328532935138e+00
-2.301706118252591082e-01 -1.282086328532935138e+00 1.000000000000000000e+00 1.000000000000000021e-08 -3.869882361048629926e-01 -1.568176242796039066e+00
-3.869882361048629926e-01 -1.568176242796039066e+00 0.000000000000000000e+00 1.000000000000000021e-08 -5.373373732666975044e-01 -1.503491371618344452e+00
-5.373373732666975044e-01 -1.503491371618344452e+00 0.000000000000000000e+00 1.000000000000000021e-08 -7.059331136224088477e-01 -1.685957403557113654e+00
-7.059331136224088477e-01 -1.685957403557113654e+00 1.000000000000000000e+00 1.000000000000000021e-08 -9.829443451349395566e-01 -2.770112315125307312e+00
-9.829443451349395566e-01 -2.770112315125307312e+00 1.000000000000000000e+00 1.000000000000000021e-08 -1.386622522516767653e+00 -4.036781773818280072e+00
-1.386622522516767653e+00 -4.036781773818280072e+00 0.000000000000000000e+00 9.999000000000000110e-01 -1.570796326794896558e+00 -5.000000000000000000e+00
-2.071397788069676352e-02 3.451869032040429108e-02 0.000000000000000000e+00 1.000000000000000021e-08 6.418893497548756877e-02 8.490291285618432049e-01
6.418893497548756877e-02 8.490291285618432049e-01 0.000000000000000000e+00 1.000000000000000021e-08 2.326076428010420138e-01 1.684187078255544590e+00
2.326076428010420138e-01 1.684187078255544590e+00 1.000000000000000000e+00 1.000000000000000021e-08 4.460631735676526821e-01 2.134555307666106572e+00
4.460631735676526821e-01 2.134555307666106572e+00 1.000000000000000000e+00 1.000000000000000021e-08 7.323537811022633459e-01 2.862906075346105972e+00
7.323537811022633459e-01 2.862906075346105972e+00 2.000000000000000000e+00 1.000000000000000021e-08 1.061235509337658645e+00 3.288817282353953431e+00
1.061235509337658645e+00 3.288817282353953431e+00 1.000000000000000000e+00 1.000000000000000021e-08 1.523023016447996980e+00 4.617875071103382467e+00
1.523023016447996980e+00 4.617875071103382467e+00 0.000000000000000000e+00 9.999000000000000110e-01 1.570796326794896558e+00 5.000000000000000000e+00
1.529261706370729779e-02 4.683719426409183040e-02 0.000000000000000000e+00 1.000000000000000021e-08 1.098602617879113619e-01 9.456764472420405854e-01
1.098602617879113619e-01 9.456764472420405854e-01 2.000000000000000000e+00 1.000000000000000021e-08 1.282248263644523711e-01 1.836456457654099816e-01
1.282248263644523711e-01 1.836456457654099816e-01 0.000000000000000000e+00 1.000000000000000021e-08 2.544754889954226051e-01 1.262506626309702451e+00
2.544754889954226051e-01 1.262506626309702451e+00 2.000000000000000000e+00 1.000000000000000021e-08 3.264339948189505236e-01 7.195850582352792957e-01
3.264339948189505236e-01 7.195850582352792957e-01 1.000000000000000000e+00 1.000000000000000021e-08 4.394371665530447668e-01 1.130031717340942432e+00
4.394371665530447668e-01 1.130031717340942432e+00 1.000000000000000000e+00 1.000000000000000021e-08 6.203224938482718720e-01 1.808853272952271052e+00
6.203224938482718720e-01 1.808853272952271052e+00 0.000000000000000000e+00 1.000000000000000021e-08 9.477908172979436774e-01 3.274683234496718054e+00
9.477908172979436774e-01 3.274683234496718054e+00 2.000000000000000000e+00 1.000000000000000021e-08 1.339329247378100884e+00 3.915384300801571182e+00
1.339329247378100884e+00 3.915384300801571182e+00 0.000000000000000000e+00 9.999000000000000110e-01 1.570796326794896558e+00 5.000000000000000000e+00
5.073469246760810292e-02 1.790479680041657737e-02 0.000000000000000000e+00 1.000000000000000021e-08 1.409888923302825281e-01 9.025419986267442241e-01
1.409888923302825281e-01 9.025419986267442241e-01 0.000000000000000000e+00 1.000000000000000021e-08 3.302744223454199823e-01 1.892855300151374376e+00
3.302744223454199823e-01 1.892855300151374376e+00 2.000000000000000000e+00 1.000000000000000021e-08 4.915870981499392833e-01 1.613126758045193121e+00
4.915870981499392833e-01 1.613126758045193121e+00 0.000000000000000000e+00 1.000000000000000021e-08 7.986551834769539671e-01 3.070680853270147281e+00
7.986551834769539671e-01 3.070680853270147281e+00 1.000000000000000000e+00 1.000000000000000021e-08 1.206263387748955251e+00 4.076082042720011955e+00
1.206263387748955251e+00 4.076082042720011955e+00 1.000000000000000000e+00 9.999000000000000110e-01 1.570796326794896558e+00 5.000000000000000000e+00
-7.488025138203492637e-02 4.712788890676024994e-02 1.000000000000000000e+00 1.000000000000000021e-08 -7.286698143068372213e-02 2.013269951351198336e-02
-7.286698143068372213e-02 2.013269951351198336e-02 2.000000000000000000e+00 1.000000000000000021e-08 -1.603470797035539686e-01 -8.748009827287024365e-01
-1.603470797035539686e-01 -8.748009827287024365e-01 1.000000000000000000e+00 1.000000000000000021e-08 -2.763343791001375838e-01 -1.159872993965836319e+00
-2.763343791001375838e-01 -1.159872993965836319e+00 0.000000000000000000e+00 1.000000000000000021e-08 -3.707819975543961144e-01 -9.444761845425851954e-01
-3.707819975543961144e-01 -9.444761845425851954e-01 1.000000000000000000e+00 1.000000000000000021e-08 -5.103770642451236350e-01 -1.395950666907275206e+00
-5.103770642451236350e-01 -1.395950666907275206e+00 2.000000000000000000e+00 1.000000000000000021e-08 -8.150362466280507423e-01 -3.046591823829270851e+00
-8.150362466280507423e-01 -3.046591823829270851e+00 2.000000000000000000e+00 1.000000000000000021e-08 -1.281586160034882349e+00 -4.665499134068316067e+00
-1.281586160034882349e+00 -4.665499134068316067e+00 2.000000000000000000e+00 9.999000000000000110e-01 -1.570796326794896558e+00 -5.000000000000000000e+00
1.804173738951427020e-03 -1.685838745812801714e-02 0.000000000000000000e+00 1.000000000000000021e-08 7.990701729995489111e-02 7.810284356100345438e-01
7.990701729995489111e-02 7.810284356100345438e-01 1.000000000000000000e+00 1.000000000000000021e-08 1.665000004765167241e-01 8.659298317656183297e-01
1.665000004765167241e-01 8.659298317656183297e-01 2.000000000000000000e+00 1.000000000000000021e-08 2.049635071517538210e-01 3.846350667523709688e-01
2.049635071517538210e-01 3.846350667523709688e-01 1.000000000000000000e+00 1.000000000000000021e-08 2.765083285529592594e-01 7.154482140120543843e-01
2.765083285529592594e-01 7.154482140120543843e-01 1.000000000000000000e+00 1.000000000000000021e-08 3.988677948651441207e-01 1.223594663121848392e+00
3.988677948651441207e-01 1.223594663121848392e+00 2.000000000000000000e+00 1.000000000000000021e-08 5.100992283973815322e-01 1.112314335322373671e+00
5.100992283973815322e-01 1.112314335322373671e+00 1.000000000000000000e+00 1.000000000000000021e-08 7.000011727457779998e-01 1.899019443483965119e+00
7.000011727457779998e-01 1.899019443483965119e+00 0.000000000000000000e+00 1.000000000000000021e-08 1.050169131686160107e+00 3.501679589403821069e+00
1.050169131686160107e+00 3.501679589403821069e+00 2.000000000000000000e+00 1.000000000000000021e-08 1.482080523858679610e+00 4.319113921725195482e+00
1.482080523858679610e+00 4.319113921725195482e+00 1.000000000000000000e+00 9.999000000000000110e-01 1.570796326794896558e+00 5.000000000000000000e+00
-1.985394493182083414e-02 6.728739081557870427e-02 1.000000000000000000e+00 1.000000000000000021e-08 -2.715369218957598002e-02 -7.299747257755144492e-02
-2.715369218957598002e-02 -7.299747257755144492e-02 0.000000000000000000e+00 1.000000000000000021e-08 3.264761818657425235e-02 5.980131037615022960e-01
3.264761818657425235e-02 5.980131037615022960e-01 2.000000000000000000e+00 1.000000000000000021e-08 2.062123079688198829e-02 -1.202638738969226129e-01
2.062123079688198829e-02 -1.202638738969226129e-01 1.000000000000000000e+00 1.000000000000000021e-08 1.512946970704777058e-02 -5.491761089834218401e-02
1.512946970704777058e-02 -5.491761089834218401e-02 2.000000000000000000e+00 1.000000000000000021e-08 -8.662104550614234399e-02 -1.017505152131901180e+00
-8.662104550614234399e-02 -1.017505152131901180e+00 2.000000000000000000e+00 1.000000000000000021e-08 -2.936996672594418545e-01 -2.070786217532994744e+00
-2.936996672594418545e-01 -2.070786217532994744e+00 1.000000000000000000e+00 1.000000000000000021e-08 -5.444760135265016565e-01 -2.507763462670597576e+00
-5.444760135265016565e-01 -2.507763462670597576e+00 0.000000000000000000e+00 1.000000000000000021e-08 -7.937995358117408973e-01 -2.493235222852391963e+00
-7.937995358117408973e-01 -2.493235222852391963e+00 1.000000000000000000e+00 1.000000000000000021e-08 -1.158293762119324333e+00 -3.644942263075833466e+00
-1.158293762119324333e+00 -3.644942263075833466e+00 1.000000000000000000e+00 9.999000000000000110e-01 -1.570796326794896558e+00 -4.937729272426694571e+00
7.726525135962356017e-02 -6.331396949983882777e-03 1.000000000000000000e+00 1.000000000000000021e-08 9.556297842028850520e-02 1.829772706066494226e-01
9.556297842028850520e-02 1.829772706066494226e-01 2.000000000000000000e+00 1.000000000000000021e-08 5.200153295457886349e-02 -4.356144546570964171e-01
5.200153295457886349e-02 -4.356144546570964171e-01 1.000000000000000000e+00 1.000000000000000021e-08 9.824160391655942237e-04 -5.101911691541326510e-01
9.824160391655942237e-04 -5.101911691541326510e-01 2.000000000000000000e+00 1.000000000000000021e-08 -1.380783138867040238e-01 -1.390607299258696194e+00
-1.380783138867040238e-01 -1.390607299258696194e+00 0.000000000000000000e+00 1.000000000000000021e-08 -2.190510237743517608e-01 -8.097270988764772026e-01
-2.190510237743517608e-01 -8.097270988764772026e-01 2.000000000000000000e+00 1.000000000000000021e-08 -4.234005522253219134e-01 -2.043495284509701637e+00
-4.234005522253219134e-01 -2.043495284509701637e+00 2.000000000000000000e+00 1.000000000000000021e-08 -7.854240759353857682e-01 -3.620235237100638326e+00
-7.854240759353857682e-01 -3.620235237100638326e+00 2.000000000000000000e+00 1.000000000000000021e-08 -1.304529549042094727e+00 -5.000000000000000000e+00
-1.304529549042094727e+00 -5.000000000000000000e+00 0.000000000000000000e+00 9.999000000000000110e-01 -1.570796326794896558e+00 -5.000000000000000000e+00
4.804766109515919148e-02 1.749726732854606920e-02 2.000000000000000000e+00 1.000000000000000021e-08 -3.558556739799161039e-02 -8.363322849315080187e-01
-3.558556739799161039e-02 -8.363322849315080187e-01 2.000000000000000000e+00 1.000000000000000021e-08 -1.975375802929514868e-01 -1.619520128949598625e+00
-1.975375802929514868e-01 -1.619520128949598625e+00 1.000000000000000000e+00 1.000000000000000021e-08 -3.933844321624156426e-01 -1.958468518694641336e+00
-3.933844321624156426e-01 -1.958468518694641336e+00 2.000000000000000000e+00 1.000000000000000021e-08 -7.339257079875782797e-01 -3.405412758251626482e+00
-7.339257079875782797e-01 -3.405412758251626482e+00 0.000000000000000000e+00 1.000000000000000021e-08 -1.116538050763544510e+00 -3.826123427759662743e+00
-1.116538050763544510e+00 -3.826123427759662743e+00 1.000000000000000000e+00 9.999000000000000110e-01 -1.570796326794896558e+00 -5.000000000000000000e+00
6.487436773256929912e-02 7.533091524594340282e-02 2.000000000000000000e+00 1.000000000000000021e-08 -6.884100447031624159e-03 -7.175846817960092050e-01
-6.884100447031624159e-03 -7.175846817960092050e-01 1.000000000000000000e+00 1.000000000000000021e-08 -8.638593031871709405e-02 -7.950182987168545878e-01
-8.638593031871709405e-02 -7.950182987168545878e-01 2.000000000000000000e+00 1.000000000000000021e-08 -2.600378865534358486e-01 -1.736519562347187406e+00
-2.600378865534358486e-01 -1.736519562347187406e+00 1.000000000000000000e+00 1.000000000000000021e-08 -4.720452961491617971e-01 -2.120074095957259264e+00
-4.720452961491617971e-01 -2.120074095957259264e+00 1.000000000000000000e+00 1.000000000000000021e-08 -7.700526999909911297e-01 -2.980074038418293547e+00
-7.700526999909911297e-01 -2.980074038418293547e+00 0.000000000000000000e+00 1.000000000000000021e-08 -1.118504208775915831e+00 -3.484515087849246129e+00
-1.118504208775915831e+00 -3.484515087849246129e+00 1.000000000000000000e+00 9.999000000000000110e-01 -1.570796326794896558e+00 -4.818255082351967644e+00
2.289369226063079146e-02 3.353462154692159886e-02 0.000000000000000000e+00 1.000000000000000021e-08 1.313927198591703926e-01 1.084990275985395991e+00
1.313927198591703926e-01 1.084990275985395991e+00 0.000000000000000000e+00 1.000000000000000021e-08 3.480325660872879978e-01 2.166398462281176052e+00
3.480325660872879978e-01 2.166398462281176052e+00 1.000000000000000000e+00 1.000000000000000021e-08 6.067837616844276027e-01 2.587511955971395494e+00
6.067837616844276027e-01 2.587511955971395494e+00 1.000000000000000000e+00 1.000000000000000021e-08 9.623005098454955331e-01 3.555167481610678415e+00
9.623005098454955331e-01 3.555167481610678415e+00 2.000000000000000000e+00 1.000000000000000021e-08 1.394816416345486365e+00 4.325159064999907876e+00
1.394816416345486365e+00 4.325159064999907876e+00 0.000000000000000000e+00 9.999000000000000110e-01 1.570796326794896558e+00 5.000000000000000000e+00
3.293893049034128662e-02 7.860467706231921703e-02 0.000000000000000000e+00 1.000000000000000021e-08 1.352763693307809101e-01 1.023374388404396207e+00
1.352763693307809101e-01 1.023374388404396207e+00 1.000000000000000000e+00 1.000000000000000021e-08 2.450031567402566335e-01 1.097267874094757012e+00
2.450031567402566335e-01 1.097267874094757012e+00 1.000000000000000000e+00 1.000000000000000021e-08 3.816541898989923576e-01 1.366510331587356797e+00
3.816541898989923576e-01 1.366510331587356797e+00 2.000000000000000000e+00 1.000000000000000021e-08 5.047333722933902145e-01 1.230791823943978347e+00
5.047333722933902145e-01 1.230791823943978347e+00 2.000000000000000000e+00 1.000000000000000021e-08 6.350732114048271981e-01 1.303398391114369836e+00
6.350732114048271981e-01 1.303398391114369836e+00 2.000000000000000000e+00 1.000000000000000021e-08 7.995263793178979395e-01 1.644531679130707857e+00
7.995263793178979395e-01 1.644531679130707857e+00 2.000000000000000000e+00 1.000000000000000021e-08 1.024320229882178079e+00 2.247938505642802287e+00
1.024320229882178079e+00 2.247938505642802287e+00 1.000000000000000000e+00 1.000000000000000021e-08 1.370363306817172777e+00 3.460430769349947866e+00
1.370363306817172777e+00 3.460430769349947866e+00 1.000000000000000000e+00 9.999000000000000110e-01 1.570796326794896558e+00 4.846686617053033608e+00
7.848764670260592602e-02 -4.298784216258970392e-02 1.000000000000000000e+00 1.000000000000000021e-08 7.248923320391389979e-02 -5.998413498692026224e-02
7.248923320391389979e-02 -5.998413498692026224e-02 1.000000000000000000e+00 1.000000000000000021e-08 7.913072262550099878e-02 6.641489421587096209e-02
7.913072262550099878e-02 6.641489421587096209e-02 0.000000000000000000e+00 1.000000000000000021e-08 1.951771260085536364e-01 1.160464033830526320e+00
1.951771260085536364e-01 1.160464033830526320e+00 0.000000000000000000e+00 1.000000000000000021e-08 4.456240326697838983e-01 2.504469066612302619e+00
4.456240326697838983e-01 2.504469066612302619e+00 0.000000000000000000e+00 1.000000000000000021e-08 8.346126140757075262e-01 3.889885814059236502e+00
8.346126140757075262e-01 3.889885814059236502e+00 2.000000000000000000e+00 1.000000000000000021e-08 1.274944110302545397e+00 4.403314962268379595e+00
1.274944110302545397e+00 4.403314962268379595e+00 1.000000000000000000e+00 9.999000000000000110e-01 1.570796326794896558e+00 5.000000000000000000e+00
3.996610404774338099e-02 1.415073016802062544e-02 0.000000000000000000e+00 1.000000000000000021e-08 1.298786429651425656e-01 8.991253891739918735e-01
1.298786429651425656e-01 8.991253891739918735e-01 0.000000000000000000e+00 1.000000000000000021e-08 3.224324369772244570e-01 1.925537940120818581e+00
3.224324369772244570e-01 1.925537940120818581e+00 1.000000000000000000e+00 1.000000000000000021e-08 5.559599830114765329e-01 2.335275460342520759e+00
5.559599830114765329e-01 2.335275460342520759e+00 2.000000000000000000e+00 1.000000000000000021e-08 7.883792614656883746e-01 2.324192784542117973e+00
7.883792614656883746e-01 2.324192784542117973e+00 0.000000000000000000e+00 1.000000000000000021e-08 1.188112095880708763e+00 3.997328344150203439e+00
1.188112095880708763e+00 3.997328344150203439e+00 2.000000000000000000e+00 9.999000000000000110e-01 1.570796326794896558e+00 4.976180650913262227e+00
-7.624429787892629540e-02 7.514047060460044003e-02 0.000000000000000000e+00 1.000000000000000021e-08 1.422927583784373839e-02 9.047357371677002824e-01
1.422927583784373839e-02 9.047357371677002824e-01 1.000000000000000000e+00 1.000000000000000021e-08 1.053648686713177379e-01 9.113559283347398843e-01
1.053648686713177379e-01 9.113559283347398843e-01 2.000000000000000000e+00 1.000000000000000021e-08 1.155258821769662714e-01 1.016101350564853067e-01
1.155258821769662714e-01 1.016101350564853067e-01 0.000000000000000000e+00 1.000000000000000021e-08 2.191145736129430921e-01 1.035886914359768207e+00
2.191145736129430921e-01 1.035886914359768207e+00 0.000000000000000000e+00 1.000000000000000021e-08 4.338614920747961290e-01 2.147469184618530313e+00
4.338614920747961290e-01 2.147469184618530313e+00 0.000000000000000000e+00 1.000000000000000021e-08 8.063362774994935478e-01 3.724747854246973411e+00
8.063362774994935478e-01 3.724747854246973411e+00 2.000000000000000000e+00 1.000000000000000021e-08 1.225195661727533469e+00 4.188593842280399215e+00
1.225195661727533469e+00 4.188593842280399215e+00 1.000000000000000000e+00 9.999000000000000110e-01 1.570796326794896558e+00 5.000000000000000000e+00
-2.533291659502939080e-02 9.993088385492430309e-03 1.000000000000000000e+00 1.000000000000000021e-08 -3.334609297914089415e-02 -8.013176384111501960e-02
-3.334609297914089415e-02 -8.013176384111501960e-02 2.000000000000000000e+00 1.000000000000000021e-08 -1.303458132972316053e-01 -9.699972031809069861e-01
-1.303458132972316053e-01 -9.699972031809069861e-01 1.000000000000000000e+00 1.000000000000000021e-08 -2.555359220131426246e-01 -1.251901087159110082e+00
-2.555359220131426246e-01 -1.251901087159110082e+00 2.000000000000000000e+00 1.000000000000000021e-08 -5.115913381589729525e-01 -2.560554161458302502e+00
-5.115913381589729525e-01 -2.560554161458302502e+00 1.000000000000000000e+00 1.000000000000000021e-08 -8.422486567234264143e-01 -3.306573185644534174e+00
-8.422486567234264143e-01 -3.306573185644534174e+00 2.000000000000000000e+00 1.000000000000000021e-08 -1.340730592715707381e+00 -4.984819359922809667e+00
-1.340730592715707381e+00 -4.984819359922809667e+00 0.000000000000000000e+00 9.999000000000000110e-01 -1.570796326794896558e+00 -5.000000000000000000e+00
2.933903671415860268e-02 -3.911190539336872884e-02 0.000000000000000000e+00 1.000000000000000021e-08 1.095874415857421846e-01 8.024840487158357849e-01
1.095874415857421846e-01 8.024840487158357849e-01 1.000000000000000000e+00 1.000000000000000021e-08 2.057027153476434500e-01 9.611527376190127647e-01
2.057027153476434500e-01 9.611527376190127647e-01 1.000000000000000000e+00 1.000000000000000021e-08 3.273693618703326091e-01 1.216666465226891702e+00
3.273693618703326091e-01 1.216666465226891702e+00 1.000000000000000000e+00 1.000000000000000021e-08 5.100905445316716857e-01 1.827211826613390766e+00
5.100905445316716857e-01 1.827211826613390766e+00 1.000000000000000000e+00 1.000000000000000021e-08 7.682285468121395899e-01 2.581380022804678820e+00
7.682285468121395899e-01 2.581380022804678820e+00 1.000000000000000000e+00 1.000000000000000021e-08 1.133370776036819905e+00 3.651422292246802925e+00
1.133370776036819905e+00 3.651422292246802925e+00 1.000000000000000000e+00 9.999000000000000110e-01 1.570796326794896558e+00 4.989871524989707652e+00
4.140166765897405204e-02 -3.324747533838312563e-02 1.000000000000000000e+00 1.000000000000000021e-08 4.339471338243804793e-02 1.993045723463993113e-02
4.339471338243804793e-02 1.993045723463993113e-02 1.000000000000000000e+00 1.000000000000000021e-08 5.058847818715492967e-02 7.193764804716880346e-02
5.058847818715492967e-02 7.193764804716880346e-02 0.000000000000000000e+00 1.000000000000000021e-08 1.506211008941214236e-01 1.000326227069664897e+00
1.506211008941214236e-01 1.000326227069664897e+00 1.000000000000000000e+00 1.000000000000000021e-08 2.752668681373287018e-01 1.246457672432072394e+00
2.752668681373287018e-01 1.246457672432072394e+00 0.000000000000000000e+00 1.000000000000000021e-08 5.456457536459555779e-01 2.703788855086267873e+00
5.456457536459555779e-01 2.703788855086267873e+00 2.000000000000000000e+00 1.000000000000000021e-08 8.345622493883404491e-01 2.889164957423848268e+00
8.345622493883404491e-01 2.889164957423848268e+00 1.000000000000000000e+00 1.000000000000000021e-08 1.235080321701670591e+00 4.005180723133300980e+00
1.235080321701670591e+00 4.005180723133300980e+00 1.000000000000000000e+00 9.999000000000000110e-01 1.570796326794896558e+00 5.000000000000000000e+00
6.641756031795262305e-02 -2.039109175109734759e-02 1.000000000000000000e+00 1.000000000000000021e-08 6.884696954592882390e-02 2.429409227976202582e-02
6.884696954592882390e-02 2.429409227976202582e-02 1.000000000000000000e+00 1.000000000000000021e-08 8.202014413860689301e-02 1.317317459267806912e-01
8.202014413860689301e-02 1.317317459267806912e-01 2.000000000000000000e+00 1.000000000000000021e-08 5.310210116637528732e-03 -7.670993402196936151e-01
5.310210116637528732e-03 -7.670993402196936151e-01 1.000000000000000000e+00 1.000000000000000021e-08 -5.935306051151834072e-02 -6.466327062815586668e-01
-5.935306051151834072e-02 -6.466327062815586668e-01 0.000000000000000000e+00 1.000000000000000021e-08 -5.690717926239408087e-02 2.445881249124259860e-02
-5.690717926239408087e-02 2.445881249124259860e-02 0.000000000000000000e+00 1.000000000000000021e-08 3.861998536649437208e-02 9.552716462888845017e-01
3.861998536649437208e-02 9.552716462888845017e-01 0.000000000000000000e+00 1.000000000000000021e-08 2.148684242327295046e-01 1.762484388662351353e+00
2.148684242327295046e-01 1.762484388662351353e+00 2.000000000000000000e+00 1.000000000000000021e-08 3.482808263339512989e-01 1.334124021012218053e+00
3.482808263339512989e-01 1.334124021012218053e+00 0.000000000000000000e+00 1.000000000000000021e-08 6.064104538325815197e-01 2.581296274986302208e+00
6.064104538325815197e-01 2.581296274986302208e+00 1.000000000000000000e+00 1.000000000000000021e-08 9.614862324585916609e-01 3.550757786260100968e+00
9.614862324585916609e-01 3.550757786260100968e+00 1.000000000000000000e+00 1.000000000000000021e-08 1.438301340884958535e+00 4.768151084263667627e+00
1.438301340884958535e+00 4.768151084263667627e+00 1.000000000000000000e+00 9.999000000000000110e-01 1.570796326794896558e+00 5.000000000000000000e+00
-6.369071003277339271e-02 2.435676939513867212e-02 0.000000000000000000e+00 1.000000000000000021e-08 1.166170859447408781e-02 7.535241862724747497e-01
1.166170859447408781e-02 7.535241862724747497e-01 1.000000000000000000e+00 1.000000000000000021e-08 1.015413610023280372e-01 8.987965240785393828e-01
1.015413610023280372e-01 8.987965240785393828e-01 1.000000000000000000e+00 1.000000000000000021e-08 1.997196956741295049e-01 9.817833467180145934e-01
1.997196956741295049e-01 9.817833467180145934e-01 2.000000000000000000e+00 1.000000000000000021e-08 2.459950050068481497e-01 4.627530933271865043e-01
2.459950050068481497e-01 4.627530933271865043e-01 2.000000000000000000e+00 1.000000000000000021e-08 2.553347311298950761e-01 9.339726123046920847e-02
2.553347311298950761e-01 9.339726123046920847e-02 0.000000000000000000e+00 1.000000000000000021e-08 4.078650236929129980e-01 1.525302925630178885e+00
4.078650236929129980e-01 1.525302925630178885e+00 1.000000000000000000e+00 1.000000000000000021e-08 6.332157523290096179e-01 2.253507286360965978e+00
6.332157523290096179e-01 2.253507286360965978e+00 1.000000000000000000e+00 1.000000000000000021e-08 9.610766056728954343e-01 3.278608533438857719e+00
9.610766056728954343e-01 3.278608533438857719e+00 1.000000000000000000e+00 1.000000000000000021e-08 1.413630292505573038e+00 4.525536868326776485e+00
1.413630292505573038e+00 4.525536868326776485e+00 0.000000000000000000e+00 9.999000000000000110e-01 1.570796326794896558e+00 5.000000000000000000e+00
4.872925107179043591e-02 -2.160748768529653641e-02 2.000000000000000000e+00 1.000000000000000021e-08 -4.123467772892452921e-02 -8.996392880071496512e-01
-4.123467772892452921e-02 -8.996392880071496512e-01 1.000000000000000000e+00 1.000000000000000021e-08 -1.327526260013519865e-01 -9.151794827242745178e-01
-1.327526260013519865e-01 -9.151794827242745178e-01 1.000000000000000000e+00 1.000000000000000021e-08 -2.563301791924457174e-01 -1.235775531910937586e+00
-2.563301791924457174e-01 -1.235775531910937586e+00 2.000000000000000000e+00 1.000000000000000021e-08 -5.061663372696800778e-01 -2.498361580772343160e+00
-5.061663372696800778e-01 -2.498361580772343160e+00 1.000000000000000000e+00 1.000000000000000021e-08 -8.425169651372643731e-01 -3.363506278675843397e+00
-8.425169651372643731e-01 -3.363506278675843397e+00 2.000000000000000000e+00 1.000000000000000021e-08 -1.331610920073238891e+00 -4.890939549359745619e+00
-1.331610920073238891e+00 -4.890939549359745619e+00 2.000000000000000000e+00 9.999000000000000110e-01 -1.570796326794896558e+00 -5.000000000000000000e+00
6.638905343167562922e-02 -4.475611384377393975e-02 2.000000000000000000e+00 1.000000000000000021e-08 -2.507100569553208369e-03 -6.889615400122883759e-01
-2.507100569553208369e-03 -6.889615400122883759e-01 1.000000000000000000e+00 1.000000000000000021e-08 -6.765587778995868495e-02 -6.514877722040547381e-01
-6.765587778995868495e-02 -6.514877722040547381e-01 2.000000000000000000e+00 1.000000000000000021e-08 -2.208396119358512766e-01 -1.531837341458925916e+00
-2.208396119358512766e-01 -1.531837341458925916e+00 0.000000000000000000e+00 1.000000000000000021e-08 -3.226739100911660829e-01 -1.018342981553147730e+00
-3.226739100911660829e-01 -1.018342981553147730e+00 1.000000000000000000e+00 1.000000000000000021e-08 -4.634664997102468931e-01 -1.407925896190807880e+00
-4.634664997102468931e-01 -1.407925896190807880e+00 2.000000000000000000e+00 1.000000000000000021e-08 -7.688125752270988933e-01 -3.053460755168519114e+00
-7.688125752270988933e-01 -3.053460755168519114e+00 2.000000000000000000e+00 1.000000000000000021e-08 -1.228319831640865445e+00 -4.595072564137664628e+00
-1.228319831640865445e+00 -4.595072564137664628e+00 1.000000000000000000e+00 9.999000000000000110e-01 -1.570796326794896558e+00 -5.000000000000000000e+00
5.766997238417703731e-02 -4.762425137456853530e-02 0.000000000000000000e+00 1.000000000000000021e-08 1.671883088776762727e-01 1.095183364934992243e+00
1.671883088776762727e-01 1.095183364934992243e+00 0.000000000000000000e+00 1.000000000000000021e-08 3.801333031104077720e-01 2.129449942327314993e+00
3.801333031104077720e-01 2.129449942327314993e+00 2.000000000000000000e+00 1.000000000000000021e-08 5.579828096130612369e-01 1.778495065026535205e+00
5.579828096130612369e-01 1.778495065026535205e+00 1.000000000000000000e+00 1.000000000000000021e-08 8.265484813958701160e-01 2.685656717828089235e+00
8.265484813958701160e-01 2.685656717828089235e+00 0.000000000000000000e+00 1.000000000000000021e-08 1.254635417709196954e+00 4.280869363133267491e+00
1.254635417709196954e+00 4.280869363133267491e+00 2.000000000000000000e+00 9.999000000000000110e-01 1.570796326794896558e+00 5.000000000000000000e+00
8.396485731573996580e-02 1.010478766039369508e-02 2.000000000000000000e+00 1.000000000000000021e-08 2.394169986778537512e-02 -6.002315744795458929e-01
2.394169986778537512e-02 -6.002315744795458929e-01 2.000000000000000000e+00 1.000000000000000021e-08 -1.220606806265353284e-01 -1.460023804943207049e+00
-1.220606806265353284e-01 -1.460023804943207049e+00 0.000000000000000000e+00 1.000000000000000021e-08 -2.136098772512138311e-01 -9.154919662467849717e-01
-2.136098772512138311e-01 -9.154919662467849717e-01 0.000000000000000000e+00 1.000000000000000021e-08 -2.525031630852389020e-01 -3.889328583402508199e-01
-2.525031630852389020e-01 -3.889328583402508199e-01 1.000000000000000000e+00 1.000000000000000021e-08 -3.303102393909123635e-01 -7.780707630567347266e-01
-3.303102393909123635e-01 -7.780707630567347266e-01 0.000000000000000000e+00 1.000000000000000021e-08 -3.905432459944342405e-01 -6.023300660352188807e-01
-3.905432459944342405e-01 -6.023300660352188807e-01 2.000000000000000000e+00 1.000000000000000021e-08 -5.966341558044268023e-01 -2.060909098099925618e+00
-5.966341558044268023e-01 -2.060909098099925618e+00 1.000000000000000000e+00 1.000000000000000021e-08 -8.832146520256293210e-01 -2.865804962212024964e+00
-8.832146520256293210e-01 -2.865804962212024964e+00 0.000000000000000000e+00 1.000000000000000021e-08 -1.243731688639348576e+00 -3.605170366137191884e+00
-1.243731688639348576e+00 -3.605170366137191884e+00 1.000000000000000000e+00 9.999000000000000110e-01 -1.570796326794896558e+00 -4.957051677685007540e+00
-8.551524034727144008e-02 2.080626540983784162e-02 1.000000000000000000e+00 1.000000000000000021e-08 -8.573861815880656767e-02 -2.233778115351262028e-03
-8.573861815880656767e-02 -2.233778115351262028e-03 0.000000000000000000e+00 1.000000000000000021e-08 -1.765793530241838161e-02 6.808068285638818606e-01
-1.765793530241838161e-02 6.808068285638818606e-01 0.000000000000000000e+00 1.000000000000000021e-08 1.462241539263937629e-01 1.638820892288121334e+00
1.462241539263937629e-01 1.638820892288121334e+00 0.000000000000000000e+00 1.000000000000000021e-08 4.372694013832319482e-01 2.910452474568381742e+00
4.372694013832319482e-01 2.910452474568381742e+00 0.000000000000000000e+00 1.000000000000000021e-08 8.737414851817424388e-01 4.364720837985105462e+00
8.737414851817424388e-01 4.364720837985105462e+00 2.000000000000000000e+00 1.000000000000000021e-08 1.364959668033204787e+00 4.912181828514623483e+00
1.364959668033204787e+00 4.912181828514623483e+00 1.000000000000000000e+00 9.999000000000000110e-01 1.570796326794896558e+00 5.000000000000000000e+00
-2.953010573994350324e-02 8.309424275697704920e-02 2.000000000000000000e+00 1.000000000000000021e-08 -1.087344072587725086e-01 -7.920430151882899006e-01
-1.087344072587725086e-01 -7.920430151882899006e-01 1.000000000000000000e+00 1.000000000000000021e-08 -1.890846195578247402e-01 -8.035021229905222606e-01
-1.890846195578247402e-01 -8.035021229905222606e-01 1.000000000000000000e+00 1.000000000000000021e-08 -3.143906803445600806e-01 -1.253060607867352960e+00
-3.143906803445600806e-01 -1.253060607867352960e+00 2.000000000000000000e+00 1.000000000000000021e-08 -5.591668524440518429e-01 -2.447761720994917845e+00
-5.591668524440518429e-01 -2.447761720994917845e+00 0.000000000000000000e+00 1.000000000000000021e-08 -8.250703017597540434e-01 -2.659034493157021117e+00
-8.250703017597540434e-01 -2.659034493157021117e+00 2.000000000000000000e+00 1.000000000000000021e-08 -1.249628010336182093e+00 -4.245577085764279168e+00
-1.249628010336182093e+00 -4.245577085764279168e+00 0.000000000000000000e+00 9.999000000000000110e-01 -1.570796326794896558e+00 -5.000000000000000000e+00
-6.849339050177555288e-02 -6.689016365119000718e-02 2.000000000000000000e+00 1.000000000000000021e-08 -1.591794713107071435e-01 -9.068608080893160173e-01
-1.591794713107071435e-01 -9.068608080893160173e-01 1.000000000000000000e+00 1.000000000000000021e-08 -2.627531649303238570e-01 -1.035736936196167246e+00
-2.627531649303238570e-01 -1.035736936196167246e+00 1.000000000000000000e+00 1.000000000000000021e-08 -4.242279690565874395e-01 -1.614748041262636047e+00
-4.242279690565874395e-01 -1.614748041262636047e+00 2.000000000000000000e+00 1.000000000000000021e-08 -7.385066122386692022e-01 -3.142786431820817850e+00
-7.385066122386692022e-01 -3.142786431820817850e+00 0.000000000000000000e+00 1.000000000000000021e-08 -1.099106618801375834e+00 -3.606000065627067208e+00
-1.099106618801375834e+00 -3.606000065627067208e+00 1.000000000000000000e+00 9.999000000000000110e-01 -1.570796326794896558e+00 -4.896070399999851830e+00
2.757031176995571042e-03 1.240482022824130823e-02 2.000000000000000000e+00 1.000000000000000021e-08 -7.878398334093641986e-02 -8.154101451793197564e-01
-7.878398334093641986e-02 -8.154101451793197564e-01 1.000000000000000000e+00 1.000000000000000021e-08 -1.562632539464648140e-01 -7.747927060552839418e-01
-1.562632539464648140e-01 -7.747927060552839418e-01 0.000000000000000000e+00 1.000000000000000021e-08 -1.580472497511489771e-01 -1.783995804684168629e-02
-1.580472497511489771e-01 -1.783995804684168629e-02 1.000000000000000000e+00 1.000000000000000021e-08 -1.853239115432618322e-01 -2.727666179211283848e-01
-1.853239115432618322e-01 -2.727666179211283848e-01 0.000000000000000000e+00 1.000000000000000021e-08 -1.711614851648542712e-01 1.416242637840757213e-01
-1.711614851648542712e-01 1.416242637840757213e-01 0.000000000000000000e+00 1.000000000000000021e-08 -1.037537459763344522e-01 6.740773918851981072e-01
-1.037537459763344522e-01 6.740773918851981072e-01 1.000000000000000000e+00 1.000000000000000021e-08 -5.821742735887320414e-02 4.553631861746124665e-01
-5.821742735887320414e-02 4.553631861746124665e-01 0.000000000000000000e+00 1.000000000000000021e-08 6.008287220145972635e-02 1.183002995603329222e+00
6.008287220145972635e-02 1.183002995603329222e+00 0.000000000000000000e+00 1.000000000000000021e-08 2.715898743634314605e-01 2.115070021619717355e+00
2.715898743634314605e-01 2.115070021619717355e+00 1.000000000000000000e+00 1.000000000000000021e-08 5.181450100257590785e-01 2.465551356623275847e+00
5.181450100257590785e-01 2.465551356623275847e+00 1.000000000000000000e+00 1.000000000000000021e-08 8.526437883802822082e-01 3.344987783545231075e+00
8.526437883802822082e-01 3.344987783545231075e+00 2.000000000000000000e+00 1.000000000000000021e-08 1.253406416228501907e+00 4.007626278482196547e+00
1.253406416228501907e+00 4.007626278482196547e+00 1.000000000000000000e+00 9.999000000000000110e-01 1.570796326794896558e+00 5.000000000000000000e+00
3.047792032128543438e-02 -3.534257468085770515e-02 2.000000000000000000e+00 1.000000000000000021e-08 -4.267825299620292556e-02 -7.315617331748835994e-01
-4.267825299620292556e-02 -7.315617331748835994e-01 1.000000000000000000e+00 1.000000000000000021e-08 -1.103668367424698732e-01 -6.768858374626693930e-01
-1.103668367424698732e-01 -6.768858374626693930e-01 0.000000000000000000e+00 1.000000000000000021e-08 -1.090479799102341413e-01 1.318856832235726362e-02
-1.090479799102341413e-01 1.318856832235726362e-02 2.000000000000000000e+00 1.000000000000000021e-08 -2.310814318504446074e-01 -1.220334519402104689e+00
-2.310814318504446074e-01 -1.220334519402104689e+00 1.000000000000000000e+00 1.000000000000000021e-08 -3.791862737944849404e-01 -1.481048419440403219e+00
-3.791862737944849404e-01 -1.481048419440403219e+00 2.000000000000000000e+00 1.000000000000000021e-08 -6.648110183222997183e-01 -2.856247445278147890e+00
-6.648110183222997183e-01 -2.856247445278147890e+00 1.000000000000000000e+00 1.000000000000000021e-08 -1.034598672270562458e+00 -3.697876539482627845e+00
-1.034598672270562458e+00 -3.697876539482627845e+00 2.000000000000000000e+00 1.000000000000000021e-08 -1.565044606238062297e+00 -5.000000000000000000e+00
-1.565044606238062297e+00 -5.000000000000000000e+00 1.000000000000000000e+00 9.999000000000000110e-01 -1.570796326794896558e+00 -5.000000000000000000e+00
5.165854721490489854e-02 -6.188234448430698920e-02 1.000000000000000000e+00 1.000000000000000021e-08 7.001735490784645466e-02 1.835880769294155890e-01
7.001735490784645466e-02 1.835880769294155890e-01 2.000000000000000000e+00 1.000000000000000021e-08 6.638008496111097445e-03 -6.337934641173535999e-01
6.638008496111097445e-03 -6.337934641173535999e-01 2.000000000000000000e+00 1.000000000000000021e-08 -1.415083167295098920e-01 -1.481463252256209895e+00
-1.415083167295098920e-01 -1.481463252256209895e+00 1.000000000000000000e+00 1.000000000000000021e-08 -2.998362293887778529e-01 -1.583279126592679775e+00
-2.998362293887778529e-01 -1.583279126592679775e+00 1.000000000000000000e+00 1.000000000000000021e-08 -4.979530587900170557e-01 -1.981168294012391806e+00
-4.979530587900170557e-01 -1.981168294012391806e+00 1.000000000000000000e+00 1.000000000000000021e-08 -7.725883276439374781e-01 -2.746352688539204223e+00
-7.725883276439374781e-01 -2.746352688539204223e+00 1.000000000000000000e+00 1.000000000000000021e-08 -1.148913843337489471e+00 -3.763255156935519707e+00
-1.148913843337489471e+00 -3.763255156935519707e+00 0.000000000000000000e+00 9.999000000000000110e-01 -1.570796326794896558e+00 -4.742410562239033567e+00
7.656435165893579753e-03 6.301378038482659261e-02 0.000000000000000000e+00 1.000000000000000021e-08 8.970228513924194402e-02 8.204584997334836149e-01
8.970228513924194402e-02 8.204584997334836149e-01 2.000000000000000000e+00 1.000000000000000021e-08 8.902753931052653780e-02 -6.747458287154062262e-03
8.902753931052653780e-02 -6.747458287154062262e-03 0.000000000000000000e+00 1.000000000000000021e-08 1.863267194707717567e-01 9.729918016024521332e-01
1.863267194707717567e-01 9.729918016024521332e-01 1.000000000000000000e+00 1.000000000000000021e-08 3.256301699354252066e-01 1.393034504646534444e+00
3.256301699354252066e-01 1.393034504646534444e+00 0.000000000000000000e+00 1.000000000000000021e-08 5.921965977513399260e-01 2.665664278159147749e+00
5.921965977513399260e-01 2.665664278159147749e+00 1.000000000000000000e+00 1.000000000000000021e-08 9.519891961979027872e-01 3.597925984465628169e+00
9.519891961979027872e-01 3.597925984465628169e+00 1.000000000000000000e+00 1.000000000000000021e-08 1.419849722323166752e+00 4.678605261252639202e+00
1.419849722323166752e+00 4.678605261252639202e+00 1.000000000000000000e+00 9.999000000000000110e-01 1.570796326794896558e+00 5.000000000000000000e+00
-4.811752961130276451e-02 -3.354998731440876625e-02 1.000000000000000000e+00 1.000000000000000021e-08 -4.527847820109513061e-02 2.839051410207631826e-02
-4.527847820109513061e-02 2.839051410207631826e-02 0.000000000000000000e+00 1.000000000000000021e-08 2.447444247136771472e-02 6.975292067246284811e-01
2.447444247136771472e-02 6.975292067246284811e-01 2.000000000000000000e+00 1.000000000000000021e-08 2.274323941086604101e-02 -1.731203060501673718e-02
