-6.719623142570924079e-02 -5.492008884240567879e-02 0.000000000000000000e+00 1.000000000000000021e-08 -5.063650787134187092e-03 6.213258063857505231e-01
-5.063650787134187092e-03 6.213258063857505231e-01 0.000000000000000000e+00 1.000000000000000021e-08 1.494191450130939736e-01 1.544827958002281454e+00
1.494191450130939736e-01 1.544827958002281454e+00 2.000000000000000000e+00 1.000000000000000021e-08 2.585609239194829323e-01 1.091417789063889421e+00
2.585609239194829323e-01 1.091417789063889421e+00 1.000000000000000000e+00 1.000000000000000021e-08 4.010090315555842611e-01 1.424481076361013177e+00
4.010090315555842611e-01 1.424481076361013177e+00 1.000000000000000000e+00 1.000000000000000021e-08 6.041549877220829812e-01 2.031459561664987312e+00
6.041549877220829812e-01 2.031459561664987312e+00 1.000000000000000000e+00 1.000000000000000021e-08 8.918051449625942206e-01 2.876501572405112395e+00
8.918051449625942206e-01 2.876501572405112395e+00 1.000000000000000000e+00 1.000000000000000021e-08 1.303843839475717692e+00 4.120386945131234491e+00
1.303843839475717692e+00 4.120386945131234491e+00 1.000000000000000000e+00 9.999000000000000110e-01 1.570796326794896558e+00 5.000000000000000000e+00
-8.105598185466009187e-03 -3.010823943053950874e-02 1.000000000000000000e+00 1.000000000000000021e-08 -3.386181336871488430e-03 4.719416848594520236e-02
-3.386181336871488430e-03 4.719416848594520236e-02 1.000000000000000000e+00 1.000000000000000021e-08 1.182287760366623405e-02 1.520905894053772023e-01
1.182287760366623405e-02 1.520905894053772023e-01 0.000000000000000000e+00 1.000000000000000021e-08 1.082643852141623175e-01 9.644150761049608001e-01
1.082643852141623175e-01 9.644150761049608001e-01 2.000000000000000000e+00 1.000000000000000021e-08 1.357470504006863810e-01 2.748266518652405788e-01
1.357470504006863810e-01 2.748266518652405788e-01 0.000000000000000000e+00 1.000000000000000021e-08 2.828091556760947700e-01 1.470621052754083724e+00
2.828091556760947700e-01 1.470621052754083724e+00 0.000000000000000000e+00 1.000000000000000021e-08 5.437800479242818064e-01 2.609708922481870808e+00
5.437800479242818064e-01 2.609708922481870808e+00 0.000000000000000000e+00 1.000000000000000021e-08 9.610005198044431207e-01 4.172204718801613588e+00
9.610005198044431207e-01 4.172204718801613588e+00 0.000000000000000000e+00 1.000000000000000021e-08 1.530266542192690871e+00 5.000000000000000000e+00
1.530266542192690871e+00 5.000000000000000000e+00 1.000000000000000000e+00 9.999000000000000110e-01 1.570796326794896558e+00 5.000000000000000000e+00
5.357273656378620796e-02 -8.266741477670681848e-02 1.000000000000000000e+00 1.000000000000000021e-08 5.877630371453936020e-02 5.203567150753153625e-02
5.877630371453936020e-02 5.203567150753153625e-02 2.000000000000000000e+00 1.000000000000000021e-08 -2.279867892427167586e-02 -8.157498263881103329e-01
-2.279867892427167586e-02 -8.157498263881103329e-01 0.000000000000000000e+00 1.000000000000000021e-08 -1.721921481750462307e-02 5.579464106767051401e-02
-1.721921481750462307e-02 5.579464106767051401e-02 1.000000000000000000e+00 1.000000000000000021e-08 -2.276406592955998107e-02 -5.544851112055358688e-02
-2.276406592955998107e-02 -5.544851112055358688e-02 1.000000000000000000e+00 1.000000000000000021e-08 -1.959530056745344487e-02 3.168765362106536199e-02
-1.959530056745344487e-02 3.168765362106536199e-02 2.000000000000000000e+00 1.000000000000000021e-08 -9.302097681250863503e-02 -7.342567624505519364e-01
-9.302097681250863503e-02 -7.342567624505519364e-01 1.000000000000000000e+00 1.000000000000000021e-08 -1.885312179734401905e-01 -9.551024116093153049e-01
-1.885312179734401905e-01 -9.551024116093153049e-01 1.000000000000000000e+00 1.000000000000000021e-08 -3.071346451168696090e-01 -1.186034271434294185e+00
-3.071346451168696090e-01 -1.186034271434294185e+00 1.000000000000000000e+00 1.000000000000000021e-08 -4.646352094108599506e-01 -1.575005642939903305e+00
-4.646352094108599506e-01 -1.575005642939903305e+00 0.000000000000000000e+00 1.000000000000000021e-08 -6.226626340258816228e-01 -1.580274246150216610e+00
-6.226626340258816228e-01 -1.580274246150216610e+00 2.000000000000000000e+00 1.000000000000000021e-08 -9.407830086424830984e-01 -3.181203746166014756e+00
-9.407830086424830984e-01 -3.181203746166014756e+00 0.000000000000000000e+00 1.000000000000000021e-08 -1.337271404645572481e+00 -3.964883960030894716e+00
-1.337271404645572481e+00 -3.964883960030894716e+00 1.000000000000000000e+00 9.999000000000000110e-01 -1.570796326794896558e+00 -5.000000000000000000e+00
3.191337248463037291e-02 -2.460078336216590944e-02 0.000000000000000000e+00 1.000000000000000021e-08 1.209814366903086691e-01 8.906806420567828786e-01
1.209814366903086691e-01 8.906806420567828786e-01 1.000000000000000000e+00 1.000000000000000021e-08 2.227291647260379592e-01 1.017477280357292901e+00
2.227291647260379592e-01 1.017477280357292901e+00 1.000000000000000000e+00 1.000000000000000021e-08 3.637789739749160423e-01 1.410498092488780664e+00
3.637789739749160423e-01 1.410498092488780664e+00 2.000000000000000000e+00 1.000000000000000021e-08 4.824060540181335233e-01 1.186270800432174477e+00
4.824060540181335233e-01 1.186270800432174477e+00 0.000000000000000000e+00 1.000000000000000021e-08 7.405258006788439928e-01 2.581197466607104918e+00
7.405258006788439928e-01 2.581197466607104918e+00 2.000000000000000000e+00 1.000000000000000021e-08 1.049251745834472782e+00 3.087259451556287004e+00
1.049251745834472782e+00 3.087259451556287004e+00 2.000000000000000000e+00 1.000000000000000021e-08 1.439260191857115956e+00 3.900084460226431293e+00
1.439260191857115956e+00 3.900084460226431293e+00 2.000000000000000000e+00 9.999000000000000110e-01 1.570796326794896558e+00 5.000000000000000000e+00
5.941386073929218192e-02 -1.137975334505160821e-02 0.000000000000000000e+00 1.000000000000000021e-08 1.720418092796770493e-01 1.126279485403848701e+00
1.720418092796770493e-01 1.126279485403848701e+00 1.000000000000000000e+00 1.000000000000000021e-08 3.266941210845045740e-01 1.546523118048275247e+00
3.266941210845045740e-01 1.546523118048275247e+00 2.000000000000000000e+00 1.000000000000000021e-08 4.395797992783446184e-01 1.128856781938400333e+00
4.395797992783446184e-01 1.128856781938400333e+00 0.000000000000000000e+00 1.000000000000000021e-08 7.144352243644126466e-01 2.748554250860680170e+00
7.144352243644126466e-01 2.748554250860680170e+00 2.000000000000000000e+00 1.000000000000000021e-08 1.014407366687756884e+00 2.999721423233443041e+00
1.014407366687756884e+00 2.999721423233443041e+00 2.000000000000000000e+00 1.000000000000000021e-08 1.403065371913239101e+00 3.886580052254821727e+00
1.403065371913239101e+00 3.886580052254821727e+00 1.000000000000000000e+00 9.999000000000000110e-01 1.570796326794896558e+00 5.000000000000000000e+00
-2.358272265018497571e-02 8.677713113167227765e-02 0.000000000000000000e+00 1.000000000000000021e-08 6.643572650466310348e-02 9.001844915484806808e-01
6.643572650466310348e-02 9.001844915484806808e-01 2.000000000000000000e+00 1.000000000000000021e-08 7.791052633255549087e-02 1.147479982789239017e-01
7.791052633255549087e-02 1.147479982789239017e-01 1.000000000000000000e+00 1.000000000000000021e-08 1.085624083869737300e-01 3.065188205441824465e-01
1.085624083869737300e-01 3.065188205441824465e-01 0.000000000000000000e+00 1.000000000000000021e-08 2.518459189232651330e-01 1.432835105362913586e+00
2.518459189232651330e-01 1.432835105362913586e+00 1.000000000000000000e+00 1.000000000000000021e-08 4.507860517008872581e-01 1.989401327776220807e+00
4.507860517008872581e-01 1.989401327776220807e+00 1.000000000000000000e+00 1.000000000000000021e-08 7.284277057302479541e-01 2.776416540293607405e+00
7.284277057302479541e-01 2.776416540293607405e+00 0.000000000000000000e+00 1.000000000000000021e-08 1.171227922136036881e+00 4.428002164057888379e+00
1.171227922136036881e+00 4.428002164057888379e+00 1.000000000000000000e+00 9.999000000000000110e-01 1.570796326794896558e+00 5.000000000000000000e+00
-6.970909135605250079e-03 -7.574482921532694341e-03 0.000000000000000000e+00 1.000000000000000021e-08 7.892730774572741248e-02 8.589821688133265631e-01
7.892730774572741248e-02 8.589821688133265631e-01 0.000000000000000000e+00 1.000000000000000021e-08 2.805999768442564157e-01 2.016726690985289672e+00
2.805999768442564157e-01 2.016726690985289672e+00 0.000000000000000000e+00 1.000000000000000021e-08 6.036180764476626326e-01 3.230180996034062169e+00
6.036180764476626326e-01 3.230180996034062169e+00 2.000000000000000000e+00 1.000000000000000021e-08 9.516730470993416402e-01 3.480549706516789854e+00
9.516730470993416402e-01 3.480549706516789854e+00 1.000000000000000000e+00 1.000000000000000021e-08 1.418984227162635392e+00 4.673111800632937296e+00
1.418984227162635392e+00 4.673111800632937296e+00 2.000000000000000000e+00 9.999000000000000110e-01 1.570796326794896558e+00 5.000000000000000000e+00
-2.938791928762339231e-02 7.450430961907358873e-02 2.000000000000000000e+00 1.000000000000000021e-08 -1.066348844103530563e-01 -7.724696512272966054e-01
-1.066348844103530563e-01 -7.724696512272966054e-01 0.000000000000000000e+00 1.000000000000000021e-08 -1.061734268826776406e-01 4.614575276754129263e-03
-1.061734268826776406e-01 4.614575276754129263e-03 0.000000000000000000e+00 1.000000000000000021e-08 -2.536887316485154920e-02 8.080455371782608864e-01
-2.536887316485154920e-02 8.080455371782608864e-01 2.000000000000000000e+00 1.000000000000000021e-08 -2.154645906976786901e-02 3.822414095083681573e-02
-2.154645906976786901e-02 3.822414095083681573e-02 1.000000000000000000e+00 1.000000000000000021e-08 -1.298852831265120446e-02 8.557930757116663512e-02
-1.298852831265120446e-02 8.557930757116663512e-02 1.000000000000000000e+00 1.000000000000000021e-08 -5.593398609645232160e-03 7.395129703005971777e-02
-5.593398609645232160e-03 7.395129703005971777e-02 1.000000000000000000e+00 1.000000000000000021e-08 6.264952993561417015e-03 1.185835160320664883e-01
6.264952993561417015e-03 1.185835160320664883e-01 0.000000000000000000e+00 1.000000000000000021e-08 9.795597477836234801e-02 9.169102178480091903e-01
9.795597477836234801e-02 9.169102178480091903e-01 0.000000000000000000e+00 1.000000000000000021e-08 2.817301842504570386e-01 1.837742094720946406e+00
2.817301842504570386e-01 1.837742094720946406e+00 0.000000000000000000e+00 1.000000000000000021e-08 6.081658338048834267e-01 3.264356495544263215e+00
6.081658338048834267e-01 3.264356495544263215e+00 2.000000000000000000e+00 1.000000000000000021e-08 9.649017775284316478e-01 3.567359437235482211e+00
9.649017775284316478e-01 3.567359437235482211e+00 2.000000000000000000e+00 1.000000000000000021e-08 1.400200385088353094e+00 4.352986075599213578e+00
1.400200385088353094e+00 4.352986075599213578e+00 1.000000000000000000e+00 9.999000000000000110e-01 1.570796326794896558e+00 5.000000000000000000e+00
-8.158115873101665083e-02 2.695407466870698709e-02 1.000000000000000000e+00 1.000000000000000021e-08 -1.044157521565925728e-01 -2.283459342557592753e-01
-1.044157521565925728e-01 -2.283459342557592753e-01 1.000000000000000000e+00 1.000000000000000021e-08 -1.400404540254036601e-01 -3.562470186881108170e-01
-1.400404540254036601e-01 -3.562470186881108170e-01 2.000000000000000000e+00 1.000000000000000021e-08 -2.920676572860948506e-01 -1.520272032606911905e+00
-2.920676572860948506e-01 -1.520272032606911905e+00 2.000000000000000000e+00 1.000000000000000021e-08 -5.831567108356525697e-01 -2.910890535495577858e+00
-5.831567108356525697e-01 -2.910890535495577858e+00 1.000000000000000000e+00 1.000000000000000021e-08 -9.580982086531071307e-01 -3.749414978174544721e+00
-9.580982086531071307e-01 -3.749414978174544721e+00 2.000000000000000000e+00 1.000000000000000021e-08 -1.501985396287469854e+00 -5.000000000000000000e+00
-1.501985396287469854e+00 -5.000000000000000000e+00 0.000000000000000000e+00 9.999000000000000110e-01 -1.570796326794896558e+00 -5.000000000000000000e+00
5.078241557944247059e-02 7.148150729871260989e-02 1.000000000000000000e+00 1.000000000000000021e-08 7.297455855206094744e-02 2.219214297261847824e-01
7.297455855206094744e-02 2.219214297261847824e-01 2.000000000000000000e+00 1.000000000000000021e-08 2.214395434641186489e-02 -5.083060420564907700e-01
2.214395434641186489e-02 -5.083060420564907700e-01 2.000000000000000000e+00 1.000000000000000021e-08 -1.153920341068790656e-01 -1.375359884532909138e+00
-1.153920341068790656e-01 -1.375359884532909138e+00 0.000000000000000000e+00 1.000000000000000021e-08 -1.834776778397657626e-01 -6.808564373288670257e-01
-1.834776778397657626e-01 -6.808564373288670257e-01 2.000000000000000000e+00 1.000000000000000021e-08 -3.723703703029115353e-01 -1.888926924631457283e+00
-3.723703703029115353e-01 -1.888926924631457283e+00 2.000000000000000000e+00 1.000000000000000021e-08 -7.038723958910229062e-01 -3.315020255881113265e+00
-7.038723958910229062e-01 -3.315020255881113265e+00 2.000000000000000000e+00 1.000000000000000021e-08 -1.197832006828815965e+00 -4.939596109377930588e+00
-1.197832006828815965e+00 -4.939596109377930588e+00 1.000000000000000000e+00 9.999000000000000110e-01 -1.570796326794896558e+00 -5.000000000000000000e+00
-2.024190820353541365e-02 3.137272824398627813e-02 2.000000000000000000e+00 1.000000000000000021e-08 -1.115656112199550076e-01 -9.132370301641958843e-01
-1.115656112199550076e-01 -9.132370301641958843e-01 1.000000000000000000e+00 1.000000000000000021e-08 -2.269302120437161341e-01 -1.153646008237611209e+00
-2.269302120437161341e-01 -1.153646008237611209e+00 0.000000000000000000e+00 1.000000000000000021e-08 -2.997629201179671243e-01 -7.283270807425097360e-01
-2.997629201179671243e-01 -7.283270807425097360e-01 1.000000000000000000e+00 1.000000000000000021e-08 -4.378913974679897736e-01 -1.381284773500226493e+00
-4.378913974679897736e-01 -1.381284773500226493e+00 0.000000000000000000e+00 1.000000000000000021e-08 -5.588257307651804950e-01 -1.209343332971906548e+00
-5.588257307651804950e-01 -1.209343332971906548e+00 1.000000000000000000e+00 1.000000000000000021e-08 -7.743307963291076179e-01 -2.155050655639271007e+00
-7.743307963291076179e-01 -2.155050655639271007e+00 0.000000000000000000e+00 1.000000000000000021e-08 -1.047753832146503861e+00 -2.734230358173962205e+00
-1.047753832146503861e+00 -2.734230358173962205e+00 1.000000000000000000e+00 1.000000000000000021e-08 -1.451371316855262883e+00 -4.036174847087589335e+00
-1.451371316855262883e+00 -4.036174847087589335e+00 0.000000000000000000e+00 9.999000000000000110e-01 -1.570796326794896558e+00 -5.000000000000000000e+00
-8.551818655149676096e-02 8.753747894595792500e-03 2.000000000000000000e+00 1.000000000000000021e-08 -1.918738320043462398e-01 -1.063556454528494788e+00
-1.918738320043462398e-01 -1.063556454528494788e+00 2.000000000000000000e+00 1.000000000000000021e-08 -4.171390772609739894e-01 -2.252652452566277219e+00
-4.171390772609739894e-01 -2.252652452566277219e+00 1.000000000000000000e+00 1.000000000000000021e-08 -6.951691234684079790e-01 -2.780300462074339674e+00
-6.951691234684079790e-01 -2.780300462074339674e+00 0.000000000000000000e+00 1.000000000000000021e-08 -1.001028222058062189e+00 -3.058590985896541437e+00
-1.001028222058062189e+00 -3.058590985896541437e+00 1.000000000000000000e+00 1.000000000000000021e-08 -1.426023709738372114e+00 -4.249954876803099246e+00
-1.426023709738372114e+00 -4.249954876803099246e+00 1.000000000000000000e+00 9.999000000000000110e-01 -1.570796326794896558e+00 -5.000000000000000000e+00
-3.245368957696560808e-02 -7.833948372515719960e-02 0.000000000000000000e+00 1.000000000000000021e-08 2.773621242356805183e-02 6.018990200053365713e-01
2.773621242356805183e-02 6.018990200053365713e-01 0.000000000000000000e+00 1.000000000000000021e-08 1.862102170505837706e-01 1.584740046270157077e+00
1.862102170505837706e-01 1.584740046270157077e+00 0.000000000000000000e+00 1.000000000000000021e-08 4.575476548858661285e-01 2.713374378352823246e+00
4.575476548858661285e-01 2.713374378352823246e+00 2.000000000000000000e+00 1.000000000000000021e-08 7.219613237559159291e-01 2.644136688700497562e+00
7.219613237559159291e-01 2.644136688700497562e+00 1.000000000000000000e+00 1.000000000000000021e-08 1.091839006031111392e+00 3.698776822751955073e+00
1.091839006031111392e+00 3.698776822751955073e+00 1.000000000000000000e+00 9.999000000000000110e-01 1.570796326794896558e+00 4.991228399846969310e+00
-2.277390678427860388e-02 8.923665627957582530e-03 2.000000000000000000e+00 1.000000000000000021e-08 -1.227480288066239711e-01 -9.997412202234535750e-01
-1.227480288066239711e-01 -9.997412202234535750e-01 2.000000000000000000e+00 1.000000000000000021e-08 -3.404346313925149525e-01 -2.176866025858909648e+00
-3.404346313925149525e-01 -2.176866025858909648e+00 0.000000000000000000e+00 1.000000000000000021e-08 -5.357488598152466697e-01 -1.953142284227316505e+00
-5.357488598152466697e-01 -1.953142284227316505e+00 0.000000000000000000e+00 1.000000000000000021e-08 -7.518164258549111523e-01 -2.160675660396645270e+00
-7.518164258549111523e-01 -2.160675660396645270e+00 0.000000000000000000e+00 1.000000000000000021e-08 -1.007867069635458357e+00 -2.560506437805472935e+00
-1.007867069635458357e+00 -2.560506437805472935e+00 2.000000000000000000e+00 1.000000000000000021e-08 -1.439210217370906264e+00 -4.313431477354478183e+00
-1.439210217370906264e+00 -4.313431477354478183e+00 0.000000000000000000e+00 9.999000000000000110e-01 -1.570796326794896558e+00 -5.000000000000000000e+00
7.738325237328107231e-02 5.854780921268434857e-02 1.000000000000000000e+00 1.000000000000000021e-08 1.127350051498883093e-01 3.535175277660723703e-01
1.127350051498883093e-01 3.535175277660723703e-01 2.000000000000000000e+00 1.000000000000000021e-08 9.613862402792171247e-02 -1.659638112196659687e-01
9.613862402792171247e-02 -1.659638112196659687e-01 0.000000000000000000e+00 1.000000000000000021e-08 1.996473994847655087e-01 1.035087754568437823e+00
1.996473994847655087e-01 1.035087754568437823e+00 1.000000000000000000e+00 1.000000000000000021e-08 3.497551093678356038e-01 1.501077098830700951e+00
3.497551093678356038e-01 1.501077098830700951e+00 2.000000000000000000e+00 1.000000000000000021e-08 4.803495205784850119e-01 1.305944112106493860e+00
4.803495205784850119e-01 1.305944112106493860e+00 2.000000000000000000e+00 1.000000000000000021e-08 6.234120680707431195e-01 1.430625474922581075e+00
6.234120680707431195e-01 1.430625474922581075e+00 1.000000000000000000e+00 1.000000000000000021e-08 8.492741968503925154e-01 2.258621287796493959e+00
8.492741968503925154e-01 2.258621287796493959e+00 1.000000000000000000e+00 1.000000000000000021e-08 1.192629622125658928e+00 3.433554252752664127e+00
1.192629622125658928e+00 3.433554252752664127e+00 1.000000000000000000e+00 9.999000000000000110e-01 1.570796326794896558e+00 4.767415261506164903e+00
-2.992552861187976893e-02 -8.708745068375724208e-02 2.000000000000000000e+00 1.000000000000000021e-08 -1.154501221908657838e-01 -8.552459357898601899e-01
-1.154501221908657838e-01 -8.552459357898601899e-01 1.000000000000000000e+00 1.000000000000000021e-08 -2.273388850927049731e-01 -1.118887629018391783e+00
-2.273388850927049731e-01 -1.118887629018391783e+00 2.000000000000000000e+00 1.000000000000000021e-08 -4.722981213275461165e-01 -2.449592362348411712e+00
-4.722981213275461165e-01 -2.449592362348411712e+00 2.000000000000000000e+00 1.000000000000000021e-08 -8.590610403110976456e-01 -3.867629189835514403e+00
-8.590610403110976456e-01 -3.867629189835514403e+00 1.000000000000000000e+00 1.000000000000000021e-08 -1.344515208168811871e+00 -4.854541678577142250e+00
-1.344515208168811871e+00 -4.854541678577142250e+00 2.000000000000000000e+00 9.999000000000000110e-01 -1.570796326794896558e+00 -5.000000000000000000e+00
-3.507483894914650846e-02 6.729818243852715709e-02 1.000000000000000000e+00 1.000000000000000021e-08 -4.642262360234891694e-02 -1.134778465320240709e-01
-4.642262360234891694e-02 -1.134778465320240709e-01 0.000000000000000000e+00 1.000000000000000021e-08 1.931663952065360013e-02 6.573926312300251151e-01
1.931663952065360013e-02 6.573926312300251151e-01 2.000000000000000000e+00 1.000000000000000021e-08 -1.405013463788518102e-02 -3.336677415853878115e-01
-1.405013463788518102e-02 -3.336677415853878115e-01 2.000000000000000000e+00 1.000000000000000021e-08 -1.532453243168560297e-01 -1.391951896789708432e+00
-1.532453243168560297e-01 -1.391951896789708432e+00 1.000000000000000000e+00 1.000000000000000021e-08 -3.094477830978004107e-01 -1.562024587809443643e+00
-3.094477830978004107e-01 -1.562024587809443643e+00 2.000000000000000000e+00 1.000000000000000021e-08 -5.943949018294446551e-01 -2.849471187316442222e+00
-5.943949018294446551e-01 -2.849471187316442222e+00 2.000000000000000000e+00 1.000000000000000021e-08 -1.020734137930632723e+00 -4.263392361011881349e+00
-1.020734137930632723e+00 -4.263392361011881349e+00 2.000000000000000000e+00 9.999000000000000110e-01 -1.570796326794896558e+00 -5.000000000000000000e+00
7.861220421543023418e-02 -2.313675051896432050e-02 1.000000000000000000e+00 1.000000000000000021e-08 8.349029501899128680e-02 4.878090803561056094e-02
8.349029501899128680e-02 4.878090803561056094e-02 2.000000000000000000e+00 1.000000000000000021e-08 1.548264117362518899e-02 -6.800765384536610059e-01
1.548264117362518899e-02 -6.800765384536610059e-01 2.000000000000000000e+00 1.000000000000000021e-08 -1.483863319517113033e-01 -1.638689731253364812e+00
-1.483863319517113033e-01 -1.638689731253364812e+00 0.000000000000000000e+00 1.000000000000000021e-08 -2.496578267894621339e-01 -1.012714948377508417e+00
-2.496578267894621339e-01 -1.012714948377508417e+00 1.000000000000000000e+00 1.000000000000000021e-08 -4.030846403205770034e-01 -1.534268135311148251e+00
-4.030846403205770034e-01 -1.534268135311148251e+00 0.000000000000000000e+00 1.000000000000000021e-08 -5.504129325268496409e-01 -1.473282922062725930e+00
-5.504129325268496409e-01 -1.473282922062725930e+00 1.000000000000000000e+00 1.000000000000000021e-08 -7.948020558122257384e-01 -2.443891232853760975e+00
-7.948020558122257384e-01 -2.443891232853760975e+00 1.000000000000000000e+00 1.000000000000000021e-08 -1.147043189658163875e+00 -3.522411338459380481e+00
-1.147043189658163875e+00 -3.522411338459380481e+00 2.000000000000000000e+00 9.999000000000000110e-01 -1.570796326794896558e+00 -5.000000000000000000e+00
-6.490361960051439782e-02 -5.705705956243167787e-02 2.000000000000000000e+00 1.000000000000000021e-08 -1.530950108999402648e-01 -8.819139129942586974e-01
-1.530950108999402648e-01 -8.819139129942586974e-01 1.000000000000000000e+00 1.000000000000000021e-08 -2.570131749715673930e-01 -1.039181640716271060e+00
-2.570131749715673930e-01 -1.039181640716271060e+00 0.000000000000000000e+00 1.000000000000000021e-08 -3.177496086763369476e-01 -6.073643370476953240e-01
-3.177496086763369476e-01 -6.073643370476953240e-01 0.000000000000000000e+00 1.000000000000000021e-08 -3.338639313650200169e-01 -1.611432268868306372e-01
-3.338639313650200169e-01 -1.611432268868306372e-01 1.000000000000000000e+00 1.000000000000000021e-08 -4.188741024840157978e-01 -8.501017111899575873e-01
-4.188741024840157978e-01 -8.501017111899575873e-01 1.000000000000000000e+00 1.000000000000000021e-08 -5.765727333084522677e-01 -1.576986308244364476e+00
-5.765727333084522677e-01 -1.576986308244364476e+00 1.000000000000000000e+00 1.000000000000000021e-08 -8.176280652202407850e-01 -2.410553319117885174e+00
-8.176280652202407850e-01 -2.410553319117885174e+00 0.000000000000000000e+00 1.000000000000000021e-08 -1.107521823727200871e+00 -2.898937585069600420e+00
-1.107521823727200871e+00 -2.898937585069600420e+00 0.000000000000000000e+00 1.000000000000000021e-08 -1.495784346525630415e+00 -3.882625227984296323e+00
-1.495784346525630415e+00 -3.882625227984296323e+00 1.000000000000000000e+00 9.999000000000000110e-01 -1.570796326794896558e+00 -5.000000000000000000e+00
4.946977847401553413e-03 1.465397444156212037e-02 0.000000000000000000e+00 1.000000000000000021e-08 1.035128634794320879e-01 9.856588563203052544e-01
1.035128634794320879e-01 9.856588563203052544e-01 1.000000000000000000e+00 1.000000000000000021e-08 2.075578628297979344e-01 1.040449993503658410e+00
2.075578628297979344e-01 1.040449993503658410e+00 2.000000000000000000e+00 1.000000000000000021e-08 2.741132753809296663e-01 6.655541255113173182e-01
2.741132753809296663e-01 6.655541255113173182e-01 2.000000000000000000e+00 1.000000000000000021e-08 3.102992811558503150e-01 3.618600577492063763e-01
3.102992811558503150e-01 3.618600577492063763e-01 2.000000000000000000e+00 1.000000000000000021e-08 3.306932481799126911e-01 2.039396702406239825e-01
3.306932481799126911e-01 2.039396702406239825e-01 0.000000000000000000e+00 1.000000000000000021e-08 5.044792751810202036e-01 1.737860270011075237e+00
5.044792751810202036e-01 1.737860270011075237e+00 1.000000000000000000e+00 1.000000000000000021e-08 7.540168605034612836e-01 2.495375853224410356e+00
7.540168605034612836e-01 2.495375853224410356e+00 1.000000000000000000e+00 1.000000000000000021e-08 1.099297129571664033e+00 3.452802690682027720e+00
1.099297129571664033e+00 3.452802690682027720e+00 1.000000000000000000e+00 9.999000000000000110e-01 1.570796326794896558e+00 4.796266779415190307e+00
6.662659455463237901e-02 -4.864634881611208661e-02 0.000000000000000000e+00 1.000000000000000021e-08 1.460549304706849072e-01 7.942833591605250598e-01
1.460549304706849072e-01 7.942833591605250598e-01 2.000000000000000000e+00 1.000000000000000021e-08 1.642171798525228765e-01 1.816224938183796933e-01
1.642171798525228765e-01 1.816224938183796933e-01 1.000000000000000000e+00 1.000000000000000021e-08 2.089649458137607108e-01 4.474776596123782868e-01
2.089649458137607108e-01 4.474776596123782868e-01 1.000000000000000000e+00 1.000000000000000021e-08 2.959076024756709944e-01 8.694265666191028918e-01
2.959076024756709944e-01 8.694265666191028918e-01 0.000000000000000000e+00 1.000000000000000021e-08 5.227992560806157263e-01 2.268916536049447430e+00
5.227992560806157263e-01 2.268916536049447430e+00 1.000000000000000000e+00 1.000000000000000021e-08 8.178992710731185500e-01 2.951000149925028015e+00
8.178992710731185500e-01 2.951000149925028015e+00 1.000000000000000000e+00 1.000000000000000021e-08 1.222019708557944284e+00 4.041204374848257785e+00
1.222019708557944284e+00 4.041204374848257785e+00 1.000000000000000000e+00 9.999000000000000110e-01 1.570796326794896558e+00 5.000000000000000000e+00
3.817463935859650298e-02 -2.718829129535402234e-03 2.000000000000000000e+00 1.000000000000000021e-08 -2.728417108754672277e-02 -6.545881044614322297e-01
-2.728417108754672277e-02 -6.545881044614322297e-01 2.000000000000000000e+00 1.000000000000000021e-08 -1.951979440944356381e-01 -1.679137730068889223e+00
-1.951979440944356381e-01 -1.679137730068889223e+00 1.000000000000000000e+00 1.000000000000000021e-08 -3.892719753114978753e-01 -1.940740312170622150e+00
-3.892719753114978753e-01 -1.940740312170622150e+00 1.000000000000000000e+00 1.000000000000000021e-08 -6.571308313114099242e-01 -2.678588559999120378e+00
-6.571308313114099242e-01 -2.678588559999120378e+00 2.000000000000000000e+00 1.000000000000000021e-08 -1.095120067470314096e+00 -4.379892361589041272e+00
-1.095120067470314096e+00 -4.379892361589041272e+00 2.000000000000000000e+00 9.999000000000000110e-01 -1.570796326794896558e+00 -5.000000000000000000e+00
4.987041318721911060e-03 3.914998991906101788e-02 2.000000000000000000e+00 1.000000000000000021e-08 -8.058665421175664756e-02 -8.557369553047855515e-01
-8.058665421175664756e-02 -8.557369553047855515e-01 1.000000000000000000e+00 1.000000000000000021e-08 -1.704452137673037326e-01 -8.985855955554707952e-01
-1.704452137673037326e-01 -8.985855955554707952e-01 0.000000000000000000e+00 1.000000000000000021e-08 -2.007730231082143768e-01 -3.032780934091063862e-01
-2.007730231082143768e-01 -3.032780934091063862e-01 1.000000000000000000e+00 1.000000000000000021e-08 -2.670926651127829010e-01 -6.631964200456852421e-01
-2.670926651127829010e-01 -6.631964200456852421e-01 0.000000000000000000e+00 1.000000000000000021e-08 -2.863451723471110433e-01 -1.925250723432814226e-01
-2.863451723471110433e-01 -1.925250723432814226e-01 0.000000000000000000e+00 1.000000000000000021e-08 -2.867457653423245434e-01 -4.005929952135056649e-03
-2.867457653423245434e-01 -4.005929952135056649e-03 1.000000000000000000e+00 1.000000000000000021e-08 -3.380053893252071284e-01 -5.125962398288257393e-01
-3.380053893252071284e-01 -5.125962398288257393e-01 1.000000000000000000e+00 1.000000000000000021e-08 -4.599257975162340251e-01 -1.219204081910268744e+00
-4.599257975162340251e-01 -1.219204081910268744e+00 0.000000000000000000e+00 1.000000000000000021e-08 -5.806824742541748519e-01 -1.207566767379408157e+00
-5.806824742541748519e-01 -1.207566767379408157e+00 1.000000000000000000e+00 1.000000000000000021e-08 -7.886120702164679530e-01 -2.079295959622931012e+00
-7.886120702164679530e-01 -2.079295959622931012e+00 2.000000000000000000e+00 1.000000000000000021e-08 -1.153700276944014336e+00 -3.650882067275464049e+00
-1.153700276944014336e+00 -3.650882067275464049e+00 0.000000000000000000e+00 9.999000000000000110e-01 -1.570796326794896558e+00 -4.695853007981638960e+00
-7.967132347143310311e-02 -3.690220841560104548e-02 2.000000000000000000e+00 1.000000000000000021e-08 -1.899538903459570549e-01 -1.102825668745239573e+00
-1.899538903459570549e-01 -1.102825668745239573e+00 2.000000000000000000e+00 1.000000000000000021e-08 -4.235203647429603424e-01 -2.335664743970032653e+00
-4.235203647429603424e-01 -2.335664743970032653e+00 2.000000000000000000e+00 1.000000000000000021e-08 -8.130479717062210065e-01 -3.895276069632606308e+00
-8.130479717062210065e-01 -3.895276069632606308e+00 1.000000000000000000e+00 1.000000000000000021e-08 -1.302657974955327980e+00 -4.896100032491068177e+00
-1.302657974955327980e+00 -4.896100032491068177e+00 0.000000000000000000e+00 9.999000000000000110e-01 -1.570796326794896558e+00 -5.000000000000000000e+00
3.239717177539808840e-02 -7.551125687487740545e-02 2.000000000000000000e+00 1.000000000000000021e-08 -6.079189779098542051e-02 -9.318906956638349781e-01
-6.079189779098542051e-02 -9.318906956638349781e-01 2.000000000000000000e+00 1.000000000000000021e-08 -2.398753685450482898e-01 -1.790834707540628568e+00
-2.398753685450482898e-01 -1.790834707540628568e+00 2.000000000000000000e+00 1.000000000000000021e-08 -5.398127692658595267e-01 -2.999374007208112314e+00
-5.398127692658595267e-01 -2.999374007208112314e+00 0.000000000000000000e+00 1.000000000000000021e-08 -8.415484011874985182e-01 -3.017356319216389249e+00
-8.415484011874985182e-01 -3.017356319216389249e+00 1.000000000000000000e+00 1.000000000000000021e-08 -1.243076106557628124e+00 -4.015277053701295173e+00
-1.243076106557628124e+00 -4.015277053701295173e+00 1.000000000000000000e+00 9.999000000000000110e-01 -1.570796326794896558e+00 -5.000000000000000000e+00
1.023524524734085658e-02 1.529456110883595926e-02 2.000000000000000000e+00 1.000000000000000021e-08 -8.795366744906722711e-02 -9.818891269640808162e-01
-8.795366744906722711e-02 -9.818891269640808162e-01 1.000000000000000000e+00 1.000000000000000021e-08 -1.879691170409316658e-01 -1.000154495918644360e+00
-1.879691170409316658e-01 -1.000154495918644360e+00 0.000000000000000000e+00 1.000000000000000021e-08 -2.263068525530555486e-01 -3.833773551212387165e-01
-2.263068525530555486e-01 -3.833773551212387165e-01 2.000000000000000000e+00 1.000000000000000021e-08 -3.827220511819297011e-01 -1.564151986288741636e+00
-3.827220511819297011e-01 -1.564151986288741636e+00 0.000000000000000000e+00 1.000000000000000021e-08 -5.051895991549808507e-01 -1.224675479730511274e+00
-5.051895991549808507e-01 -1.224675479730511274e+00 2.000000000000000000e+00 1.000000000000000021e-08 -7.743769977116907732e-01 -2.691873985567098782e+00
-7.743769977116907732e-01 -2.691873985567098782e+00 1.000000000000000000e+00 1.000000000000000021e-08 -1.141890024460253894e+00 -3.675130267485631652e+00
-1.141890024460253894e+00 -3.675130267485631652e+00 2.000000000000000000e+00 9.999000000000000110e-01 -1.570796326794896558e+00 -5.000000000000000000e+00
1.239182492452143430e-02 2.649088230069847685e-02 1.000000000000000000e+00 1.000000000000000021e-08 3.457291292033917024e-02 2.218108799581773316e-01
3.457291292033917024e-02 2.218108799581773316e-01 1.000000000000000000e+00 1.000000000000000021e-08 7.832221860781626854e-02 4.374930568747709136e-01
7.832221860781626854e-02 4.374930568747709136e-01 2.000000000000000000e+00 1.000000000000000021e-08 4.854205769488516287e-02 -2.978016091293110845e-01
4.854205769488516287e-02 -2.978016091293110845e-01 2.000000000000000000e+00 1.000000000000000021e-08 -6.734293482314364365e-02 -1.158849925180287954e+00
-6.734293482314364365e-02 -1.158849925180287954e+00 1.000000000000000000e+00 1.000000000000000021e-08 -1.826150050611238529e-01 -1.152720702379802065e+00
-1.826150050611238529e-01 -1.152720702379802065e+00 0.000000000000000000e+00 1.000000000000000021e-08 -2.402009619600051771e-01 -5.758595689888132974e-01
-2.402009619600051771e-01 -5.758595689888132974e-01 0.000000000000000000e+00 1.000000000000000021e-08 -2.599023798948741359e-01 -1.970141793486896997e-01
-2.599023798948741359e-01 -1.970141793486896997e-01 2.000000000000000000e+00 1.000000000000000021e-08 -4.144701312909800373e-01 -1.545677513961058791e+00
-4.144701312909800373e-01 -1.545677513961058791e+00 0.000000000000000000e+00 1.000000000000000021e-08 -5.692947908973851057e-01 -1.548246596064051017e+00
-5.692947908973851057e-01 -1.548246596064051017e+00 0.000000000000000000e+00 1.000000000000000021e-08 -7.418645517177555604e-01 -1.725697608203704547e+00
-7.418645517177555604e-01 -1.725697608203704547e+00 2.000000000000000000e+00 1.000000000000000021e-08 -1.069071386197851137e+00 -3.272068344800955764e+00
-1.069071386197851137e+00 -3.272068344800955764e+00 0.000000000000000000e+00 1.000000000000000021e-08 -1.485146128817174116e+00 -4.160747426193230680e+00
-1.485146128817174116e+00 -4.160747426193230680e+00 0.000000000000000000e+00 9.999000000000000110e-01 -1.570796326794896558e+00 -5.000000000000000000e+00
-5.918535368424345661e-02 5.221812732168552851e-02 2.000000000000000000e+00 1.000000000000000021e-08 -1.518641608181828806e-01 -9.267880713393941150e-01
-1.518641608181828806e-01 -9.267880713393941150e-01 2.000000000000000000e+00 1.000000000000000021e-08 -3.704918872013469588e-01 -2.186277263831640560e+00
-3.704918872013469588e-01 -2.186277263831640560e+00 2.000000000000000000e+00 1.000000000000000021e-08 -7.301922995932728089e-01 -3.597004123919257612e+00
-7.301922995932728089e-01 -3.597004123919257612e+00 1.000000000000000000e+00 1.000000000000000021e-08 -1.183931504757030906e+00 -4.537392051637580970e+00
-1.183931504757030906e+00 -4.537392051637580970e+00 0.000000000000000000e+00 9.999000000000000110e-01 -1.570796326794896558e+00 -5.000000000000000000e+00
-8.387052369643110961e-02 8.473881215900759545e-02 0.000000000000000000e+00 1.000000000000000021e-08 7.316342673157907872e-03 9.118686636958901470e-01
7.316342673157907872e-03 9.118686636958901470e-01 0.000000000000000000e+00 1.000000000000000021e-08 1.814975276231563517e-01 1.741811849499984133e+00
1.814975276231563517e-01 1.741811849499984133e+00 2.000000000000000000e+00 1.000000000000000021e-08 3.015922945779132003e-01 1.200947669547568264e+00
3.015922945779132003e-01 1.200947669547568264e+00 0.000000000000000000e+00 1.000000000000000021e-08 5.660677621902211465e-01 2.644754676123079129e+00
5.660677621902211465e-01 2.644754676123079129e+00 2.000000000000000000e+00 1.000000000000000021e-08 8.406717650388804142e-01 2.746040028486592011e+00
8.406717650388804142e-01 2.746040028486592011e+00 1.000000000000000000e+00 1.000000000000000021e-08 1.218932683086368041e+00 3.782609180474874933e+00
1.218932683086368041e+00 3.782609180474874933e+00 2.000000000000000000e+00 9.999000000000000110e-01 1.570796326794896558e+00 4.882109622402403204e+00
-6.105183569985546399e-02 -6.980862859148727340e-02 1.000000000000000000e+00 1.000000000000000021e-08 -9.011808683292445166e-02 -2.906625113306898212e-01
-9.011808683292445166e-02 -2.906625113306898212e-01 2.000000000000000000e+00 1.000000000000000021e-08 -2.191295503951280477e-01 -1.290114635622036099e+00
-2.191295503951280477e-01 -1.290114635622036099e+00 0.000000000000000000e+00 1.000000000000000021e-08 -3.159513926255466676e-01 -9.682184223041863103e-01
-3.159513926255466676e-01 -9.682184223041863103e-01 0.000000000000000000e+00 1.000000000000000021e-08 -3.965706553682064595e-01 -8.061926274265981407e-01
-3.965706553682064595e-01 -8.061926274265981407e-01 1.000000000000000000e+00 1.000000000000000021e-08 -5.479716575709657755e-01 -1.514010022027593161e+00
-5.479716575709657755e-01 -1.514010022027593161e+00 1.000000000000000000e+00 1.000000000000000021e-08 -7.821276050726645446e-01 -2.341559475016987690e+00
-7.821276050726645446e-01 -2.341559475016987690e+00 2.000000000000000000e+00 1.000000000000000021e-08 -1.191075992047158749e+00 -4.089483869744940492e+00
-1.191075992047158749e+00 -4.089483869744940492e+00 2.000000000000000000e+00 9.999000000000000110e-01 -1.570796326794896558e+00 -5.000000000000000000e+00
-5.694633411722020699e-02 1.032000220540564908e-02 2.000000000000000000e+00 1.000000000000000021e-08 -1.675896921960015329e-01 -1.106433580787813176e+00
-1.675896921960015329e-01 -1.106433580787813176e+00 2.000000000000000000e+00 1.000000000000000021e-08 -4.031208801747074855e-01 -2.355311879787059581e+00
-4.031208801747074855e-01 -2.355311879787059581e+00 1.000000000000000000e+00 1.000000000000000021e-08 -6.965288791059319751e-01 -2.934079989312244674e+00
-6.965288791059319751e-01 -2.934079989312244674e+00 2.000000000000000000e+00 1.000000000000000021e-08 -1.161107334175545791e+00 -4.645784550696136606e+00
-1.161107334175545791e+00 -4.645784550696136606e+00 0.000000000000000000e+00 9.999000000000000110e-01 -1.570796326794896558e+00 -5.000000000000000000e+00
-7.910234478543878844e-02 1.577509225362830336e-02 0.000000000000000000e+00 1.000000000000000021e-08 -8.706174742526703869e-03 7.039617004291207625e-01
-8.706174742526703869e-03 7.039617004291207625e-01 0.000000000000000000e+00 1.000000000000000021e-08 1.486816067510701722e-01 1.573877814935968900e+00
1.486816067510701722e-01 1.573877814935968900e+00 0.000000000000000000e+00 1.000000000000000021e-08 4.164993081082388748e-01 2.678177013571686693e+00
4.164993081082388748e-01 2.678177013571686693e+00 0.000000000000000000e+00 1.000000000000000021e-08 8.219788476188127913e-01 4.054795395105738720e+00
8.219788476188127913e-01 4.054795395105738720e+00 1.000000000000000000e+00 1.000000000000000021e-08 1.333837681114369289e+00 5.000000000000000000e+00
1.333837681114369289e+00 5.000000000000000000e+00 2.000000000000000000e+00 9.999000000000000110e-01 1.570796326794896558e+00 5.000000000000000000e+00
7.524904902110052252e-03 -7.033348759453370014e-02 2.000000000000000000e+00 1.000000000000000021e-08 -9.725075079908068743e-02 -1.047756557011907397e+00
-9.725075079908068743e-02 -1.047756557011907397e+00 2.000000000000000000e+00 1.000000000000000021e-08 -2.897371748083469312e-01 -1.924864240092662104e+00
-2.897371748083469312e-01 -1.924864240092662104e+00 2.000000000000000000e+00 1.000000000000000021e-08 -6.035593569451997986e-01 -3.138221821368528008e+00
-6.035593569451997986e-01 -3.138221821368528008e+00 1.000000000000000000e+00 1.000000000000000021e-08 -1.010089332780364835e+00 -4.065299758351649473e+00
-1.010089332780364835e+00 -4.065299758351649473e+00 0.000000000000000000e+00 1.000000000000000021e-08 -1.496292404681931476e+00 -4.862030719015665525e+00
-1.496292404681931476e+00 -4.862030719015665525e+00 1.000000000000000000e+00 9.999000000000000110e-01 -1.570796326794896558e+00 -5.000000000000000000e+00
-3.671650627856778287e-02 5.732382807802586383e-02 0.000000000000000000e+00 1.000000000000000021e-08 3.957396662597850029e-02 7.629047290454628039e-01
3.957396662597850029e-02 7.629047290454628039e-01 0.000000000000000000e+00 1.000000000000000021e-08 1.951908438871267915e-01 1.556168772611482787e+00
1.951908438871267915e-01 1.556168772611482787e+00 1.000000000000000000e+00 1.000000000000000021e-08 3.849735458996080273e-01 1.897827020124812192e+00
3.849735458996080273e-01 1.897827020124812192e+00 0.000000000000000000e+00 1.000000000000000021e-08 7.144026709098466599e-01 3.294291250102386215e+00
7.144026709098466599e-01 3.294291250102386215e+00 1.000000000000000000e+00 1.000000000000000021e-08 1.143430813909594779e+00 4.290281429997481411e+00
1.143430813909594779e+00 4.290281429997481411e+00 0.000000000000000000e+00 9.999000000000000110e-01 1.570796326794896558e+00 5.000000000000000000e+00
2.613321691928058299e-02 -8.430344050308931358e-02 1.000000000000000000e+00 1.000000000000000021e-08 5.011491864665911650e-03 -2.112172505461467065e-01
5.011491864665911650e-03 -2.112172505461467065e-01 2.000000000000000000e+00 1.000000000000000021e-08 -1.204501613147920674e-01 -1.254616531794579881e+00
-1.204501613147920674e-01 -1.254616531794579881e+00 0.000000000000000000e+00 1.000000000000000021e-08 -1.811514547132292985e-01 -6.070129339843722827e-01
-1.811514547132292985e-01 -6.070129339843722827e-01 0.000000000000000000e+00 1.000000000000000021e-08 -1.831165240501788083e-01 -1.965069336949520906e-02
-1.831165240501788083e-01 -1.965069336949520906e-02 1.000000000000000000e+00 1.000000000000000021e-08 -2.089167892642955215e-01 -2.580026521411671325e-01
-2.089167892642955215e-01 -2.580026521411671325e-01 1.000000000000000000e+00 1.000000000000000021e-08 -2.620069268250408423e-01 -5.309013756074532076e-01
-2.620069268250408423e-01 -5.309013756074532076e-01 1.000000000000000000e+00 1.000000000000000021e-08 -3.526556579688320814e-01 -9.064873114379121688e-01
-3.526556579688320814e-01 -9.064873114379121688e-01 1.000000000000000000e+00 1.000000000000000021e-08 -5.153918233826806361e-01 -1.627361654138486102e+00
-5.153918233826806361e-01 -1.627361654138486102e+00 1.000000000000000000e+00 1.000000000000000021e-08 -7.471179679871257084e-01 -2.317261446044450501e+00
-7.471179679871257084e-01 -2.317261446044450501e+00 1.000000000000000000e+00 1.000000000000000021e-08 -1.078856668164141830e+00 -3.317387001770160992e+00
-1.078856668164141830e+00 -3.317387001770160992e+00 0.000000000000000000e+00 1.000000000000000021e-08 -1.506990058942944799e+00 -4.281333907788029691e+00
-1.506990058942944799e+00 -4.281333907788029691e+00 0.000000000000000000e+00 9.999000000000000110e-01 -1.570796326794896558e+00 -5.000000000000000000e+00
2.779486260427585162e-02 7.610788027752392326e-02 2.000000000000000000e+00 1.000000000000000021e-08 -6.115982348777751487e-02 -8.895468609205336996e-01
-6.115982348777751487e-02 -8.895468609205336996e-01 2.000000000000000000e+00 1.000000000000000021e-08 -2.441716010935658099e-01 -1.830117776057882839e+00
-2.441716010935658099e-01 -1.830117776057882839e+00 1.000000000000000000e+00 1.000000000000000021e-08 -4.615795482560730023e-01 -2.174079471625071758e+00
-4.615795482560730023e-01 -2.174079471625071758e+00 1.000000000000000000e+00 1.000000000000000021e-08 -7.590093888084163964e-01 -2.974298405523434496e+00
-7.590093888084163964e-01 -2.974298405523434496e+00 0.000000000000000000e+00 1.000000000000000021e-08 -1.109770449859798003e+00 -3.507610610513815175e+00
-1.109770449859798003e+00 -3.507610610513815175e+00 1.000000000000000000e+00 9.999000000000000110e-01 -1.570796326794896558e+00 -4.827466774495664303e+00
4.566910549183218759e-02 -1.287522785616812201e-02 0.000000000000000000e+00 1.000000000000000021e-08 1.490920155683360671e-01 1.034229100765038822e+00
1.490920155683360671e-01 1.034229100765038822e+00 1.000000000000000000e+00 1.000000000000000021e-08 2.762995505188338141e-01 1.272075349504977693e+00
2.762995505188338141e-01 1.272075349504977693e+00 1.000000000000000000e+00 1.000000000000000021e-08 4.512425692689752132e-01 1.749430187501413769e+00
4.512425692689752132e-01 1.749430187501413769e+00 2.000000000000000000e+00 1.000000000000000021e-08 6.080895190659104665e-01 1.568469497969352311e+00
6.080895190659104665e-01 1.568469497969352311e+00 2.000000000000000000e+00 1.000000000000000021e-08 7.932663765459839755e-01 1.851768574800734424e+00
7.932663765459839755e-01 1.851768574800734424e+00 1.000000000000000000e+00 1.000000000000000021e-08 1.088417841823309695e+00 2.951514652773256309e+00
1.088417841823309695e+00 2.951514652773256309e+00 1.000000000000000000e+00 1.000000000000000021e-08 1.509205321297316438e+00 4.207874794740067870e+00
1.509205321297316438e+00 4.207874794740067870e+00 1.000000000000000000e+00 9.999000000000000110e-01 1.570796326794896558e+00 5.000000000000000000e+00
-6.821439000489006033e-02 8.216960947074096466e-02 0.000000000000000000e+00 1.000000000000000021e-08 1.607915306587048843e-04 6.837518153554876799e-01
1.607915306587048843e-04 6.837518153554876799e-01 0.000000000000000000e+00 1.000000000000000021e-08 1.724488675676924820e-01 1.722880760370337772e+00
1.724488675676924820e-01 1.722880760370337772e+00 2.000000000000000000e+00 1.000000000000000021e-08 2.817998750560613552e-01 1.093510074883688787e+00
2.817998750560613552e-01 1.093510074883688787e+00 1.000000000000000000e+00 1.000000000000000021e-08 4.378264510352918304e-01 1.560265759792304863e+00
4.378264510352918304e-01 1.560265759792304863e+00 2.000000000000000000e+00 1.000000000000000021e-08 5.884779346194088934e-01 1.506514835841170408e+00
5.884779346194088934e-01 1.506514835841170408e+00 2.000000000000000000e+00 1.000000000000000021e-08 7.642289389455232396e-01 1.757510043261143684e+00
7.642289389455232396e-01 1.757510043261143684e+00 2.000000000000000000e+00 1.000000000000000021e-08 9.787993757356564517e-01 2.145704367901332343e+00
9.787993757356564517e-01 2.145704367901332343e+00 0.000000000000000000e+00 1.000000000000000021e-08 1.359926383968736108e+00 3.811270082330797671e+00
1.359926383968736108e+00 3.811270082330797671e+00 2.000000000000000000e+00 9.999000000000000110e-01 1.570796326794896558e+00 5.000000000000000000e+00
-8.559827133341910144e-02 2.289487138232026292e-02 2.000000000000000000e+00 1.000000000000000021e-08 -1.863349115554117919e-01 -1.007366402219926904e+00
-1.863349115554117919e-01 -1.007366402219926904e+00 2.000000000000000000e+00 1.000000000000000021e-08 -4.205244588134084416e-01 -2.341895472579966331e+00
-4.205244588134084416e-01 -2.341895472579966331e+00 2.000000000000000000e+00 1.000000000000000021e-08 -7.952475642843574999e-01 -3.747231054709490916e+00
-7.952475642843574999e-01 -3.747231054709490916e+00 1.000000000000000000e+00 1.000000000000000021e-08 -1.277742503399215135e+00 -4.824949391148575906e+00
-1.277742503399215135e+00 -4.824949391148575906e+00 2.000000000000000000e+00 9.999000000000000110e-01 -1.570796326794896558e+00 -5.000000000000000000e+00
2.144325288868055221e-02 -3.771088596609493276e-03 2.000000000000000000e+00 1.000000000000000021e-08 -7.267689653104004999e-02 -9.412014941972060011e-01
-7.267689653104004999e-02 -9.412014941972060011e-01 2.000000000000000000e+00 1.000000000000000021e-08 -2.643894387407682567e-01 -1.917125422097282206e+00
-2.643894387407682567e-01 -1.917125422097282206e+00 0.000000000000000000e+00 1.000000000000000021e-08 -4.224748856924909202e-01 -1.580854469517226413e+00
-4.224748856924909202e-01 -1.580854469517226413e+00 1.000000000000000000e+00 1.000000000000000021e-08 -6.541852518800593819e-01 -2.317103661875684395e+00
-6.541852518800593819e-01 -2.317103661875684395e+00 0.000000000000000000e+00 1.000000000000000021e-08 -9.272489697778064643e-01 -2.730637178977470825e+00
-9.272489697778064643e-01 -2.730637178977470825e+00 1.000000000000000000e+00 1.000000000000000021e-08 -1.322187808281450661e+00 -3.949388385036442628e+00
-1.322187808281450661e+00 -3.949388385036442628e+00 0.000000000000000000e+00 9.999000000000000110e-01 -1.570796326794896558e+00 -5.000000000000000000e+00
6.660752080004514464e-02 2.458259210825730970e-02 0.000000000000000000e+00 1.000000000000000021e-08 1.641230085567370045e-01 9.751548775669186542e-01
1.641230085567370045e-01 9.751548775669186542e-01 1.000000000000000000e+00 1.000000000000000021e-08 2.957422455275589002e-01 1.316192369708218957e+00
2.957422455275589002e-01 1.316192369708218957e+00 1.000000000000000000e+00 1.000000000000000021e-08 4.766410553052969901e-01 1.808988097777380455e+00
4.766410553052969901e-01 1.808988097777380455e+00 1.000000000000000000e+00 1.000000000000000021e-08 7.264067863846244144e-01 2.497657310793274466e+00
7.264067863846244144e-01 2.497657310793274466e+00 1.000000000000000000e+00 1.000000000000000021e-08 1.079469803945071860e+00 3.530630175604474896e+00
1.079469803945071860e+00 3.530630175604474896e+00 2.000000000000000000e+00 1.000000000000000021e-08 1.526824722080528218e+00 4.473549181354563586e+00
1.526824722080528218e+00 4.473549181354563586e+00 0.000000000000000000e+00 9.999000000000000110e-01 1.570796326794896558e+00 5.000000000000000000e+00
4.207060367923249472e-02 -2.667380853490390613e-02 0.000000000000000000e+00 1.000000000000000021e-08 1.504830839272641163e-01 1.084124802480316063e+00
1.504830839272641163e-01 1.084124802480316063e+00 1.000000000000000000e+00 1.000000000000000021e-08 2.685588981268230979e-01 1.180758141995589927e+00
2.685588981268230979e-01 1.180758141995589927e+00 0.000000000000000000e+00 1.000000000000000021e-08 5.303028613145854830e-01 2.617439631877624517e+00
5.303028613145854830e-01 2.617439631877624517e+00 2.000000000000000000e+00 1.000000000000000021e-08 7.947924378386307387e-01 2.644895765240452334e+00
7.947924378386307387e-01 2.644895765240452334e+00 2.000000000000000000e+00 1.000000000000000021e-08 1.112590442572630067e+00 3.177980047339991732e+00
1.112590442572630067e+00 3.177980047339991732e+00 1.000000000000000000e+00 1.000000000000000021e-08 1.557496928792862168e+00 4.449064862202321891e+00
1.557496928792862168e+00 4.449064862202321891e+00 1.000000000000000000e+00 9.999000000000000110e-01 1.570796326794896558e+00 5.000000000000000000e+00
-7.150583674965373115e-02 -5.985746956755248066e-02 1.000000000000000000e+00 1.000000000000000021e-08 -7.976836565062357665e-02 -8.262528900969851042e-02
-7.976836565062357665e-02 -8.262528900969851042e-02 1.000000000000000000e+00 1.000000000000000021e-08 -1.036798097895051396e-01 -2.391144413888156017e-01
-1.036798097895051396e-01 -2.391144413888156017e-01 2.000000000000000000e+00 1.000000000000000021e-08 -2.362912522581838426e-01 -1.326114424686786863e+00
-2.362912522581838426e-01 -1.326114424686786863e+00 1.000000000000000000e+00 1.000000000000000021e-08 -4.163134024189060201e-01 -1.800221501607221608e+00
-4.163134024189060201e-01 -1.800221501607221608e+00 1.000000000000000000e+00 1.000000000000000021e-08 -6.725160423472835713e-01 -2.562026399283775291e+00
-6.725160423472835713e-01 -2.562026399283775291e+00 0.000000000000000000e+00 1.000000000000000021e-08 -9.598690893351049525e-01 -2.873530469878213811e+00
-9.598690893351049525e-01 -2.873530469878213811e+00 2.000000000000000000e+00 1.000000000000000021e-08 -1.414883437024404556e+00 -4.550143476892996475e+00
-1.414883437024404556e+00 -4.550143476892996475e+00 2.000000000000000000e+00 9.999000000000000110e-01 -1.570796326794896558e+00 -5.000000000000000000e+00
7.516111939569818101e-02 6.431574121245949710e-03 1.000000000000000000e+00 1.000000000000000021e-08 9.184760220484822213e-02 1.668648280915003557e-01
9.184760220484822213e-02 1.668648280915003557e-01 2.000000000000000000e+00 1.000000000000000021e-08 3.235732021274053544e-02 -5.949028199210768530e-01
3.235732021274053544e-02 -5.949028199210768530e-01 0.000000000000000000e+00 1.000000000000000021e-08 7.812988068039035394e-02 4.577256046764981434e-01
7.812988068039035394e-02 4.577256046764981434e-01 2.000000000000000000e+00 1.000000000000000021e-08 4.613364631456695619e-02 -3.199623436582339497e-01
4.613364631456695619e-02 -3.199623436582339497e-01 2.000000000000000000e+00 1.000000000000000021e-08 -5.085255473485356115e-02 -9.698620104942051734e-01
-5.085255473485356115e-02 -9.698620104942051734e-01 0.000000000000000000e+00 1.000000000000000021e-08 -6.982353435480950776e-02 -1.897097961995594106e-01
-6.982353435480950776e-02 -1.897097961995594106e-01 2.000000000000000000e+00 1.000000000000000021e-08 -1.905679700047492042e-01 -1.207444356499396854e+00
-1.905679700047492042e-01 -1.207444356499396854e+00 2.000000000000000000e+00 1.000000000000000021e-08 -4.434698558046015204e-01 -2.529018857998523551e+00
-4.434698558046015204e-01 -2.529018857998523551e+00 1.000000000000000000e+00 1.000000000000000021e-08 -7.714732751229465002e-01 -3.280034193183449354e+00
-7.714732751229465002e-01 -3.280034193183449354e+00 2.000000000000000000e+00 1.000000000000000021e-08 -1.263593328056507481e+00 -4.921200529335609808e+00
-1.263593328056507481e+00 -4.921200529335609808e+00 2.000000000000000000e+00 9.999000000000000110e-01 -1.570796326794896558e+00 -5.000000000000000000e+00
8.422127761165779103e-02 9.881570287090246651e-03 1.000000000000000000e+00 1.000000000000000021e-08 9.341405620689464950e-02 9.192778595236861250e-02
9.341405620689464950e-02 9.192778595236861250e-02 1.000000000000000000e+00 1.000000000000000021e-08 1.286496698587843435e-01 3.523561365188968009e-01
1.286496698587843435e-01 3.523561365188968009e-01 2.000000000000000000e+00 1.000000000000000021e-08 1.051168366662680598e-01 -2.353283319251628369e-01
1.051168366662680598e-01 -2.353283319251628369e-01 0.000000000000000000e+00 1.000000000000000021e-08 2.030817024275651250e-01 9.796486576129705970e-01
2.030817024275651250e-01 9.796486576129705970e-01 0.000000000000000000e+00 1.000000000000000021e-08 4.182001838514559644e-01 2.151184814238908505e+00
4.182001838514559644e-01 2.151184814238908505e+00 2.000000000000000000e+00 1.000000000000000021e-08 6.345063993667340307e-01 2.163062155152780885e+00
6.345063993667340307e-01 2.163062155152780885e+00 2.000000000000000000e+00 1.000000000000000021e-08 8.841877989165207730e-01 2.496813995497866756e+00
8.841877989165207730e-01 2.496813995497866756e+00 0.000000000000000000e+00 1.000000000000000021e-08 1.307574064526977775e+00 4.233862656104570021e+00
1.307574064526977775e+00 4.233862656104570021e+00 0.000000000000000000e+00 9.999000000000000110e-01 1.570796326794896558e+00 5.000000000000000000e+00
5.008975140518007185e-02 -4.663299634620099443e-02 1.000000000000000000e+00 1.000000000000000021e-08 3.999333758815413337e-02 -1.009641381702593710e-01
3.999333758815413337e-02 -1.009641381702593710e-01 2.000000000000000000e+00 1.000000000000000021e-08 -5.863252883991661862e-02 -9.862586642807075199e-01
-5.863252883991661862e-02 -9.862586642807075199e-01 1.000000000000000000e+00 1.000000000000000021e-08 -1.500730344629335467e-01 -9.144050562301693219e-01
-1.500730344629335467e-01 -9.144050562301693219e-01 1.000000000000000000e+00 1.000000000000000021e-08 -2.746149369963679643e-01 -1.245419025334344010e+00
-2.746149369963679643e-01 -1.245419025334344010e+00 0.000000000000000000e+00 1.000000000000000021e-08 -3.507225421425000933e-01 -7.610760514613212901e-01
-3.507225421425000933e-01 -7.610760514613212901e-01 2.000000000000000000e+00 1.000000000000000021e-08 -5.817038449744759143e-01 -2.309813028319758210e+00
-5.817038449744759143e-01 -2.309813028319758210e+00 2.000000000000000000e+00 1.000000000000000021e-08 -9.631266211330042903e-01 -3.814227761585283094e+00
-9.631266211330042903e-01 -3.814227761585283094e+00 0.000000000000000000e+00 1.000000000000000021e-08 -1.414984403144390779e+00 -4.518577820113865329e+00
-1.414984403144390779e+00 -4.518577820113865329e+00 0.000000000000000000e+00 9.999000000000000110e-01 -1.570796326794896558e+00 -5.000000000000000000e+00
-1.158092186668562874e-02 -7.665532045200493250e-02 2.000000000000000000e+00 1.000000000000000021e-08 -1.149194949734735349e-01 -1.033385731067878899e+00
-1.149194949734735349e-01 -1.033385731067878899e+00 2.000000000000000000e+00 1.000000000000000021e-08 -3.189833060521656827e-01 -2.040638110786921366e+00
-3.189833060521656827e-01 -2.040638110786921366e+00 1.000000000000000000e+00 1.000000000000000021e-08 -5.781998925953386603e-01 -2.592165865431730332e+00
-5.781998925953386603e-01 -2.592165865431730332e+00 2.000000000000000000e+00 1.000000000000000021e-08 -1.003272752786654953e+00 -4.250728601913163374e+00
-1.003272752786654953e+00 -4.250728601913163374e+00 0.000000000000000000e+00 1.000000000000000021e-08 -1.504547652238172883e+00 -5.000000000000000000e+00
-1.504547652238172883e+00 -5.000000000000000000e+00 2.000000000000000000e+00 9.999000000000000110e-01 -1.570796326794896558e+00 -5.000000000000000000e+00
-7.812425150857948974e-03 7.307020038134792728e-02 2.000000000000000000e+00 1.000000000000000021e-08 -1.014436562399626540e-01 -9.363123108910469394e-01
-1.014436562399626540e-01 -9.363123108910469394e-01 2.000000000000000000e+00 1.000000000000000021e-08 -2.835836149299326703e-01 -1.821399586899699941e+00
-2.835836149299326703e-01 -1.821399586899699941e+00 1.000000000000000000e+00 1.000000000000000021e-08 -5.184857050760091068e-01 -2.349020901460764588e+00
-5.184857050760091068e-01 -2.349020901460764588e+00 2.000000000000000000e+00 1.000000000000000021e-08 -8.947082362190218463e-01 -3.762225311430127395e+00
-8.947082362190218463e-01 -3.762225311430127395e+00 0.000000000000000000e+00 1.000000000000000021e-08 -1.335783929606139564e+00 -4.410756933871176955e+00
-1.335783929606139564e+00 -4.410756933871176955e+00 0.000000000000000000e+00 9.999000000000000110e-01 -1.570796326794896558e+00 -5.000000000000000000e+00
-8.169456862701449107e-02 -1.995611914596247954e-02 0.000000000000000000e+00 1.000000000000000021e-08 5.367593919103755273e-03 8.706216254611823802e-01
5.367593919103755273e-03 8.706216254611823802e-01 2.000000000000000000e+00 1.000000000000000021e-08 5.315133768421659299e-04 -4.836080542261589343e-02
5.315133768421659299e-04 -4.836080542261589343e-02 1.000000000000000000e+00 1.000000000000000021e-08 5.055584205432239915e-03 4.524070828590073812e-02
5.055584205432239915e-03 4.524070828590073812e-02 1.000000000000000000e+00 1.000000000000000021e-08 3.332087278128778758e-03 -1.723496927303461157e-02
3.332087278128778758e-03 -1.723496927303461157e-02 1.000000000000000000e+00 1.000000000000000021e-08 -1.076276908108493233e-02 -1.409485635921370883e-01
-1.076276908108493233e-02 -1.409485635921370883e-01 2.000000000000000000e+00 1.000000000000000021e-08 -1.001622972942531054e-01 -8.939952821316816678e-01
-1.001622972942531054e-01 -8.939952821316816678e-01 2.000000000000000000e+00 1.000000000000000021e-08 -2.992466523650550436e-01 -1.990843550708019327e+00
-2.992466523650550436e-01 -1.990843550708019327e+00 1.000000000000000000e+00 1.000000000000000021e-08 -5.587505192806125898e-01 -2.595038669155575128e+00
-5.587505192806125898e-01 -2.595038669155575128e+00 0.000000000000000000e+00 1.000000000000000021e-08 -8.376503472356977564e-01 -2.788998279550851223e+00
-8.376503472356977564e-01 -2.788998279550851223e+00 0.000000000000000000e+00 1.000000000000000021e-08 -1.163777634577958686e+00 -3.261272873422607965e+00
-1.163777634577958686e+00 -3.261272873422607965e+00 1.000000000000000000e+00 9.999000000000000110e-01 -1.570796326794896558e+00 -4.554247276944663803e+00
1.839289711762965435e-02 -7.411225739980134564e-02 2.000000000000000000e+00 1.000000000000000021e-08 -6.564549574465702864e-02 -8.403839286228667049e-01
-6.564549574465702864e-02 -8.403839286228667049e-01 2.000000000000000000e+00 1.000000000000000021e-08 -2.458651634894805649e-01 -1.802196677448235196e+00
-2.458651634894805649e-01 -1.802196677448235196e+00 2.000000000000000000e+00 1.000000000000000021e-08 -5.607785078401168466e-01 -3.149133443506361818e+00
-5.607785078401168466e-01 -3.149133443506361818e+00 2.000000000000000000e+00 1.000000000000000021e-08 -1.028723011972879853e+00 -4.679445041327630506e+00
-1.028723011972879853e+00 -4.679445041327630506e+00 1.000000000000000000e+00 9.999000000000000110e-01 -1.570796326794896558e+00 -5.000000000000000000e+00
1.028432301200647020e-02 -4.485352629986485290e-02 2.000000000000000000e+00 1.000000000000000021e-08 -6.936824627140114607e-02 -7.965256928340761489e-01
-6.936824627140114607e-02 -7.965256928340761489e-01 0.000000000000000000e+00 1.000000000000000021e-08 -9.009373836849279837e-02 -2.072549209709165785e-01
-9.009373836849279837e-02 -2.072549209709165785e-01 2.000000000000000000e+00 1.000000000000000021e-08 -2.226256032955482578e-01 -1.325318649270554427e+00
-2.226256032955482578e-01 -1.325318649270554427e+00 2.000000000000000000e+00 1.000000000000000021e-08 -4.944566482079337244e-01 -2.718310449123854777e+00
-4.944566482079337244e-01 -2.718310449123854777e+00 2.000000000000000000e+00 1.000000000000000021e-08 -9.199767180683602330e-01 -4.255200698604264531e+00
-9.199767180683602330e-01 -4.255200698604264531e+00 0.000000000000000000e+00 1.000000000000000021e-08 -1.402118829995643301e+00 -4.821421119272829792e+00
-1.402118829995643301e+00 -4.821421119272829792e+00 1.000000000000000000e+00 9.999000000000000110e-01 -1.570796326794896558e+00 -5.000000000000000000e+00
-8.007088688324705272e-02 -8.082025389550508143e-02 0.000000000000000000e+00 1.000000000000000021e-08 -1.383852152095617349e-02 6.623236536229087923e-01
-1.383852152095617349e-02 6.623236536229087923e-01 2.000000000000000000e+00 1.000000000000000021e-08 -4.937114104044181689e-02 -3.553261951948564201e-01
-4.937114104044181689e-02 -3.553261951948564201e-01 1.000000000000000000e+00 1.000000000000000021e-08 -1.035993420827867884e-01 -5.422820104234495897e-01
-1.035993420827867884e-01 -5.422820104234495897e-01 0.000000000000000000e+00 1.000000000000000021e-08 -8.570549550362446811e-02 1.789384657916232024e-01
-8.570549550362446811e-02 1.789384657916232024e-01 1.000000000000000000e+00 1.000000000000000021e-08 -9.261850823162848245e-02 -6.913012728004008789e-02
-9.261850823162848245e-02 -6.913012728004008789e-02 0.000000000000000000e+00 1.000000000000000021e-08 -2.247515813155395725e-02 7.014335010007451965e-01
-2.247515813155395725e-02 7.014335010007451965e-01 1.000000000000000000e+00 1.000000000000000021e-08 5.620776936953439384e-02 7.868292750108833999e-01
5.620776936953439384e-02 7.868292750108833999e-01 2.000000000000000000e+00 1.000000000000000021e-08 6.930568750582828674e-02 1.309791813629389567e-01
6.930568750582828674e-02 1.309791813629389567e-01 0.000000000000000000e+00 1.000000000000000021e-08 1.930747854735591074e-01 1.237690979677308345e+00
1.930747854735591074e-01 1.237690979677308345e+00 1.000000000000000000e+00 1.000000000000000021e-08 3.347215210002297825e-01 1.416467355266707084e+00
3.347215210002297825e-01 1.416467355266707084e+00 1.000000000000000000e+00 1.000000000000000021e-08 5.259299881480924421e-01 1.912084671478626152e+00
5.259299881480924421e-01 1.912084671478626152e+00 2.000000000000000000e+00 1.000000000000000021e-08 7.138796609816695504e-01 1.879496728335771305e+00
7.138796609816695504e-01 1.879496728335771305e+00 0.000000000000000000e+00 1.000000000000000021e-08 1.063719980546088406e+00 3.498403195644187669e+00
1.063719980546088406e+00 3.498403195644187669e+00 0.000000000000000000e+00 9.999000000000000110e-01 1.570796326794896558e+00 5.000000000000000000e+00
7.740729876706113621e-02 -7.482813884508400515e-02 1.000000000000000000e+00 1.000000000000000021e-08 6.640892173446812097e-02 -1.099837703259301802e-01
6.640892173446812097e-02 -1.099837703259301802e-01 0.000000000000000000e+00 1.000000000000000021e-08 1.585593342719075483e-01 9.215041253743941896e-01
1.585593342719075483e-01 9.215041253743941896e-01 0.000000000000000000e+00 1.000000000000000021e-08 3.657315007199904988e-01 2.071721664480829173e+00
3.657315007199904988e-01 2.071721664480829173e+00 0.000000000000000000e+00 1.000000000000000021e-08 7.052032670120926827e-01 3.394717662921021617e+00
7.052032670120926827e-01 3.394717662921021617e+00 1.000000000000000000e+00 1.000000000000000021e-08 1.127840661795833421e+00 4.226373947837407385e+00
1.127840661795833421e+00 4.226373947837407385e+00 0.000000000000000000e+00 9.999000000000000110e-01 1.570796326794896558e+00 5.000000000000000000e+00
-1.186995803756079639e-02 -7.676467686086301673e-03 1.000000000000000000e+00 1.000000000000000021e-08 -1.496134679888335914e-02 -3.091388761322563100e-02
-1.496134679888335914e-02 -3.091388761322563100e-02 2.000000000000000000e+00 1.000000000000000021e-08 -1.064538423504681197e-01 -9.149249555158475156e-01
-1.064538423504681197e-01 -9.149249555158475156e-01 2.000000000000000000e+00 1.000000000000000021e-08 -3.010902797811270126e-01 -1.946364374306588818e+00
-3.010902797811270126e-01 -1.946364374306588818e+00 2.000000000000000000e+00 1.000000000000000021e-08 -6.160396473580705967e-01 -3.149493675769435619e+00
-6.160396473580705967e-01 -3.149493675769435619e+00 1.000000000000000000e+00 1.000000000000000021e-08 -1.019598602820696920e+00 -4.035589554626263009e+00
-1.019598602820696920e+00 -4.035589554626263009e+00 2.000000000000000000e+00 9.999000000000000110e-01 -1.570796326794896558e+00 -5.000000000000000000e+00
4.166658230177526512e-02 8.090457410599881383e-02 0.000000000000000000e+00 1.000000000000000021e-08 1.360528404213809384e-01 9.438625811960567047e-01
1.360528404213809384e-01 9.438625811960567047e-01 1.000000000000000000e+00 1.000000000000000021e-08 2.474261853650942533e-01 1.113733449437133149e+00
2.474261853650942533e-01 1.113733449437133149e+00 1.000000000000000000e+00 1.000000000000000021e-08 3.836487564530572936e-01 1.362225710879630736e+00
3.836487564530572936e-01 1.362225710879630736e+00 2.000000000000000000e+00 1.000000000000000021e-08 4.969181640125971966e-01 1.132694075595398919e+00
4.969181640125971966e-01 1.132694075595398919e+00 2.000000000000000000e+00 1.000000000000000021e-08 6.200614883271430289e-01 1.231433243145457990e+00
6.200614883271430289e-01 1.231433243145457990e+00 1.000000000000000000e+00 1.000000000000000021e-08 8.290210754033214835e-01 2.089595870761784546e+00
8.290210754033214835e-01 2.089595870761784546e+00 1.000000000000000000e+00 1.000000000000000021e-08 1.146851355144097973e+00 3.178302797407763336e+00
1.146851355144097973e+00 3.178302797407763336e+00 1.000000000000000000e+00 9.999000000000000110e-01 1.570796326794896558e+00 4.488678119047635029e+00
-4.255169299212455819e-02 -1.807437198866987393e-02 1.000000000000000000e+00 1.000000000000000021e-08 -5.998101084237286718e-02 -1.742931785024830482e-01
-5.998101084237286718e-02 -1.742931785024830482e-01 1.000000000000000000e+00 1.000000000000000021e-08 -9.599432213518027668e-02 -3.601331129280741505e-01
-9.599432213518027668e-02 -3.601331129280741505e-01 2.000000000000000000e+00 1.000000000000000021e-08 -2.443597249344872380e-01 -1.483654027993069668e+00
-2.443597249344872380e-01 -1.483654027993069668e+00 2.000000000000000000e+00 1.000000000000000021e-08 -5.052868678036058769e-01 -2.609271428691186223e+00
-5.052868678036058769e-01 -2.609271428691186223e+00 2.000000000000000000e+00 1.000000000000000021e-08 -9.136645368897418074e-01 -4.083776690861359526e+00
-9.136645368897418074e-01 -4.083776690861359526e+00 2.000000000000000000e+00 1.000000000000000021e-08 -1.482653654795110132e+00 -5.000000000000000000e+00
-1.482653654795110132e+00 -5.000000000000000000e+00 2.000000000000000000e+00 9.999000000000000110e-01 -1.570796326794896558e+00 -5.000000000000000000e+00
-6.419531382778141670e-02 -7.110167087125369989e-02 0.000000000000000000e+00 1.000000000000000021e-08 -8.573512222661200388e-03 5.562180160512021354e-01
-8.573512222661200388e-03 5.562180160512021354e-01 1.000000000000000000e+00 1.000000000000000021e-08 3.707884397867253212e-02 4.565235620133373251e-01
3.707884397867253212e-02 4.565235620133373251e-01 0.000000000000000000e+00 1.000000000000000021e-08 1.709684155408702222e-01 1.338895715621976734e+00
1.709684155408702222e-01 1.338895715621976734e+00 2.000000000000000000e+00 1.000000000000000021e-08 2.414144892867221004e-01 7.044607374585187820e-01
2.414144892867221004e-01 7.044607374585187820e-01 2.000000000000000000e+00 1.000000000000000021e-08 2.828369424453722747e-01 4.142245315865014654e-01
2.828369424453722747e-01 4.142245315865014654e-01 2.000000000000000000e+00 1.000000000000000021e-08 2.735259364059836051e-01 -9.311006039388686206e-02
2.735259364059836051e-01 -9.311006039388686206e-02 0.000000000000000000e+00 1.000000000000000021e-08 4.068043536882497424e-01 1.332784172822661484e+00
4.068043536882497424e-01 1.332784172822661484e+00 2.000000000000000000e+00 1.000000000000000021e-08 5.235979194124263936e-01 1.167935657241766734e+00
5.235979194124263936e-01 1.167935657241766734e+00 1.000000000000000000e+00 1.000000000000000021e-08 7.242455213781017198e-01 2.006476019656752818e+00
7.242455213781017198e-01 2.006476019656752818e+00 0.000000000000000000e+00 1.000000000000000021e-08 1.092577233732719533e+00 3.683317123546177463e+00
1.092577233732719533e+00 3.683317123546177463e+00 0.000000000000000000e+00 9.999000000000000110e-01 1.570796326794896558e+00 5.000000000000000000e+00
3.703697949583219934e-03 2.859253573873092244e-02 2.000000000000000000e+00 1.000000000000000021e-08 -8.414465070342642961e-02 -8.784834865300964468e-01
-8.414465070342642961e-02 -8.784834865300964468e-01 2.000000000000000000e+00 1.000000000000000021e-08 -2.866172468128020401e-01 -2.024725961093755799e+00
-2.866172468128020401e-01 -2.024725961093755799e+00 2.000000000000000000e+00 1.000000000000000021e-08 -6.234544846672593899e-01 -3.368372378544573387e+00
-6.234544846672593899e-01 -3.368372378544573387e+00 0.000000000000000000e+00 1.000000000000000021e-08 -9.780532642953978506e-01 -3.545987796281384163e+00
-9.780532642953978506e-01 -3.545987796281384163e+00 1.000000000000000000e+00 1.000000000000000021e-08 -1.448168795651668006e+00 -4.701155313562700222e+00
-1.448168795651668006e+00 -4.701155313562700222e+00 2.000000000000000000e+00 9.999000000000000110e-01 -1.570796326794896558e+00 -5.000000000000000000e+00
1.993159952027973372e-02 -4.647196132598797880e-02 1.000000000000000000e+00 1.000000000000000021e-08 1.204142796264202724e-02 -7.890171557637706834e-02
1.204142796264202724e-02 -7.890171557637706834e-02 0.000000000000000000e+00 1.000000000000000021e-08 1.073853092018817595e-01 9.534388123923972502e-01
1.073853092018817595e-01 9.534388123923972502e-01 0.000000000000000000e+00 1.000000000000000021e-08 3.057304200005759864e-01 1.983451107986942130e+00
3.057304200005759864e-01 1.983451107986942130e+00 0.000000000000000000e+00 1.000000000000000021e-08 6.270208523777791587e-01 3.212904323772031390e+00
6.270208523777791587e-01 3.212904323772031390e+00 2.000000000000000000e+00 1.000000000000000021e-08 9.615653591886210716e-01 3.345445068108418241e+00
9.615653591886210716e-01 3.345445068108418241e+00 2.000000000000000000e+00 1.000000000000000021e-08 1.362562478641704322e+00 4.009971194530831617e+00
1.362562478641704322e+00 4.009971194530831617e+00 2.000000000000000000e+00 9.999000000000000110e-01 1.570796326794896558e+00 5.000000000000000000e+00
-6.424826845327093194e-02 -8.095687227157699617e-02 0.000000000000000000e+00 1.000000000000000021e-08 -1.103193405103536362e-02 5.321633440223556555e-01
-1.103193405103536362e-02 5.321633440223556555e-01 0.000000000000000000e+00 1.000000000000000021e-08 1.309630764297214089e-01 1.419950104807567559e+00
1.309630764297214089e-01 1.419950104807567559e+00 2.000000000000000000e+00 1.000000000000000021e-08 2.174158199801173308e-01 8.645274355039590519e-01
2.174158199801173308e-01 8.645274355039590519e-01 0.000000000000000000e+00 1.000000000000000021e-08 4.206874589758148320e-01 2.032716389956974901e+00
4.206874589758148320e-01 2.032716389956974901e+00 1.000000000000000000e+00 1.000000000000000021e-08 7.008082878438461893e-01 2.801208288680314240e+00
7.008082878438461893e-01 2.801208288680314240e+00 1.000000000000000000e+00 1.000000000000000021e-08 1.070168810375449864e+00 3.693605225316035856e+00
1.070168810375449864e+00 3.693605225316035856e+00 1.000000000000000000e+00 1.000000000000000021e-08 1.560728970769044821e+00 4.905601603935949129e+00
1.560728970769044821e+00 4.905601603935949129e+00 2.000000000000000000e+00 9.999000000000000110e-01 1.570796326794896558e+00 5.000000000000000000e+00
-1.362975401074369673e-02 4.272919632929531725e-02 1.000000000000000000e+00 1.000000000000000021e-08 -1.508464518573093480e-03 1.212128949217060325e-01
-1.508464518573093480e-03 1.212128949217060325e-01 0.000000000000000000e+00 1.000000000000000021e-08 1.006378586667124597e-01 1.021463231852855369e+00
1.006378586667124597e-01 1.021463231852855369e+00 0.000000000000000000e+00 1.000000000000000021e-08 3.189420641298627013e-01 2.183042054631502360e+00
3.189420641298627013e-01 2.183042054631502360e+00 1.000000000000000000e+00 1.000000000000000021e-08 5.806080040400465325e-01 2.616659399101838979e+00
5.806080040400465325e-01 2.616659399101838979e+00 2.000000000000000000e+00 1.000000000000000021e-08 8.691974662648764838e-01 2.885894622248299957e+00
8.691974662648764838e-01 2.885894622248299957e+00 2.000000000000000000e+00 1.000000000000000021e-08 1.219419690863369432e+00 3.502222245984929039e+00
1.219419690863369432e+00 3.502222245984929039e+00 1.000000000000000000e+00 9.999000000000000110e-01 1.570796326794896558e+00 4.852449987348734339e+00
-4.654049570606582503e-02 8.711233966777422177e-02 1.000000000000000000e+00 1.000000000000000021e-08 -4.368870277688476078e-02 2.851792929181062863e-02
-4.368870277688476078e-02 2.851792929181062863e-02 1.000000000000000000e+00 1.000000000000000021e-08 -4.263843921655161018e-02 1.050263560333149909e-02
-4.263843921655161018e-02 1.050263560333149909e-02 2.000000000000000000e+00 1.000000000000000021e-08 -1.344485031002214948e-01 -9.181006388366989013e-01
-1.344485031002214948e-01 -9.181006388366989013e-01 0.000000000000000000e+00 1.000000000000000021e-08 -1.733446914733861033e-01 -3.889618837316459743e-01
-1.733446914733861033e-01 -3.889618837316459743e-01 0.000000000000000000e+00 1.000000000000000021e-08 -1.684766645723750622e-01 4.868026901011029972e-02
-1.684766645723750622e-01 4.868026901011029972e-02 2.000000000000000000e+00 1.000000000000000021e-08 -2.729318085750689349e-01 -1.044551440026938671e+00
-2.729318085750689349e-01 -1.044551440026938671e+00 1.000000000000000000e+00 1.000000000000000021e-08 -4.154624805480682248e-01 -1.425306719729992677e+00
-4.154624805480682248e-01 -1.425306719729992677e+00 0.000000000000000000e+00 1.000000000000000021e-08 -5.425905131309154417e-01 -1.271280325828471502e+00
-5.425905131309154417e-01 -1.271280325828471502e+00 0.000000000000000000e+00 1.000000000000000021e-08 -6.954770109489805119e-01 -1.528864978180650702e+00
-6.954770109489805119e-01 -1.528864978180650702e+00 0.000000000000000000e+00 1.000000000000000021e-08 -8.803178136861778968e-01 -1.848408027371973406e+00
-8.803178136861778968e-01 -1.848408027371973406e+00 1.000000000000000000e+00 1.000000000000000021e-08 -1.173467663531135186e+00 -2.931498498449573553e+00
-1.173467663531135186e+00 -2.931498498449573553e+00 2.000000000000000000e+00 9.999000000000000110e-01 -1.570796326794896558e+00 -4.583199415244129327e+00
-6.126042627680254593e-02 -2.555869470995747461e-02 0.000000000000000000e+00 1.000000000000000021e-08 2.562610317332220111e-02 8.688652945012473872e-01
2.562610317332220111e-02 8.688652945012473872e-01 0.000000000000000000e+00 1.000000000000000021e-08 2.008280149719636754e-01 1.752019117986414631e+00
2.008280149719636754e-01 1.752019117986414631e+00 0.000000000000000000e+00 1.000000000000000021e-08 4.988556765419966399e-01 2.980276615700329312e+00
4.988556765419966399e-01 2.980276615700329312e+00 1.000000000000000000e+00 1.000000000000000021e-08 8.655201246156878359e-01 3.666644480736910960e+00
8.655201246156878359e-01 3.666644480736910960e+00 2.000000000000000000e+00 1.000000000000000021e-08 1.284088599614528148e+00 4.185684749988403119e+00
1.284088599614528148e+00 4.185684749988403119e+00 0.000000000000000000e+00 9.999000000000000110e-01 1.570796326794896558e+00 5.000000000000000000e+00
-7.031700168947481455e-02 1.927883934310575115e-02 2.000000000000000000e+00 1.000000000000000021e-08 -1.725978638433565415e-01 -1.022808621538817242e+00
-1.725978638433565415e-01 -1.022808621538817242e+00 1.000000000000000000e+00 1.000000000000000021e-08 -3.082870519204836679e-01 -1.356891880771271319e+00
