7.975681773981779799e-03 -1.310646904264778888e-02 0.000000000000000000e+00 1.000000000000000021e-08 1.118175210330564218e-01 1.038418392590746420e+00
1.118175210330564218e-01 1.038418392590746420e+00 0.000000000000000000e+00 1.000000000000000021e-08 3.081281293941232624e-01 1.963106083610667962e+00
3.081281293941232624e-01 1.963106083610667962e+00 2.000000000000000000e+00 1.000000000000000021e-08 4.781126117675040810e-01 1.699844823733808408e+00
4.781126117675040810e-01 1.699844823733808408e+00 1.000000000000000000e+00 1.000000000000000021e-08 7.233309496000369654e-01 2.452183378325329066e+00
7.233309496000369654e-01 2.452183378325329066e+00 1.000000000000000000e+00 1.000000000000000021e-08 1.066418307116136610e+00 3.430873575160995337e+00
1.066418307116136610e+00 3.430873575160995337e+00 0.000000000000000000e+00 1.000000000000000021e-08 1.568928945262927588e+00 5.000000000000000000e+00
1.568928945262927588e+00 5.000000000000000000e+00 0.000000000000000000e+00 9.999000000000000110e-01 1.570796326794896558e+00 5.000000000000000000e+00
-3.499250900952468463e-02 1.732438298476269081e-02 2.000000000000000000e+00 1.000000000000000021e-08 -1.412402002406213664e-01 -1.062476912310966748e+00
-1.412402002406213664e-01 -1.062476912310966748e+00 2.000000000000000000e+00 1.000000000000000021e-08 -3.524960443680118516e-01 -2.112558441273904464e+00
-3.524960443680118516e-01 -2.112558441273904464e+00 0.000000000000000000e+00 1.000000000000000021e-08 -5.317145658140176590e-01 -1.792185214460057630e+00
-5.317145658140176590e-01 -1.792185214460057630e+00 0.000000000000000000e+00 1.000000000000000021e-08 -7.138007866888197439e-01 -1.820862208748020850e+00
-7.138007866888197439e-01 -1.820862208748020850e+00 0.000000000000000000e+00 1.000000000000000021e-08 -9.483900356350998262e-01 -2.345892489462800157e+00
-9.483900356350998262e-01 -2.345892489462800157e+00 0.000000000000000000e+00 1.000000000000000021e-08 -1.258117463760162869e+00 -3.097274281250630423e+00
-1.258117463760162869e+00 -3.097274281250630423e+00 1.000000000000000000e+00 9.999000000000000110e-01 -1.570796326794896558e+00 -4.504506909647006729e+00
3.860468052586703280e-02 -2.653734887276179219e-02 2.000000000000000000e+00 1.000000000000000021e-08 -3.378517722187801553e-02 -7.238985774774504556e-01
-3.378517722187801553e-02 -7.238985774774504556e-01 1.000000000000000000e+00 1.000000000000000021e-08 -1.066118209339243783e-01 -7.282664371204635723e-01
-1.066118209339243783e-01 -7.282664371204635723e-01 0.000000000000000000e+00 1.000000000000000021e-08 -1.013000820378917310e-01 5.311738896032647261e-02
-1.013000820378917310e-01 5.311738896032647261e-02 0.000000000000000000e+00 1.000000000000000021e-08 -3.872620915674812592e-02 6.257387288114359958e-01
-3.872620915674812592e-02 6.257387288114359958e-01 1.000000000000000000e+00 1.000000000000000021e-08 2.135597176037506983e-02 6.008218091712319575e-01
2.135597176037506983e-02 6.008218091712319575e-01 2.000000000000000000e+00 1.000000000000000021e-08 -1.169603097516169754e-02 -3.305200273553676737e-01
-1.169603097516169754e-02 -3.305200273553676737e-01 2.000000000000000000e+00 1.000000000000000021e-08 -1.347113055032449491e-01 -1.230152745280832294e+00
-1.347113055032449491e-01 -1.230152745280832294e+00 1.000000000000000000e+00 1.000000000000000021e-08 -2.742152090545466603e-01 -1.395039035513017334e+00
-2.742152090545466603e-01 -1.395039035513017334e+00 1.000000000000000000e+00 1.000000000000000021e-08 -4.466651497847747843e-01 -1.724499407302281462e+00
-4.466651497847747843e-01 -1.724499407302281462e+00 1.000000000000000000e+00 1.000000000000000021e-08 -6.798683184075760000e-01 -2.332031686228011491e+00
-6.798683184075760000e-01 -2.332031686228011491e+00 2.000000000000000000e+00 1.000000000000000021e-08 -1.062050272367167203e+00 -3.821819539595912918e+00
-1.062050272367167203e+00 -3.821819539595912918e+00 1.000000000000000000e+00 1.000000000000000021e-08 -1.566921990922724550e+00 -5.000000000000000000e+00
-1.566921990922724550e+00 -5.000000000000000000e+00 0.000000000000000000e+00 9.999000000000000110e-01 -1.570796326794896558e+00 -5.000000000000000000e+00
-3.605804073991830672e-03 5.552409026925244490e-02 2.000000000000000000e+00 1.000000000000000021e-08 -1.003705694596650350e-01 -9.676476538567320151e-01
-1.003705694596650350e-01 -9.676476538567320151e-01 1.000000000000000000e+00 1.000000000000000021e-08 -2.259194458133164662e-01 -1.255488763536514174e+00
-2.259194458133164662e-01 -1.255488763536514174e+00 2.000000000000000000e+00 1.000000000000000021e-08 -4.758039011423728093e-01 -2.498844553290563653e+00
-4.758039011423728093e-01 -2.498844553290563653e+00 1.000000000000000000e+00 1.000000000000000021e-08 -7.977785185711869786e-01 -3.219746174288141471e+00
-7.977785185711869786e-01 -3.219746174288141471e+00 2.000000000000000000e+00 1.000000000000000021e-08 -1.272178206844289727e+00 -4.743996882731027043e+00
-1.272178206844289727e+00 -4.743996882731027043e+00 0.000000000000000000e+00 9.999000000000000110e-01 -1.570796326794896558e+00 -5.000000000000000000e+00
3.394762515958013593e-02 7.116332383316278931e-02 1.000000000000000000e+00 1.000000000000000021e-08 4.618664145501599760e-02 1.223901629543586167e-01
4.618664145501599760e-02 1.223901629543586167e-01 1.000000000000000000e+00 1.000000000000000021e-08 8.192142738762359100e-02 3.573478593260758229e-01
8.192142738762359100e-02 3.573478593260758229e-01 1.000000000000000000e+00 1.000000000000000021e-08 1.375100137485705254e-01 5.558858636094694550e-01
1.375100137485705254e-01 5.558858636094694550e-01 2.000000000000000000e+00 1.000000000000000021e-08 1.175576119176639650e-01 -1.995240183090656316e-01
1.175576119176639650e-01 -1.995240183090656316e-01 0.000000000000000000e+00 1.000000000000000021e-08 2.048383104075778283e-01 8.728069848991386603e-01
2.048383104075778283e-01 8.728069848991386603e-01 2.000000000000000000e+00 1.000000000000000021e-08 2.491828113504556130e-01 4.434450094287778477e-01
2.491828113504556130e-01 4.434450094287778477e-01 2.000000000000000000e+00 1.000000000000000021e-08 2.389965631713377447e-01 -1.018624817911787384e-01
2.389965631713377447e-01 -1.018624817911787384e-01 2.000000000000000000e+00 1.000000000000000021e-08 1.735152594139182658e-01 -6.548130375741946230e-01
1.735152594139182658e-01 -6.548130375741946230e-01 0.000000000000000000e+00 1.000000000000000021e-08 2.332803681066265844e-01 5.976510869270831305e-01
2.332803681066265844e-01 5.976510869270831305e-01 1.000000000000000000e+00 1.000000000000000021e-08 3.456241001000996960e-01 1.123437319934730727e+00
3.456241001000996960e-01 1.123437319934730727e+00 1.000000000000000000e+00 1.000000000000000021e-08 5.049674334289693256e-01 1.593433333288696296e+00
5.049674334289693256e-01 1.593433333288696296e+00 1.000000000000000000e+00 1.000000000000000021e-08 7.352732553156646755e-01 2.303058218866953055e+00
7.352732553156646755e-01 2.303058218866953055e+00 2.000000000000000000e+00 1.000000000000000021e-08 1.015165204827671808e+00 2.798919495120070877e+00
1.015165204827671808e+00 2.798919495120070877e+00 0.000000000000000000e+00 1.000000000000000021e-08 1.454189071177095061e+00 4.390238663494232085e+00
1.454189071177095061e+00 4.390238663494232085e+00 2.000000000000000000e+00 9.999000000000000110e-01 1.570796326794896558e+00 5.000000000000000000e+00
-3.236584547395333911e-02 -3.017985323690099836e-02 0.000000000000000000e+00 1.000000000000000021e-08 5.842917990733244304e-02 9.079502538128577660e-01
5.842917990733244304e-02 9.079502538128577660e-01 2.000000000000000000e+00 1.000000000000000021e-08 7.606534820769837724e-02 1.763616830036592864e-01
7.606534820769837724e-02 1.763616830036592864e-01 2.000000000000000000e+00 1.000000000000000021e-08 3.122524086131434756e-02 -4.484010734638402829e-01
3.122524086131434756e-02 -4.484010734638402829e-01 2.000000000000000000e+00 1.000000000000000021e-08 -9.989691154453508859e-02 -1.311221524058494126e+00
-9.989691154453508859e-02 -1.311221524058494126e+00 0.000000000000000000e+00 1.000000000000000021e-08 -1.474207241659054590e-01 -4.752381262137036488e-01
-1.474207241659054590e-01 -4.752381262137036488e-01 2.000000000000000000e+00 1.000000000000000021e-08 -2.998912999424375725e-01 -1.524705757765320691e+00
-2.998912999424375725e-01 -1.524705757765320691e+00 2.000000000000000000e+00 1.000000000000000021e-08 -5.800375803224437909e-01 -2.801462803800062851e+00
-5.800375803224437909e-01 -2.801462803800062851e+00 0.000000000000000000e+00 1.000000000000000021e-08 -8.636388203797936702e-01 -2.836012400573498571e+00
-8.636388203797936702e-01 -2.836012400573498571e+00 1.000000000000000000e+00 1.000000000000000021e-08 -1.259291744049545247e+00 -3.956529236697515550e+00
-1.259291744049545247e+00 -3.956529236697515550e+00 0.000000000000000000e+00 9.999000000000000110e-01 -1.570796326794896558e+00 -5.000000000000000000e+00
2.515540371556145363e-02 1.528191872390703004e-02 0.000000000000000000e+00 1.000000000000000021e-08 1.304578426004558422e-01 1.053024388848943671e+00
1.304578426004558422e-01 1.053024388848943671e+00 2.000000000000000000e+00 1.000000000000000021e-08 1.671783931667285283e-01 3.672055056627269165e-01
1.671783931667285283e-01 3.672055056627269165e-01 1.000000000000000000e+00 1.000000000000000021e-08 2.348896977951717702e-01 6.771130462844323628e-01
2.348896977951717702e-01 6.771130462844323628e-01 2.000000000000000000e+00 1.000000000000000021e-08 2.685436796813057692e-01 3.365398188613400454e-01
2.685436796813057692e-01 3.365398188613400454e-01 1.000000000000000000e+00 1.000000000000000021e-08 3.502332172466434690e-01 8.168953756533767763e-01
3.502332172466434690e-01 8.168953756533767763e-01 1.000000000000000000e+00 1.000000000000000021e-08 4.825974026841620690e-01 1.323641854375185556e+00
4.825974026841620690e-01 1.323641854375185556e+00 1.000000000000000000e+00 1.000000000000000021e-08 6.823651815577180813e-01 1.997677788735559901e+00
6.823651815577180813e-01 1.997677788735559901e+00 2.000000000000000000e+00 1.000000000000000021e-08 9.215420045375365410e-01 2.391768229798184375e+00
9.215420045375365410e-01 2.391768229798184375e+00 2.000000000000000000e+00 1.000000000000000021e-08 1.234212696776418872e+00 3.126706922388823529e+00
1.234212696776418872e+00 3.126706922388823529e+00 1.000000000000000000e+00 9.999000000000000110e-01 1.570796326794896558e+00 4.444516467716175256e+00
-2.987108992863562670e-02 5.965440731784555500e-02 0.000000000000000000e+00 1.000000000000000021e-08 5.430673734515545359e-02 8.417782727379107266e-01
5.430673734515545359e-02 8.417782727379107266e-01 2.000000000000000000e+00 1.000000000000000021e-08 4.367169136473288138e-02 -1.063504598042257498e-01
4.367169136473288138e-02 -1.063504598042257498e-01 2.000000000000000000e+00 1.000000000000000021e-08 -4.428509368907398991e-02 -8.795678505380686296e-01
-4.428509368907398991e-02 -8.795678505380686296e-01 1.000000000000000000e+00 1.000000000000000021e-08 -1.292527463504342111e-01 -8.496765266136020456e-01
-1.292527463504342111e-01 -8.496765266136020456e-01 1.000000000000000000e+00 1.000000000000000021e-08 -2.476032828484547865e-01 -1.183505364980205643e+00
-2.476032828484547865e-01 -1.183505364980205643e+00 0.000000000000000000e+00 1.000000000000000021e-08 -3.234817791769545869e-01 -7.587849632849981152e-01
-3.234817791769545869e-01 -7.587849632849981152e-01 2.000000000000000000e+00 1.000000000000000021e-08 -5.495504058465986441e-01 -2.260686266696440239e+00
-5.495504058465986441e-01 -2.260686266696440239e+00 0.000000000000000000e+00 1.000000000000000021e-08 -7.901305287592074178e-01 -2.405801229126087293e+00
-7.901305287592074178e-01 -2.405801229126087293e+00 2.000000000000000000e+00 1.000000000000000021e-08 -1.191637912766463581e+00 -4.015073840072561850e+00
-1.191637912766463581e+00 -4.015073840072561850e+00 1.000000000000000000e+00 9.999000000000000110e-01 -1.570796326794896558e+00 -5.000000000000000000e+00
3.506042083010295352e-02 5.407148720131104563e-02 2.000000000000000000e+00 1.000000000000000021e-08 -4.617391583311844516e-02 -8.123433666322139590e-01
-4.617391583311844516e-02 -8.123433666322139590e-01 2.000000000000000000e+00 1.000000000000000021e-08 -2.064373990395521052e-01 -1.602634832064336434e+00
-2.064373990395521052e-01 -1.602634832064336434e+00 0.000000000000000000e+00 1.000000000000000021e-08 -3.093531546241645169e-01 -1.029157555846123895e+00
-3.093531546241645169e-01 -1.029157555846123895e+00 0.000000000000000000e+00 1.000000000000000021e-08 -3.910856251493164404e-01 -8.173247052515194566e-01
-3.910856251493164404e-01 -8.173247052515194566e-01 1.000000000000000000e+00 1.000000000000000021e-08 -5.332898641471338630e-01 -1.422042389978174448e+00
-5.332898641471338630e-01 -1.422042389978174448e+00 1.000000000000000000e+00 1.000000000000000021e-08 -7.538256785504590107e-01 -2.205358144033251477e+00
-7.538256785504590107e-01 -2.205358144033251477e+00 1.000000000000000000e+00 1.000000000000000021e-08 -1.072983772274249237e+00 -3.191580937237903370e+00
-1.072983772274249237e+00 -3.191580937237903370e+00 2.000000000000000000e+00 1.000000000000000021e-08 -1.559450676761983789e+00 -4.864669044877345527e+00
-1.559450676761983789e+00 -4.864669044877345527e+00 0.000000000000000000e+00 9.999000000000000110e-01 -1.570796326794896558e+00 -5.000000000000000000e+00
-1.797955437423453748e-02 2.213809424901715117e-02 1.000000000000000000e+00 1.000000000000000021e-08 -2.628389966940930522e-02 -8.304345295174768438e-02
-2.628389966940930522e-02 -8.304345295174768438e-02 0.000000000000000000e+00 1.000000000000000021e-08 6.527239676465414198e-02 9.155629643406344442e-01
6.527239676465414198e-02 9.155629643406344442e-01 1.000000000000000000e+00 1.000000000000000021e-08 1.690599279100851449e-01 1.037875311454310001e+00
1.690599279100851449e-01 1.037875311454310001e+00 0.000000000000000000e+00 1.000000000000000021e-08 3.848185369941925504e-01 2.157586090841073556e+00
3.848185369941925504e-01 2.157586090841073556e+00 1.000000000000000000e+00 1.000000000000000021e-08 6.643700398630330017e-01 2.795515028688404513e+00
6.643700398630330017e-01 2.795515028688404513e+00 1.000000000000000000e+00 1.000000000000000021e-08 1.032369943142748880e+00 3.679999032797159675e+00
1.032369943142748880e+00 3.679999032797159675e+00 0.000000000000000000e+00 1.000000000000000021e-08 1.556794700938364251e+00 5.000000000000000000e+00
1.556794700938364251e+00 5.000000000000000000e+00 2.000000000000000000e+00 9.999000000000000110e-01 1.570796326794896558e+00 5.000000000000000000e+00
-3.659436557828520814e-02 2.153422943772910839e-02 0.000000000000000000e+00 1.000000000000000021e-08 4.057460437537847159e-02 7.716896995366367973e-01
4.057460437537847159e-02 7.716896995366367973e-01 0.000000000000000000e+00 1.000000000000000021e-08 2.142602928422265018e-01 1.736856884668480205e+00
2.142602928422265018e-01 1.736856884668480205e+00 1.000000000000000000e+00 1.000000000000000021e-08 4.373937877991188605e-01 2.231334949568923864e+00
4.373937877991188605e-01 2.231334949568923864e+00 1.000000000000000000e+00 1.000000000000000021e-08 7.411870080035799502e-01 3.037932202044610452e+00
7.411870080035799502e-01 3.037932202044610452e+00 1.000000000000000000e+00 1.000000000000000021e-08 1.154075113224231508e+00 4.128881052206516244e+00
1.154075113224231508e+00 4.128881052206516244e+00 0.000000000000000000e+00 9.999000000000000110e-01 1.570796326794896558e+00 5.000000000000000000e+00
-3.695653092915772431e-03 -8.341057216184469270e-02 2.000000000000000000e+00 1.000000000000000021e-08 -9.456389810683310526e-02 -9.086824501391731479e-01
-9.456389810683310526e-02 -9.086824501391731479e-01 1.000000000000000000e+00 1.000000000000000021e-08 -2.164881243485998752e-01 -1.219242262417667755e+00
-2.164881243485998752e-01 -1.219242262417667755e+00 2.000000000000000000e+00 1.000000000000000021e-08 -4.473760456162105825e-01 -2.308879212676106629e+00
-4.473760456162105825e-01 -2.308879212676106629e+00 2.000000000000000000e+00 1.000000000000000021e-08 -8.286754984603266205e-01 -3.812994528441160380e+00
-8.286754984603266205e-01 -3.812994528441160380e+00 2.000000000000000000e+00 1.000000000000000021e-08 -1.376997664285827039e+00 -5.000000000000000000e+00
-1.376997664285827039e+00 -5.000000000000000000e+00 0.000000000000000000e+00 9.999000000000000110e-01 -1.570796326794896558e+00 -5.000000000000000000e+00
-3.867914293489461974e-03 3.857732011603658140e-02 1.000000000000000000e+00 1.000000000000000021e-08 4.232089867290343352e-03 8.100004160779805673e-02
4.232089867290343352e-03 8.100004160779805673e-02 0.000000000000000000e+00 1.000000000000000021e-08 1.010728449391485873e-01 9.684075507185823106e-01
1.010728449391485873e-01 9.684075507185823106e-01 0.000000000000000000e+00 1.000000000000000021e-08 2.855106074237616087e-01 1.844377624846130104e+00
2.855106074237616087e-01 1.844377624846130104e+00 0.000000000000000000e+00 1.000000000000000021e-08 5.920813746211872619e-01 3.065707671974256421e+00
5.920813746211872619e-01 3.065707671974256421e+00 2.000000000000000000e+00 1.000000000000000021e-08 9.036974779699731286e-01 3.116161033487858667e+00
9.036974779699731286e-01 3.116161033487858667e+00 2.000000000000000000e+00 1.000000000000000021e-08 1.289470897590619725e+00 3.857734196206465960e+00
1.289470897590619725e+00 3.857734196206465960e+00 2.000000000000000000e+00 9.999000000000000110e-01 1.570796326794896558e+00 5.000000000000000000e+00
8.125460406689413717e-02 -5.638688713151740473e-02 1.000000000000000000e+00 1.000000000000000021e-08 9.421775845461861920e-02 1.296315438772447648e-01
9.421775845461861920e-02 1.296315438772447648e-01 1.000000000000000000e+00 1.000000000000000021e-08 1.325804698659270309e-01 3.836271141130841444e-01
1.325804698659270309e-01 3.836271141130841444e-01 2.000000000000000000e+00 1.000000000000000021e-08 1.049313245716984311e-01 -2.764914529422859424e-01
1.049313245716984311e-01 -2.764914529422859424e-01 2.000000000000000000e+00 1.000000000000000021e-08 1.951075616448730288e-02 -8.542056840721111710e-01
1.951075616448730288e-02 -8.542056840721111710e-01 2.000000000000000000e+00 1.000000000000000021e-08 -1.465853860892541161e-01 -1.660961422537414078e+00
-1.465853860892541161e-01 -1.660961422537414078e+00 2.000000000000000000e+00 1.000000000000000021e-08 -4.371166528546701624e-01 -2.905312667654160741e+00
-4.371166528546701624e-01 -2.905312667654160741e+00 0.000000000000000000e+00 1.000000000000000021e-08 -7.091906746813672058e-01 -2.720740218266970434e+00
-7.091906746813672058e-01 -2.720740218266970434e+00 0.000000000000000000e+00 1.000000000000000021e-08 -1.020280042219008587e+00 -3.110893675376413814e+00
-1.020280042219008587e+00 -3.110893675376413814e+00 2.000000000000000000e+00 1.000000000000000021e-08 -1.497420819808027659e+00 -4.771407775890191161e+00
-1.497420819808027659e+00 -4.771407775890191161e+00 1.000000000000000000e+00 9.999000000000000110e-01 -1.570796326794896558e+00 -5.000000000000000000e+00
4.406854620428472813e-02 7.418181326270512077e-02 1.000000000000000000e+00 1.000000000000000021e-08 7.614105470967388878e-02 3.207250850538915787e-01
7.614105470967388878e-02 3.207250850538915787e-01 1.000000000000000000e+00 1.000000000000000021e-08 1.215678762267280166e-01 4.542682151705412785e-01
1.215678762267280166e-01 4.542682151705412785e-01 0.000000000000000000e+00 1.000000000000000021e-08 2.872256461224399482e-01 1.656577698957118816e+00
2.872256461224399482e-01 1.656577698957118816e+00 1.000000000000000000e+00 1.000000000000000021e-08 5.067597980572058347e-01 2.195341519347658643e+00
5.067597980572058347e-01 2.195341519347658643e+00 2.000000000000000000e+00 1.000000000000000021e-08 7.418093336710577246e-01 2.350495356138519121e+00
7.418093336710577246e-01 2.350495356138519121e+00 1.000000000000000000e+00 1.000000000000000021e-08 1.081563782884384262e+00 3.397544492133264704e+00
1.081563782884384262e+00 3.397544492133264704e+00 2.000000000000000000e+00 1.000000000000000021e-08 1.516096996212928483e+00 4.345332133285442211e+00
1.516096996212928483e+00 4.345332133285442211e+00 0.000000000000000000e+00 9.999000000000000110e-01 1.570796326794896558e+00 5.000000000000000000e+00
7.760570864959825954e-02 -5.070205179345897012e-03 1.000000000000000000e+00 1.000000000000000021e-08 8.525956800476393316e-02 7.653859355165677780e-02
8.525956800476393316e-02 7.653859355165677780e-02 0.000000000000000000e+00 1.000000000000000021e-08 2.003315435746779727e-01 1.150719755699140201e+00
2.003315435746779727e-01 1.150719755699140201e+00 0.000000000000000000e+00 1.000000000000000021e-08 4.334202867988951047e-01 2.330887432242171542e+00
4.334202867988951047e-01 2.330887432242171542e+00 2.000000000000000000e+00 1.000000000000000021e-08 6.676509389179156040e-01 2.342306521190204549e+00
6.676509389179156040e-01 2.342306521190204549e+00 0.000000000000000000e+00 1.000000000000000021e-08 1.063084049114271679e+00 3.954331101963560080e+00
1.063084049114271679e+00 3.954331101963560080e+00 2.000000000000000000e+00 1.000000000000000021e-08 1.547997218659538987e+00 4.849131695452673974e+00
1.547997218659538987e+00 4.849131695452673974e+00 0.000000000000000000e+00 9.999000000000000110e-01 1.570796326794896558e+00 5.000000000000000000e+00
-6.828322798229681523e-03 1.970509736651058358e-02 1.000000000000000000e+00 1.000000000000000021e-08 -2.707921479052841085e-05 6.801243583439152418e-02
-2.707921479052841085e-05 6.801243583439152418e-02 1.000000000000000000e+00 1.000000000000000021e-08 -1.002257322011699398e-02 -9.995494005326464870e-02
-1.002257322011699398e-02 -9.995494005326464870e-02 1.000000000000000000e+00 1.000000000000000021e-08 -1.247054153681097580e-02 -2.447968316693982516e-02
-1.247054153681097580e-02 -2.447968316693982516e-02 0.000000000000000000e+00 1.000000000000000021e-08 5.490848665813587159e-02 6.737902819494684392e-01
5.490848665813587159e-02 6.737902819494684392e-01 0.000000000000000000e+00 1.000000000000000021e-08 2.260301759418310574e-01 1.711216892836951775e+00
2.260301759418310574e-01 1.711216892836951775e+00 2.000000000000000000e+00 1.000000000000000021e-08 3.408903932100894596e-01 1.148602172682584133e+00
3.408903932100894596e-01 1.148602172682584133e+00 1.000000000000000000e+00 1.000000000000000021e-08 4.962165377879961259e-01 1.553261445779066552e+00
4.962165377879961259e-01 1.553261445779066552e+00 1.000000000000000000e+00 1.000000000000000021e-08 7.195443609812199881e-01 2.233278231932238178e+00
7.195443609812199881e-01 2.233278231932238178e+00 1.000000000000000000e+00 1.000000000000000021e-08 1.054221522270170741e+00 3.346771612889506198e+00
1.054221522270170741e+00 3.346771612889506198e+00 2.000000000000000000e+00 1.000000000000000021e-08 1.470421797930433927e+00 4.162002756602632303e+00
1.470421797930433927e+00 4.162002756602632303e+00 2.000000000000000000e+00 9.999000000000000110e-01 1.570796326794896558e+00 5.000000000000000000e+00
1.400365293287724605e-02 -7.630479880206166021e-02 1.000000000000000000e+00 1.000000000000000021e-08 1.190475598708116804e-02 -2.098896945796078356e-02
1.190475598708116804e-02 -2.098896945796078356e-02 1.000000000000000000e+00 1.000000000000000021e-08 1.060244199751274145e-02 -1.302313989568426936e-02
1.060244199751274145e-02 -1.302313989568426936e-02 1.000000000000000000e+00 1.000000000000000021e-08 2.039644551358008734e-02 9.794003516067346926e-02
2.039644551358008734e-02 9.794003516067346926e-02 2.000000000000000000e+00 1.000000000000000021e-08 -5.439645554068902461e-02 -7.479290105426911195e-01
-5.439645554068902461e-02 -7.479290105426911195e-01 1.000000000000000000e+00 1.000000000000000021e-08 -1.301393046973418066e-01 -7.574284915665278062e-01
-1.301393046973418066e-01 -7.574284915665278062e-01 1.000000000000000000e+00 1.000000000000000021e-08 -2.435577433882014642e-01 -1.134184386908596354e+00
-2.435577433882014642e-01 -1.134184386908596354e+00 2.000000000000000000e+00 1.000000000000000021e-08 -4.667653831081711724e-01 -2.232076397199696860e+00
-4.667653831081711724e-01 -2.232076397199696860e+00 2.000000000000000000e+00 1.000000000000000021e-08 -8.438689760723374622e-01 -3.771035929641662232e+00
-8.438689760723374622e-01 -3.771035929641662232e+00 0.000000000000000000e+00 1.000000000000000021e-08 -1.281004985876919910e+00 -4.371360098045824927e+00
-1.281004985876919910e+00 -4.371360098045824927e+00 1.000000000000000000e+00 9.999000000000000110e-01 -1.570796326794896558e+00 -5.000000000000000000e+00
-3.032157488038988991e-02 2.646504774356208539e-02 1.000000000000000000e+00 1.000000000000000021e-08 -4.866720933129134452e-02 -1.834563445090145462e-01
-4.866720933129134452e-02 -1.834563445090145462e-01 1.000000000000000000e+00 1.000000000000000021e-08 -5.894477368623902980e-02 -1.027756435494768805e-01
-5.894477368623902980e-02 -1.027756435494768805e-01 2.000000000000000000e+00 1.000000000000000021e-08 -1.518125777092556028e-01 -9.286780402301657578e-01
-1.518125777092556028e-01 -9.286780402301657578e-01 1.000000000000000000e+00 1.000000000000000021e-08 -2.811155758903302049e-01 -1.293029981810746021e+00
-2.811155758903302049e-01 -1.293029981810746021e+00 0.000000000000000000e+00 1.000000000000000021e-08 -3.756318781321947853e-01 -9.451630224186455820e-01
-3.756318781321947853e-01 -9.451630224186455820e-01 2.000000000000000000e+00 1.000000000000000021e-08 -6.169667979462485352e-01 -2.413349198140537055e+00
-6.169667979462485352e-01 -2.413349198140537055e+00 2.000000000000000000e+00 1.000000000000000021e-08 -1.020966138274905344e+00 -4.039993403286566753e+00
-1.020966138274905344e+00 -4.039993403286566753e+00 0.000000000000000000e+00 1.000000000000000021e-08 -1.498569421681702485e+00 -4.776032834067971855e+00
-1.498569421681702485e+00 -4.776032834067971855e+00 1.000000000000000000e+00 9.999000000000000110e-01 -1.570796326794896558e+00 -5.000000000000000000e+00
8.258001260164146706e-02 6.507013701236269432e-02 2.000000000000000000e+00 1.000000000000000021e-08 7.559624774086809440e-03 -7.502038782755464652e-01
7.559624774086809440e-03 -7.502038782755464652e-01 2.000000000000000000e+00 1.000000000000000021e-08 -1.699534468318056601e-01 -1.775130716058924696e+00
-1.699534468318056601e-01 -1.775130716058924696e+00 2.000000000000000000e+00 1.000000000000000021e-08 -4.556986260511995956e-01 -2.857451792193939522e+00
-4.556986260511995956e-01 -2.857451792193939522e+00 2.000000000000000000e+00 1.000000000000000021e-08 -8.767703953234956549e-01 -4.210717692722960592e+00
-8.767703953234956549e-01 -4.210717692722960592e+00 0.000000000000000000e+00 1.000000000000000021e-08 -1.345705428535136416e+00 -4.689350332116407394e+00
-1.345705428535136416e+00 -4.689350332116407394e+00 1.000000000000000000e+00 9.999000000000000110e-01 -1.570796326794896558e+00 -5.000000000000000000e+00
-8.662074534757768091e-03 -5.709842826010105843e-02 1.000000000000000000e+00 1.000000000000000021e-08 -2.269673000632937629e-02 -1.403465547157160820e-01
-2.269673000632937629e-02 -1.403465547157160820e-01 0.000000000000000000e+00 1.000000000000000021e-08 5.703939632880174193e-02 7.973612633513111891e-01
5.703939632880174193e-02 7.973612633513111891e-01 2.000000000000000000e+00 1.000000000000000021e-08 5.619442897564171091e-02 -8.449673531600310206e-03
5.619442897564171091e-02 -8.449673531600310206e-03 1.000000000000000000e+00 1.000000000000000021e-08 7.505246751049242382e-02 1.885803853485071568e-01
7.505246751049242382e-02 1.885803853485071568e-01 2.000000000000000000e+00 1.000000000000000021e-08 3.259756960758732058e-02 -4.245489790290509768e-01
3.259756960758732058e-02 -4.245489790290509768e-01 0.000000000000000000e+00 1.000000000000000021e-08 8.617152920371073943e-02 5.357395959612342162e-01
8.617152920371073943e-02 5.357395959612342162e-01 0.000000000000000000e+00 1.000000000000000021e-08 2.437631813897389588e-01 1.575916521860281971e+00
2.437631813897389588e-01 1.575916521860281971e+00 1.000000000000000000e+00 1.000000000000000021e-08 4.296784204412820718e-01 1.859152390515431019e+00
4.296784204412820718e-01 1.859152390515431019e+00 1.000000000000000000e+00 1.000000000000000021e-08 6.831859999899514424e-01 2.535075795486692929e+00
6.831859999899514424e-01 2.535075795486692929e+00 1.000000000000000000e+00 1.000000000000000021e-08 1.035648882131251947e+00 3.524628821413005486e+00
1.035648882131251947e+00 3.524628821413005486e+00 1.000000000000000000e+00 1.000000000000000021e-08 1.506975983004193997e+00 4.713271008729420508e+00
1.506975983004193997e+00 4.713271008729420508e+00 0.000000000000000000e+00 9.999000000000000110e-01 1.570796326794896558e+00 5.000000000000000000e+00
-8.413116843728786487e-02 -8.048482899518495659e-02 1.000000000000000000e+00 1.000000000000000021e-08 -1.042069527852105132e-01 -2.007578434792264832e-01
-1.042069527852105132e-01 -2.007578434792264832e-01 2.000000000000000000e+00 1.000000000000000021e-08 -2.460479747108784698e-01 -1.418410219256679428e+00
-2.460479747108784698e-01 -1.418410219256679428e+00 2.000000000000000000e+00 1.000000000000000021e-08 -5.240461638172229097e-01 -2.779981891063443733e+00
-5.240461638172229097e-01 -2.779981891063443733e+00 0.000000000000000000e+00 1.000000000000000021e-08 -8.046944919614881231e-01 -2.806483281442651911e+00
-8.046944919614881231e-01 -2.806483281442651911e+00 0.000000000000000000e+00 1.000000000000000021e-08 -1.131878829169836953e+00 -3.271843372083487633e+00
-1.131878829169836953e+00 -3.271843372083487633e+00 2.000000000000000000e+00 9.999000000000000110e-01 -1.570796326794896558e+00 -4.934830345575124788e+00
6.874696843065088159e-02 1.817028655734628101e-02 2.000000000000000000e+00 1.000000000000000021e-08 -1.497771654432421273e-02 -8.372468497497509432e-01
-1.497771654432421273e-02 -8.372468497497509432e-01 2.000000000000000000e+00 1.000000000000000021e-08 -1.825917015602549487e-01 -1.676139850159307443e+00
-1.825917015602549487e-01 -1.676139850159307443e+00 0.000000000000000000e+00 1.000000000000000021e-08 -3.034328798237171942e-01 -1.208411782634622345e+00
-3.034328798237171942e-01 -1.208411782634622345e+00 1.000000000000000000e+00 1.000000000000000021e-08 -4.890647916976497145e-01 -1.856319118739325091e+00
-4.890647916976497145e-01 -1.856319118739325091e+00 0.000000000000000000e+00 1.000000000000000021e-08 -6.770192070561245057e-01 -1.879544153584747246e+00
-6.770192070561245057e-01 -1.879544153584747246e+00 1.000000000000000000e+00 1.000000000000000021e-08 -9.523753569076982561e-01 -2.753561498515737949e+00
-9.523753569076982561e-01 -2.753561498515737949e+00 1.000000000000000000e+00 1.000000000000000021e-08 -1.343039354107213867e+00 -3.906639971995155225e+00
-1.343039354107213867e+00 -3.906639971995155225e+00 2.000000000000000000e+00 9.999000000000000110e-01 -1.570796326794896558e+00 -5.000000000000000000e+00
-3.962060940346456145e-02 6.680664165850341840e-02 0.000000000000000000e+00 1.000000000000000021e-08 4.669443347003606609e-02 8.631504287350062476e-01
4.669443347003606609e-02 8.631504287350062476e-01 0.000000000000000000e+00 1.000000000000000021e-08 2.378188505872851077e-01 1.911244171172490347e+00
2.378188505872851077e-01 1.911244171172490347e+00 0.000000000000000000e+00 1.000000000000000021e-08 5.536330644838389770e-01 3.158142138965538859e+00
5.536330644838389770e-01 3.158142138965538859e+00 2.000000000000000000e+00 1.000000000000000021e-08 8.815574407469797258e-01 3.279243762631406600e+00
8.815574407469797258e-01 3.279243762631406600e+00 2.000000000000000000e+00 1.000000000000000021e-08 1.276934060996229192e+00 3.953766202492495108e+00
1.276934060996229192e+00 3.953766202492495108e+00 0.000000000000000000e+00 9.999000000000000110e-01 1.570796326794896558e+00 5.000000000000000000e+00
3.485271367921088936e-02 5.951943212040100573e-02 1.000000000000000000e+00 1.000000000000000021e-08 5.263781212279886740e-02 1.778509844358797665e-01
5.263781212279886740e-02 1.778509844358797665e-01 2.000000000000000000e+00 1.000000000000000021e-08 -1.752036216989131395e-02 -7.015817429269017858e-01
-1.752036216989131395e-02 -7.015817429269017858e-01 1.000000000000000000e+00 1.000000000000000021e-08 -9.673371936093286272e-02 -7.921335719104153350e-01
-9.673371936093286272e-02 -7.921335719104153350e-01 1.000000000000000000e+00 1.000000000000000021e-08 -1.775088868634672190e-01 -8.077516750253436184e-01
-1.775088868634672190e-01 -8.077516750253436184e-01 0.000000000000000000e+00 1.000000000000000021e-08 -2.032191585294442215e-01 -2.571027166597700253e-01
-2.032191585294442215e-01 -2.571027166597700253e-01 2.000000000000000000e+00 1.000000000000000021e-08 -3.498153191174184773e-01 -1.465961605879742891e+00
-3.498153191174184773e-01 -1.465961605879742891e+00 0.000000000000000000e+00 1.000000000000000021e-08 -4.561748267509352361e-01 -1.063595076335167811e+00
-4.561748267509352361e-01 -1.063595076335167811e+00 2.000000000000000000e+00 1.000000000000000021e-08 -7.020361183617875867e-01 -2.458612916108522839e+00
-7.020361183617875867e-01 -2.458612916108522839e+00 0.000000000000000000e+00 1.000000000000000021e-08 -9.844327804190395881e-01 -2.823966620572519126e+00
-9.844327804190395881e-01 -2.823966620572519126e+00 1.000000000000000000e+00 1.000000000000000021e-08 -1.387433591903944219e+00 -4.030008114849045420e+00
-1.387433591903944219e+00 -4.030008114849045420e+00 1.000000000000000000e+00 9.999000000000000110e-01 -1.570796326794896558e+00 -5.000000000000000000e+00
4.292204649344490142e-02 -4.456022730677602212e-02 0.000000000000000000e+00 1.000000000000000021e-08 1.382568546646238128e-01 9.533480817117890860e-01
1.382568546646238128e-01 9.533480817117890860e-01 1.000000000000000000e+00 1.000000000000000021e-08 2.728098636714911818e-01 1.345530090068673523e+00
2.728098636714911818e-01 1.345530090068673523e+00 1.000000000000000000e+00 1.000000000000000021e-08 4.627898516203852175e-01 1.899799879488939913e+00
4.627898516203852175e-01 1.899799879488939913e+00 2.000000000000000000e+00 1.000000000000000021e-08 6.351719224152579946e-01 1.723820707948727549e+00
6.351719224152579946e-01 1.723820707948727549e+00 2.000000000000000000e+00 1.000000000000000021e-08 8.285197741294674234e-01 1.933478517142093844e+00
8.285197741294674234e-01 1.933478517142093844e+00 2.000000000000000000e+00 1.000000000000000021e-08 1.073524934422322330e+00 2.450051602928548622e+00
1.073524934422322330e+00 2.450051602928548622e+00 0.000000000000000000e+00 1.000000000000000021e-08 1.483744082987138224e+00 4.102191485648159386e+00
1.483744082987138224e+00 4.102191485648159386e+00 0.000000000000000000e+00 9.999000000000000110e-01 1.570796326794896558e+00 5.000000000000000000e+00
-5.945835128518563856e-02 -1.031228738006535577e-02 0.000000000000000000e+00 1.000000000000000021e-08 1.750904154551329722e-02 7.696739283069893300e-01
1.750904154551329722e-02 7.696739283069893300e-01 1.000000000000000000e+00 1.000000000000000021e-08 1.087507766625110395e-01 9.124173511699773531e-01
1.087507766625110395e-01 9.124173511699773531e-01 1.000000000000000000e+00 1.000000000000000021e-08 2.272121052086950588e-01 1.184613285461840304e+00
2.272121052086950588e-01 1.184613285461840304e+00 2.000000000000000000e+00 1.000000000000000021e-08 3.079082905056188535e-01 8.069618529692378361e-01
3.079082905056188535e-01 8.069618529692378361e-01 0.000000000000000000e+00 1.000000000000000021e-08 5.124154226128168066e-01 2.045071321071979753e+00
5.124154226128168066e-01 2.045071321071979753e+00 0.000000000000000000e+00 1.000000000000000021e-08 8.761621284380323171e-01 3.637467058252154217e+00
8.761621284380323171e-01 3.637467058252154217e+00 0.000000000000000000e+00 1.000000000000000021e-08 1.393306897610030459e+00 5.000000000000000000e+00
1.393306897610030459e+00 5.000000000000000000e+00 2.000000000000000000e+00 9.999000000000000110e-01 1.570796326794896558e+00 5.000000000000000000e+00
5.932616437732371462e-02 1.392455500111489455e-02 1.000000000000000000e+00 1.000000000000000021e-08 5.848005176168918906e-02 -8.461126156345252086e-03
5.848005176168918906e-02 -8.461126156345252086e-03 0.000000000000000000e+00 1.000000000000000021e-08 1.697934824148587818e-01 1.113134306531695872e+00
1.697934824148587818e-01 1.113134306531695872e+00 0.000000000000000000e+00 1.000000000000000021e-08 3.826878661273547255e-01 2.128943837124959160e+00
3.826878661273547255e-01 2.128943837124959160e+00 1.000000000000000000e+00 1.000000000000000021e-08 6.427805608894050504e-01 2.600926947620503249e+00
6.427805608894050504e-01 2.600926947620503249e+00 2.000000000000000000e+00 1.000000000000000021e-08 9.380504333347674528e-01 2.952698724453623580e+00
9.380504333347674528e-01 2.952698724453623580e+00 2.000000000000000000e+00 1.000000000000000021e-08 1.297655876617367365e+00 3.596054432825998681e+00
1.297655876617367365e+00 3.596054432825998681e+00 2.000000000000000000e+00 9.999000000000000110e-01 1.570796326794896558e+00 4.744171694537991257e+00
6.677333551067207718e-02 8.631007622531999823e-02 2.000000000000000000e+00 1.000000000000000021e-08 8.636385947069093183e-03 -5.813694956360297983e-01
8.636385947069093183e-03 -5.813694956360297983e-01 2.000000000000000000e+00 1.000000000000000021e-08 -1.346249266057522598e-01 -1.432613125528213294e+00
-1.346249266057522598e-01 -1.432613125528213294e+00 1.000000000000000000e+00 1.000000000000000021e-08 -2.930573806430192274e-01 -1.584324540372669343e+00
-2.930573806430192274e-01 -1.584324540372669343e+00 0.000000000000000000e+00 1.000000000000000021e-08 -4.214025782317382118e-01 -1.283451975887189400e+00
-4.214025782317382118e-01 -1.283451975887189400e+00 2.000000000000000000e+00 1.000000000000000021e-08 -6.985071167451778473e-01 -2.771045385134396355e+00
-6.985071167451778473e-01 -2.771045385134396355e+00 1.000000000000000000e+00 1.000000000000000021e-08 -1.068007202395719668e+00 -3.695000856505417985e+00
-1.068007202395719668e+00 -3.695000856505417985e+00 2.000000000000000000e+00 9.999000000000000110e-01 -1.570796326794896558e+00 -5.000000000000000000e+00
2.583154594864058018e-03 3.819901199302467437e-03 2.000000000000000000e+00 1.000000000000000021e-08 -6.994434005023172918e-02 -7.252749464509578026e-01
-6.994434005023172918e-02 -7.252749464509578026e-01 2.000000000000000000e+00 1.000000000000000021e-08 -2.302657056071915898e-01 -1.603213655569598384e+00
-2.302657056071915898e-01 -1.603213655569598384e+00 2.000000000000000000e+00 1.000000000000000021e-08 -5.250243978322223226e-01 -2.947586922250307051e+00
-5.250243978322223226e-01 -2.947586922250307051e+00 1.000000000000000000e+00 1.000000000000000021e-08 -8.820726756742095498e-01 -3.570482778419871828e+00
-8.820726756742095498e-01 -3.570482778419871828e+00 0.000000000000000000e+00 1.000000000000000021e-08 -1.294707846879466828e+00 -4.126351712052572118e+00
-1.294707846879466828e+00 -4.126351712052572118e+00 2.000000000000000000e+00 9.999000000000000110e-01 -1.570796326794896558e+00 -5.000000000000000000e+00
-3.391494977553272810e-02 4.746439762681790853e-02 0.000000000000000000e+00 1.000000000000000021e-08 4.539793013305882391e-02 7.931287990859154924e-01
4.539793013305882391e-02 7.931287990859154924e-01 1.000000000000000000e+00 1.000000000000000021e-08 1.355974406655710840e-01 9.019951053251225037e-01
1.355974406655710840e-01 9.019951053251225037e-01 1.000000000000000000e+00 1.000000000000000021e-08 2.530221514287500639e-01 1.174247107631789522e+00
2.530221514287500639e-01 1.174247107631789522e+00 1.000000000000000000e+00 1.000000000000000021e-08 4.272339914426491747e-01 1.742118400138991330e+00
4.272339914426491747e-01 1.742118400138991330e+00 0.000000000000000000e+00 1.000000000000000021e-08 7.350265578547865442e-01 3.077925664121373472e+00
7.350265578547865442e-01 3.077925664121373472e+00 0.000000000000000000e+00 1.000000000000000021e-08 1.203256494909549001e+00 4.682299370547625017e+00
1.203256494909549001e+00 4.682299370547625017e+00 2.000000000000000000e+00 9.999000000000000110e-01 1.570796326794896558e+00 5.000000000000000000e+00
7.322501405219219994e-02 -6.696280006188316813e-02 2.000000000000000000e+00 1.000000000000000021e-08 4.172864871093417971e-04 -7.280772756508285815e-01
4.172864871093417971e-04 -7.280772756508285815e-01 1.000000000000000000e+00 1.000000000000000021e-08 -8.772495612593465830e-02 -8.814224261304399732e-01
-8.772495612593465830e-02 -8.814224261304399732e-01 1.000000000000000000e+00 1.000000000000000021e-08 -1.889035371306530542e-01 -1.011785810047183931e+00
-1.889035371306530542e-01 -1.011785810047183931e+00 0.000000000000000000e+00 1.000000000000000021e-08 -2.284432357468030028e-01 -3.953969861614994308e-01
-2.284432357468030028e-01 -3.953969861614994308e-01 1.000000000000000000e+00 1.000000000000000021e-08 -3.167369295751464309e-01 -8.829369382834344471e-01
-3.167369295751464309e-01 -8.829369382834344471e-01 1.000000000000000000e+00 1.000000000000000021e-08 -4.475974043234584032e-01 -1.308604747483119723e+00
-4.475974043234584032e-01 -1.308604747483119723e+00 1.000000000000000000e+00 1.000000000000000021e-08 -6.385502024812049759e-01 -1.909527981577465727e+00
-6.385502024812049759e-01 -1.909527981577465727e+00 2.000000000000000000e+00 1.000000000000000021e-08 -9.770387384592393865e-01 -3.384885359780343439e+00
-9.770387384592393865e-01 -3.384885359780343439e+00 0.000000000000000000e+00 1.000000000000000021e-08 -1.399468883031486532e+00 -4.224301445722471016e+00
-1.399468883031486532e+00 -4.224301445722471016e+00 0.000000000000000000e+00 9.999000000000000110e-01 -1.570796326794896558e+00 -5.000000000000000000e+00
-7.228627576092884477e-02 8.606479306002782353e-03 1.000000000000000000e+00 1.000000000000000021e-08 -6.770173555749335603e-02 4.584540203435490124e-02
-6.770173555749335603e-02 4.584540203435490124e-02 0.000000000000000000e+00 1.000000000000000021e-08 1.559947710878228921e-02 8.330121266627563692e-01
1.559947710878228921e-02 8.330121266627563692e-01 1.000000000000000000e+00 1.000000000000000021e-08 1.131501362415880674e-01 9.755065913280577261e-01
1.131501362415880674e-01 9.755065913280577261e-01 2.000000000000000000e+00 1.000000000000000021e-08 1.271314799148688113e-01 1.398134367328074390e-01
1.271314799148688113e-01 1.398134367328074390e-01 2.000000000000000000e+00 1.000000000000000021e-08 5.930118362806392762e-02 -6.783029628680488088e-01
5.930118362806392762e-02 -6.783029628680488088e-01 2.000000000000000000e+00 1.000000000000000021e-08 -1.016076167470374297e-01 -1.609088003751013574e+00
-1.016076167470374297e-01 -1.609088003751013574e+00 0.000000000000000000e+00 1.000000000000000021e-08 -2.076646908196730645e-01 -1.060570740726356265e+00
-2.076646908196730645e-01 -1.060570740726356265e+00 1.000000000000000000e+00 1.000000000000000021e-08 -3.604042183751027251e-01 -1.527395275554296772e+00
-3.604042183751027251e-01 -1.527395275554296772e+00 0.000000000000000000e+00 1.000000000000000021e-08 -4.963195492081501348e-01 -1.359153308330474319e+00
-4.963195492081501348e-01 -1.359153308330474319e+00 2.000000000000000000e+00 1.000000000000000021e-08 -7.959505074484378717e-01 -2.996309582402877147e+00
-7.959505074484378717e-01 -2.996309582402877147e+00 1.000000000000000000e+00 1.000000000000000021e-08 -1.211596313368471733e+00 -4.156458059200339505e+00
-1.211596313368471733e+00 -4.156458059200339505e+00 1.000000000000000000e+00 9.999000000000000110e-01 -1.570796326794896558e+00 -5.000000000000000000e+00
-1.556953250415029667e-02 -2.571995244403259273e-02 1.000000000000000000e+00 1.000000000000000021e-08 -1.557212288630644564e-02 -2.590382156149664827e-05
-1.557212288630644564e-02 -2.590382156149664827e-05 0.000000000000000000e+00 1.000000000000000021e-08 6.108879424209167491e-02 7.666091712839810945e-01
6.108879424209167491e-02 7.666091712839810945e-01 2.000000000000000000e+00 1.000000000000000021e-08 6.499515762041360722e-02 3.906363378321930924e-02
6.499515762041360722e-02 3.906363378321930924e-02 1.000000000000000000e+00 1.000000000000000021e-08 7.503158470582940720e-02 1.003642708541579581e-01
7.503158470582940720e-02 1.003642708541579581e-01 0.000000000000000000e+00 1.000000000000000021e-08 1.783670217575633044e-01 1.033354370517338916e+00
1.783670217575633044e-01 1.033354370517338916e+00 2.000000000000000000e+00 1.000000000000000021e-08 2.260214814948688922e-01 4.765445973730558782e-01
2.260214814948688922e-01 4.765445973730558782e-01 0.000000000000000000e+00 1.000000000000000021e-08 3.857606727521342149e-01 1.597391912572653450e+00
3.857606727521342149e-01 1.597391912572653450e+00 0.000000000000000000e+00 1.000000000000000021e-08 6.716387926353457605e-01 2.858781198832115678e+00
6.716387926353457605e-01 2.858781198832115678e+00 0.000000000000000000e+00 1.000000000000000021e-08 1.113803648910296928e+00 4.421648562749510347e+00
1.113803648910296928e+00 4.421648562749510347e+00 0.000000000000000000e+00 9.999000000000000110e-01 1.570796326794896558e+00 5.000000000000000000e+00
-3.665341760970396850e-03 2.762403909003353572e-02 1.000000000000000000e+00 1.000000000000000021e-08 8.855228161954204966e-03 1.252056992292460147e-01
8.855228161954204966e-03 1.252056992292460147e-01 2.000000000000000000e+00 1.000000000000000021e-08 -5.954008185266433661e-02 -6.839531001461853776e-01
-5.954008185266433661e-02 -6.839531001461853776e-01 1.000000000000000000e+00 1.000000000000000021e-08 -1.343133291880475866e-01 -7.477324733538325274e-01
-1.343133291880475866e-01 -7.477324733538325274e-01 2.000000000000000000e+00 1.000000000000000021e-08 -3.126061310486408784e-01 -1.782928018605932863e+00
-3.126061310486408784e-01 -1.782928018605932863e+00 2.000000000000000000e+00 1.000000000000000021e-08 -6.384951845244628554e-01 -3.258890534758219104e+00
-6.384951845244628554e-01 -3.258890534758219104e+00 1.000000000000000000e+00 1.000000000000000021e-08 -1.063683477004752076e+00 -4.251882924802891317e+00
-1.063683477004752076e+00 -4.251882924802891317e+00 0.000000000000000000e+00 1.000000000000000021e-08 -1.565597960303726888e+00 -5.000000000000000000e+00
-1.565597960303726888e+00 -5.000000000000000000e+00 2.000000000000000000e+00 9.999000000000000110e-01 -1.570796326794896558e+00 -5.000000000000000000e+00
-5.872771700858038513e-02 -4.619520240144053130e-02 0.000000000000000000e+00 1.000000000000000021e-08 3.067814267703515563e-02 8.940585968561554076e-01
3.067814267703515563e-02 8.940585968561554076e-01 0.000000000000000000e+00 1.000000000000000021e-08 2.031100832262554001e-01 1.724319405492202417e+00
2.031100832262554001e-01 1.724319405492202417e+00 2.000000000000000000e+00 1.000000000000000021e-08 3.136527750173000451e-01 1.105426917910446338e+00
3.136527750173000451e-01 1.105426917910446338e+00 1.000000000000000000e+00 1.000000000000000021e-08 4.920038224786779102e-01 1.783510474613778651e+00
4.920038224786779102e-01 1.783510474613778651e+00 0.000000000000000000e+00 1.000000000000000021e-08 8.312442104516376551e-01 3.392403879729597449e+00
8.312442104516376551e-01 3.392403879729597449e+00 1.000000000000000000e+00 1.000000000000000021e-08 1.288434886521057088e+00 4.571906760694193217e+00
1.288434886521057088e+00 4.571906760694193217e+00 2.000000000000000000e+00 9.999000000000000110e-01 1.570796326794896558e+00 5.000000000000000000e+00
-8.163685074193102742e-02 -8.543296447469528321e-02 2.000000000000000000e+00 1.000000000000000021e-08 -2.028818253699083418e-01 -1.212449746279772977e+00
-2.028818253699083418e-01 -1.212449746279772977e+00 0.000000000000000000e+00 1.000000000000000021e-08 -2.834338750698848219e-01 -8.055204969997644682e-01
-2.834338750698848219e-01 -8.055204969997644682e-01 1.000000000000000000e+00 1.000000000000000021e-08 -3.992911798429853443e-01 -1.158573047731005223e+00
-3.992911798429853443e-01 -1.158573047731005223e+00 0.000000000000000000e+00 1.000000000000000021e-08 -4.858042469421149923e-01 -8.651306709912962578e-01
-4.858042469421149923e-01 -8.651306709912962578e-01 2.000000000000000000e+00 1.000000000000000021e-08 -7.213380579946868654e-01 -2.355338110525718953e+00
-7.213380579946868654e-01 -2.355338110525718953e+00 0.000000000000000000e+00 1.000000000000000021e-08 -1.001337216300454358e+00 -2.799991583057673594e+00
-1.001337216300454358e+00 -2.799991583057673594e+00 0.000000000000000000e+00 1.000000000000000021e-08 -1.356176103626200113e+00 -3.548388873257457110e+00
-1.356176103626200113e+00 -3.548388873257457110e+00 2.000000000000000000e+00 9.999000000000000110e-01 -1.570796326794896558e+00 -5.000000000000000000e+00
6.429395983052711705e-02 -8.720861019219151855e-02 2.000000000000000000e+00 1.000000000000000021e-08 -2.266386272232850940e-02 -8.695782255285562368e-01
-2.266386272232850940e-02 -8.695782255285562368e-01 2.000000000000000000e+00 1.000000000000000021e-08 -2.073860225124693202e-01 -1.847221597901407941e+00
-2.073860225124693202e-01 -1.847221597901407941e+00 1.000000000000000000e+00 1.000000000000000021e-08 -4.116863885804477041e-01 -2.043003660679783451e+00
-4.116863885804477041e-01 -2.043003660679783451e+00 2.000000000000000000e+00 1.000000000000000021e-08 -7.479178198687703727e-01 -3.362314312883226464e+00
-7.479178198687703727e-01 -3.362314312883226464e+00 2.000000000000000000e+00 1.000000000000000021e-08 -1.250763606756839064e+00 -5.000000000000000000e+00
-1.250763606756839064e+00 -5.000000000000000000e+00 0.000000000000000000e+00 9.999000000000000110e-01 -1.570796326794896558e+00 -5.000000000000000000e+00
2.967496817376546678e-02 4.432390387531341680e-02 0.000000000000000000e+00 1.000000000000000021e-08 1.300462152180353326e-01 1.003712470442698734e+00
1.300462152180353326e-01 1.003712470442698734e+00 1.000000000000000000e+00 1.000000000000000021e-08 2.671819256821009736e-01 1.371357104640656743e+00
2.671819256821009736e-01 1.371357104640656743e+00 2.000000000000000000e+00 1.000000000000000021e-08 3.592634020878568979e-01 9.208147640575590209e-01
3.592634020878568979e-01 9.208147640575590209e-01 2.000000000000000000e+00 1.000000000000000021e-08 4.408264192468664966e-01 8.156301715900962090e-01
4.408264192468664966e-01 8.156301715900962090e-01 2.000000000000000000e+00 1.000000000000000021e-08 5.270950539222030162e-01 8.626863467533657515e-01
5.270950539222030162e-01 8.626863467533657515e-01 2.000000000000000000e+00 1.000000000000000021e-08 6.174981185787128402e-01 9.040306465650977952e-01
6.174981185787128402e-01 9.040306465650977952e-01 2.000000000000000000e+00 1.000000000000000021e-08 7.438455381929554022e-01 1.263474196142425177e+00
7.438455381929554022e-01 1.263474196142425177e+00 1.000000000000000000e+00 1.000000000000000021e-08 9.700145493294872745e-01 2.261690111365318501e+00
9.700145493294872745e-01 2.261690111365318501e+00 1.000000000000000000e+00 1.000000000000000021e-08 1.321628570412063164e+00 3.516140210825758672e+00
1.321628570412063164e+00 3.516140210825758672e+00 0.000000000000000000e+00 9.999000000000000110e-01 1.570796326794896558e+00 5.000000000000000000e+00
-8.701783357266665297e-02 3.415759439095215899e-02 1.000000000000000000e+00 1.000000000000000021e-08 -1.027214720202619669e-01 -1.570363844759531946e-01
-1.027214720202619669e-01 -1.570363844759531946e-01 2.000000000000000000e+00 1.000000000000000021e-08 -2.284334386210842283e-01 -1.257119666008222447e+00
-2.284334386210842283e-01 -1.257119666008222447e+00 0.000000000000000000e+00 1.000000000000000021e-08 -3.090689640878214184e-01 -8.063552546673716792e-01
-3.090689640878214184e-01 -8.063552546673716792e-01 0.000000000000000000e+00 1.000000000000000021e-08 -3.722038474258043683e-01 -6.313488333798297214e-01
-3.722038474258043683e-01 -6.313488333798297214e-01 1.000000000000000000e+00 1.000000000000000021e-08 -5.001564057222394055e-01 -1.279525582964349706e+00
-5.001564057222394055e-01 -1.279525582964349706e+00 1.000000000000000000e+00 1.000000000000000021e-08 -7.030111880349876330e-01 -2.028547823127482275e+00
-7.030111880349876330e-01 -2.028547823127482275e+00 2.000000000000000000e+00 1.000000000000000021e-08 -1.068839088150332461e+00 -3.658279001153448284e+00
-1.068839088150332461e+00 -3.658279001153448284e+00 1.000000000000000000e+00 1.000000000000000021e-08 -1.556352555094840717e+00 -4.875134669445082558e+00
-1.556352555094840717e+00 -4.875134669445082558e+00 0.000000000000000000e+00 9.999000000000000110e-01 -1.570796326794896558e+00 -5.000000000000000000e+00
-5.677000480138043315e-02 -1.273902385567453333e-03 0.000000000000000000e+00 1.000000000000000021e-08 2.481091596765896967e-02 8.158092076903940004e-01
2.481091596765896967e-02 8.158092076903940004e-01 1.000000000000000000e+00 1.000000000000000021e-08 1.250775281256507609e-01 1.002666121579917746e+00
1.250775281256507609e-01 1.002666121579917746e+00 2.000000000000000000e+00 1.000000000000000021e-08 1.563694694801319729e-01 3.129194135448121195e-01
1.563694694801319729e-01 3.129194135448121195e-01 2.000000000000000000e+00 1.000000000000000021e-08 1.311765973356829040e-01 -2.519287214444906331e-01
1.311765973356829040e-01 -2.519287214444906331e-01 0.000000000000000000e+00 1.000000000000000021e-08 2.227713175808171131e-01 9.159472024513420907e-01
2.227713175808171131e-01 9.159472024513420907e-01 2.000000000000000000e+00 1.000000000000000021e-08 2.627552927240767167e-01 3.998397514325959801e-01
2.627552927240767167e-01 3.998397514325959801e-01 0.000000000000000000e+00 1.000000000000000021e-08 4.335517710933368685e-01 1.707964783692601296e+00
4.335517710933368685e-01 1.707964783692601296e+00 1.000000000000000000e+00 1.000000000000000021e-08 6.615123525920443281e-01 2.279605814987073931e+00
6.615123525920443281e-01 2.279605814987073931e+00 0.000000000000000000e+00 1.000000000000000021e-08 1.060764149950624846e+00 3.992517973585804736e+00
1.060764149950624846e+00 3.992517973585804736e+00 1.000000000000000000e+00 9.999000000000000110e-01 1.570796326794896558e+00 5.000000000000000000e+00
-3.788556287504363240e-02 1.939542195918495665e-02 2.000000000000000000e+00 1.000000000000000021e-08 -1.283913968749184065e-01 -9.050583399987476296e-01
-1.283913968749184065e-01 -9.050583399987476296e-01 0.000000000000000000e+00 1.000000000000000021e-08 -1.565881326038890131e-01 -2.819673572897061220e-01
-1.565881326038890131e-01 -2.819673572897061220e-01 1.000000000000000000e+00 1.000000000000000021e-08 -2.193502687626011916e-01 -6.276213615871217844e-01
-2.193502687626011916e-01 -6.276213615871217844e-01 0.000000000000000000e+00 1.000000000000000021e-08 -2.496592170388907128e-01 -3.030894827628952681e-01
-2.496592170388907128e-01 -3.030894827628952681e-01 1.000000000000000000e+00 1.000000000000000021e-08 -3.361223012344129457e-01 -8.646308419552222180e-01
-3.361223012344129457e-01 -8.646308419552222180e-01 1.000000000000000000e+00 1.000000000000000021e-08 -4.635073916874601352e-01 -1.273850904530471562e+00
-4.635073916874601352e-01 -1.273850904530471562e+00 2.000000000000000000e+00 1.000000000000000021e-08 -7.274655498509075002e-01 -2.639581581634472762e+00
-7.274655498509075002e-01 -2.639581581634472762e+00 0.000000000000000000e+00 1.000000000000000021e-08 -1.042793188650576797e+00 -3.153276387996692076e+00
-1.042793188650576797e+00 -3.153276387996692076e+00 1.000000000000000000e+00 1.000000000000000021e-08 -1.489168525428844925e+00 -4.463753367782681281e+00
-1.489168525428844925e+00 -4.463753367782681281e+00 2.000000000000000000e+00 9.999000000000000110e-01 -1.570796326794896558e+00 -5.000000000000000000e+00
1.099693104389124626e-02 -5.378461138864920610e-04 0.000000000000000000e+00 1.000000000000000021e-08 8.433018931145391806e-02 7.333325826756267318e-01
8.433018931145391806e-02 7.333325826756267318e-01 2.000000000000000000e+00 1.000000000000000021e-08 6.923236372331449673e-02 -1.509782558813942410e-01
6.923236372331449673e-02 -1.509782558813942410e-01 1.000000000000000000e+00 1.000000000000000021e-08 6.575976253141566086e-02 -3.472601191898835871e-02
6.575976253141566086e-02 -3.472601191898835871e-02 1.000000000000000000e+00 1.000000000000000021e-08 7.254004536583746887e-02 6.780282834421812177e-02
7.254004536583746887e-02 6.780282834421812177e-02 0.000000000000000000e+00 1.000000000000000021e-08 1.775700502928689306e-01 1.050300049270314506e+00
1.775700502928689306e-01 1.050300049270314506e+00 0.000000000000000000e+00 1.000000000000000021e-08 3.995465146135757095e-01 2.219764643207067678e+00
3.995465146135757095e-01 2.219764643207067678e+00 1.000000000000000000e+00 1.000000000000000021e-08 6.803550163285678742e-01 2.808085017149921647e+00
6.803550163285678742e-01 2.808085017149921647e+00 0.000000000000000000e+00 1.000000000000000021e-08 1.112417463001307283e+00 4.320624466727393198e+00
1.112417463001307283e+00 4.320624466727393198e+00 2.000000000000000000e+00 9.999000000000000110e-01 1.570796326794896558e+00 5.000000000000000000e+00
-1.233545882213662320e-02 -8.399345674158054109e-02 2.000000000000000000e+00 1.000000000000000021e-08 -1.218159807785285376e-01 -1.094805219563919074e+00
-1.218159807785285376e-01 -1.094805219563919074e+00 0.000000000000000000e+00 1.000000000000000021e-08 -1.744898941443229490e-01 -5.267391336579441141e-01
-1.744898941443229490e-01 -5.267391336579441141e-01 2.000000000000000000e+00 1.000000000000000021e-08 -3.400033798743382629e-01 -1.655134857300153195e+00
-3.400033798743382629e-01 -1.655134857300153195e+00 0.000000000000000000e+00 1.000000000000000021e-08 -4.930599182806778558e-01 -1.530565384063395706e+00
-4.930599182806778558e-01 -1.530565384063395706e+00 0.000000000000000000e+00 1.000000000000000021e-08 -6.633557284477366034e-01 -1.702958101670587698e+00
-6.633557284477366034e-01 -1.702958101670587698e+00 0.000000000000000000e+00 1.000000000000000021e-08 -8.740546281392108652e-01 -2.106988996914742618e+00
-8.740546281392108652e-01 -2.106988996914742618e+00 0.000000000000000000e+00 1.000000000000000021e-08 -1.159884467446361533e+00 -2.858298393071507348e+00
-1.159884467446361533e+00 -2.858298393071507348e+00 1.000000000000000000e+00 9.999000000000000110e-01 -1.570796326794896558e+00 -4.184524749707340341e+00
-1.152694342953253584e-02 -6.243847641837808882e-02 2.000000000000000000e+00 1.000000000000000021e-08 -9.512366083965706487e-02 -8.359671741012453250e-01
-9.512366083965706487e-02 -8.359671741012453250e-01 1.000000000000000000e+00 1.000000000000000021e-08 -2.117489539596202897e-01 -1.166252931199632359e+00
-2.117489539596202897e-01 -1.166252931199632359e+00 1.000000000000000000e+00 1.000000000000000021e-08 -3.772136069792685342e-01 -1.654646530196482113e+00
-3.772136069792685342e-01 -1.654646530196482113e+00 0.000000000000000000e+00 1.000000000000000021e-08 -5.118000627491854360e-01 -1.345864557699168795e+00
-5.118000627491854360e-01 -1.345864557699168795e+00 0.000000000000000000e+00 1.000000000000000021e-08 -6.491863038415859322e-01 -1.373862410924004296e+00
-6.491863038415859322e-01 -1.373862410924004296e+00 2.000000000000000000e+00 1.000000000000000021e-08 -9.416465980569443950e-01 -2.924602942153584628e+00
-9.416465980569443950e-01 -2.924602942153584628e+00 1.000000000000000000e+00 1.000000000000000021e-08 -1.344704391306418056e+00 -4.030577932494737503e+00
-1.344704391306418056e+00 -4.030577932494737503e+00 1.000000000000000000e+00 9.999000000000000110e-01 -1.570796326794896558e+00 -5.000000000000000000e+00
3.351328451622231919e-02 -4.643738384492321347e-02 0.000000000000000000e+00 1.000000000000000021e-08 1.313685619118443726e-01 9.785527739562203120e-01
1.313685619118443726e-01 9.785527739562203120e-01 2.000000000000000000e+00 1.000000000000000021e-08 1.807215497027858941e-01 4.935298779094151600e-01
1.807215497027858941e-01 4.935298779094151600e-01 2.000000000000000000e+00 1.000000000000000021e-08 1.884760738021087623e-01 7.754524099322879227e-02
1.884760738021087623e-01 7.754524099322879227e-02 0.000000000000000000e+00 1.000000000000000021e-08 3.272901052683671042e-01 1.388140314662583474e+00
3.272901052683671042e-01 1.388140314662583474e+00 2.000000000000000000e+00 1.000000000000000021e-08 4.470319847582403527e-01 1.197418794898732708e+00
4.470319847582403527e-01 1.197418794898732708e+00 2.000000000000000000e+00 1.000000000000000021e-08 5.607021372956331184e-01 1.136701525373928101e+00
5.607021372956331184e-01 1.136701525373928101e+00 0.000000000000000000e+00 1.000000000000000021e-08 8.252198295074393286e-01 2.645176922118062102e+00
8.252198295074393286e-01 2.645176922118062102e+00 1.000000000000000000e+00 1.000000000000000021e-08 1.194896971624963777e+00 3.696771421175244932e+00
1.194896971624963777e+00 3.696771421175244932e+00 1.000000000000000000e+00 9.999000000000000110e-01 1.570796326794896558e+00 5.000000000000000000e+00
-7.407795880333478689e-02 3.494069525032898055e-03 1.000000000000000000e+00 1.000000000000000021e-08 -8.848662581239012670e-02 -1.440866700905533426e-01
-8.848662581239012670e-02 -1.440866700905533426e-01 1.000000000000000000e+00 1.000000000000000021e-08 -1.074654151520255535e-01 -1.897878933963542125e-01
-1.074654151520255535e-01 -1.897878933963542125e-01 2.000000000000000000e+00 1.000000000000000021e-08 -2.369530985376899213e-01 -1.294876833856643872e+00
-2.369530985376899213e-01 -1.294876833856643872e+00 2.000000000000000000e+00 1.000000000000000021e-08 -5.016973186127898776e-01 -2.647442200750999675e+00
-5.016973186127898776e-01 -2.647442200750999675e+00 0.000000000000000000e+00 1.000000000000000021e-08 -7.714859967018330433e-01 -2.697886780890432323e+00
-7.714859967018330433e-01 -2.697886780890432323e+00 2.000000000000000000e+00 1.000000000000000021e-08 -1.206976487774489293e+00 -4.354904910726562051e+00
-1.206976487774489293e+00 -4.354904910726562051e+00 1.000000000000000000e+00 9.999000000000000110e-01 -1.570796326794896558e+00 -5.000000000000000000e+00
4.195628367729220543e-02 -1.474779458956326783e-02 1.000000000000000000e+00 1.000000000000000021e-08 4.032255747333974433e-02 -1.633726203952460751e-02
4.032255747333974433e-02 -1.633726203952460751e-02 1.000000000000000000e+00 1.000000000000000021e-08 4.778065545308742001e-02 7.458097979747674300e-02
4.778065545308742001e-02 7.458097979747674300e-02 2.000000000000000000e+00 1.000000000000000021e-08 -9.296299216969339252e-03 -5.707695467005675649e-01
-9.296299216969339252e-03 -5.707695467005675649e-01 2.000000000000000000e+00 1.000000000000000021e-08 -1.530362211193897759e-01 -1.437399219024204200e+00
-1.530362211193897759e-01 -1.437399219024204200e+00 2.000000000000000000e+00 1.000000000000000021e-08 -4.241740440283356950e-01 -2.711378229089458802e+00
-4.241740440283356950e-01 -2.711378229089458802e+00 2.000000000000000000e+00 1.000000000000000021e-08 -8.311581258965227148e-01 -4.069840818681869976e+00
-8.311581258965227148e-01 -4.069840818681869976e+00 2.000000000000000000e+00 1.000000000000000021e-08 -1.387734479112294306e+00 -5.000000000000000000e+00
-1.387734479112294306e+00 -5.000000000000000000e+00 1.000000000000000000e+00 9.999000000000000110e-01 -1.570796326794896558e+00 -5.000000000000000000e+00
-4.327006814339801055e-02 -5.615477035268726103e-02 2.000000000000000000e+00 1.000000000000000021e-08 -1.297608108675573635e-01 -8.649074272415935294e-01
-1.297608108675573635e-01 -8.649074272415935294e-01 1.000000000000000000e+00 1.000000000000000021e-08 -2.406681263709460339e-01 -1.109073155033886593e+00
-2.406681263709460339e-01 -1.109073155033886593e+00 2.000000000000000000e+00 1.000000000000000021e-08 -4.837368910925197163e-01 -2.430687647215736380e+00
-4.837368910925197163e-01 -2.430687647215736380e+00 1.000000000000000000e+00 1.000000000000000021e-08 -7.875740371248232119e-01 -3.038371460323034512e+00
-7.875740371248232119e-01 -3.038371460323034512e+00 1.000000000000000000e+00 1.000000000000000021e-08 -1.207668537016243659e+00 -4.200944998914203588e+00
-1.207668537016243659e+00 -4.200944998914203588e+00 0.000000000000000000e+00 9.999000000000000110e-01 -1.570796326794896558e+00 -5.000000000000000000e+00
-5.816233135175931379e-02 8.250962758005851716e-02 2.000000000000000000e+00 1.000000000000000021e-08 -1.606064443149560206e-01 -1.024441129631966874e+00
-1.606064443149560206e-01 -1.024441129631966874e+00 1.000000000000000000e+00 1.000000000000000021e-08 -2.859830175891729942e-01 -1.253765732742170069e+00
-2.859830175891729942e-01 -1.253765732742170069e+00 1.000000000000000000e+00 1.000000000000000021e-08 -4.603262688774426570e-01 -1.743432512882696406e+00
-4.603262688774426570e-01 -1.743432512882696406e+00 1.000000000000000000e+00 1.000000000000000021e-08 -7.175061600244786453e-01 -2.571798911470359883e+00
-7.175061600244786453e-01 -2.571798911470359883e+00 2.000000000000000000e+00 1.000000000000000021e-08 -1.144177942921713376e+00 -4.266717828972346638e+00
-1.144177942921713376e+00 -4.266717828972346638e+00 1.000000000000000000e+00 9.999000000000000110e-01 -1.570796326794896558e+00 -5.000000000000000000e+00
-3.260757791886589874e-02 2.374631815817644653e-02 1.000000000000000000e+00 1.000000000000000021e-08 -3.276036650468990702e-02 -1.527885858240072420e-03
-3.276036650468990702e-02 -1.527885858240072420e-03 0.000000000000000000e+00 1.000000000000000021e-08 5.898091093489214037e-02 9.174127743958203629e-01
5.898091093489214037e-02 9.174127743958203629e-01 2.000000000000000000e+00 1.000000000000000021e-08 6.913693172652921048e-02 1.015602079163707705e-01
6.913693172652921048e-02 1.015602079163707705e-01 1.000000000000000000e+00 1.000000000000000021e-08 1.044962032285223497e-01 3.535927150199314473e-01
1.044962032285223497e-01 3.535927150199314473e-01 0.000000000000000000e+00 1.000000000000000021e-08 2.360105130507068882e-01 1.315143098221845275e+00
2.360105130507068882e-01 1.315143098221845275e+00 1.000000000000000000e+00 1.000000000000000021e-08 4.091659603306168069e-01 1.731554472799099242e+00
4.091659603306168069e-01 1.731554472799099242e+00 2.000000000000000000e+00 1.000000000000000021e-08 5.820650808331810921e-01 1.728991205025643074e+00
5.820650808331810921e-01 1.728991205025643074e+00 0.000000000000000000e+00 1.000000000000000021e-08 9.245510424657672477e-01 3.424859616325861111e+00
9.245510424657672477e-01 3.424859616325861111e+00 0.000000000000000000e+00 1.000000000000000021e-08 1.438345591213974650e+00 5.000000000000000000e+00
1.438345591213974650e+00 5.000000000000000000e+00 1.000000000000000000e+00 9.999000000000000110e-01 1.570796326794896558e+00 5.000000000000000000e+00
-5.841300822354045241e-02 -2.208109215628601546e-02 2.000000000000000000e+00 1.000000000000000021e-08 -1.678191453906229813e-01 -1.094061371670825178e+00
-1.678191453906229813e-01 -1.094061371670825178e+00 2.000000000000000000e+00 1.000000000000000021e-08 -4.089810460773774525e-01 -2.411619006867544712e+00
-4.089810460773774525e-01 -2.411619006867544712e+00 0.000000000000000000e+00 1.000000000000000021e-08 -6.366291139060175075e-01 -2.276480678286400217e+00
-6.366291139060175075e-01 -2.276480678286400217e+00 1.000000000000000000e+00 1.000000000000000021e-08 -9.519130959191464125e-01 -3.152839820131289272e+00
-9.519130959191464125e-01 -3.152839820131289272e+00 2.000000000000000000e+00 1.000000000000000021e-08 -1.425961291447104706e+00 -4.740481955279582493e+00
-1.425961291447104706e+00 -4.740481955279582493e+00 1.000000000000000000e+00 9.999000000000000110e-01 -1.570796326794896558e+00 -5.000000000000000000e+00
-6.058651464346509474e-02 2.263273951653370364e-02 2.000000000000000000e+00 1.000000000000000021e-08 -1.710921971613566239e-01 -1.105056825178915236e+00
-1.710921971613566239e-01 -1.105056825178915236e+00 2.000000000000000000e+00 1.000000000000000021e-08 -3.901192769165571228e-01 -2.190270797552004822e+00
-3.901192769165571228e-01 -2.190270797552004822e+00 2.000000000000000000e+00 1.000000000000000021e-08 -7.463204390876918559e-01 -3.562011621711346887e+00
-7.463204390876918559e-01 -3.562011621711346887e+00 0.000000000000000000e+00 1.000000000000000021e-08 -1.152735678636851446e+00 -4.064152395491596792e+00
-1.152735678636851446e+00 -4.064152395491596792e+00 2.000000000000000000e+00 9.999000000000000110e-01 -1.570796326794896558e+00 -5.000000000000000000e+00
-6.088368812332743685e-02 -2.340316541581057008e-02 2.000000000000000000e+00 1.000000000000000021e-08 -1.569775213820385762e-01 -9.609383325871114767e-01
-1.569775213820385762e-01 -9.609383325871114767e-01 1.000000000000000000e+00 1.000000000000000021e-08 -2.842526718318556522e-01 -1.272751504498170316e+00
-2.842526718318556522e-01 -1.272751504498170316e+00 2.000000000000000000e+00 1.000000000000000021e-08 -5.323052792772636765e-01 -2.480526074454080021e+00
-5.323052792772636765e-01 -2.480526074454080021e+00 1.000000000000000000e+00 1.000000000000000021e-08 -8.679968656011041173e-01 -3.356915863238404185e+00
-8.679968656011041173e-01 -3.356915863238404185e+00 1.000000000000000000e+00 1.000000000000000021e-08 -1.317198626972100994e+00 -4.492017613709967883e+00
-1.317198626972100994e+00 -4.492017613709967883e+00 2.000000000000000000e+00 9.999000000000000110e-01 -1.570796326794896558e+00 -5.000000000000000000e+00
-5.453947801804633760e-02 7.677867429991899750e-02 2.000000000000000000e+00 1.000000000000000021e-08 -1.451764363496716725e-01 -9.063695833162532800e-01
-1.451764363496716725e-01 -9.063695833162532800e-01 1.000000000000000000e+00 1.000000000000000021e-08 -2.562396203855645815e-01 -1.110631840358929256e+00
-2.562396203855645815e-01 -1.110631840358929256e+00 0.000000000000000000e+00 1.000000000000000021e-08 -3.108587965306167100e-01 -5.461917614505212848e-01
-3.108587965306167100e-01 -5.461917614505212848e-01 2.000000000000000000e+00 1.000000000000000021e-08 -4.977703070851242639e-01 -1.869115105545075206e+00
-4.977703070851242639e-01 -1.869115105545075206e+00 0.000000000000000000e+00 1.000000000000000021e-08 -6.989955340987406007e-01 -2.012252270136163368e+00
-6.989955340987406007e-01 -2.012252270136163368e+00 2.000000000000000000e+00 1.000000000000000021e-08 -1.070572569741278457e+00 -3.715770356425377230e+00
-1.070572569741278457e+00 -3.715770356425377230e+00 1.000000000000000000e+00 1.000000000000000021e-08 -1.568590789151121934e+00 -4.980182194098434323e+00
-1.568590789151121934e+00 -4.980182194098434323e+00 2.000000000000000000e+00 9.999000000000000110e-01 -1.570796326794896558e+00 -5.000000000000000000e+00
4.573792174566340685e-02 -2.283234200478318279e-02 2.000000000000000000e+00 1.000000000000000021e-08 -2.878416648719551996e-02 -7.452208823285891848e-01
-2.878416648719551996e-02 -7.452208823285891848e-01 0.000000000000000000e+00 1.000000000000000021e-08 -3.325625711297888754e-02 -4.472090625783364803e-02
-3.325625711297888754e-02 -4.472090625783364803e-02 1.000000000000000000e+00 1.000000000000000021e-08 -6.035121814189484124e-02 -2.709496102891595370e-01
-6.035121814189484124e-02 -2.709496102891595370e-01 2.000000000000000000e+00 1.000000000000000021e-08 -1.949632546148813150e-01 -1.346120364729864738e+00
-1.949632546148813150e-01 -1.346120364729864738e+00 2.000000000000000000e+00 1.000000000000000021e-08 -4.554366044064883656e-01 -2.604733497916070561e+00
-4.554366044064883656e-01 -2.604733497916070561e+00 1.000000000000000000e+00 1.000000000000000021e-08 -7.884564276588008624e-01 -3.330198232523124524e+00
-7.884564276588008624e-01 -3.330198232523124524e+00 0.000000000000000000e+00 1.000000000000000021e-08 -1.161814866895514609e+00 -3.733584392367136573e+00
-1.161814866895514609e+00 -3.733584392367136573e+00 1.000000000000000000e+00 9.999000000000000110e-01 -1.570796326794896558e+00 -5.000000000000000000e+00
-1.888107503154781014e-02 6.844240119634037445e-02 0.000000000000000000e+00 1.000000000000000021e-08 5.677430203296784245e-02 7.565537706451564981e-01
5.677430203296784245e-02 7.565537706451564981e-01 1.000000000000000000e+00 1.000000000000000021e-08 1.412534182753942824e-01 8.447911624242644413e-01
1.412534182753942824e-01 8.447911624242644413e-01 2.000000000000000000e+00 1.000000000000000021e-08 1.687472112918539657e-01 2.749379301645968887e-01
1.687472112918539657e-01 2.749379301645968887e-01 1.000000000000000000e+00 1.000000000000000021e-08 2.107227857626884360e-01 4.197557447083447579e-01
2.107227857626884360e-01 4.197557447083447579e-01 0.000000000000000000e+00 1.000000000000000021e-08 3.738965546752812674e-01 1.631737689125928092e+00
3.738965546752812674e-01 1.631737689125928092e+00 2.000000000000000000e+00 1.000000000000000021e-08 5.154052756184782647e-01 1.415087209431970194e+00
5.154052756184782647e-01 1.415087209431970194e+00 1.000000000000000000e+00 1.000000000000000021e-08 7.372133455939756663e-01 2.218080699754973573e+00
7.372133455939756663e-01 2.218080699754973573e+00 0.000000000000000000e+00 1.000000000000000021e-08 1.123043143534056210e+00 3.858297979400805211e+00
1.123043143534056210e+00 3.858297979400805211e+00 1.000000000000000000e+00 9.999000000000000110e-01 1.570796326794896558e+00 5.000000000000000000e+00
8.079168472634888631e-02 6.852522077877439000e-02 0.000000000000000000e+00 1.000000000000000021e-08 1.759608247118846225e-01 9.516913998553573339e-01
1.759608247118846225e-01 9.516913998553573339e-01 2.000000000000000000e+00 1.000000000000000021e-08 2.163463470149869228e-01 4.038552230310229474e-01
2.163463470149869228e-01 4.038552230310229474e-01 2.000000000000000000e+00 1.000000000000000021e-08 2.247224730694749595e-01 8.376126054488031158e-02
2.247224730694749595e-01 8.376126054488031158e-02 0.000000000000000000e+00 1.000000000000000021e-08 3.456355384488128402e-01 1.209130653793378807e+00
3.456355384488128402e-01 1.209130653793378807e+00 2.000000000000000000e+00 1.000000000000000021e-08 4.355150896891055723e-01 8.987955124029272103e-01
4.355150896891055723e-01 8.987955124029272103e-01 1.000000000000000000e+00 1.000000000000000021e-08 6.034934094308735952e-01 1.679783197417680007e+00
6.034934094308735952e-01 1.679783197417680007e+00 0.000000000000000000e+00 1.000000000000000021e-08 9.285754955009175582e-01 3.250820860700439408e+00
9.285754955009175582e-01 3.250820860700439408e+00 0.000000000000000000e+00 1.000000000000000021e-08 1.417809146345233362e+00 4.892336508443157150e+00
1.417809146345233362e+00 4.892336508443157150e+00 2.000000000000000000e+00 9.999000000000000110e-01 1.570796326794896558e+00 5.000000000000000000e+00
-5.996843368971608440e-03 -6.359693884111686235e-02 2.000000000000000000e+00 1.000000000000000021e-08 -1.081951575401762233e-01 -1.021983141712046184e+00
-1.081951575401762233e-01 -1.021983141712046184e+00 1.000000000000000000e+00 1.000000000000000021e-08 -2.419264181940972147e-01 -1.337312606539209803e+00
-2.419264181940972147e-01 -1.337312606539209803e+00 2.000000000000000000e+00 1.000000000000000021e-08 -4.839044331437685198e-01 -2.419780149496712607e+00
-4.839044331437685198e-01 -2.419780149496712607e+00 1.000000000000000000e+00 1.000000000000000021e-08 -8.137102160867223377e-01 -3.298057829429537957e+00
-8.137102160867223377e-01 -3.298057829429537957e+00 0.000000000000000000e+00 1.000000000000000021e-08 -1.202980181845944685e+00 -3.892699657592223694e+00
-1.202980181845944685e+00 -3.892699657592223694e+00 0.000000000000000000e+00 9.999000000000000110e-01 -1.570796326794896558e+00 -4.891957873665957024e+00
4.243039694812508755e-02 -1.811061467291262203e-02 0.000000000000000000e+00 1.000000000000000021e-08 1.436036444877978879e-01 1.011732475396728059e+00
1.436036444877978879e-01 1.011732475396728059e+00 1.000000000000000000e+00 1.000000000000000021e-08 2.737175364926976995e-01 1.301138920048998449e+00
2.737175364926976995e-01 1.301138920048998449e+00 0.000000000000000000e+00 1.000000000000000021e-08 5.357555452916685779e-01 2.620380087989708784e+00
5.357555452916685779e-01 2.620380087989708784e+00 1.000000000000000000e+00 1.000000000000000021e-08 8.874028162292157962e-01 3.516472709375472405e+00
8.874028162292157962e-01 3.516472709375472405e+00 2.000000000000000000e+00 1.000000000000000021e-08 1.303995599164691210e+00 4.165927829354752809e+00
1.303995599164691210e+00 4.165927829354752809e+00 2.000000000000000000e+00 9.999000000000000110e-01 1.570796326794896558e+00 5.000000000000000000e+00
-1.582815975567763295e-03 -3.979954388341127441e-02 0.000000000000000000e+00 1.000000000000000021e-08 6.719536533847547677e-02 6.877818131404324076e-01
6.719536533847547677e-02 6.877818131404324076e-01 1.000000000000000000e+00 1.000000000000000021e-08 1.328010436217232915e-01 6.560567828324781470e-01
1.328010436217232915e-01 6.560567828324781470e-01 0.000000000000000000e+00 1.000000000000000021e-08 3.115382158756687669e-01 1.787371722539454533e+00
3.115382158756687669e-01 1.787371722539454533e+00 0.000000000000000000e+00 1.000000000000000021e-08 6.232885460198553940e-01 3.117503301441866270e+00
6.232885460198553940e-01 3.117503301441866270e+00 0.000000000000000000e+00 1.000000000000000021e-08 1.083248520212184207e+00 4.599599741923287688e+00
