1.473122804370584349e-02 2.585582301563825458e-02 1.000000000000000000e+00 1.000000000000000021e-08 3.131464968964395301e-02 1.658342164593810675e-01
3.131464968964395301e-02 1.658342164593810675e-01 1.000000000000000000e+00 1.000000000000000021e-08 6.539816665103054261e-02 3.408351696138657849e-01
6.539816665103054261e-02 3.408351696138657849e-01 0.000000000000000000e+00 1.000000000000000021e-08 2.048847435208908940e-01 1.394865768698603459e+00
2.048847435208908940e-01 1.394865768698603459e+00 1.000000000000000000e+00 1.000000000000000021e-08 3.728770132715599206e-01 1.679922697506690099e+00
3.728770132715599206e-01 1.679922697506690099e+00 0.000000000000000000e+00 1.000000000000000021e-08 6.853914225791035708e-01 3.125144093075435947e+00
6.853914225791035708e-01 3.125144093075435947e+00 0.000000000000000000e+00 1.000000000000000021e-08 1.153187440194449964e+00 4.677960176153463046e+00
1.153187440194449964e+00 4.677960176153463046e+00 2.000000000000000000e+00 9.999000000000000110e-01 1.570796326794896558e+00 5.000000000000000000e+00
-8.975928485332063805e-03 7.911280635930767469e-02 2.000000000000000000e+00 1.000000000000000021e-08 -8.750230918397326751e-02 -7.852638069864119608e-01
-8.750230918397326751e-02 -7.852638069864119608e-01 1.000000000000000000e+00 1.000000000000000021e-08 -1.811467700447435547e-01 -9.364446086077026221e-01
-1.811467700447435547e-01 -9.364446086077026221e-01 2.000000000000000000e+00 1.000000000000000021e-08 -3.977585197004036566e-01 -2.166117496556601019e+00
-3.977585197004036566e-01 -2.166117496556601019e+00 1.000000000000000000e+00 1.000000000000000021e-08 -6.654771723388159810e-01 -2.677186526384123688e+00
-6.654771723388159810e-01 -2.677186526384123688e+00 0.000000000000000000e+00 1.000000000000000021e-08 -9.724627511226061616e-01 -3.069855787837901584e+00
-9.724627511226061616e-01 -3.069855787837901584e+00 1.000000000000000000e+00 1.000000000000000021e-08 -1.394228776513058543e+00 -4.217660253904523593e+00
-1.394228776513058543e+00 -4.217660253904523593e+00 1.000000000000000000e+00 9.999000000000000110e-01 -1.570796326794896558e+00 -5.000000000000000000e+00
7.286103204735396022e-02 -1.792883760689651523e-02 1.000000000000000000e+00 1.000000000000000021e-08 8.041692577160626521e-02 7.555893724252299437e-02
8.041692577160626521e-02 7.555893724252299437e-02 1.000000000000000000e+00 1.000000000000000021e-08 1.186114660084624239e-01 3.819454023685616151e-01
1.186114660084624239e-01 3.819454023685616151e-01 1.000000000000000000e+00 1.000000000000000021e-08 1.741057909680919225e-01 5.549432495962949297e-01
1.741057909680919225e-01 5.549432495962949297e-01 0.000000000000000000e+00 1.000000000000000021e-08 3.476108457950594643e-01 1.735050548269675197e+00
3.476108457950594643e-01 1.735050548269675197e+00 2.000000000000000000e+00 1.000000000000000021e-08 5.012165520361360205e-01 1.536057062410766116e+00
5.012165520361360205e-01 1.536057062410766116e+00 0.000000000000000000e+00 1.000000000000000021e-08 8.222026815365235386e-01 3.209861295003874737e+00
8.222026815365235386e-01 3.209861295003874737e+00 2.000000000000000000e+00 1.000000000000000021e-08 1.185118067445758872e+00 3.629153859092353773e+00
1.185118067445758872e+00 3.629153859092353773e+00 0.000000000000000000e+00 9.999000000000000110e-01 1.570796326794896558e+00 5.000000000000000000e+00
8.401823902502922325e-03 7.612176479730356493e-02 2.000000000000000000e+00 1.000000000000000021e-08 -5.693496159926275668e-02 -6.533678550176567068e-01
-5.693496159926275668e-02 -6.533678550176567068e-01 0.000000000000000000e+00 1.000000000000000021e-08 -4.729347560281075419e-02 9.641485996452003882e-02
-4.729347560281075419e-02 9.641485996452003882e-02 0.000000000000000000e+00 1.000000000000000021e-08 4.588075171161237059e-02 9.317422731442311923e-01
4.588075171161237059e-02 9.317422731442311923e-01 2.000000000000000000e+00 1.000000000000000021e-08 5.269246887992486139e-02 6.811717168312492188e-02
5.269246887992486139e-02 6.811717168312492188e-02 2.000000000000000000e+00 1.000000000000000021e-08 -2.912655237316244539e-02 -8.181902125308729845e-01
-2.912655237316244539e-02 -8.181902125308729845e-01 0.000000000000000000e+00 1.000000000000000021e-08 -1.660195168255996362e-02 1.252460069060248316e-01
-1.660195168255996362e-02 1.252460069060248316e-01 2.000000000000000000e+00 1.000000000000000021e-08 -8.213611357902936283e-02 -6.553416189646940060e-01
-8.213611357902936283e-02 -6.553416189646940060e-01 0.000000000000000000e+00 1.000000000000000021e-08 -7.237453558246073615e-02 9.761577996568626681e-02
-7.237453558246073615e-02 9.761577996568626681e-02 2.000000000000000000e+00 1.000000000000000021e-08 -1.619070615364623378e-01 -8.953252595400160718e-01
-1.619070615364623378e-01 -8.953252595400160718e-01 2.000000000000000000e+00 1.000000000000000021e-08 -3.614548091178733658e-01 -1.995477475814110280e+00
-3.614548091178733658e-01 -1.995477475814110280e+00 0.000000000000000000e+00 1.000000000000000021e-08 -5.499050398731162304e-01 -1.884502307552428757e+00
-5.499050398731162304e-01 -1.884502307552428757e+00 0.000000000000000000e+00 1.000000000000000021e-08 -7.457527932290712869e-01 -1.958477533559551009e+00
-7.457527932290712869e-01 -1.958477533559551009e+00 0.000000000000000000e+00 1.000000000000000021e-08 -9.851721277752146788e-01 -2.394193345461433697e+00
-9.851721277752146788e-01 -2.394193345461433697e+00 0.000000000000000000e+00 1.000000000000000021e-08 -1.299311846866682885e+00 -3.141397190914682280e+00
-1.299311846866682885e+00 -3.141397190914682280e+00 1.000000000000000000e+00 9.999000000000000110e-01 -1.570796326794896558e+00 -4.566246002758632905e+00
3.694640411236290584e-02 -7.543901448502192408e-02 1.000000000000000000e+00 1.000000000000000021e-08 4.310247615778621533e-02 6.156072045423312267e-02
4.310247615778621533e-02 6.156072045423312267e-02 1.000000000000000000e+00 1.000000000000000021e-08 6.111067632791601645e-02 1.800820017012979557e-01
6.111067632791601645e-02 1.800820017012979557e-01 0.000000000000000000e+00 1.000000000000000021e-08 1.778454384077839678e-01 1.167347620798679486e+00
1.778454384077839678e-01 1.167347620798679486e+00 2.000000000000000000e+00 1.000000000000000021e-08 2.525162687148034268e-01 7.467083030701946456e-01
2.525162687148034268e-01 7.467083030701946456e-01 1.000000000000000000e+00 1.000000000000000021e-08 3.774153502900642887e-01 1.248990815752608619e+00
3.774153502900642887e-01 1.248990815752608619e+00 2.000000000000000000e+00 1.000000000000000021e-08 4.738163305404871073e-01 9.640098025042280749e-01
4.738163305404871073e-01 9.640098025042280749e-01 2.000000000000000000e+00 1.000000000000000021e-08 5.809096216853602002e-01 1.070932911448730707e+00
5.809096216853602002e-01 1.070932911448730707e+00 1.000000000000000000e+00 1.000000000000000021e-08 7.871370291851653711e-01 2.062274074998052154e+00
7.871370291851653711e-01 2.062274074998052154e+00 0.000000000000000000e+00 1.000000000000000021e-08 1.158689413040870475e+00 3.715523838557051484e+00
1.158689413040870475e+00 3.715523838557051484e+00 0.000000000000000000e+00 9.999000000000000110e-01 1.570796326794896558e+00 5.000000000000000000e+00
-5.085390982562830453e-02 -1.971415048250551791e-02 2.000000000000000000e+00 1.000000000000000021e-08 -1.657563765825607605e-01 -1.149024667569324309e+00
-1.657563765825607605e-01 -1.149024667569324309e+00 2.000000000000000000e+00 1.000000000000000021e-08 -4.010092115509646948e-01 -2.352528349684039455e+00
-4.010092115509646948e-01 -2.352528349684039455e+00 0.000000000000000000e+00 1.000000000000000021e-08 -6.247046486600440485e-01 -2.236954371090793536e+00
-6.247046486600440485e-01 -2.236954371090793536e+00 1.000000000000000000e+00 1.000000000000000021e-08 -9.332267484814094072e-01 -3.085220998213653143e+00
-9.332267484814094072e-01 -3.085220998213653143e+00 0.000000000000000000e+00 1.000000000000000021e-08 -1.312031184858168720e+00 -3.788044363767592237e+00
-1.312031184858168720e+00 -3.788044363767592237e+00 1.000000000000000000e+00 9.999000000000000110e-01 -1.570796326794896558e+00 -5.000000000000000000e+00
6.371817638643904880e-02 -1.212840144411924878e-02 2.000000000000000000e+00 1.000000000000000021e-08 -2.824758202949739783e-02 -9.196575841593643830e-01
-2.824758202949739783e-02 -9.196575841593643830e-01 2.000000000000000000e+00 1.000000000000000021e-08 -2.296464433300950958e-01 -2.013988613005976980e+00
-2.296464433300950958e-01 -2.013988613005976980e+00 1.000000000000000000e+00 1.000000000000000021e-08 -4.748153745051945096e-01 -2.451689311750993916e+00
-4.748153745051945096e-01 -2.451689311750993916e+00 2.000000000000000000e+00 1.000000000000000021e-08 -8.613737095151313694e-01 -3.865583350099368154e+00
-8.613737095151313694e-01 -3.865583350099368154e+00 2.000000000000000000e+00 1.000000000000000021e-08 -1.416927293601962567e+00 -5.000000000000000000e+00
-1.416927293601962567e+00 -5.000000000000000000e+00 2.000000000000000000e+00 9.999000000000000110e-01 -1.570796326794896558e+00 -5.000000000000000000e+00
-6.971808715936933520e-02 -7.145098513766399984e-02 1.000000000000000000e+00 1.000000000000000021e-08 -7.716428922416797287e-02 -7.446202064798632114e-02
-7.716428922416797287e-02 -7.446202064798632114e-02 2.000000000000000000e+00 1.000000000000000021e-08 -1.998499093265688753e-01 -1.226856201024008941e+00
-1.998499093265688753e-01 -1.226856201024008941e+00 1.000000000000000000e+00 1.000000000000000021e-08 -3.587069930822551767e-01 -1.588570837556862569e+00
-3.587069930822551767e-01 -1.588570837556862569e+00 2.000000000000000000e+00 1.000000000000000021e-08 -6.656009904891861950e-01 -3.068939974069309962e+00
-6.656009904891861950e-01 -3.068939974069309962e+00 1.000000000000000000e+00 1.000000000000000021e-08 -1.077288031944173774e+00 -4.116870414549875790e+00
-1.077288031944173774e+00 -4.116870414549875790e+00 1.000000000000000000e+00 9.999000000000000110e-01 -1.570796326794896558e+00 -5.000000000000000000e+00
4.135756068959883791e-02 1.972982997601156058e-02 0.000000000000000000e+00 1.000000000000000021e-08 1.535033473439423868e-01 1.121457866543435378e+00
1.535033473439423868e-01 1.121457866543435378e+00 1.000000000000000000e+00 1.000000000000000021e-08 3.036120043578678929e-01 1.501086570139255061e+00
3.036120043578678929e-01 1.501086570139255061e+00 2.000000000000000000e+00 1.000000000000000021e-08 4.233058614536338582e-01 1.196938570957659653e+00
4.233058614536338582e-01 1.196938570957659653e+00 0.000000000000000000e+00 1.000000000000000021e-08 6.936161699774577860e-01 2.703103085238239167e+00
6.936161699774577860e-01 2.703103085238239167e+00 2.000000000000000000e+00 1.000000000000000021e-08 9.938033857883142863e-01 3.001872158108564559e+00
9.938033857883142863e-01 3.001872158108564559e+00 2.000000000000000000e+00 1.000000000000000021e-08 1.372551569878046607e+00 3.787481840897321650e+00
1.372551569878046607e+00 3.787481840897321650e+00 1.000000000000000000e+00 9.999000000000000110e-01 1.570796326794896558e+00 5.000000000000000000e+00
3.310401938534392186e-02 -3.072992517512892000e-02 1.000000000000000000e+00 1.000000000000000021e-08 5.230605883615168511e-02 1.920203945080776187e-01
5.230605883615168511e-02 1.920203945080776187e-01 0.000000000000000000e+00 1.000000000000000021e-08 1.551181537386276121e-01 1.028120949024759145e+00
1.551181537386276121e-01 1.028120949024759145e+00 0.000000000000000000e+00 1.000000000000000021e-08 3.801217426443416203e-01 2.250035889057140359e+00
3.801217426443416203e-01 2.250035889057140359e+00 2.000000000000000000e+00 1.000000000000000021e-08 5.937602329983839855e-01 2.136384903540423874e+00
5.937602329983839855e-01 2.136384903540423874e+00 1.000000000000000000e+00 1.000000000000000021e-08 8.877196961004942821e-01 2.939594631021103410e+00
8.877196961004942821e-01 2.939594631021103410e+00 2.000000000000000000e+00 1.000000000000000021e-08 1.241245084832332868e+00 3.535253887318385413e+00
1.241245084832332868e+00 3.535253887318385413e+00 2.000000000000000000e+00 9.999000000000000110e-01 1.570796326794896558e+00 4.641442698043883652e+00
3.100697973786059949e-02 8.244238932230246730e-02 1.000000000000000000e+00 1.000000000000000021e-08 4.010702700351535810e-02 9.100047265654762074e-02
4.010702700351535810e-02 9.100047265654762074e-02 2.000000000000000000e+00 1.000000000000000021e-08 -4.425351163938803789e-02 -8.436053864290339321e-01
-4.425351163938803789e-02 -8.436053864290339321e-01 0.000000000000000000e+00 1.000000000000000021e-08 -4.162464472608505550e-02 2.628866913302985164e-02
-4.162464472608505550e-02 2.628866913302985164e-02 2.000000000000000000e+00 1.000000000000000021e-08 -1.248873056219873823e-01 -8.326266089590231845e-01
-1.248873056219873823e-01 -8.326266089590231845e-01 0.000000000000000000e+00 1.000000000000000021e-08 -1.445440278780492360e-01 -1.965672225606184265e-01
-1.445440278780492360e-01 -1.965672225606184265e-01 2.000000000000000000e+00 1.000000000000000021e-08 -2.718482388448526521e-01 -1.273042109668034438e+00
-2.718482388448526521e-01 -1.273042109668034438e+00 0.000000000000000000e+00 1.000000000000000021e-08 -3.741765631192542907e-01 -1.023283242744016608e+00
-3.741765631192542907e-01 -1.023283242744016608e+00 1.000000000000000000e+00 1.000000000000000021e-08 -5.253177503542127980e-01 -1.511411872349584629e+00
-5.253177503542127980e-01 -1.511411872349584629e+00 1.000000000000000000e+00 1.000000000000000021e-08 -7.589265358184514865e-01 -2.336087854642387107e+00
-7.589265358184514865e-01 -2.336087854642387107e+00 1.000000000000000000e+00 1.000000000000000021e-08 -1.101015208388493871e+00 -3.420886725700424069e+00
-1.101015208388493871e+00 -3.420886725700424069e+00 2.000000000000000000e+00 9.999000000000000110e-01 -1.570796326794896558e+00 -5.000000000000000000e+00
8.254295101817481217e-02 -6.533226657273974447e-02 2.000000000000000000e+00 1.000000000000000021e-08 1.673794588659067994e-02 -6.580500513158412668e-01
1.673794588659067994e-02 -6.580500513158412668e-01 0.000000000000000000e+00 1.000000000000000021e-08 4.831691793361071741e-02 3.157897204702003746e-01
4.831691793361071741e-02 3.157897204702003746e-01 0.000000000000000000e+00 1.000000000000000021e-08 1.651537093164034409e-01 1.168367913827927040e+00
1.651537093164034409e-01 1.168367913827927040e+00 2.000000000000000000e+00 1.000000000000000021e-08 2.278610451024961348e-01 6.270733578609268832e-01
2.278610451024961348e-01 6.270733578609268832e-01 1.000000000000000000e+00 1.000000000000000021e-08 3.159102221746858952e-01 8.804917707218973266e-01
3.159102221746858952e-01 8.804917707218973266e-01 0.000000000000000000e+00 1.000000000000000021e-08 5.345769481523372502e-01 2.186667259776513550e+00
5.345769481523372502e-01 2.186667259776513550e+00 0.000000000000000000e+00 1.000000000000000021e-08 9.105021125163548223e-01 3.759251643640175722e+00
9.105021125163548223e-01 3.759251643640175722e+00 2.000000000000000000e+00 1.000000000000000021e-08 1.345896886591455788e+00 4.353947740751008766e+00
1.345896886591455788e+00 4.353947740751008766e+00 1.000000000000000000e+00 9.999000000000000110e-01 1.570796326794896558e+00 5.000000000000000000e+00
4.807745173675681549e-02 7.692517980060173399e-02 2.000000000000000000e+00 1.000000000000000021e-08 -1.961285394142339711e-02 -6.769030567818020705e-01
-1.961285394142339711e-02 -6.769030567818020705e-01 1.000000000000000000e+00 1.000000000000000021e-08 -1.078966512390557853e-01 -8.828379729763238259e-01
-1.078966512390557853e-01 -8.828379729763238259e-01 0.000000000000000000e+00 1.000000000000000021e-08 -1.435468467469700471e-01 -3.565019550791425074e-01
-1.435468467469700471e-01 -3.565019550791425074e-01 0.000000000000000000e+00 1.000000000000000021e-08 -1.121722896190644470e-01 3.137455712790558904e-01
-1.121722896190644470e-01 3.137455712790558904e-01 1.000000000000000000e+00 1.000000000000000021e-08 -9.857700949448401639e-02 1.359528012458042778e-01
-9.857700949448401639e-02 1.359528012458042778e-01 1.000000000000000000e+00 1.000000000000000021e-08 -1.137992097266613406e-01 -1.522220023217731866e-01
-1.137992097266613406e-01 -1.522220023217731866e-01 1.000000000000000000e+00 1.000000000000000021e-08 -1.627292325386465732e-01 -4.893002281198524095e-01
-1.627292325386465732e-01 -4.893002281198524095e-01 0.000000000000000000e+00 1.000000000000000021e-08 -1.412299671107561938e-01 2.149926542789036832e-01
-1.412299671107561938e-01 2.149926542789036832e-01 0.000000000000000000e+00 1.000000000000000021e-08 -5.549932181512567952e-02 8.573064529563051428e-01
-5.549932181512567952e-02 8.573064529563051428e-01 1.000000000000000000e+00 1.000000000000000021e-08 5.447318202219657290e-03 6.094664001734533265e-01
5.447318202219657290e-03 6.094664001734533265e-01 2.000000000000000000e+00 1.000000000000000021e-08 -2.799267130987918850e-02 -3.343998951209884440e-01
-2.799267130987918850e-02 -3.343998951209884440e-01 0.000000000000000000e+00 1.000000000000000021e-08 8.173236833433954185e-03 3.616590814331314130e-01
8.173236833433954185e-03 3.616590814331314130e-01 0.000000000000000000e+00 1.000000000000000021e-08 1.374722014812643778e-01 1.292989646478304167e+00
1.374722014812643778e-01 1.292989646478304167e+00 2.000000000000000000e+00 1.000000000000000021e-08 2.199761952887704930e-01 8.250399380750610412e-01
2.199761952887704930e-01 8.250399380750610412e-01 1.000000000000000000e+00 1.000000000000000021e-08 3.300330567795369263e-01 1.100568614907664333e+00
3.300330567795369263e-01 1.100568614907664333e+00 0.000000000000000000e+00 1.000000000000000021e-08 5.627369518148879202e-01 2.327038950353509605e+00
5.627369518148879202e-01 2.327038950353509605e+00 0.000000000000000000e+00 1.000000000000000021e-08 9.521294961026198767e-01 3.893925442877319121e+00
9.521294961026198767e-01 3.893925442877319121e+00 1.000000000000000000e+00 1.000000000000000021e-08 1.457068947913650714e+00 5.000000000000000000e+00
1.457068947913650714e+00 5.000000000000000000e+00 1.000000000000000000e+00 9.999000000000000110e-01 1.570796326794896558e+00 5.000000000000000000e+00
-1.801249157457266575e-02 1.094519174207324308e-02 0.000000000000000000e+00 1.000000000000000021e-08 5.076021170362449847e-02 6.877270327819715590e-01
5.076021170362449847e-02 6.877270327819715590e-01 2.000000000000000000e+00 1.000000000000000021e-08 4.646821632105119920e-02 -4.291995382573299267e-02
4.646821632105119920e-02 -4.291995382573299267e-02 2.000000000000000000e+00 1.000000000000000021e-08 -4.617475584356030976e-02 -9.264297216461150342e-01
-4.617475584356030976e-02 -9.264297216461150342e-01 2.000000000000000000e+00 1.000000000000000021e-08 -2.447356138094938793e-01 -1.985608579659335460e+00
-2.447356138094938793e-01 -1.985608579659335460e+00 2.000000000000000000e+00 1.000000000000000021e-08 -5.744124157273281517e-01 -3.296768019178342612e+00
-5.744124157273281517e-01 -3.296768019178342612e+00 0.000000000000000000e+00 1.000000000000000021e-08 -9.144334147831394422e-01 -3.400209990558112239e+00
-9.144334147831394422e-01 -3.400209990558112239e+00 2.000000000000000000e+00 1.000000000000000021e-08 -1.417029551970633516e+00 -5.000000000000000000e+00
-1.417029551970633516e+00 -5.000000000000000000e+00 1.000000000000000000e+00 9.999000000000000110e-01 -1.570796326794896558e+00 -5.000000000000000000e+00
2.154477431511259145e-02 5.424809292400022132e-02 1.000000000000000000e+00 1.000000000000000021e-08 3.267842949965504840e-02 1.113365518454245418e-01
3.267842949965504840e-02 1.113365518454245418e-01 0.000000000000000000e+00 1.000000000000000021e-08 1.450438206751780146e-01 1.123653911755229773e+00
1.450438206751780146e-01 1.123653911755229773e+00 2.000000000000000000e+00 1.000000000000000021e-08 1.943102372495673913e-01 4.926641657438938227e-01
1.943102372495673913e-01 4.926641657438938227e-01 2.000000000000000000e+00 1.000000000000000021e-08 1.986818623215949875e-01 4.371625072027596204e-02
1.986818623215949875e-01 4.371625072027596204e-02 1.000000000000000000e+00 1.000000000000000021e-08 2.526744462150211090e-01 5.399258389342609377e-01
2.526744462150211090e-01 5.399258389342609377e-01 0.000000000000000000e+00 1.000000000000000021e-08 4.170674487609334902e-01 1.643930025459123367e+00
4.170674487609334902e-01 1.643930025459123367e+00 1.000000000000000000e+00 1.000000000000000021e-08 6.447322076081596354e-01 2.276647588472261674e+00
6.447322076081596354e-01 2.276647588472261674e+00 1.000000000000000000e+00 1.000000000000000021e-08 9.673978175429689408e-01 3.226656099348093498e+00
9.673978175429689408e-01 3.226656099348093498e+00 1.000000000000000000e+00 1.000000000000000021e-08 1.418282914337908984e+00 4.508850967949401323e+00
1.418282914337908984e+00 4.508850967949401323e+00 1.000000000000000000e+00 9.999000000000000110e-01 1.570796326794896558e+00 5.000000000000000000e+00
4.370602311896659015e-02 -3.690943656439522880e-02 2.000000000000000000e+00 1.000000000000000021e-08 -4.578755227445845816e-02 -8.949357539342503998e-01
-4.578755227445845816e-02 -8.949357539342503998e-01 1.000000000000000000e+00 1.000000000000000021e-08 -1.507860967962459942e-01 -1.049985445217875180e+00
-1.507860967962459942e-01 -1.049985445217875180e+00 1.000000000000000000e+00 1.000000000000000021e-08 -2.854189917649394559e-01 -1.346328949686934395e+00
-2.854189917649394559e-01 -1.346328949686934395e+00 2.000000000000000000e+00 1.000000000000000021e-08 -5.445741074547005844e-01 -2.591551156897611286e+00
-5.445741074547005844e-01 -2.591551156897611286e+00 2.000000000000000000e+00 1.000000000000000021e-08 -9.613355693353612397e-01 -4.167614618806606330e+00
-9.613355693353612397e-01 -4.167614618806606330e+00 2.000000000000000000e+00 1.000000000000000021e-08 -1.537433877007046590e+00 -5.000000000000000000e+00
-1.537433877007046590e+00 -5.000000000000000000e+00 2.000000000000000000e+00 9.999000000000000110e-01 -1.570796326794896558e+00 -5.000000000000000000e+00
-7.354458339944719425e-03 -1.482691418045398168e-03 0.000000000000000000e+00 1.000000000000000021e-08 9.452784402190514412e-02 1.018823023618498524e+00
9.452784402190514412e-02 1.018823023618498524e+00 1.000000000000000000e+00 1.000000000000000021e-08 2.098483931442899075e-01 1.153205491223847634e+00
2.098483931442899075e-01 1.153205491223847634e+00 2.000000000000000000e+00 1.000000000000000021e-08 2.858015098954724831e-01 7.595311675118259220e-01
2.858015098954724831e-01 7.595311675118259220e-01 1.000000000000000000e+00 1.000000000000000021e-08 4.257612009493623173e-01 1.399596910538897898e+00
4.257612009493623173e-01 1.399596910538897898e+00 2.000000000000000000e+00 1.000000000000000021e-08 5.449860237565403720e-01 1.192248228071780547e+00
5.449860237565403720e-01 1.192248228071780547e+00 0.000000000000000000e+00 1.000000000000000021e-08 8.113507383791087602e-01 2.663647146225683215e+00
8.113507383791087602e-01 2.663647146225683215e+00 1.000000000000000000e+00 1.000000000000000021e-08 1.180172436112252532e+00 3.688216977331436830e+00
1.180172436112252532e+00 3.688216977331436830e+00 0.000000000000000000e+00 9.999000000000000110e-01 1.570796326794896558e+00 5.000000000000000000e+00
-1.481423954036649969e-02 -4.041495311301467053e-02 0.000000000000000000e+00 1.000000000000000021e-08 5.544596994818846297e-02 7.026020948855495885e-01
5.544596994818846297e-02 7.026020948855495885e-01 1.000000000000000000e+00 1.000000000000000021e-08 1.456806987674051923e-01 9.023472881921671407e-01
1.456806987674051923e-01 9.023472881921671407e-01 2.000000000000000000e+00 1.000000000000000021e-08 1.602863449559123188e-01 1.460564618850712648e-01
1.602863449559123188e-01 1.460564618850712648e-01 0.000000000000000000e+00 1.000000000000000021e-08 3.009998608433871459e-01 1.407135158874748271e+00
3.009998608433871459e-01 1.407135158874748271e+00 0.000000000000000000e+00 1.000000000000000021e-08 5.854067644339336907e-01 2.844069035905465448e+00
5.854067644339336907e-01 2.844069035905465448e+00 0.000000000000000000e+00 1.000000000000000021e-08 1.031950976862753055e+00 4.465442124288194314e+00
1.031950976862753055e+00 4.465442124288194314e+00 0.000000000000000000e+00 9.999000000000000110e-01 1.570796326794896558e+00 5.000000000000000000e+00
6.169021513372299759e-04 -4.834995922621848630e-02 2.000000000000000000e+00 1.000000000000000021e-08 -1.005694067397351066e-01 -1.011863088910723185e+00
-1.005694067397351066e-01 -1.011863088910723185e+00 0.000000000000000000e+00 1.000000000000000021e-08 -1.250299594045964635e-01 -2.446055266486135693e-01
-1.250299594045964635e-01 -2.446055266486135693e-01 1.000000000000000000e+00 1.000000000000000021e-08 -1.556732663113123416e-01 -3.064330690671586699e-01
-1.556732663113123416e-01 -3.064330690671586699e-01 0.000000000000000000e+00 1.000000000000000021e-08 -1.151642423350252853e-01 4.050902397628705631e-01
-1.151642423350252853e-01 4.050902397628705631e-01 0.000000000000000000e+00 1.000000000000000021e-08 -1.214142448291483101e-02 1.030228178521104487e+00
-1.214142448291483101e-02 1.030228178521104487e+00 1.000000000000000000e+00 1.000000000000000021e-08 1.051646964451622562e-01 1.173061209280770845e+00
1.051646964451622562e-01 1.173061209280770845e+00 0.000000000000000000e+00 1.000000000000000021e-08 3.214368913391276172e-01 2.162721948939653416e+00
3.214368913391276172e-01 2.162721948939653416e+00 1.000000000000000000e+00 1.000000000000000021e-08 5.876368573592005706e-01 2.661999660200729867e+00
5.876368573592005706e-01 2.661999660200729867e+00 1.000000000000000000e+00 1.000000000000000021e-08 9.304416994121251783e-01 3.428048420529246076e+00
9.304416994121251783e-01 3.428048420529246076e+00 0.000000000000000000e+00 1.000000000000000021e-08 1.440800496916649909e+00 5.000000000000000000e+00
1.440800496916649909e+00 5.000000000000000000e+00 1.000000000000000000e+00 9.999000000000000110e-01 1.570796326794896558e+00 5.000000000000000000e+00
2.444271867595156772e-02 8.463600633467739665e-02 0.000000000000000000e+00 1.000000000000000021e-08 1.312534197265092240e-01 1.068107010505576548e+00
1.312534197265092240e-01 1.068107010505576548e+00 0.000000000000000000e+00 1.000000000000000021e-08 3.450903933610165453e-01 2.138369736345072880e+00
3.450903933610165453e-01 2.138369736345072880e+00 2.000000000000000000e+00 1.000000000000000021e-08 5.187120377299123675e-01 1.736216443688957778e+00
5.187120377299123675e-01 1.736216443688957778e+00 1.000000000000000000e+00 1.000000000000000021e-08 7.800708239193292481e-01 2.613587861894168363e+00
7.800708239193292481e-01 2.613587861894168363e+00 2.000000000000000000e+00 1.000000000000000021e-08 1.098593786985557319e+00 3.185229630662280265e+00
1.098593786985557319e+00 3.185229630662280265e+00 2.000000000000000000e+00 1.000000000000000021e-08 1.507587440167255322e+00 4.089936531816980470e+00
1.507587440167255322e+00 4.089936531816980470e+00 0.000000000000000000e+00 9.999000000000000110e-01 1.570796326794896558e+00 5.000000000000000000e+00
4.561761218440424370e-02 -7.620411097533345834e-02 0.000000000000000000e+00 1.000000000000000021e-08 1.233631322481030801e-01 7.774552006369882529e-01
1.233631322481030801e-01 7.774552006369882529e-01 2.000000000000000000e+00 1.000000000000000021e-08 1.475636481801299027e-01 2.420051593202682261e-01
1.475636481801299027e-01 2.420051593202682261e-01 2.000000000000000000e+00 1.000000000000000021e-08 1.199757566378145263e-01 -2.758789154231537921e-01
1.199757566378145263e-01 -2.758789154231537921e-01 0.000000000000000000e+00 1.000000000000000021e-08 2.043149617929285178e-01 8.433920515511399429e-01
2.043149617929285178e-01 8.433920515511399429e-01 1.000000000000000000e+00 1.000000000000000021e-08 3.170578789092806660e-01 1.127429171163521371e+00
3.170578789092806660e-01 1.127429171163521371e+00 2.000000000000000000e+00 1.000000000000000021e-08 4.062074877599530232e-01 8.914960885067233498e-01
4.062074877599530232e-01 8.914960885067233498e-01 0.000000000000000000e+00 1.000000000000000021e-08 6.359564024036100660e-01 2.297489146436570540e+00
6.359564024036100660e-01 2.297489146436570540e+00 0.000000000000000000e+00 1.000000000000000021e-08 1.033414560422406314e+00 3.974581580187962260e+00
1.033414560422406314e+00 3.974581580187962260e+00 2.000000000000000000e+00 1.000000000000000021e-08 1.516843092711692265e+00 4.834285322892860393e+00
1.516843092711692265e+00 4.834285322892860393e+00 0.000000000000000000e+00 9.999000000000000110e-01 1.570796326794896558e+00 5.000000000000000000e+00
-8.280002442835497634e-02 5.304472188067989313e-02 2.000000000000000000e+00 1.000000000000000021e-08 -1.688974052169903151e-01 -8.609738078863534705e-01
-1.688974052169903151e-01 -8.609738078863534705e-01 0.000000000000000000e+00 1.000000000000000021e-08 -1.855124721581701275e-01 -1.661506694117981242e-01
-1.855124721581701275e-01 -1.661506694117981242e-01 0.000000000000000000e+00 1.000000000000000021e-08 -1.519572690551265204e-01 3.355520310304359599e-01
-1.519572690551265204e-01 3.355520310304359599e-01 1.000000000000000000e+00 1.000000000000000021e-08 -1.345518862933531012e-01 1.740538276177342192e-01
-1.345518862933531012e-01 1.740538276177342192e-01 2.000000000000000000e+00 1.000000000000000021e-08 -2.292268454969712266e-01 -9.467495920361811423e-01
-2.292268454969712266e-01 -9.467495920361811423e-01 2.000000000000000000e+00 1.000000000000000021e-08 -4.636126771717420381e-01 -2.343858316747707615e+00
-4.636126771717420381e-01 -2.343858316747707615e+00 1.000000000000000000e+00 1.000000000000000021e-08 -7.818972419168223054e-01 -3.182845647450802229e+00
-7.818972419168223054e-01 -3.182845647450802229e+00 0.000000000000000000e+00 1.000000000000000021e-08 -1.150231068664399059e+00 -3.683338267475767314e+00
-1.150231068664399059e+00 -3.683338267475767314e+00 0.000000000000000000e+00 9.999000000000000110e-01 -1.570796326794896558e+00 -4.611240809272186603e+00
-6.928813819412601993e-02 7.553440780498638096e-02 2.000000000000000000e+00 1.000000000000000021e-08 -1.508861601816728903e-01 -8.159802198754686486e-01
-1.508861601816728903e-01 -8.159802198754686486e-01 0.000000000000000000e+00 1.000000000000000021e-08 -1.664565273282624380e-01 -1.557036714658955878e-01
-1.664565273282624380e-01 -1.557036714658955878e-01 1.000000000000000000e+00 1.000000000000000021e-08 -2.026432094138155282e-01 -3.618668208555307908e-01
-2.026432094138155282e-01 -3.618668208555307908e-01 2.000000000000000000e+00 1.000000000000000021e-08 -3.645516470068762560e-01 -1.619084375930607056e+00
-3.645516470068762560e-01 -1.619084375930607056e+00 2.000000000000000000e+00 1.000000000000000021e-08 -6.556535371705616289e-01 -2.911018901636854395e+00
-6.556535371705616289e-01 -2.911018901636854395e+00 1.000000000000000000e+00 1.000000000000000021e-08 -1.035164961980237885e+00 -3.795114248096762566e+00
-1.035164961980237885e+00 -3.795114248096762566e+00 1.000000000000000000e+00 1.000000000000000021e-08 -1.542902231886121189e+00 -5.000000000000000000e+00
-1.542902231886121189e+00 -5.000000000000000000e+00 1.000000000000000000e+00 9.999000000000000110e-01 -1.570796326794896558e+00 -5.000000000000000000e+00
5.344462491942243709e-02 1.768795037419147731e-02 2.000000000000000000e+00 1.000000000000000021e-08 -2.242717630026834497e-02 -7.587180121969078206e-01
-2.242717630026834497e-02 -7.587180121969078206e-01 0.000000000000000000e+00 1.000000000000000021e-08 1.726511508268260831e-03 2.415368780853660580e-01
1.726511508268260831e-03 2.415368780853660580e-01 2.000000000000000000e+00 1.000000000000000021e-08 -7.455916646147396631e-02 -7.628567796974222714e-01
-7.455916646147396631e-02 -7.628567796974222714e-01 1.000000000000000000e+00 1.000000000000000021e-08 -1.469656329639673076e-01 -7.240646650249333849e-01
-1.469656329639673076e-01 -7.240646650249333849e-01 2.000000000000000000e+00 1.000000000000000021e-08 -3.272394977877743361e-01 -1.802738648238070063e+00
-3.272394977877743361e-01 -1.802738648238070063e+00 2.000000000000000000e+00 1.000000000000000021e-08 -6.308041329476883341e-01 -3.035646351599139869e+00
-6.308041329476883341e-01 -3.035646351599139869e+00 0.000000000000000000e+00 1.000000000000000021e-08 -9.585522387000643407e-01 -3.277481057523759844e+00
-9.585522387000643407e-01 -3.277481057523759844e+00 1.000000000000000000e+00 1.000000000000000021e-08 -1.412058949736383351e+00 -4.535067110363189435e+00
-1.412058949736383351e+00 -4.535067110363189435e+00 2.000000000000000000e+00 9.999000000000000110e-01 -1.570796326794896558e+00 -5.000000000000000000e+00
-3.134029982765649397e-02 -3.038869583060237883e-02 1.000000000000000000e+00 1.000000000000000021e-08 -3.820672571665634232e-02 -6.866425888999849736e-02
-3.820672571665634232e-02 -6.866425888999849736e-02 2.000000000000000000e+00 1.000000000000000021e-08 -1.447482500796233307e-01 -1.065415243629669995e+00
-1.447482500796233307e-01 -1.065415243629669995e+00 0.000000000000000000e+00 1.000000000000000021e-08 -1.903137112448718693e-01 -4.556546116524854417e-01
-1.903137112448718693e-01 -4.556546116524854417e-01 2.000000000000000000e+00 1.000000000000000021e-08 -3.683975516403480421e-01 -1.780838403954761784e+00
-3.683975516403480421e-01 -1.780838403954761784e+00 1.000000000000000000e+00 1.000000000000000021e-08 -6.003834575304439758e-01 -2.319859058900959337e+00
-6.003834575304439758e-01 -2.319859058900959337e+00 2.000000000000000000e+00 1.000000000000000021e-08 -9.840838611144600012e-01 -3.837004035840159588e+00
-9.840838611144600012e-01 -3.837004035840159588e+00 1.000000000000000000e+00 1.000000000000000021e-08 -1.481808110787541377e+00 -4.977242496730813315e+00
-1.481808110787541377e+00 -4.977242496730813315e+00 2.000000000000000000e+00 9.999000000000000110e-01 -1.570796326794896558e+00 -5.000000000000000000e+00
5.524290828060587910e-02 2.686580567711880155e-02 0.000000000000000000e+00 1.000000000000000021e-08 1.718259903890799745e-01 1.165830821084740787e+00
1.718259903890799745e-01 1.165830821084740787e+00 2.000000000000000000e+00 1.000000000000000021e-08 2.386864333374374425e-01 6.686044294835746804e-01
2.386864333374374425e-01 6.686044294835746804e-01 2.000000000000000000e+00 1.000000000000000021e-08 2.482318385076423273e-01 9.545405170204890322e-02
2.482318385076423273e-01 9.545405170204890322e-02 0.000000000000000000e+00 1.000000000000000021e-08 3.773254752125249079e-01 1.290936367048825861e+00
3.773254752125249079e-01 1.290936367048825861e+00 0.000000000000000000e+00 1.000000000000000021e-08 6.329373340898223343e-01 2.556118588772974043e+00
6.329373340898223343e-01 2.556118588772974043e+00 0.000000000000000000e+00 1.000000000000000021e-08 1.042012492938282797e+00 4.090751588484604184e+00
1.042012492938282797e+00 4.090751588484604184e+00 1.000000000000000000e+00 1.000000000000000021e-08 1.565904875836851673e+00 5.000000000000000000e+00
1.565904875836851673e+00 5.000000000000000000e+00 2.000000000000000000e+00 9.999000000000000110e-01 1.570796326794896558e+00 5.000000000000000000e+00
-6.182493235914457430e-02 4.396797592092460683e-02 2.000000000000000000e+00 1.000000000000000021e-08 -1.717893450165996205e-01 -1.099644126574550462e+00
-1.717893450165996205e-01 -1.099644126574550462e+00 2.000000000000000000e+00 1.000000000000000021e-08 -4.097416967082723183e-01 -2.379523516916726589e+00
-4.097416967082723183e-01 -2.379523516916726589e+00 2.000000000000000000e+00 1.000000000000000021e-08 -7.852229085737877368e-01 -3.754812118655153963e+00
-7.852229085737877368e-01 -3.754812118655153963e+00 2.000000000000000000e+00 1.000000000000000021e-08 -1.329167481032226705e+00 -5.000000000000000000e+00
-1.329167481032226705e+00 -5.000000000000000000e+00 1.000000000000000000e+00 9.999000000000000110e-01 -1.570796326794896558e+00 -5.000000000000000000e+00
3.533602425401807801e-02 8.642197433123519068e-02 1.000000000000000000e+00 1.000000000000000021e-08 4.856231905624230905e-02 1.322629480222422826e-01
4.856231905624230905e-02 1.322629480222422826e-01 1.000000000000000000e+00 1.000000000000000021e-08 7.198543836272895680e-02 2.342311930648664775e-01
7.198543836272895680e-02 2.342311930648664775e-01 2.000000000000000000e+00 1.000000000000000021e-08 1.118059068949125989e-02 -6.080484767323769413e-01
1.118059068949125989e-02 -6.080484767323769413e-01 0.000000000000000000e+00 1.000000000000000021e-08 3.631780556902178270e-02 2.513721487953052280e-01
3.631780556902178270e-02 2.513721487953052280e-01 2.000000000000000000e+00 1.000000000000000021e-08 -3.445870656556289380e-02 -7.077651213458466817e-01
-3.445870656556289380e-02 -7.077651213458466817e-01 2.000000000000000000e+00 1.000000000000000021e-08 -2.147611988078258483e-01 -1.803024922422629350e+00
-2.147611988078258483e-01 -1.803024922422629350e+00 0.000000000000000000e+00 1.000000000000000021e-08 -3.446869134019716063e-01 -1.299257145941457470e+00
-3.446869134019716063e-01 -1.299257145941457470e+00 1.000000000000000000e+00 1.000000000000000021e-08 -5.273005645602935054e-01 -1.826136511583219546e+00
-5.273005645602935054e-01 -1.826136511583219546e+00 1.000000000000000000e+00 1.000000000000000021e-08 -7.907877253706860898e-01 -2.634871608103925844e+00
-7.907877253706860898e-01 -2.634871608103925844e+00 0.000000000000000000e+00 1.000000000000000021e-08 -1.112660739335576743e+00 -3.218730139648906086e+00
-1.112660739335576743e+00 -3.218730139648906086e+00 2.000000000000000000e+00 9.999000000000000110e-01 -1.570796326794896558e+00 -4.869287662936399919e+00
-6.674249957094292862e-02 -2.356925305021372735e-02 0.000000000000000000e+00 1.000000000000000021e-08 8.324818181525847627e-03 7.506731775246877625e-01
8.324818181525847627e-03 7.506731775246877625e-01 0.000000000000000000e+00 1.000000000000000021e-08 1.780937910249532630e-01 1.697689728434274237e+00
1.780937910249532630e-01 1.697689728434274237e+00 0.000000000000000000e+00 1.000000000000000021e-08 4.711058041076066072e-01 2.930120130826533220e+00
4.711058041076066072e-01 2.930120130826533220e+00 1.000000000000000000e+00 1.000000000000000021e-08 8.190677570824405063e-01 3.479619529748338547e+00
8.190677570824405063e-01 3.479619529748338547e+00 2.000000000000000000e+00 1.000000000000000021e-08 1.226145565580430752e+00 4.070778084979902900e+00
1.226145565580430752e+00 4.070778084979902900e+00 1.000000000000000000e+00 9.999000000000000110e-01 1.570796326794896558e+00 5.000000000000000000e+00
-5.127795440631847945e-04 2.165835760105074004e-02 0.000000000000000000e+00 1.000000000000000021e-08 9.638129429310854368e-02 9.689407383717172362e-01
9.638129429310854368e-02 9.689407383717172362e-01 1.000000000000000000e+00 1.000000000000000021e-08 2.218345141948099564e-01 1.254532199017014182e+00
2.218345141948099564e-01 1.254532199017014182e+00 0.000000000000000000e+00 1.000000000000000021e-08 4.773091286000867850e-01 2.554746144052767676e+00
4.773091286000867850e-01 2.554746144052767676e+00 2.000000000000000000e+00 1.000000000000000021e-08 7.339477808236687384e-01 2.566386522235819534e+00
7.339477808236687384e-01 2.566386522235819534e+00 1.000000000000000000e+00 1.000000000000000021e-08 1.084085628892260900e+00 3.501378480685920280e+00
1.084085628892260900e+00 3.501378480685920280e+00 0.000000000000000000e+00 9.999000000000000110e-01 1.570796326794896558e+00 5.000000000000000000e+00
-1.270550527093516902e-03 -7.116071826243600129e-02 1.000000000000000000e+00 1.000000000000000021e-08 5.808551332371187335e-03 7.079101859464703717e-02
5.808551332371187335e-03 7.079101859464703717e-02 2.000000000000000000e+00 1.000000000000000021e-08 -7.243237636547161795e-02 -7.824092769784278811e-01
-7.243237636547161795e-02 -7.824092769784278811e-01 0.000000000000000000e+00 1.000000000000000021e-08 -6.263820615494994359e-02 9.794170210521668807e-02
-6.263820615494994359e-02 9.794170210521668807e-02 2.000000000000000000e+00 1.000000000000000021e-08 -1.635297228038735118e-01 -1.008915166489235515e+00
-1.635297228038735118e-01 -1.008915166489235515e+00 0.000000000000000000e+00 1.000000000000000021e-08 -2.224717282588591638e-01 -5.894200545498564647e-01
-2.224717282588591638e-01 -5.894200545498564647e-01 2.000000000000000000e+00 1.000000000000000021e-08 -3.874062568098550763e-01 -1.649345285509959069e+00
-3.874062568098550763e-01 -1.649345285509959069e+00 1.000000000000000000e+00 1.000000000000000021e-08 -6.085740935394040596e-01 -2.211678367295489611e+00
-6.085740935394040596e-01 -2.211678367295489611e+00 2.000000000000000000e+00 1.000000000000000021e-08 -9.995805151748369255e-01 -3.910064216354327993e+00
-9.995805151748369255e-01 -3.910064216354327993e+00 2.000000000000000000e+00 1.000000000000000021e-08 -1.545858385730170648e+00 -5.000000000000000000e+00
-1.545858385730170648e+00 -5.000000000000000000e+00 0.000000000000000000e+00 9.999000000000000110e-01 -1.570796326794896558e+00 -5.000000000000000000e+00
1.834741022542947519e-02 -6.759327249143959326e-02 1.000000000000000000e+00 1.000000000000000021e-08 2.162184956527422180e-02 3.274439339844747998e-02
2.162184956527422180e-02 3.274439339844747998e-02 1.000000000000000000e+00 1.000000000000000021e-08 3.622632905380128443e-02 1.460447948852705846e-01
3.622632905380128443e-02 1.460447948852705846e-01 1.000000000000000000e+00 1.000000000000000021e-08 4.111135386507110828e-02 4.885024811269821077e-02
4.111135386507110828e-02 4.885024811269821077e-02 1.000000000000000000e+00 1.000000000000000021e-08 6.077706784389415307e-02 1.966571397882304062e-01
6.077706784389415307e-02 1.966571397882304062e-01 0.000000000000000000e+00 1.000000000000000021e-08 1.733959755094992006e-01 1.126189076656050503e+00
1.733959755094992006e-01 1.126189076656050503e+00 1.000000000000000000e+00 1.000000000000000021e-08 3.152421320341370903e-01 1.418461565246378786e+00
3.152421320341370903e-01 1.418461565246378786e+00 2.000000000000000000e+00 1.000000000000000021e-08 4.220180237680056790e-01 1.067758917338686109e+00
4.220180237680056790e-01 1.067758917338686109e+00 1.000000000000000000e+00 1.000000000000000021e-08 6.112799756305165033e-01 1.892619518625107577e+00
6.112799756305165033e-01 1.892619518625107577e+00 1.000000000000000000e+00 1.000000000000000021e-08 8.988540841852968866e-01 2.875741085547803610e+00
8.988540841852968866e-01 2.875741085547803610e+00 0.000000000000000000e+00 1.000000000000000021e-08 1.349954790786675574e+00 4.511007066013787536e+00
1.349954790786675574e+00 4.511007066013787536e+00 1.000000000000000000e+00 9.999000000000000110e-01 1.570796326794896558e+00 5.000000000000000000e+00
6.033927381139636559e-02 -5.420979175951572138e-02 0.000000000000000000e+00 1.000000000000000021e-08 1.633022948273901431e-01 1.029630210159937720e+00
1.633022948273901431e-01 1.029630210159937720e+00 0.000000000000000000e+00 1.000000000000000021e-08 3.826061929170758158e-01 2.193038980896856671e+00
3.826061929170758158e-01 2.193038980896856671e+00 2.000000000000000000e+00 1.000000000000000021e-08 5.912557214818341400e-01 2.086495285647583131e+00
5.912557214818341400e-01 2.086495285647583131e+00 0.000000000000000000e+00 1.000000000000000021e-08 9.701979851043889269e-01 3.789422636225546981e+00
9.701979851043889269e-01 3.789422636225546981e+00 0.000000000000000000e+00 1.000000000000000021e-08 1.510475632105771071e+00 5.000000000000000000e+00
1.510475632105771071e+00 5.000000000000000000e+00 2.000000000000000000e+00 9.999000000000000110e-01 1.570796326794896558e+00 5.000000000000000000e+00
-8.304317754689224951e-02 9.662730131297994629e-03 0.000000000000000000e+00 1.000000000000000021e-08 -2.400499641134367507e-02 5.903818113554857305e-01
-2.400499641134367507e-02 5.903818113554857305e-01 1.000000000000000000e+00 1.000000000000000021e-08 1.651626719737780968e-02 4.052126360872148059e-01
1.651626719737780968e-02 4.052126360872148059e-01 2.000000000000000000e+00 1.000000000000000021e-08 -2.193455076143172727e-02 -3.845081795880953557e-01
-2.193455076143172727e-02 -3.845081795880953557e-01 2.000000000000000000e+00 1.000000000000000021e-08 -1.516027657478505875e-01 -1.296682149864188727e+00
-1.516027657478505875e-01 -1.296682149864188727e+00 1.000000000000000000e+00 1.000000000000000021e-08 -2.996698392073992023e-01 -1.480670734595486371e+00
-2.996698392073992023e-01 -1.480670734595486371e+00 0.000000000000000000e+00 1.000000000000000021e-08 -4.065194895862630498e-01 -1.068496503788638252e+00
-4.065194895862630498e-01 -1.068496503788638252e+00 1.000000000000000000e+00 1.000000000000000021e-08 -5.651626402804587057e-01 -1.586431506941956115e+00
-5.651626402804587057e-01 -1.586431506941956115e+00 1.000000000000000000e+00 1.000000000000000021e-08 -7.961293544852933168e-01 -2.309667142048346111e+00
-7.961293544852933168e-01 -2.309667142048346111e+00 0.000000000000000000e+00 1.000000000000000021e-08 -1.086007037631259831e+00 -2.898776831459664916e+00
-1.086007037631259831e+00 -2.898776831459664916e+00 0.000000000000000000e+00 1.000000000000000021e-08 -1.473931918223315707e+00 -3.879248805920558762e+00
-1.473931918223315707e+00 -3.879248805920558762e+00 2.000000000000000000e+00 9.999000000000000110e-01 -1.570796326794896558e+00 -5.000000000000000000e+00
-5.772689372347597492e-02 -8.048335739575776526e-02 1.000000000000000000e+00 1.000000000000000021e-08 -7.181308134939463905e-02 -1.408618762591866413e-01
-7.181308134939463905e-02 -1.408618762591866413e-01 0.000000000000000000e+00 1.000000000000000021e-08 -1.591627073707189283e-02 5.589681061232274484e-01
-1.591627073707189283e-02 5.589681061232274484e-01 0.000000000000000000e+00 1.000000000000000021e-08 1.143365289827319442e-01 1.302527997198038356e+00
1.143365289827319442e-01 1.302527997198038356e+00 1.000000000000000000e+00 1.000000000000000021e-08 2.795367443314679123e-01 1.652002153487359459e+00
2.795367443314679123e-01 1.652002153487359459e+00 2.000000000000000000e+00 1.000000000000000021e-08 3.903004704044942264e-01 1.107637260730263140e+00
3.903004704044942264e-01 1.107637260730263140e+00 1.000000000000000000e+00 1.000000000000000021e-08 5.581313660268663046e-01 1.678308956223721005e+00
5.581313660268663046e-01 1.678308956223721005e+00 0.000000000000000000e+00 1.000000000000000021e-08 8.711144231213567846e-01 3.129830570944903911e+00
8.711144231213567846e-01 3.129830570944903911e+00 1.000000000000000000e+00 1.000000000000000021e-08 1.298780518355103997e+00 4.276660952337470789e+00
1.298780518355103997e+00 4.276660952337470789e+00 1.000000000000000000e+00 9.999000000000000110e-01 1.570796326794896558e+00 5.000000000000000000e+00
6.055051600040675663e-02 -7.078454573509543324e-03 0.000000000000000000e+00 1.000000000000000021e-08 1.595472110090702389e-01 9.899669500866348226e-01
1.595472110090702389e-01 9.899669500866348226e-01 2.000000000000000000e+00 1.000000000000000021e-08 2.060608308515797238e-01 4.651361984250947934e-01
2.060608308515797238e-01 4.651361984250947934e-01 1.000000000000000000e+00 1.000000000000000021e-08 2.868068050829392091e-01 8.074597423135947416e-01
2.868068050829392091e-01 8.074597423135947416e-01 0.000000000000000000e+00 1.000000000000000021e-08 4.877479684366707313e-01 2.009411633537315112e+00
4.877479684366707313e-01 2.009411633537315112e+00 2.000000000000000000e+00 1.000000000000000021e-08 6.901808586737018247e-01 2.024328902370311045e+00
6.901808586737018247e-01 2.024328902370311045e+00 1.000000000000000000e+00 1.000000000000000021e-08 1.004257067175074791e+00 3.140762085013728999e+00
1.004257067175074791e+00 3.140762085013728999e+00 0.000000000000000000e+00 1.000000000000000021e-08 1.474729170710336934e+00 4.704721035352621428e+00
1.474729170710336934e+00 4.704721035352621428e+00 0.000000000000000000e+00 9.999000000000000110e-01 1.570796326794896558e+00 5.000000000000000000e+00
7.803151840811531348e-02 6.154452022831032043e-02 0.000000000000000000e+00 1.000000000000000021e-08 2.014737723543219006e-01 1.234422539462065815e+00
2.014737723543219006e-01 1.234422539462065815e+00 1.000000000000000000e+00 1.000000000000000021e-08 3.582160860446194639e-01 1.567423136902975633e+00
3.582160860446194639e-01 1.567423136902975633e+00 1.000000000000000000e+00 1.000000000000000021e-08 5.670649925523474355e-01 2.088489065077280049e+00
5.670649925523474355e-01 2.088489065077280049e+00 1.000000000000000000e+00 1.000000000000000021e-08 8.722406489581007172e-01 3.051756564057532373e+00
8.722406489581007172e-01 3.051756564057532373e+00 1.000000000000000000e+00 1.000000000000000021e-08 1.279942110902762664e+00 4.077014619446620358e+00
1.279942110902762664e+00 4.077014619446620358e+00 2.000000000000000000e+00 9.999000000000000110e-01 1.570796326794896558e+00 5.000000000000000000e+00
3.395623321423537483e-02 3.282185263566397837e-02 2.000000000000000000e+00 1.000000000000000021e-08 -3.823961604667504982e-02 -7.219584926091041632e-01
-3.823961604667504982e-02 -7.219584926091041632e-01 0.000000000000000000e+00 1.000000000000000021e-08 -2.515247952386423513e-02 1.308713652281081607e-01
-2.515247952386423513e-02 1.308713652281081607e-01 0.000000000000000000e+00 1.000000000000000021e-08 6.484523949475595739e-02 8.999771901862018142e-01
6.484523949475595739e-02 8.999771901862018142e-01 0.000000000000000000e+00 1.000000000000000021e-08 2.697228260157177315e-01 2.048775865209617297e+00
2.697228260157177315e-01 2.048775865209617297e+00 0.000000000000000000e+00 1.000000000000000021e-08 5.903044084769488720e-01 3.205815824612311182e+00
5.903044084769488720e-01 3.205815824612311182e+00 1.000000000000000000e+00 1.000000000000000021e-08 9.864015377641455196e-01 3.960971292871966476e+00
9.864015377641455196e-01 3.960971292871966476e+00 2.000000000000000000e+00 1.000000000000000021e-08 1.451561504130951308e+00 4.651599663668058326e+00
1.451561504130951308e+00 4.651599663668058326e+00 0.000000000000000000e+00 9.999000000000000110e-01 1.570796326794896558e+00 5.000000000000000000e+00
-7.929012867597370895e-02 -8.257791995720582812e-02 2.000000000000000000e+00 1.000000000000000021e-08 -2.041887918730022899e-01 -1.248986631970285810e+00
-2.041887918730022899e-01 -1.248986631970285810e+00 2.000000000000000000e+00 1.000000000000000021e-08 -4.530297890385641124e-01 -2.488409971655618058e+00
-4.530297890385641124e-01 -2.488409971655618058e+00 0.000000000000000000e+00 1.000000000000000021e-08 -6.995132898533555910e-01 -2.464835008147914674e+00
-6.995132898533555910e-01 -2.464835008147914674e+00 1.000000000000000000e+00 1.000000000000000021e-08 -1.033140012293978893e+00 -3.336267224406232579e+00
-1.033140012293978893e+00 -3.336267224406232579e+00 1.000000000000000000e+00 1.000000000000000021e-08 -1.490290451742177780e+00 -4.571504394481987532e+00
-1.490290451742177780e+00 -4.571504394481987532e+00 2.000000000000000000e+00 9.999000000000000110e-01 -1.570796326794896558e+00 -5.000000000000000000e+00
3.653047272632249654e-02 9.991510739564991167e-03 1.000000000000000000e+00 1.000000000000000021e-08 4.996842758196536755e-02 1.343795485564287240e-01
4.996842758196536755e-02 1.343795485564287240e-01 1.000000000000000000e+00 1.000000000000000021e-08 8.469912802481309455e-02 3.473070044284772839e-01
8.469912802481309455e-02 3.473070044284772839e-01 0.000000000000000000e+00 1.000000000000000021e-08 2.068113313346139903e-01 1.221122033098009041e+00
2.068113313346139903e-01 1.221122033098009041e+00 2.000000000000000000e+00 1.000000000000000021e-08 2.719186822673395065e-01 6.510735093272553842e-01
2.719186822673395065e-01 6.510735093272553842e-01 1.000000000000000000e+00 1.000000000000000021e-08 3.892956003204138815e-01 1.173769180530743750e+00
3.892956003204138815e-01 1.173769180530743750e+00 1.000000000000000000e+00 1.000000000000000021e-08 5.690322517285270054e-01 1.797366514081130795e+00
5.690322517285270054e-01 1.797366514081130795e+00 1.000000000000000000e+00 1.000000000000000021e-08 8.450133929115644094e-01 2.759811411830374261e+00
8.450133929115644094e-01 2.759811411830374261e+00 1.000000000000000000e+00 1.000000000000000021e-08 1.239987159438052711e+00 3.949737665264882125e+00
1.239987159438052711e+00 3.949737665264882125e+00 0.000000000000000000e+00 9.999000000000000110e-01 1.570796326794896558e+00 5.000000000000000000e+00
5.022003855272485356e-02 -3.106576278410083658e-02 2.000000000000000000e+00 1.000000000000000021e-08 -4.546105829522451708e-02 -9.568109684794936509e-01
-4.546105829522451708e-02 -9.568109684794936509e-01 1.000000000000000000e+00 1.000000000000000021e-08 -1.570162695761552485e-01 -1.115552112809307328e+00
-1.570162695761552485e-01 -1.115552112809307328e+00 0.000000000000000000e+00 1.000000000000000021e-08 -2.089516592022285235e-01 -5.193538962607325837e-01
-2.089516592022285235e-01 -5.193538962607325837e-01 2.000000000000000000e+00 1.000000000000000021e-08 -3.862270576997473004e-01 -1.772753984975187436e+00
-3.862270576997473004e-01 -1.772753984975187436e+00 2.000000000000000000e+00 1.000000000000000021e-08 -6.899686143046082076e-01 -3.037415566048609517e+00
-6.899686143046082076e-01 -3.037415566048609517e+00 1.000000000000000000e+00 1.000000000000000021e-08 -1.084155550024464620e+00 -3.941869357198563684e+00
-1.084155550024464620e+00 -3.941869357198563684e+00 2.000000000000000000e+00 9.999000000000000110e-01 -1.570796326794896558e+00 -5.000000000000000000e+00
2.178228777168299268e-02 5.393121566859954141e-02 0.000000000000000000e+00 1.000000000000000021e-08 1.350341403489627723e-01 1.132518525772797879e+00
1.350341403489627723e-01 1.132518525772797879e+00 1.000000000000000000e+00 1.000000000000000021e-08 2.780346672355167303e-01 1.430005268865539803e+00
2.780346672355167303e-01 1.430005268865539803e+00 2.000000000000000000e+00 1.000000000000000021e-08 3.920641677638535549e-01 1.140295005283368024e+00
3.920641677638535549e-01 1.140295005283368024e+00 1.000000000000000000e+00 1.000000000000000021e-08 5.646242151902475248e-01 1.725600474263939699e+00
5.646242151902475248e-01 1.725600474263939699e+00 0.000000000000000000e+00 1.000000000000000021e-08 8.990034934386098575e-01 3.343792782483623327e+00
8.990034934386098575e-01 3.343792782483623327e+00 0.000000000000000000e+00 1.000000000000000021e-08 1.400127276380756847e+00 5.000000000000000000e+00
1.400127276380756847e+00 5.000000000000000000e+00 2.000000000000000000e+00 9.999000000000000110e-01 1.570796326794896558e+00 5.000000000000000000e+00
5.073117233774059043e-02 -2.837163012601465889e-02 0.000000000000000000e+00 1.000000000000000021e-08 1.413548532586544892e-01 9.062368092091389604e-01
1.413548532586544892e-01 9.062368092091389604e-01 2.000000000000000000e+00 1.000000000000000021e-08 1.554209296952731578e-01 1.406607643661867968e-01
1.554209296952731578e-01 1.406607643661867968e-01 0.000000000000000000e+00 1.000000000000000021e-08 2.692345956920622063e-01 1.138136659967890374e+00
2.692345956920622063e-01 1.138136659967890374e+00 2.000000000000000000e+00 1.000000000000000021e-08 3.298849284293762785e-01 6.065033273731407215e-01
3.298849284293762785e-01 6.065033273731407215e-01 2.000000000000000000e+00 1.000000000000000021e-08 3.604850499411405562e-01 3.060012151176428330e-01
3.604850499411405562e-01 3.060012151176428330e-01 2.000000000000000000e+00 1.000000000000000021e-08 3.735340046251795498e-01 1.304895468403899361e-01
3.735340046251795498e-01 1.304895468403899361e-01 2.000000000000000000e+00 1.000000000000000021e-08 3.570130553882853164e-01 -1.652094923689424455e-01
3.570130553882853164e-01 -1.652094923689424455e-01 0.000000000000000000e+00 1.000000000000000021e-08 4.739164593967474248e-01 1.169034040084621084e+00
4.739164593967474248e-01 1.169034040084621084e+00 0.000000000000000000e+00 1.000000000000000021e-08 7.344685992364221594e-01 2.605521398396747124e+00
7.344685992364221594e-01 2.605521398396747124e+00 0.000000000000000000e+00 1.000000000000000021e-08 1.166336543788729641e+00 4.318679445523073923e+00
1.166336543788729641e+00 4.318679445523073923e+00 0.000000000000000000e+00 9.999000000000000110e-01 1.570796326794896558e+00 5.000000000000000000e+00
-6.082780145421552709e-02 -7.820472774292451523e-02 1.000000000000000000e+00 1.000000000000000021e-08 -8.158794537181134066e-02 -2.076014391759581357e-01
-8.158794537181134066e-02 -2.076014391759581357e-01 0.000000000000000000e+00 1.000000000000000021e-08 -2.526030147912406570e-02 5.632764389268727356e-01
-2.526030147912406570e-02 5.632764389268727356e-01 1.000000000000000000e+00 1.000000000000000021e-08 3.364857615583822376e-02 5.890887763496228668e-01
3.364857615583822376e-02 5.890887763496228668e-01 0.000000000000000000e+00 1.000000000000000021e-08 1.690629919398598524e-01 1.354144157840216245e+00
1.690629919398598524e-01 1.354144157840216245e+00 1.000000000000000000e+00 1.000000000000000021e-08 3.326249746674732055e-01 1.635619827276133753e+00
3.326249746674732055e-01 1.635619827276133753e+00 2.000000000000000000e+00 1.000000000000000021e-08 4.642664061351141069e-01 1.316414314676408903e+00
4.642664061351141069e-01 1.316414314676408903e+00 0.000000000000000000e+00 1.000000000000000021e-08 7.448288531423893355e-01 2.805624470072752175e+00
7.448288531423893355e-01 2.805624470072752175e+00 0.000000000000000000e+00 1.000000000000000021e-08 1.188374022001555952e+00 4.435451688591665942e+00
1.188374022001555952e+00 4.435451688591665942e+00 1.000000000000000000e+00 9.999000000000000110e-01 1.570796326794896558e+00 5.000000000000000000e+00
-7.744364388868672788e-02 1.480862093563590359e-03 2.000000000000000000e+00 1.000000000000000021e-08 -1.701355286127639033e-01 -9.269188472407716706e-01
-1.701355286127639033e-01 -9.269188472407716706e-01 1.000000000000000000e+00 1.000000000000000021e-08 -2.900765856475900906e-01 -1.199410570348262040e+00
-2.900765856475900906e-01 -1.199410570348262040e+00 2.000000000000000000e+00 1.000000000000000021e-08 -5.434601553867179913e-01 -2.533835697391278785e+00
-5.434601553867179913e-01 -2.533835697391278785e+00 1.000000000000000000e+00 1.000000000000000021e-08 -8.675794890132655368e-01 -3.241193336265474567e+00
-8.675794890132655368e-01 -3.241193336265474567e+00 2.000000000000000000e+00 1.000000000000000021e-08 -1.355814528537768737e+00 -4.882350395245031116e+00
-1.355814528537768737e+00 -4.882350395245031116e+00 2.000000000000000000e+00 9.999000000000000110e-01 -1.570796326794896558e+00 -5.000000000000000000e+00
-4.195455584914396102e-02 3.972191988456552636e-02 2.000000000000000000e+00 1.000000000000000021e-08 -1.158583876729464002e-01 -7.390383182380242388e-01
-1.158583876729464002e-01 -7.390383182380242388e-01 2.000000000000000000e+00 1.000000000000000021e-08 -2.891530198170145782e-01 -1.732946321440681725e+00
-2.891530198170145782e-01 -1.732946321440681725e+00 1.000000000000000000e+00 1.000000000000000021e-08 -4.996385345348439699e-01 -2.104855147178293695e+00
-4.996385345348439699e-01 -2.104855147178293695e+00 2.000000000000000000e+00 1.000000000000000021e-08 -8.572131903992313839e-01 -3.575746558643873918e+00
-8.572131903992313839e-01 -3.575746558643873918e+00 0.000000000000000000e+00 1.000000000000000021e-08 -1.270481846319965857e+00 -4.132686559207344956e+00
-1.270481846319965857e+00 -4.132686559207344956e+00 2.000000000000000000e+00 9.999000000000000110e-01 -1.570796326794896558e+00 -5.000000000000000000e+00
-6.610441288503755841e-02 5.160648060422250855e-02 2.000000000000000000e+00 1.000000000000000021e-08 -1.740900308421415577e-01 -1.079856179571039965e+00
-1.740900308421415577e-01 -1.079856179571039965e+00 2.000000000000000000e+00 1.000000000000000021e-08 -3.888409003388515472e-01 -2.147508694967099618e+00
-3.888409003388515472e-01 -2.147508694967099618e+00 1.000000000000000000e+00 1.000000000000000021e-08 -6.635569444530201588e-01 -2.747160441141685894e+00
-6.635569444530201588e-01 -2.747160441141685894e+00 0.000000000000000000e+00 1.000000000000000021e-08 -9.742001030881797252e-01 -3.106431586351595442e+00
-9.742001030881797252e-01 -3.106431586351595442e+00 2.000000000000000000e+00 1.000000000000000021e-08 -1.455856655908502217e+00 -4.816565528203224034e+00
-1.455856655908502217e+00 -4.816565528203224034e+00 2.000000000000000000e+00 9.999000000000000110e-01 -1.570796326794896558e+00 -5.000000000000000000e+00
2.063970083755421042e-03 3.728119765924303719e-02 1.000000000000000000e+00 1.000000000000000021e-08 6.087172865405198960e-03 4.023202781649777571e-02
6.087172865405198960e-03 4.023202781649777571e-02 2.000000000000000000e+00 1.000000000000000021e-08 -8.963448271332088990e-02 -9.572165557872607256e-01
-8.963448271332088990e-02 -9.572165557872607256e-01 2.000000000000000000e+00 1.000000000000000021e-08 -2.801042380233325635e-01 -1.904697553100116680e+00
-2.801042380233325635e-01 -1.904697553100116680e+00 2.000000000000000000e+00 1.000000000000000021e-08 -6.139187621455506338e-01 -3.338145241222179926e+00
-6.139187621455506338e-01 -3.338145241222179926e+00 2.000000000000000000e+00 1.000000000000000021e-08 -1.104458453114749217e+00 -4.905396909691986274e+00
-1.104458453114749217e+00 -4.905396909691986274e+00 2.000000000000000000e+00 9.999000000000000110e-01 -1.570796326794896558e+00 -5.000000000000000000e+00
3.695487068275256359e-02 -1.260848296833084331e-03 0.000000000000000000e+00 1.000000000000000021e-08 1.361604210244951041e-01 9.920555034174252107e-01
1.361604210244951041e-01 9.920555034174252107e-01 1.000000000000000000e+00 1.000000000000000021e-08 2.503317045563654419e-01 1.141712835318703378e+00
2.503317045563654419e-01 1.141712835318703378e+00 1.000000000000000000e+00 1.000000000000000021e-08 3.921954466103305670e-01 1.418637420539651250e+00
3.921954466103305670e-01 1.418637420539651250e+00 2.000000000000000000e+00 1.000000000000000021e-08 5.023372942907545768e-01 1.101418476804240099e+00
5.023372942907545768e-01 1.101418476804240099e+00 0.000000000000000000e+00 1.000000000000000021e-08 7.721921090581049807e-01 2.698548147673503372e+00
7.721921090581049807e-01 2.698548147673503372e+00 1.000000000000000000e+00 1.000000000000000021e-08 1.141870417343198829e+00 3.696783082850937596e+00
1.141870417343198829e+00 3.696783082850937596e+00 1.000000000000000000e+00 9.999000000000000110e-01 1.570796326794896558e+00 5.000000000000000000e+00
-7.380144297760724004e-02 3.947285871623651410e-02 1.000000000000000000e+00 1.000000000000000021e-08 -8.502740630155189439e-02 -1.122596332394465712e-01
-8.502740630155189439e-02 -1.122596332394465712e-01 2.000000000000000000e+00 1.000000000000000021e-08 -1.843166527710757563e-01 -9.928924646952386190e-01
-1.843166527710757563e-01 -9.928924646952386190e-01 2.000000000000000000e+00 1.000000000000000021e-08 -3.949972813909773395e-01 -2.106806286199015332e+00
-3.949972813909773395e-01 -2.106806286199015332e+00 1.000000000000000000e+00 1.000000000000000021e-08 -6.782112320773936442e-01 -2.832139506864163270e+00
-6.782112320773936442e-01 -2.832139506864163270e+00 0.000000000000000000e+00 1.000000000000000021e-08 -9.872859932558515350e-01 -3.090747611784579352e+00
-9.872859932558515350e-01 -3.090747611784579352e+00 0.000000000000000000e+00 1.000000000000000021e-08 -1.381261765494588900e+00 -3.939757722387373651e+00
-1.381261765494588900e+00 -3.939757722387373651e+00 2.000000000000000000e+00 9.999000000000000110e-01 -1.570796326794896558e+00 -5.000000000000000000e+00
2.170398605308779261e-02 -2.442953810688698602e-02 0.000000000000000000e+00 1.000000000000000021e-08 1.163592707456938269e-01 9.465528469260603428e-01
1.163592707456938269e-01 9.465528469260603428e-01 0.000000000000000000e+00 1.000000000000000021e-08 3.348834961719110437e-01 2.185242254262172334e+00
3.348834961719110437e-01 2.185242254262172334e+00 0.000000000000000000e+00 1.000000000000000021e-08 6.875884291161855622e-01 3.527049329442744963e+00
6.875884291161855622e-01 3.527049329442744963e+00 1.000000000000000000e+00 1.000000000000000021e-08 1.142466221994390185e+00 4.548777928782047120e+00
1.142466221994390185e+00 4.548777928782047120e+00 0.000000000000000000e+00 9.999000000000000110e-01 1.570796326794896558e+00 5.000000000000000000e+00
2.415391879242995490e-02 -4.460086229110815648e-02 2.000000000000000000e+00 1.000000000000000021e-08 -6.941177468929603245e-02 -9.356569348172597556e-01
-6.941177468929603245e-02 -9.356569348172597556e-01 2.000000000000000000e+00 1.000000000000000021e-08 -2.672070431635455989e-01 -1.977952684742495748e+00
-2.672070431635455989e-01 -1.977952684742495748e+00 0.000000000000000000e+00 1.000000000000000021e-08 -4.297238232502713640e-01 -1.625167800867257872e+00
-4.297238232502713640e-01 -1.625167800867257872e+00 0.000000000000000000e+00 1.000000000000000021e-08 -5.914079320151162111e-01 -1.616841087648448694e+00
-5.914079320151162111e-01 -1.616841087648448694e+00 0.000000000000000000e+00 1.000000000000000021e-08 -7.767524080956872412e-01 -1.853444760805710523e+00
-7.767524080956872412e-01 -1.853444760805710523e+00 2.000000000000000000e+00 1.000000000000000021e-08 -1.135255938185946611e+00 -3.585035300902593036e+00
-1.135255938185946611e+00 -3.585035300902593036e+00 2.000000000000000000e+00 9.999000000000000110e-01 -1.570796326794896558e+00 -5.000000000000000000e+00
6.039757108196406460e-03 -5.664470333708643279e-02 0.000000000000000000e+00 1.000000000000000021e-08 1.068463854246842482e-01 1.008066283164878341e+00
1.068463854246842482e-01 1.008066283164878341e+00 2.000000000000000000e+00 1.000000000000000021e-08 1.556374818694369888e-01 4.879109644475274621e-01
1.556374818694369888e-01 4.879109644475274621e-01 0.000000000000000000e+00 1.000000000000000021e-08 3.178149778139105486e-01 1.621774959444735709e+00
3.178149778139105486e-01 1.621774959444735709e+00 1.000000000000000000e+00 1.000000000000000021e-08 5.229760017446191123e-01 2.051610239307085415e+00
5.229760017446191123e-01 2.051610239307085415e+00 0.000000000000000000e+00 1.000000000000000021e-08 8.698954265443248346e-01 3.469194247997056557e+00
8.698954265443248346e-01 3.469194247997056557e+00 1.000000000000000000e+00 1.000000000000000021e-08 1.335977305695740025e+00 4.660818791514151016e+00
1.335977305695740025e+00 4.660818791514151016e+00 0.000000000000000000e+00 9.999000000000000110e-01 1.570796326794896558e+00 5.000000000000000000e+00
2.587087262313516461e-02 -2.957072278428427708e-03 0.000000000000000000e+00 1.000000000000000021e-08 1.169134253063627005e-01 9.104255268322751782e-01
1.169134253063627005e-01 9.104255268322751782e-01 1.000000000000000000e+00 1.000000000000000021e-08 2.284374538598053506e-01 1.115240285534426334e+00
2.284374538598053506e-01 1.115240285534426334e+00 0.000000000000000000e+00 1.000000000000000021e-08 4.687002732085883694e-01 2.402628193487830188e+00
4.687002732085883694e-01 2.402628193487830188e+00 1.000000000000000000e+00 1.000000000000000021e-08 7.900987111771320404e-01 3.213984379685435933e+00
7.900987111771320404e-01 3.213984379685435933e+00 2.000000000000000000e+00 1.000000000000000021e-08 1.155651738370773840e+00 3.655530271936417996e+00
1.155651738370773840e+00 3.655530271936417996e+00 0.000000000000000000e+00 9.999000000000000110e-01 1.570796326794896558e+00 5.000000000000000000e+00
2.215728591078601137e-02 4.550099420300802999e-02 0.000000000000000000e+00 1.000000000000000021e-08 1.023691243909344711e-01 8.021183848014844520e-01
1.023691243909344711e-01 8.021183848014844520e-01 0.000000000000000000e+00 1.000000000000000021e-08 3.041370622685570790e-01 2.017679378776226162e+00
3.041370622685570790e-01 2.017679378776226162e+00 1.000000000000000000e+00 1.000000000000000021e-08 5.509253576677527464e-01 2.467882953991956452e+00
5.509253576677527464e-01 2.467882953991956452e+00 2.000000000000000000e+00 1.000000000000000021e-08 8.098608138656869793e-01 2.589354561979342328e+00
8.098608138656869793e-01 2.589354561979342328e+00 1.000000000000000000e+00 1.000000000000000021e-08 1.170269829231506353e+00 3.604090153658193962e+00
1.170269829231506353e+00 3.604090153658193962e+00 2.000000000000000000e+00 9.999000000000000110e-01 1.570796326794896558e+00 4.641189875450070446e+00
4.872443154032098100e-02 -8.302611429748101013e-02 1.000000000000000000e+00 1.000000000000000021e-08 4.161246709517508330e-02 -7.111964445145897706e-02
4.161246709517508330e-02 -7.111964445145897706e-02 1.000000000000000000e+00 1.000000000000000021e-08 5.240110217649571883e-02 1.078863508132063415e-01
5.240110217649571883e-02 1.078863508132063415e-01 1.000000000000000000e+00 1.000000000000000021e-08 5.940167877702465238e-02 7.000576600528933546e-02
5.940167877702465238e-02 7.000576600528933546e-02 0.000000000000000000e+00 1.000000000000000021e-08 1.542174058162179839e-01 9.481572703919333156e-01
1.542174058162179839e-01 9.481572703919333156e-01 2.000000000000000000e+00 1.000000000000000021e-08 1.944148499897153937e-01 4.019744417349740973e-01
1.944148499897153937e-01 4.019744417349740973e-01 2.000000000000000000e+00 1.000000000000000021e-08 1.733430984260746766e-01 -2.107175156364070601e-01
1.733430984260746766e-01 -2.107175156364070601e-01 0.000000000000000000e+00 1.000000000000000021e-08 2.583925806431471850e-01 8.504948221707252509e-01
2.583925806431471850e-01 8.504948221707252509e-01 2.000000000000000000e+00 1.000000000000000021e-08 3.095865124681463354e-01 5.119393182499916151e-01
3.095865124681463354e-01 5.119393182499916151e-01 1.000000000000000000e+00 1.000000000000000021e-08 4.137300701505530198e-01 1.041435576824066622e+00
4.137300701505530198e-01 1.041435576824066622e+00 0.000000000000000000e+00 1.000000000000000021e-08 6.532875163015070541e-01 2.395574461509539788e+00
6.532875163015070541e-01 2.395574461509539788e+00 1.000000000000000000e+00 1.000000000000000021e-08 9.796210404014882300e-01 3.263335240999811759e+00
9.796210404014882300e-01 3.263335240999811759e+00 1.000000000000000000e+00 1.000000000000000021e-08 1.418290894694848925e+00 4.386698542933606504e+00
1.418290894694848925e+00 4.386698542933606504e+00 0.000000000000000000e+00 9.999000000000000110e-01 1.570796326794896558e+00 5.000000000000000000e+00
-4.722521127091654225e-02 4.331399160054831554e-02 2.000000000000000000e+00 1.000000000000000021e-08 -1.336457892548016391e-01 -8.642057798388509404e-01
-1.336457892548016391e-01 -8.642057798388509404e-01 1.000000000000000000e+00 1.000000000000000021e-08 -2.491169792505921188e-01 -1.154711899957904908e+00
-2.491169792505921188e-01 -1.154711899957904908e+00 2.000000000000000000e+00 1.000000000000000021e-08 -5.041047723960461191e-01 -2.549877931454540114e+00
-5.041047723960461191e-01 -2.549877931454540114e+00 2.000000000000000000e+00 1.000000000000000021e-08 -9.121169904044925669e-01 -4.080122180084464034e+00
-9.121169904044925669e-01 -4.080122180084464034e+00 1.000000000000000000e+00 1.000000000000000021e-08 -1.439383878597691790e+00 -5.000000000000000000e+00
-1.439383878597691790e+00 -5.000000000000000000e+00 0.000000000000000000e+00 9.999000000000000110e-01 -1.570796326794896558e+00 -5.000000000000000000e+00
2.068201627235208631e-02 3.851143824757097267e-03 2.000000000000000000e+00 1.000000000000000021e-08 -5.816218407369327936e-02 -7.884420034604535665e-01
-5.816218407369327936e-02 -7.884420034604535665e-01 0.000000000000000000e+00 1.000000000000000021e-08 -5.282217426395667548e-02 5.340009809736601110e-02
-5.282217426395667548e-02 5.340009809736601110e-02 2.000000000000000000e+00 1.000000000000000021e-08 -1.455350267801515940e-01 -9.271285251619491019e-01
-1.455350267801515940e-01 -9.271285251619491019e-01 1.000000000000000000e+00 1.000000000000000021e-08 -2.562048911849782451e-01 -1.106698644048266456e+00
-2.562048911849782451e-01 -1.106698644048266456e+00 1.000000000000000000e+00 1.000000000000000021e-08 -4.156391536729867608e-01 -1.594342624880084713e+00
-4.156391536729867608e-01 -1.594342624880084713e+00 2.000000000000000000e+00 1.000000000000000021e-08 -7.222615470829508721e-01 -3.066223934099641113e+00
-7.222615470829508721e-01 -3.066223934099641113e+00 0.000000000000000000e+00 1.000000000000000021e-08 -1.069114002292195220e+00 -3.468524552092444591e+00
-1.069114002292195220e+00 -3.468524552092444591e+00 2.000000000000000000e+00 9.999000000000000110e-01 -1.570796326794896558e+00 -5.000000000000000000e+00
7.555435579289634940e-02 -5.993312576956220938e-02 0.000000000000000000e+00 1.000000000000000021e-08 1.824976915646269737e-01 1.069433357717306077e+00
1.824976915646269737e-01 1.069433357717306077e+00 0.000000000000000000e+00 1.000000000000000021e-08 4.085681734062794335e-01 2.260704818416524375e+00
4.085681734062794335e-01 2.260704818416524375e+00 1.000000000000000000e+00 1.000000000000000021e-08 7.024016066750293774e-01 2.938334332687499106e+00
7.024016066750293774e-01 2.938334332687499106e+00 0.000000000000000000e+00 1.000000000000000021e-08 1.154476095509507250e+00 4.520744888344777834e+00
1.154476095509507250e+00 4.520744888344777834e+00 2.000000000000000000e+00 9.999000000000000110e-01 1.570796326794896558e+00 5.000000000000000000e+00
-2.732322244402297581e-02 6.604712656177533225e-02 1.000000000000000000e+00 1.000000000000000021e-08 -1.844325027519404941e-02 8.879972168828925705e-02
-1.844325027519404941e-02 8.879972168828925705e-02 0.000000000000000000e+00 1.000000000000000021e-08 7.715756285489852595e-02 9.560081313009256565e-01
7.715756285489852595e-02 9.560081313009256565e-01 0.000000000000000000e+00 1.000000000000000021e-08 2.710613899946572314e-01 1.939038271397587332e+00
2.710613899946572314e-01 1.939038271397587332e+00 2.000000000000000000e+00 1.000000000000000021e-08 4.138121609652846145e-01 1.427507709706273609e+00
4.138121609652846145e-01 1.427507709706273609e+00 2.000000000000000000e+00 1.000000000000000021e-08 5.307492430207860767e-01 1.169370820555014179e+00
5.307492430207860767e-01 1.169370820555014179e+00 0.000000000000000000e+00 1.000000000000000021e-08 8.054236116884769814e-01 2.746743686676908602e+00
8.054236116884769814e-01 2.746743686676908602e+00 1.000000000000000000e+00 1.000000000000000021e-08 1.177321280904034762e+00 3.718976692155578245e+00
1.177321280904034762e+00 3.718976692155578245e+00 0.000000000000000000e+00 9.999000000000000110e-01 1.570796326794896558e+00 5.000000000000000000e+00
-2.280651019858591366e-02 -3.762311762532212500e-02 2.000000000000000000e+00 1.000000000000000021e-08 -1.117362242122477700e-01 -8.892971401366185358e-01
-1.117362242122477700e-01 -8.892971401366185358e-01 0.000000000000000000e+00 1.000000000000000021e-08 -1.356867222716590105e-01 -2.395049805941124044e-01
-1.356867222716590105e-01 -2.395049805941124044e-01 0.000000000000000000e+00 1.000000000000000021e-08 -1.130816159720552383e-01 2.260510629960377216e-01
-1.130816159720552383e-01 2.260510629960377216e-01 1.000000000000000000e+00 1.000000000000000021e-08 -9.784687538116930428e-02 1.523474059088593124e-01
-9.784687538116930428e-02 1.523474059088593124e-01 0.000000000000000000e+00 1.000000000000000021e-08 -5.283202319445720607e-03 9.256367306172358367e-01
-5.283202319445720607e-03 9.256367306172358367e-01 1.000000000000000000e+00 1.000000000000000021e-08 8.393444383172565804e-02 8.921764615117137032e-01
8.393444383172565804e-02 8.921764615117137032e-01 1.000000000000000000e+00 1.000000000000000021e-08 1.949047192015801455e-01 1.109702753698544875e+00
1.949047192015801455e-01 1.109702753698544875e+00 1.000000000000000000e+00 1.000000000000000021e-08 3.532230312742690170e-01 1.583183120726888271e+00
3.532230312742690170e-01 1.583183120726888271e+00 0.000000000000000000e+00 1.000000000000000021e-08 6.486298285436608024e-01 2.954067972693917632e+00
6.486298285436608024e-01 2.954067972693917632e+00 1.000000000000000000e+00 1.000000000000000021e-08 1.028468077655930513e+00 3.798382491122697324e+00
1.028468077655930513e+00 3.798382491122697324e+00 2.000000000000000000e+00 1.000000000000000021e-08 1.491691043289007368e+00 4.632229656330768996e+00
1.491691043289007368e+00 4.632229656330768996e+00 1.000000000000000000e+00 9.999000000000000110e-01 1.570796326794896558e+00 5.000000000000000000e+00
-1.370625722838292142e-02 5.627690706967010403e-02 1.000000000000000000e+00 1.000000000000000021e-08 1.118168835524745858e-03 1.482442606390766693e-01
1.118168835524745858e-03 1.482442606390766693e-01 2.000000000000000000e+00 1.000000000000000021e-08 -5.448143133410829342e-02 -5.559960016963303442e-01
-5.448143133410829342e-02 -5.559960016963303442e-01 1.000000000000000000e+00 1.000000000000000021e-08 -1.087482944206024926e-01 -5.426686308649418811e-01
-1.087482944206024926e-01 -5.426686308649418811e-01 1.000000000000000000e+00 1.000000000000000021e-08 -1.708254859824208660e-01 -6.207719156181836784e-01
-1.708254859824208660e-01 -6.207719156181836784e-01 0.000000000000000000e+00 1.000000000000000021e-08 -1.761080476831069497e-01 -5.282561700686072559e-02
