-9.789865809186667350e-03 -4.365073825639362998e-03 2.000000000000000000e+00 1.000000000000000021e-08 -9.350782164319504375e-02 -8.371795583400837293e-01
-9.350782164319504375e-02 -8.371795583400837293e-01 2.000000000000000000e+00 1.000000000000000021e-08 -2.883086535084457003e-01 -1.948008318652506787e+00
-2.883086535084457003e-01 -1.948008318652506787e+00 0.000000000000000000e+00 1.000000000000000021e-08 -4.617124210031282594e-01 -1.734037674946825369e+00
-4.617124210031282594e-01 -1.734037674946825369e+00 0.000000000000000000e+00 1.000000000000000021e-08 -6.346226234400036414e-01 -1.729102024368753154e+00
-6.346226234400036414e-01 -1.729102024368753154e+00 2.000000000000000000e+00 1.000000000000000021e-08 -9.775480424475062602e-01 -3.429254190075026187e+00
-9.775480424475062602e-01 -3.429254190075026187e+00 1.000000000000000000e+00 1.000000000000000021e-08 -1.442265923986802978e+00 -4.647178815392966733e+00
-1.442265923986802978e+00 -4.647178815392966733e+00 1.000000000000000000e+00 9.999000000000000110e-01 -1.570796326794896558e+00 -5.000000000000000000e+00
7.878800968582570091e-03 3.024302642762070545e-02 2.000000000000000000e+00 1.000000000000000021e-08 -7.137789231915672716e-02 -7.925669328773928823e-01
-7.137789231915672716e-02 -7.925669328773928823e-01 2.000000000000000000e+00 1.000000000000000021e-08 -2.682163815300147025e-01 -1.968384892108579809e+00
-2.682163815300147025e-01 -1.968384892108579809e+00 2.000000000000000000e+00 1.000000000000000021e-08 -6.057247338225999478e-01 -3.375083522925852009e+00
-6.057247338225999478e-01 -3.375083522925852009e+00 2.000000000000000000e+00 1.000000000000000021e-08 -1.086895049240133027e+00 -4.811703154175330788e+00
-1.086895049240133027e+00 -4.811703154175330788e+00 1.000000000000000000e+00 9.999000000000000110e-01 -1.570796326794896558e+00 -5.000000000000000000e+00
6.916249263442945938e-02 -3.371741652848792709e-02 2.000000000000000000e+00 1.000000000000000021e-08 -7.792813944618906530e-03 -7.695530657904836591e-01
-7.792813944618906530e-03 -7.695530657904836591e-01 2.000000000000000000e+00 1.000000000000000021e-08 -1.809321929931094752e-01 -1.731393790484905715e+00
-1.809321929931094752e-01 -1.731393790484905715e+00 2.000000000000000000e+00 1.000000000000000021e-08 -4.683226885335478595e-01 -2.873904955404383621e+00
-4.683226885335478595e-01 -2.873904955404383621e+00 0.000000000000000000e+00 1.000000000000000021e-08 -7.473784356137191942e-01 -2.790557470801713791e+00
-7.473784356137191942e-01 -2.790557470801713791e+00 0.000000000000000000e+00 1.000000000000000021e-08 -1.080481862382259184e+00 -3.331034267685400785e+00
-1.080481862382259184e+00 -3.331034267685400785e+00 1.000000000000000000e+00 1.000000000000000021e-08 -1.546002040086074558e+00 -4.655201777038152855e+00
-1.546002040086074558e+00 -4.655201777038152855e+00 1.000000000000000000e+00 9.999000000000000110e-01 -1.570796326794896558e+00 -5.000000000000000000e+00
-3.443814809894078094e-02 -4.614811462004819731e-03 2.000000000000000000e+00 1.000000000000000021e-08 -1.388315254365325990e-01 -1.043933773375918195e+00
-1.388315254365325990e-01 -1.043933773375918195e+00 0.000000000000000000e+00 1.000000000000000021e-08 -1.714173632852421525e-01 -3.258583784870954236e-01
-1.714173632852421525e-01 -3.258583784870954236e-01 1.000000000000000000e+00 1.000000000000000021e-08 -2.322873459438177246e-01 -6.086998265857557211e-01
-2.322873459438177246e-01 -6.086998265857557211e-01 1.000000000000000000e+00 1.000000000000000021e-08 -3.488086773414811326e-01 -1.165213313976634302e+00
-3.488086773414811326e-01 -1.165213313976634302e+00 1.000000000000000000e+00 1.000000000000000021e-08 -5.357649320344812782e-01 -1.869562546930000790e+00
-5.357649320344812782e-01 -1.869562546930000790e+00 2.000000000000000000e+00 1.000000000000000021e-08 -8.784102166077285556e-01 -3.426452845732472774e+00
-8.784102166077285556e-01 -3.426452845732472774e+00 2.000000000000000000e+00 1.000000000000000021e-08 -1.382444466192544130e+00 -5.000000000000000000e+00
-1.382444466192544130e+00 -5.000000000000000000e+00 0.000000000000000000e+00 9.999000000000000110e-01 -1.570796326794896558e+00 -5.000000000000000000e+00
4.355060687606833458e-04 2.215677141146153023e-02 2.000000000000000000e+00 1.000000000000000021e-08 -8.728036015289596106e-02 -8.771586622165663538e-01
-8.728036015289596106e-02 -8.771586622165663538e-01 0.000000000000000000e+00 1.000000000000000021e-08 -1.164490091840086478e-01 -2.916864903111268115e-01
-1.164490091840086478e-01 -2.916864903111268115e-01 2.000000000000000000e+00 1.000000000000000021e-08 -2.507334560308488447e-01 -1.342844468468401775e+00
-2.507334560308488447e-01 -1.342844468468401775e+00 1.000000000000000000e+00 1.000000000000000021e-08 -4.353448613768304276e-01 -1.846114053459815718e+00
-4.353448613768304276e-01 -1.846114053459815718e+00 0.000000000000000000e+00 1.000000000000000021e-08 -6.060451030250901816e-01 -1.707002416482597207e+00
-6.060451030250901816e-01 -1.707002416482597207e+00 0.000000000000000000e+00 1.000000000000000021e-08 -7.863351768865087799e-01 -1.802900738614186205e+00
-7.863351768865087799e-01 -1.802900738614186205e+00 1.000000000000000000e+00 1.000000000000000021e-08 -1.073482486794466784e+00 -2.871473099079580926e+00
-1.073482486794466784e+00 -2.871473099079580926e+00 2.000000000000000000e+00 1.000000000000000021e-08 -1.523024803078998124e+00 -4.495423162845312959e+00
-1.523024803078998124e+00 -4.495423162845312959e+00 2.000000000000000000e+00 9.999000000000000110e-01 -1.570796326794896558e+00 -5.000000000000000000e+00
6.054644095717796187e-02 1.849378869777115394e-02 1.000000000000000000e+00 1.000000000000000021e-08 5.785840320501722117e-02 -2.688037752160737578e-02
5.785840320501722117e-02 -2.688037752160737578e-02 1.000000000000000000e+00 1.000000000000000021e-08 6.332665293587853850e-02 5.468249730861320101e-02
6.332665293587853850e-02 5.468249730861320101e-02 1.000000000000000000e+00 1.000000000000000021e-08 9.194705365848859779e-02 2.862040072261006207e-01
9.194705365848859779e-02 2.862040072261006207e-01 1.000000000000000000e+00 1.000000000000000021e-08 1.235824597213649456e-01 3.163540606287635337e-01
1.235824597213649456e-01 3.163540606287635337e-01 0.000000000000000000e+00 1.000000000000000021e-08 2.603081184528041048e-01 1.367256587314391370e+00
2.603081184528041048e-01 1.367256587314391370e+00 2.000000000000000000e+00 1.000000000000000021e-08 3.510221282202544146e-01 9.071400976745032096e-01
3.510221282202544146e-01 9.071400976745032096e-01 1.000000000000000000e+00 1.000000000000000021e-08 5.071293651948263204e-01 1.561072369745719612e+00
5.071293651948263204e-01 1.561072369745719612e+00 1.000000000000000000e+00 1.000000000000000021e-08 7.488290680040671221e-01 2.416997028092408240e+00
7.488290680040671221e-01 2.416997028092408240e+00 0.000000000000000000e+00 1.000000000000000021e-08 1.165347304829986719e+00 4.165182368259195300e+00
1.165347304829986719e+00 4.165182368259195300e+00 0.000000000000000000e+00 9.999000000000000110e-01 1.570796326794896558e+00 5.000000000000000000e+00
6.622024753113768536e-02 5.930238182105900674e-02 0.000000000000000000e+00 1.000000000000000021e-08 1.758325503754886165e-01 1.096123028443509062e+00
1.758325503754886165e-01 1.096123028443509062e+00 2.000000000000000000e+00 1.000000000000000021e-08 2.438969896209020327e-01 6.806443924541341062e-01
2.438969896209020327e-01 6.806443924541341062e-01 2.000000000000000000e+00 1.000000000000000021e-08 2.743289444346070916e-01 3.043195481370504218e-01
2.743289444346070916e-01 3.043195481370504218e-01 1.000000000000000000e+00 1.000000000000000021e-08 3.600568465443005350e-01 8.572790210969344349e-01
3.600568465443005350e-01 8.572790210969344349e-01 1.000000000000000000e+00 1.000000000000000021e-08 5.164355132807688653e-01 1.563786667364682970e+00
5.164355132807688653e-01 1.563786667364682970e+00 2.000000000000000000e+00 1.000000000000000021e-08 6.928720262538591301e-01 1.764365129730902870e+00
6.928720262538591301e-01 1.764365129730902870e+00 0.000000000000000000e+00 1.000000000000000021e-08 1.033784266340010305e+00 3.409122400861510638e+00
1.033784266340010305e+00 3.409122400861510638e+00 2.000000000000000000e+00 1.000000000000000021e-08 1.457703539865522258e+00 4.239192735255119970e+00
1.457703539865522258e+00 4.239192735255119970e+00 2.000000000000000000e+00 9.999000000000000110e-01 1.570796326794896558e+00 5.000000000000000000e+00
-7.000745541353542434e-02 1.829800591692022985e-02 2.000000000000000000e+00 1.000000000000000021e-08 -1.507862946718048769e-01 -8.077883925826944145e-01
-1.507862946718048769e-01 -8.077883925826944145e-01 0.000000000000000000e+00 1.000000000000000021e-08 -1.628613236411342868e-01 -1.207502896932941550e-01
-1.628613236411342868e-01 -1.207502896932941550e-01 0.000000000000000000e+00 1.000000000000000021e-08 -1.170695781057911333e-01 4.579174553534315351e-01
-1.170695781057911333e-01 4.579174553534315351e-01 2.000000000000000000e+00 1.000000000000000021e-08 -1.712504634293358918e-01 -5.418088532354474740e-01
-1.712504634293358918e-01 -5.418088532354474740e-01 1.000000000000000000e+00 1.000000000000000021e-08 -2.468999576844030930e-01 -7.564949425506719560e-01
-2.468999576844030930e-01 -7.564949425506719560e-01 1.000000000000000000e+00 1.000000000000000021e-08 -3.664603979771726694e-01 -1.195604402927695986e+00
-3.664603979771726694e-01 -1.195604402927695986e+00 0.000000000000000000e+00 1.000000000000000021e-08 -4.524201888360370183e-01 -8.595979085886434889e-01
-4.524201888360370183e-01 -8.595979085886434889e-01 1.000000000000000000e+00 1.000000000000000021e-08 -5.958952389991312160e-01 -1.434750501630941422e+00
-5.958952389991312160e-01 -1.434750501630941422e+00 2.000000000000000000e+00 1.000000000000000021e-08 -9.044711355701786637e-01 -3.085758965710474921e+00
-9.044711355701786637e-01 -3.085758965710474921e+00 2.000000000000000000e+00 1.000000000000000021e-08 -1.380086226232398516e+00 -4.756150906622198526e+00
-1.380086226232398516e+00 -4.756150906622198526e+00 1.000000000000000000e+00 9.999000000000000110e-01 -1.570796326794896558e+00 -5.000000000000000000e+00
-3.558954212375563947e-02 -2.746313111203081692e-02 1.000000000000000000e+00 1.000000000000000021e-08 -5.909702862588310512e-02 -2.350748650212746149e-01
-5.909702862588310512e-02 -2.350748650212746149e-01 2.000000000000000000e+00 1.000000000000000021e-08 -1.650525598375814362e-01 -1.059555312116983172e+00
-1.650525598375814362e-01 -1.059555312116983172e+00 0.000000000000000000e+00 1.000000000000000021e-08 -2.156006193888012068e-01 -5.054805955121978167e-01
-2.156006193888012068e-01 -5.054805955121978167e-01 0.000000000000000000e+00 1.000000000000000021e-08 -2.017892936543040361e-01 1.381132573449715961e-01
-2.017892936543040361e-01 1.381132573449715961e-01 0.000000000000000000e+00 1.000000000000000021e-08 -1.214233998885934224e-01 8.036589376571060539e-01
-1.214233998885934224e-01 8.036589376571060539e-01 0.000000000000000000e+00 1.000000000000000021e-08 1.357196631713146473e-02 1.349953662057248760e+00
1.357196631713146473e-02 1.349953662057248760e+00 0.000000000000000000e+00 1.000000000000000021e-08 2.433636083333509670e-01 2.297916420162195106e+00
2.433636083333509670e-01 2.297916420162195106e+00 1.000000000000000000e+00 1.000000000000000021e-08 5.066816145274531946e-01 2.633180061941022387e+00
5.066816145274531946e-01 2.633180061941022387e+00 0.000000000000000000e+00 1.000000000000000021e-08 9.251337355024432663e-01 4.184521209749900272e+00
9.251337355024432663e-01 4.184521209749900272e+00 2.000000000000000000e+00 1.000000000000000021e-08 1.413584317590967920e+00 4.884505820885245875e+00
1.413584317590967920e+00 4.884505820885245875e+00 2.000000000000000000e+00 9.999000000000000110e-01 1.570796326794896558e+00 5.000000000000000000e+00
2.106712506895619397e-03 -3.891612297300980905e-02 2.000000000000000000e+00 1.000000000000000021e-08 -8.828508903641009431e-02 -9.039180154330570538e-01
-8.828508903641009431e-02 -9.039180154330570538e-01 1.000000000000000000e+00 1.000000000000000021e-08 -2.111434503128043483e-01 -1.228583612763942456e+00
-2.111434503128043483e-01 -1.228583612763942456e+00 1.000000000000000000e+00 1.000000000000000021e-08 -3.548731112541453347e-01 -1.437296609413409421e+00
-3.548731112541453347e-01 -1.437296609413409421e+00 1.000000000000000000e+00 1.000000000000000021e-08 -5.712778609779904926e-01 -2.164047497238450912e+00
-5.712778609779904926e-01 -2.164047497238450912e+00 0.000000000000000000e+00 1.000000000000000021e-08 -8.002402269577507665e-01 -2.289623659797602517e+00
-8.002402269577507665e-01 -2.289623659797602517e+00 0.000000000000000000e+00 1.000000000000000021e-08 -1.085224639530418589e+00 -2.849844125726677113e+00
-1.085224639530418589e+00 -2.849844125726677113e+00 2.000000000000000000e+00 1.000000000000000021e-08 -1.538238766158266380e+00 -4.530141266278477907e+00
-1.538238766158266380e+00 -4.530141266278477907e+00 1.000000000000000000e+00 9.999000000000000110e-01 -1.570796326794896558e+00 -5.000000000000000000e+00
6.628749437875566808e-02 8.216491337230306946e-02 0.000000000000000000e+00 1.000000000000000021e-08 1.622802021194145738e-01 9.599270774065890022e-01
1.622802021194145738e-01 9.599270774065890022e-01 0.000000000000000000e+00 1.000000000000000021e-08 3.725326153851643007e-01 2.102524132657497269e+00
3.725326153851643007e-01 2.102524132657497269e+00 2.000000000000000000e+00 1.000000000000000021e-08 5.722966493416615785e-01 1.997640339564972445e+00
5.722966493416615785e-01 1.997640339564972445e+00 2.000000000000000000e+00 1.000000000000000021e-08 7.861518010817584168e-01 2.138551517400968383e+00
7.861518010817584168e-01 2.138551517400968383e+00 1.000000000000000000e+00 1.000000000000000021e-08 1.100198175925667377e+00 3.140463748439089819e+00
1.100198175925667377e+00 3.140463748439089819e+00 1.000000000000000000e+00 1.000000000000000021e-08 1.547279507669995446e+00 4.470813317443280255e+00
1.547279507669995446e+00 4.470813317443280255e+00 1.000000000000000000e+00 9.999000000000000110e-01 1.570796326794896558e+00 5.000000000000000000e+00
3.126535938506987133e-02 -4.619261603183395792e-02 0.000000000000000000e+00 1.000000000000000021e-08 1.242834606891121269e-01 9.301810130404224441e-01
1.242834606891121269e-01 9.301810130404224441e-01 1.000000000000000000e+00 1.000000000000000021e-08 2.233381537918707194e-01 9.905469310275858419e-01
2.233381537918707194e-01 9.905469310275858419e-01 2.000000000000000000e+00 1.000000000000000021e-08 2.659273221180997737e-01 4.258916832622903215e-01
2.659273221180997737e-01 4.258916832622903215e-01 0.000000000000000000e+00 1.000000000000000021e-08 4.453546046143610493e-01 1.794272824962612756e+00
4.453546046143610493e-01 1.794272824962612756e+00 2.000000000000000000e+00 1.000000000000000021e-08 6.326156812092789128e-01 1.872610765949179079e+00
6.326156812092789128e-01 1.872610765949179079e+00 1.000000000000000000e+00 1.000000000000000021e-08 9.083939338205424541e-01 2.757782526112635857e+00
9.083939338205424541e-01 2.757782526112635857e+00 0.000000000000000000e+00 1.000000000000000021e-08 1.343089159085414597e+00 4.346952252648720538e+00
1.343089159085414597e+00 4.346952252648720538e+00 0.000000000000000000e+00 9.999000000000000110e-01 1.570796326794896558e+00 5.000000000000000000e+00
6.127821907499438753e-02 -3.143430941324367595e-02 0.000000000000000000e+00 1.000000000000000021e-08 1.470022003615640838e-01 8.572398128656969485e-01
1.470022003615640838e-01 8.572398128656969485e-01 0.000000000000000000e+00 1.000000000000000021e-08 3.609872570534171654e-01 2.139850566918530372e+00
3.609872570534171654e-01 2.139850566918530372e+00 2.000000000000000000e+00 1.000000000000000021e-08 5.616912799074473828e-01 2.007040228540302618e+00
5.616912799074473828e-01 2.007040228540302618e+00 0.000000000000000000e+00 1.000000000000000021e-08 9.170658062104020125e-01 3.553745263029546742e+00
9.170658062104020125e-01 3.553745263029546742e+00 0.000000000000000000e+00 1.000000000000000021e-08 1.439043109927728104e+00 5.000000000000000000e+00
1.439043109927728104e+00 5.000000000000000000e+00 1.000000000000000000e+00 9.999000000000000110e-01 1.570796326794896558e+00 5.000000000000000000e+00
7.025604601182922071e-02 5.114855058576863595e-02 1.000000000000000000e+00 1.000000000000000021e-08 9.007319333047127119e-02 1.981714731864204770e-01
9.007319333047127119e-02 1.981714731864204770e-01 1.000000000000000000e+00 1.000000000000000021e-08 1.133927405383212267e-01 2.331954720784995272e-01
1.133927405383212267e-01 2.331954720784995272e-01 2.000000000000000000e+00 1.000000000000000021e-08 6.293064662837152823e-02 -5.046209390994969013e-01
6.293064662837152823e-02 -5.046209390994969013e-01 1.000000000000000000e+00 1.000000000000000021e-08 2.345998579109803694e-02 -3.947066083727348573e-01
2.345998579109803694e-02 -3.947066083727348573e-01 1.000000000000000000e+00 1.000000000000000021e-08 -4.348141748455325306e-03 -2.780812753955336225e-01
-4.348141748455325306e-03 -2.780812753955336225e-01 1.000000000000000000e+00 1.000000000000000021e-08 -4.661617264916635694e-02 -4.226803090071102886e-01
-4.661617264916635694e-02 -4.226803090071102886e-01 0.000000000000000000e+00 1.000000000000000021e-08 -7.008094336104331301e-03 3.960807831306202287e-01
-7.008094336104331301e-03 3.960807831306202287e-01 0.000000000000000000e+00 1.000000000000000021e-08 1.135143764524353532e-01 1.205224707885396818e+00
1.135143764524353532e-01 1.205224707885396818e+00 1.000000000000000000e+00 1.000000000000000021e-08 2.511543651498437391e-01 1.376399886974083886e+00
2.511543651498437391e-01 1.376399886974083886e+00 2.000000000000000000e+00 1.000000000000000021e-08 3.358564303745839585e-01 8.470206522474023059e-01
3.358564303745839585e-01 8.470206522474023059e-01 0.000000000000000000e+00 1.000000000000000021e-08 5.432555471169461248e-01 2.073991167423621551e+00
5.432555471169461248e-01 2.073991167423621551e+00 2.000000000000000000e+00 1.000000000000000021e-08 7.700411333215938514e-01 2.267855862046476823e+00
7.700411333215938514e-01 2.267855862046476823e+00 1.000000000000000000e+00 1.000000000000000021e-08 1.110912006477630776e+00 3.408708731560369465e+00
1.110912006477630776e+00 3.408708731560369465e+00 1.000000000000000000e+00 9.999000000000000110e-01 1.570796326794896558e+00 4.633935146740566502e+00
-3.516423936009344109e-02 -6.866369004473929505e-02 0.000000000000000000e+00 1.000000000000000021e-08 2.461545422228503255e-02 5.977969358237846809e-01
2.461545422228503255e-02 5.977969358237846809e-01 2.000000000000000000e+00 1.000000000000000021e-08 -3.889736432174592529e-03 -2.850519065445962230e-01
-3.889736432174592529e-03 -2.850519065445962230e-01 0.000000000000000000e+00 1.000000000000000021e-08 3.754360951693549997e-02 4.143334594911008972e-01
3.754360951693549997e-02 4.143334594911008972e-01 0.000000000000000000e+00 1.000000000000000021e-08 1.668774997575148133e-01 1.293338902405793078e+00
1.668774997575148133e-01 1.293338902405793078e+00 0.000000000000000000e+00 1.000000000000000021e-08 4.202461202154329500e-01 2.533686204579181478e+00
4.202461202154329500e-01 2.533686204579181478e+00 0.000000000000000000e+00 1.000000000000000021e-08 8.183858842796952748e-01 3.981397640642622804e+00
8.183858842796952748e-01 3.981397640642622804e+00 0.000000000000000000e+00 1.000000000000000021e-08 1.372655022400882885e+00 5.000000000000000000e+00
1.372655022400882885e+00 5.000000000000000000e+00 0.000000000000000000e+00 9.999000000000000110e-01 1.570796326794896558e+00 5.000000000000000000e+00
6.014397122449949284e-02 8.500085471247467717e-02 2.000000000000000000e+00 1.000000000000000021e-08 -2.144527430814580082e-02 -8.158924553264528257e-01
-2.144527430814580082e-02 -8.158924553264528257e-01 0.000000000000000000e+00 1.000000000000000021e-08 -3.089910507303299594e-02 -9.453830764887194427e-02
-3.089910507303299594e-02 -9.453830764887194427e-02 1.000000000000000000e+00 1.000000000000000021e-08 -5.468272640223260928e-02 -2.378362132919961125e-01
-5.468272640223260928e-02 -2.378362132919961125e-01 2.000000000000000000e+00 1.000000000000000021e-08 -1.862830619837920754e-01 -1.316003355815594578e+00
-1.862830619837920754e-01 -1.316003355815594578e+00 0.000000000000000000e+00 1.000000000000000021e-08 -2.688664819973198838e-01 -8.258342001352778627e-01
-2.688664819973198838e-01 -8.258342001352778627e-01 1.000000000000000000e+00 1.000000000000000021e-08 -3.985546900756727906e-01 -1.296882080783529290e+00
-3.985546900756727906e-01 -1.296882080783529290e+00 0.000000000000000000e+00 1.000000000000000021e-08 -5.138532259913389799e-01 -1.152985359156662115e+00
-5.138532259913389799e-01 -1.152985359156662115e+00 0.000000000000000000e+00 1.000000000000000021e-08 -6.495542131134087738e-01 -1.357009871220697717e+00
-6.495542131134087738e-01 -1.357009871220697717e+00 0.000000000000000000e+00 1.000000000000000021e-08 -8.233265922735901743e-01 -1.737723791601813339e+00
-8.233265922735901743e-01 -1.737723791601813339e+00 2.000000000000000000e+00 1.000000000000000021e-08 -1.164018382522051365e+00 -3.406917902484612348e+00
-1.164018382522051365e+00 -3.406917902484612348e+00 2.000000000000000000e+00 9.999000000000000110e-01 -1.570796326794896558e+00 -5.000000000000000000e+00
-5.904489032356460138e-02 8.505073571342323946e-02 2.000000000000000000e+00 1.000000000000000021e-08 -1.455622567345901397e-01 -8.651736641102553138e-01
-1.455622567345901397e-01 -8.651736641102553138e-01 0.000000000000000000e+00 1.000000000000000021e-08 -1.781242246550955866e-01 -3.256196792050543021e-01
-1.781242246550955866e-01 -3.256196792050543021e-01 0.000000000000000000e+00 1.000000000000000021e-08 -1.490198897418118229e-01 2.910433491328375810e-01
-1.490198897418118229e-01 2.910433491328375810e-01 0.000000000000000000e+00 1.000000000000000021e-08 -7.516846119642224544e-02 7.385142854538957469e-01
-7.516846119642224544e-02 7.385142854538957469e-01 1.000000000000000000e+00 1.000000000000000021e-08 2.364891497027010736e-03 7.753335269344925340e-01
2.364891497027010736e-03 7.753335269344925340e-01 1.000000000000000000e+00 1.000000000000000021e-08 9.431636096919379653e-02 9.195146947216678024e-01
9.431636096919379653e-02 9.195146947216678024e-01 1.000000000000000000e+00 1.000000000000000021e-08 1.966985551672718324e-01 1.023821941980780359e+00
1.966985551672718324e-01 1.023821941980780359e+00 0.000000000000000000e+00 1.000000000000000021e-08 4.051764667555329824e-01 2.084779115882611222e+00
4.051764667555329824e-01 2.084779115882611222e+00 0.000000000000000000e+00 1.000000000000000021e-08 7.563140257973338665e-01 3.511375590418008397e+00
7.563140257973338665e-01 3.511375590418008397e+00 1.000000000000000000e+00 1.000000000000000021e-08 1.206472266302490270e+00 4.501582405051563818e+00
1.206472266302490270e+00 4.501582405051563818e+00 2.000000000000000000e+00 9.999000000000000110e-01 1.570796326794896558e+00 5.000000000000000000e+00
1.387786794163476528e-02 3.039075322454124622e-02 0.000000000000000000e+00 1.000000000000000021e-08 1.018818536000348218e-01 8.800398565840005238e-01
1.018818536000348218e-01 8.800398565840005238e-01 0.000000000000000000e+00 1.000000000000000021e-08 2.934392653152870234e-01 1.915574117152521794e+00
2.934392653152870234e-01 1.915574117152521794e+00 1.000000000000000000e+00 1.000000000000000021e-08 5.192038342305820287e-01 2.257645689152950386e+00
5.192038342305820287e-01 2.257645689152950386e+00 2.000000000000000000e+00 1.000000000000000021e-08 7.647348919674066270e-01 2.455310577368245983e+00
7.647348919674066270e-01 2.455310577368245983e+00 1.000000000000000000e+00 1.000000000000000021e-08 1.115599158266995961e+00 3.508642662995892891e+00
1.115599158266995961e+00 3.508642662995892891e+00 0.000000000000000000e+00 9.999000000000000110e-01 1.570796326794896558e+00 5.000000000000000000e+00
-3.277416112861912534e-03 6.811762541163571272e-02 2.000000000000000000e+00 1.000000000000000021e-08 -6.889787996602644848e-02 -6.562046385316452346e-01
-6.889787996602644848e-02 -6.562046385316452346e-01 2.000000000000000000e+00 1.000000000000000021e-08 -2.319696860398779148e-01 -1.630718060738514552e+00
-2.319696860398779148e-01 -1.630718060738514552e+00 0.000000000000000000e+00 1.000000000000000021e-08 -3.541861904300428465e-01 -1.222165043901649595e+00
-3.541861904300428465e-01 -1.222165043901649595e+00 2.000000000000000000e+00 1.000000000000000021e-08 -6.257079142783850134e-01 -2.715217238483421447e+00
-6.257079142783850134e-01 -2.715217238483421447e+00 0.000000000000000000e+00 1.000000000000000021e-08 -9.103063163788800427e-01 -2.845984021004949405e+00
-9.103063163788800427e-01 -2.845984021004949405e+00 1.000000000000000000e+00 1.000000000000000021e-08 -1.319719251038847796e+00 -4.094129346599677532e+00
-1.319719251038847796e+00 -4.094129346599677532e+00 0.000000000000000000e+00 9.999000000000000110e-01 -1.570796326794896558e+00 -5.000000000000000000e+00
1.177377420803576297e-02 2.248760566044956388e-02 1.000000000000000000e+00 1.000000000000000021e-08 3.455857030094018970e-03 -8.317917177941742957e-02
3.455857030094018970e-03 -8.317917177941742957e-02 0.000000000000000000e+00 1.000000000000000021e-08 7.621995764675106033e-02 7.276410061665704587e-01
7.621995764675106033e-02 7.276410061665704587e-01 0.000000000000000000e+00 1.000000000000000021e-08 2.595656511059238336e-01 1.833456934591727538e+00
2.595656511059238336e-01 1.833456934591727538e+00 2.000000000000000000e+00 1.000000000000000021e-08 3.947696994554558136e-01 1.352040483495320133e+00
3.947696994554558136e-01 1.352040483495320133e+00 2.000000000000000000e+00 1.000000000000000021e-08 5.068734769687768260e-01 1.121037775133209458e+00
5.068734769687768260e-01 1.121037775133209458e+00 2.000000000000000000e+00 1.000000000000000021e-08 6.392117406289197223e-01 1.323382636601428963e+00
6.392117406289197223e-01 1.323382636601428963e+00 2.000000000000000000e+00 1.000000000000000021e-08 8.064430693748112500e-01 1.672313287458915054e+00
8.064430693748112500e-01 1.672313287458915054e+00 1.000000000000000000e+00 1.000000000000000021e-08 1.080419755296778028e+00 2.739766859219668227e+00
1.080419755296778028e+00 2.739766859219668227e+00 2.000000000000000000e+00 1.000000000000000021e-08 1.448355127511133489e+00 3.679353722143553274e+00
1.448355127511133489e+00 3.679353722143553274e+00 0.000000000000000000e+00 9.999000000000000110e-01 1.570796326794896558e+00 5.000000000000000000e+00
-2.092568403832227586e-04 5.774669409838475292e-02 2.000000000000000000e+00 1.000000000000000021e-08 -7.009865846816773494e-02 -6.988940162778450871e-01
-7.009865846816773494e-02 -6.988940162778450871e-01 1.000000000000000000e+00 1.000000000000000021e-08 -1.449634227661951158e-01 -7.486476429802738641e-01
-1.449634227661951158e-01 -7.486476429802738641e-01 1.000000000000000000e+00 1.000000000000000021e-08 -2.580433089954150550e-01 -1.130798862292199614e+00
-2.580433089954150550e-01 -1.130798862292199614e+00 2.000000000000000000e+00 1.000000000000000021e-08 -4.888861657468430710e-01 -2.308428567514279717e+00
-4.888861657468430710e-01 -2.308428567514279717e+00 2.000000000000000000e+00 1.000000000000000021e-08 -8.715104134308144790e-01 -3.826242476839713635e+00
-8.715104134308144790e-01 -3.826242476839713635e+00 2.000000000000000000e+00 1.000000000000000021e-08 -1.415373724195396310e+00 -5.000000000000000000e+00
-1.415373724195396310e+00 -5.000000000000000000e+00 1.000000000000000000e+00 9.999000000000000110e-01 -1.570796326794896558e+00 -5.000000000000000000e+00
-3.477196649867475564e-02 -7.795551961813736164e-02 2.000000000000000000e+00 1.000000000000000021e-08 -1.197564432724446681e-01 -8.498447677376990139e-01
-1.197564432724446681e-01 -8.498447677376990139e-01 0.000000000000000000e+00 1.000000000000000021e-08 -1.401247303098328567e-01 -2.036828703738818858e-01
-1.401247303098328567e-01 -2.036828703738818858e-01 1.000000000000000000e+00 1.000000000000000021e-08 -1.916620260051291602e-01 -5.153729569529630350e-01
-1.916620260051291602e-01 -5.153729569529630350e-01 2.000000000000000000e+00 1.000000000000000021e-08 -3.573206346580941051e-01 -1.656586086529649338e+00
-3.573206346580941051e-01 -1.656586086529649338e+00 1.000000000000000000e+00 1.000000000000000021e-08 -5.843274816533045035e-01 -2.270068469952104095e+00
-5.843274816533045035e-01 -2.270068469952104095e+00 0.000000000000000000e+00 1.000000000000000021e-08 -8.235766762084336667e-01 -2.392491945551291632e+00
-8.235766762084336667e-01 -2.392491945551291632e+00 0.000000000000000000e+00 1.000000000000000021e-08 -1.117340506664043387e+00 -2.937638304556096536e+00
-1.117340506664043387e+00 -2.937638304556096536e+00 1.000000000000000000e+00 1.000000000000000021e-08 -1.542974665550981062e+00 -4.256341588869377190e+00
-1.542974665550981062e+00 -4.256341588869377190e+00 1.000000000000000000e+00 9.999000000000000110e-01 -1.570796326794896558e+00 -5.000000000000000000e+00
-3.600783511768877038e-03 -4.866780571370811492e-02 2.000000000000000000e+00 1.000000000000000021e-08 -1.016748516044291423e-01 -9.807406809266026038e-01
-1.016748516044291423e-01 -9.807406809266026038e-01 1.000000000000000000e+00 1.000000000000000021e-08 -2.063297617356100178e-01 -1.046549101311808894e+00
-2.063297617356100178e-01 -1.046549101311808894e+00 1.000000000000000000e+00 1.000000000000000021e-08 -3.396907011551815181e-01 -1.333609394195714781e+00
-3.396907011551815181e-01 -1.333609394195714781e+00 2.000000000000000000e+00 1.000000000000000021e-08 -6.111667617983282952e-01 -2.714760606431466883e+00
-6.111667617983282952e-01 -2.714760606431466883e+00 1.000000000000000000e+00 1.000000000000000021e-08 -9.781970309537568742e-01 -3.670302691554285346e+00
-9.781970309537568742e-01 -3.670302691554285346e+00 2.000000000000000000e+00 1.000000000000000021e-08 -1.500629398395830538e+00 -5.000000000000000000e+00
-1.500629398395830538e+00 -5.000000000000000000e+00 0.000000000000000000e+00 9.999000000000000110e-01 -1.570796326794896558e+00 -5.000000000000000000e+00
-2.715549193480892159e-02 4.674697133037922919e-02 2.000000000000000000e+00 1.000000000000000021e-08 -1.061191413853103394e-01 -7.896364945050140527e-01
-1.061191413853103394e-01 -7.896364945050140527e-01 2.000000000000000000e+00 1.000000000000000021e-08 -3.047914042268162205e-01 -1.986722628415058756e+00
-3.047914042268162205e-01 -1.986722628415058756e+00 0.000000000000000000e+00 1.000000000000000021e-08 -4.733247262161403568e-01 -1.685333219893241141e+00
-4.733247262161403568e-01 -1.685333219893241141e+00 1.000000000000000000e+00 1.000000000000000021e-08 -7.113211308524660659e-01 -2.379964046363256536e+00
-7.113211308524660659e-01 -2.379964046363256536e+00 0.000000000000000000e+00 1.000000000000000021e-08 -9.821221992611199880e-01 -2.708010684086539666e+00
-9.821221992611199880e-01 -2.708010684086539666e+00 2.000000000000000000e+00 1.000000000000000021e-08 -1.422212164619226504e+00 -4.400899653581065607e+00
-1.422212164619226504e+00 -4.400899653581065607e+00 0.000000000000000000e+00 9.999000000000000110e-01 -1.570796326794896558e+00 -5.000000000000000000e+00
7.431935595693045515e-02 4.517329992215128598e-02 1.000000000000000000e+00 1.000000000000000021e-08 7.969781844461752696e-02 5.378462487687065557e-02
7.969781844461752696e-02 5.378462487687065557e-02 1.000000000000000000e+00 1.000000000000000021e-08 1.077915043148197916e-01 2.809368587020226737e-01
1.077915043148197916e-01 2.809368587020226737e-01 2.000000000000000000e+00 1.000000000000000021e-08 5.533819969931583899e-02 -5.245330461550394840e-01
5.533819969931583899e-02 -5.245330461550394840e-01 2.000000000000000000e+00 1.000000000000000021e-08 -6.241760295935051134e-02 -1.177558026586663420e+00
-6.241760295935051134e-02 -1.177558026586663420e+00 0.000000000000000000e+00 1.000000000000000021e-08 -1.033097346912383863e-01 -4.089213173188788186e-01
-1.033097346912383863e-01 -4.089213173188788186e-01 1.000000000000000000e+00 1.000000000000000021e-08 -1.590269540775533508e-01 -5.571721938631495341e-01
-1.590269540775533508e-01 -5.571721938631495341e-01 1.000000000000000000e+00 1.000000000000000021e-08 -2.522009478088519385e-01 -9.317399373129859885e-01
-2.522009478088519385e-01 -9.317399373129859885e-01 2.000000000000000000e+00 1.000000000000000021e-08 -4.860143110397983079e-01 -2.338133632309463472e+00
-4.860143110397983079e-01 -2.338133632309463472e+00 1.000000000000000000e+00 1.000000000000000021e-08 -8.047592082596061180e-01 -3.187448972198077879e+00
-8.047592082596061180e-01 -3.187448972198077879e+00 2.000000000000000000e+00 1.000000000000000021e-08 -1.280769395294580892e+00 -4.760101870349746633e+00
-1.280769395294580892e+00 -4.760101870349746633e+00 2.000000000000000000e+00 9.999000000000000110e-01 -1.570796326794896558e+00 -5.000000000000000000e+00
4.163757552881398871e-02 -4.667794149140373078e-02 2.000000000000000000e+00 1.000000000000000021e-08 -2.851025621887924577e-02 -7.014783174769323448e-01
-2.851025621887924577e-02 -7.014783174769323448e-01 1.000000000000000000e+00 1.000000000000000021e-08 -1.204562657332470532e-01 -9.194600951436779912e-01
-1.204562657332470532e-01 -9.194600951436779912e-01 0.000000000000000000e+00 1.000000000000000021e-08 -1.363884632221301074e-01 -1.593219748888304865e-01
-1.363884632221301074e-01 -1.593219748888304865e-01 0.000000000000000000e+00 1.000000000000000021e-08 -7.396899587729774406e-02 6.241946734483235781e-01
-7.396899587729774406e-02 6.241946734483235781e-01 0.000000000000000000e+00 1.000000000000000021e-08 5.566893793162272508e-02 1.296379338089204580e+00
5.566893793162272508e-02 1.296379338089204580e+00 2.000000000000000000e+00 1.000000000000000021e-08 1.012942854126578085e-01 4.562534748103507232e-01
1.012942854126578085e-01 4.562534748103507232e-01 0.000000000000000000e+00 1.000000000000000021e-08 2.471334362858067790e-01 1.458391508731489594e+00
2.471334362858067790e-01 1.458391508731489594e+00 1.000000000000000000e+00 1.000000000000000021e-08 4.188121039037990823e-01 1.716786676179922644e+00
4.188121039037990823e-01 1.716786676179922644e+00 0.000000000000000000e+00 1.000000000000000021e-08 7.468820128343567344e-01 3.280699089305576521e+00
7.468820128343567344e-01 3.280699089305576521e+00 0.000000000000000000e+00 1.000000000000000021e-08 1.232421074913538472e+00 4.855390620791816936e+00
1.232421074913538472e+00 4.855390620791816936e+00 1.000000000000000000e+00 9.999000000000000110e-01 1.570796326794896558e+00 5.000000000000000000e+00
1.395693671066454075e-02 8.174933884838266052e-02 0.000000000000000000e+00 1.000000000000000021e-08 1.101194353728233988e-01 9.616249866215884623e-01
1.101194353728233988e-01 9.616249866215884623e-01 1.000000000000000000e+00 1.000000000000000021e-08 2.142360620864197096e-01 1.041166267135963164e+00
2.142360620864197096e-01 1.041166267135963164e+00 0.000000000000000000e+00 1.000000000000000021e-08 4.275184538533538525e-01 2.132823917669341540e+00
4.275184538533538525e-01 2.132823917669341540e+00 1.000000000000000000e+00 1.000000000000000021e-08 6.937567484267693763e-01 2.662382945734155015e+00
6.937567484267693763e-01 2.662382945734155015e+00 2.000000000000000000e+00 1.000000000000000021e-08 1.003631169069610252e+00 3.098744206428407200e+00
1.003631169069610252e+00 3.098744206428407200e+00 2.000000000000000000e+00 1.000000000000000021e-08 1.386648188079671939e+00 3.830170190100617766e+00
1.386648188079671939e+00 3.830170190100617766e+00 1.000000000000000000e+00 9.999000000000000110e-01 1.570796326794896558e+00 5.000000000000000000e+00
-6.659987422811655677e-02 1.312752884864945568e-02 1.000000000000000000e+00 1.000000000000000021e-08 -9.250443858861209789e-02 -2.590456436049554112e-01
-9.250443858861209789e-02 -2.590456436049554112e-01 1.000000000000000000e+00 1.000000000000000021e-08 -1.198596515646899868e-01 -2.735521297607788616e-01
-1.198596515646899868e-01 -2.735521297607788616e-01 0.000000000000000000e+00 1.000000000000000021e-08 -7.916373244755986471e-02 4.069591911713011378e-01
-7.916373244755986471e-02 4.069591911713011378e-01 2.000000000000000000e+00 1.000000000000000021e-08 -1.530010939454534702e-01 -7.383736149789361658e-01
-1.530010939454534702e-01 -7.383736149789361658e-01 1.000000000000000000e+00 1.000000000000000021e-08 -2.687019797787563724e-01 -1.157008858333028911e+00
-2.687019797787563724e-01 -1.157008858333028911e+00 1.000000000000000000e+00 1.000000000000000021e-08 -4.310161715830977958e-01 -1.623141918043414123e+00
-4.310161715830977958e-01 -1.623141918043414123e+00 2.000000000000000000e+00 1.000000000000000021e-08 -7.333626385034266448e-01 -3.023464669203288935e+00
-7.333626385034266448e-01 -3.023464669203288935e+00 0.000000000000000000e+00 1.000000000000000021e-08 -1.068250360251645326e+00 -3.348877217482186364e+00
-1.068250360251645326e+00 -3.348877217482186364e+00 2.000000000000000000e+00 1.000000000000000021e-08 -1.561775441954788679e+00 -4.935250817031433535e+00
-1.561775441954788679e+00 -4.935250817031433535e+00 2.000000000000000000e+00 9.999000000000000110e-01 -1.570796326794896558e+00 -5.000000000000000000e+00
7.578826682367861833e-02 -3.179940540369300545e-02 1.000000000000000000e+00 1.000000000000000021e-08 9.668389801571874997e-02 2.089563119204013719e-01
9.668389801571874997e-02 2.089563119204013719e-01 0.000000000000000000e+00 1.000000000000000021e-08 2.269595544887345884e-01 1.302756564730158217e+00
2.269595544887345884e-01 1.302756564730158217e+00 1.000000000000000000e+00 1.000000000000000021e-08 3.822447895634629167e-01 1.552852350747283117e+00
3.822447895634629167e-01 1.552852350747283117e+00 0.000000000000000000e+00 1.000000000000000021e-08 6.714852359769541978e-01 2.892404464134912701e+00
6.714852359769541978e-01 2.892404464134912701e+00 0.000000000000000000e+00 1.000000000000000021e-08 1.127771395330231741e+00 4.562861593532774762e+00
1.127771395330231741e+00 4.562861593532774762e+00 0.000000000000000000e+00 9.999000000000000110e-01 1.570796326794896558e+00 5.000000000000000000e+00
7.902202143916589594e-02 6.465893023070838630e-02 0.000000000000000000e+00 1.000000000000000021e-08 1.742235026094922923e-01 9.520148117032639634e-01
1.742235026094922923e-01 9.520148117032639634e-01 0.000000000000000000e+00 1.000000000000000021e-08 3.909927606456471416e-01 2.167692580361548771e+00
3.909927606456471416e-01 2.167692580361548771e+00 1.000000000000000000e+00 1.000000000000000021e-08 6.638529361343578072e-01 2.728601754887106434e+00
6.638529361343578072e-01 2.728601754887106434e+00 0.000000000000000000e+00 1.000000000000000021e-08 1.084495290634210907e+00 4.206423544998529884e+00
1.084495290634210907e+00 4.206423544998529884e+00 0.000000000000000000e+00 9.999000000000000110e-01 1.570796326794896558e+00 5.000000000000000000e+00
5.977381935621745024e-02 -7.199348151671153273e-02 0.000000000000000000e+00 1.000000000000000021e-08 1.616106121570385357e-01 1.018367928008210743e+00
1.616106121570385357e-01 1.018367928008210743e+00 2.000000000000000000e+00 1.000000000000000021e-08 1.907960659155575334e-01 2.918545375851899770e-01
1.907960659155575334e-01 2.918545375851899770e-01 0.000000000000000000e+00 1.000000000000000021e-08 3.406120044372669686e-01 1.498159385217094242e+00
3.406120044372669686e-01 1.498159385217094242e+00 2.000000000000000000e+00 1.000000000000000021e-08 4.609303341024918454e-01 1.203183296652248657e+00
4.609303341024918454e-01 1.203183296652248657e+00 0.000000000000000000e+00 1.000000000000000021e-08 7.431008917967997229e-01 2.821705576943078775e+00
7.431008917967997229e-01 2.821705576943078775e+00 0.000000000000000000e+00 1.000000000000000021e-08 1.198191782965933427e+00 4.550908911691338155e+00
1.198191782965933427e+00 4.550908911691338155e+00 2.000000000000000000e+00 9.999000000000000110e-01 1.570796326794896558e+00 5.000000000000000000e+00
-7.864464803596650511e-02 2.431452364480552256e-02 0.000000000000000000e+00 1.000000000000000021e-08 1.549266513507419063e-02 9.413731317104069296e-01
1.549266513507419063e-02 9.413731317104069296e-01 0.000000000000000000e+00 1.000000000000000021e-08 2.178237539680265566e-01 2.023310888329523660e+00
2.178237539680265566e-01 2.023310888329523660e+00 1.000000000000000000e+00 1.000000000000000021e-08 4.715941644031070856e-01 2.537704104350805068e+00
4.715941644031070856e-01 2.537704104350805068e+00 0.000000000000000000e+00 1.000000000000000021e-08 8.595342631213103157e-01 3.879400987182032079e+00
8.595342631213103157e-01 3.879400987182032079e+00 0.000000000000000000e+00 1.000000000000000021e-08 1.412365448663414735e+00 5.000000000000000000e+00
1.412365448663414735e+00 5.000000000000000000e+00 2.000000000000000000e+00 9.999000000000000110e-01 1.570796326794896558e+00 5.000000000000000000e+00
7.606256908413046303e-02 1.587357460488374172e-03 2.000000000000000000e+00 1.000000000000000021e-08 1.397016606526001181e-02 -6.209240301887044566e-01
1.397016606526001181e-02 -6.209240301887044566e-01 0.000000000000000000e+00 1.000000000000000021e-08 3.335224876013230533e-02 1.938208269487229352e-01
3.335224876013230533e-02 1.938208269487229352e-01 2.000000000000000000e+00 1.000000000000000021e-08 -1.595208183435718741e-02 -4.930433059448948718e-01
-1.595208183435718741e-02 -4.930433059448948718e-01 0.000000000000000000e+00 1.000000000000000021e-08 1.088163503034733984e-02 2.683371686470452655e-01
1.088163503034733984e-02 2.683371686470452655e-01 0.000000000000000000e+00 1.000000000000000021e-08 1.175428543330143683e-01 1.066612193026670319e+00
1.175428543330143683e-01 1.066612193026670319e+00 0.000000000000000000e+00 1.000000000000000021e-08 3.194356145890394627e-01 2.018927602560250723e+00
3.194356145890394627e-01 2.018927602560250723e+00 2.000000000000000000e+00 1.000000000000000021e-08 4.738806856562691738e-01 1.544450710672296889e+00
4.738806856562691738e-01 1.544450710672296889e+00 0.000000000000000000e+00 1.000000000000000021e-08 7.648793205139186036e-01 2.909986348576494297e+00
7.648793205139186036e-01 2.909986348576494297e+00 1.000000000000000000e+00 1.000000000000000021e-08 1.150951689874783135e+00 3.860723693608645313e+00
1.150951689874783135e+00 3.860723693608645313e+00 2.000000000000000000e+00 9.999000000000000110e-01 1.570796326794896558e+00 4.840100668760901392e+00
-4.247478401760390598e-02 4.169099962926300224e-03 1.000000000000000000e+00 1.000000000000000021e-08 -6.699430921869158062e-02 -2.451952520108767464e-01
-6.699430921869158062e-02 -2.451952520108767464e-01 2.000000000000000000e+00 1.000000000000000021e-08 -1.846133541601005512e-01 -1.176190449414089789e+00
-1.846133541601005512e-01 -1.176190449414089789e+00 1.000000000000000000e+00 1.000000000000000021e-08 -3.216939102653365579e-01 -1.370805561052360177e+00
-3.216939102653365579e-01 -1.370805561052360177e+00 1.000000000000000000e+00 1.000000000000000021e-08 -5.221420780217214119e-01 -2.004481677563848319e+00
-5.221420780217214119e-01 -2.004481677563848319e+00 1.000000000000000000e+00 1.000000000000000021e-08 -8.077958135309812882e-01 -2.856537355092597874e+00
-8.077958135309812882e-01 -2.856537355092597874e+00 2.000000000000000000e+00 1.000000000000000021e-08 -1.260502585379196239e+00 -4.527067718482149061e+00
-1.260502585379196239e+00 -4.527067718482149061e+00 1.000000000000000000e+00 9.999000000000000110e-01 -1.570796326794896558e+00 -5.000000000000000000e+00
1.676632852912703087e-02 -2.697994202765404553e-02 0.000000000000000000e+00 1.000000000000000021e-08 1.077548013796183063e-01 9.098847285049127542e-01
1.077548013796183063e-01 9.098847285049127542e-01 2.000000000000000000e+00 1.000000000000000021e-08 1.390182591546423319e-01 3.126345777502402834e-01
1.390182591546423319e-01 3.126345777502402834e-01 1.000000000000000000e+00 1.000000000000000021e-08 1.944233485556599306e-01 5.540508940101759316e-01
1.944233485556599306e-01 5.540508940101759316e-01 2.000000000000000000e+00 1.000000000000000021e-08 2.011908566055084224e-01 6.767508049848486307e-02
2.011908566055084224e-01 6.767508049848486307e-02 1.000000000000000000e+00 1.000000000000000021e-08 2.331997151747817187e-01 3.200885856927327966e-01
2.331997151747817187e-01 3.200885856927327966e-01 1.000000000000000000e+00 1.000000000000000021e-08 2.973070525250066654e-01 6.410733735022494661e-01
2.973070525250066654e-01 6.410733735022494661e-01 1.000000000000000000e+00 1.000000000000000021e-08 4.218241495825658660e-01 1.245170970575591785e+00
4.218241495825658660e-01 1.245170970575591785e+00 2.000000000000000000e+00 1.000000000000000021e-08 5.256837789542072592e-01 1.038596293716414154e+00
5.256837789542072592e-01 1.038596293716414154e+00 0.000000000000000000e+00 1.000000000000000021e-08 7.797424440557778613e-01 2.540586651015706465e+00
7.797424440557778613e-01 2.540586651015706465e+00 0.000000000000000000e+00 1.000000000000000021e-08 1.191722640499757624e+00 4.119801964439796294e+00
1.191722640499757624e+00 4.119801964439796294e+00 0.000000000000000000e+00 9.999000000000000110e-01 1.570796326794896558e+00 5.000000000000000000e+00
-2.352710609012646087e-02 3.093611754882147694e-02 1.000000000000000000e+00 1.000000000000000021e-08 -3.983985487643813828e-02 -1.631274878631167602e-01
-3.983985487643813828e-02 -1.631274878631167602e-01 0.000000000000000000e+00 1.000000000000000021e-08 2.000510484121979793e-02 5.984495971765793065e-01
2.000510484121979793e-02 5.984495971765793065e-01 2.000000000000000000e+00 1.000000000000000021e-08 7.423391078367921198e-03 -1.258171376285187604e-01
7.423391078367921198e-03 -1.258171376285187604e-01 1.000000000000000000e+00 1.000000000000000021e-08 2.114412363761287127e-03 -5.308978714606633897e-02
2.114412363761287127e-03 -5.308978714606633897e-02 1.000000000000000000e+00 1.000000000000000021e-08 3.972096634492229203e-03 1.857684270730941556e-02
3.972096634492229203e-03 1.857684270730941556e-02 0.000000000000000000e+00 1.000000000000000021e-08 8.970523017864574788e-02 8.573313354415350585e-01
8.970523017864574788e-02 8.573313354415350585e-01 0.000000000000000000e+00 1.000000000000000021e-08 2.823103375882886068e-01 1.926051074096428284e+00
2.823103375882886068e-01 1.926051074096428284e+00 0.000000000000000000e+00 1.000000000000000021e-08 6.121089902478937805e-01 3.297986526596051515e+00
6.121089902478937805e-01 3.297986526596051515e+00 2.000000000000000000e+00 1.000000000000000021e-08 9.476399671989550466e-01 3.355309769510612661e+00
9.476399671989550466e-01 3.355309769510612661e+00 1.000000000000000000e+00 1.000000000000000021e-08 1.396205646310956672e+00 4.485656791120015363e+00
1.396205646310956672e+00 4.485656791120015363e+00 1.000000000000000000e+00 9.999000000000000110e-01 1.570796326794896558e+00 5.000000000000000000e+00
-2.813798276269168300e-02 1.138713971687835627e-02 0.000000000000000000e+00 1.000000000000000021e-08 5.328752769378942988e-02 8.142551045648109831e-01
5.328752769378942988e-02 8.142551045648109831e-01 1.000000000000000000e+00 1.000000000000000021e-08 1.528150883618832334e-01 9.952756066809380631e-01
1.528150883618832334e-01 9.952756066809380631e-01 1.000000000000000000e+00 1.000000000000000021e-08 2.795248797789998685e-01 1.267097914171166462e+00
2.795248797789998685e-01 1.267097914171166462e+00 2.000000000000000000e+00 1.000000000000000021e-08 3.681600404200463528e-01 8.863516064104650649e-01
3.681600404200463528e-01 8.863516064104650649e-01 2.000000000000000000e+00 1.000000000000000021e-08 4.459082069173179730e-01 7.774816649727162021e-01
4.459082069173179730e-01 7.774816649727162021e-01 0.000000000000000000e+00 1.000000000000000021e-08 6.719604963302392431e-01 2.260522894129211924e+00
6.719604963302392431e-01 2.260522894129211924e+00 1.000000000000000000e+00 1.000000000000000021e-08 9.994960899628841933e-01 3.275355936326448614e+00
9.994960899628841933e-01 3.275355936326448614e+00 1.000000000000000000e+00 1.000000000000000021e-08 1.449434292070745256e+00 4.499382021078610627e+00
1.449434292070745256e+00 4.499382021078610627e+00 1.000000000000000000e+00 9.999000000000000110e-01 1.570796326794896558e+00 5.000000000000000000e+00
7.827309583447733532e-02 -5.542547344035199386e-02 1.000000000000000000e+00 1.000000000000000021e-08 9.696343686137745554e-02 1.869034102690012578e-01
9.696343686137745554e-02 1.869034102690012578e-01 2.000000000000000000e+00 1.000000000000000021e-08 4.251133318906268749e-02 -5.445210367231476667e-01
4.251133318906268749e-02 -5.445210367231476667e-01 2.000000000000000000e+00 1.000000000000000021e-08 -8.834538051663126668e-02 -1.308567137056939611e+00
-8.834538051663126668e-02 -1.308567137056939611e+00 0.000000000000000000e+00 1.000000000000000021e-08 -1.326392654079428801e-01 -4.429388489131160789e-01
-1.326392654079428801e-01 -4.429388489131160789e-01 2.000000000000000000e+00 1.000000000000000021e-08 -2.796742193488255257e-01 -1.470349539408826178e+00
-2.796742193488255257e-01 -1.470349539408826178e+00 2.000000000000000000e+00 1.000000000000000021e-08 -5.616661349885425647e-01 -2.819919156397169946e+00
-5.616661349885425647e-01 -2.819919156397169946e+00 2.000000000000000000e+00 1.000000000000000021e-08 -1.003392021020041991e+00 -4.417258860314994706e+00
-1.003392021020041991e+00 -4.417258860314994706e+00 2.000000000000000000e+00 9.999000000000000110e-01 -1.570796326794896558e+00 -5.000000000000000000e+00
-3.622892804824283386e-02 -8.439987170098788710e-03 0.000000000000000000e+00 1.000000000000000021e-08 2.849562262640893684e-02 6.472455067465177070e-01
2.849562262640893684e-02 6.472455067465177070e-01 2.000000000000000000e+00 1.000000000000000021e-08 1.653942976410555099e-02 -1.195619286230338307e-01
1.653942976410555099e-02 -1.195619286230338307e-01 0.000000000000000000e+00 1.000000000000000021e-08 9.331112054066026396e-02 7.677169077655470186e-01
9.331112054066026396e-02 7.677169077655470186e-01 0.000000000000000000e+00 1.000000000000000021e-08 2.584765362493550711e-01 1.651654157086947627e+00
2.584765362493550711e-01 1.651654157086947627e+00 1.000000000000000000e+00 1.000000000000000021e-08 4.572528014109122907e-01 1.987762651615571974e+00
4.572528014109122907e-01 1.987762651615571974e+00 0.000000000000000000e+00 1.000000000000000021e-08 8.140573468002501034e-01 3.568045453893377239e+00
8.140573468002501034e-01 3.568045453893377239e+00 1.000000000000000000e+00 1.000000000000000021e-08 1.274127337142952232e+00 4.600699903427019954e+00
1.274127337142952232e+00 4.600699903427019954e+00 1.000000000000000000e+00 9.999000000000000110e-01 1.570796326794896558e+00 5.000000000000000000e+00
1.823429945157254220e-02 6.045792440563629855e-02 0.000000000000000000e+00 1.000000000000000021e-08 1.008351225975740728e-01 8.260082314600152298e-01
1.008351225975740728e-01 8.260082314600152298e-01 1.000000000000000000e+00 1.000000000000000021e-08 2.153951941460909292e-01 1.145600715485168619e+00
2.153951941460909292e-01 1.145600715485168619e+00 2.000000000000000000e+00 1.000000000000000021e-08 2.771863576951698049e-01 6.179116354907885356e-01
2.771863576951698049e-01 6.179116354907885356e-01 2.000000000000000000e+00 1.000000000000000021e-08 2.952445866638853667e-01 1.805822896871556726e-01
2.952445866638853667e-01 1.805822896871556726e-01 2.000000000000000000e+00 1.000000000000000021e-08 2.876861579072755304e-01 -7.558428756609825161e-02
2.876861579072755304e-01 -7.558428756609825161e-02 1.000000000000000000e+00 1.000000000000000021e-08 3.214222682665943132e-01 3.373611035931879942e-01
3.214222682665943132e-01 3.373611035931879942e-01 0.000000000000000000e+00 1.000000000000000021e-08 4.752034875346701215e-01 1.537812192680758194e+00
4.752034875346701215e-01 1.537812192680758194e+00 1.000000000000000000e+00 1.000000000000000021e-08 7.030132948855086772e-01 2.278098073508385557e+00
7.030132948855086772e-01 2.278098073508385557e+00 0.000000000000000000e+00 1.000000000000000021e-08 1.096747075380188452e+00 3.937337804946798858e+00
1.096747075380188452e+00 3.937337804946798858e+00 1.000000000000000000e+00 9.999000000000000110e-01 1.570796326794896558e+00 5.000000000000000000e+00
2.286436659712644953e-02 8.244626735487382840e-02 0.000000000000000000e+00 1.000000000000000021e-08 1.170376917349807144e-01 9.417332513785424686e-01
1.170376917349807144e-01 9.417332513785424686e-01 1.000000000000000000e+00 1.000000000000000021e-08 2.388538566756564230e-01 1.218161649406757086e+00
2.388538566756564230e-01 1.218161649406757086e+00 2.000000000000000000e+00 1.000000000000000021e-08 3.303864046416905564e-01 9.153254796603409460e-01
3.303864046416905564e-01 9.153254796603409460e-01 0.000000000000000000e+00 1.000000000000000021e-08 5.686348799355191996e-01 2.382484752938286654e+00
5.686348799355191996e-01 2.382484752938286654e+00 2.000000000000000000e+00 1.000000000000000021e-08 8.127257872447061215e-01 2.440909073091869441e+00
8.127257872447061215e-01 2.440909073091869441e+00 0.000000000000000000e+00 1.000000000000000021e-08 1.227945094519419023e+00 4.152193072747127900e+00
1.227945094519419023e+00 4.152193072747127900e+00 2.000000000000000000e+00 9.999000000000000110e-01 1.570796326794896558e+00 5.000000000000000000e+00
6.593381809186214804e-02 4.527855488281794238e-02 0.000000000000000000e+00 1.000000000000000021e-08 1.749968963563444668e-01 1.090630782644822938e+00
1.749968963563444668e-01 1.090630782644822938e+00 1.000000000000000000e+00 1.000000000000000021e-08 3.048327680340697787e-01 1.298358716777253008e+00
3.048327680340697787e-01 1.298358716777253008e+00 0.000000000000000000e+00 1.000000000000000021e-08 5.564429083039333923e-01 2.516101402698636136e+00
5.564429083039333923e-01 2.516101402698636136e+00 2.000000000000000000e+00 1.000000000000000021e-08 8.141458688243053965e-01 2.577029605203720042e+00
8.141458688243053965e-01 2.577029605203720042e+00 2.000000000000000000e+00 1.000000000000000021e-08 1.122605393443604438e+00 3.084595246192991524e+00
1.122605393443604438e+00 3.084595246192991524e+00 0.000000000000000000e+00 9.999000000000000110e-01 1.570796326794896558e+00 4.669714917902486384e+00
-7.537793587217411773e-02 2.922726256241051437e-02 2.000000000000000000e+00 1.000000000000000021e-08 -1.823079057676646741e-01 -1.069299698954905509e+00
-1.823079057676646741e-01 -1.069299698954905509e+00 0.000000000000000000e+00 1.000000000000000021e-08 -2.414317121362173080e-01 -5.912380636855263383e-01
-2.414317121362173080e-01 -5.912380636855263383e-01 0.000000000000000000e+00 1.000000000000000021e-08 -2.701722582689720098e-01 -2.874054613275468517e-01
-2.701722582689720098e-01 -2.874054613275468517e-01 0.000000000000000000e+00 1.000000000000000021e-08 -2.728406823718649843e-01 -2.668424102892985594e-02
-2.728406823718649843e-01 -2.668424102892985594e-02 1.000000000000000000e+00 1.000000000000000021e-08 -3.124772502087501125e-01 -3.963656783688511154e-01
-3.124772502087501125e-01 -3.963656783688511154e-01 1.000000000000000000e+00 1.000000000000000021e-08 -4.000593664696280305e-01 -8.758211626087794022e-01
-4.000593664696280305e-01 -8.758211626087794022e-01 0.000000000000000000e+00 1.000000000000000021e-08 -4.610495552317742107e-01 -6.099018876214615803e-01
-4.610495552317742107e-01 -6.099018876214615803e-01 2.000000000000000000e+00 1.000000000000000021e-08 -6.738486417520033189e-01 -2.127990865202291193e+00
-6.738486417520033189e-01 -2.127990865202291193e+00 0.000000000000000000e+00 1.000000000000000021e-08 -9.180992840020236745e-01 -2.442506422500203556e+00
-9.180992840020236745e-01 -2.442506422500203556e+00 2.000000000000000000e+00 1.000000000000000021e-08 -1.326165921964288952e+00 -4.080666379622652329e+00
-1.326165921964288952e+00 -4.080666379622652329e+00 2.000000000000000000e+00 9.999000000000000110e-01 -1.570796326794896558e+00 -5.000000000000000000e+00
7.019047383802214102e-02 5.619346622907115535e-02 0.000000000000000000e+00 1.000000000000000021e-08 1.610363994139966115e-01 9.084592557597446216e-01
1.610363994139966115e-01 9.084592557597446216e-01 0.000000000000000000e+00 1.000000000000000021e-08 3.511557973745605965e-01 1.901193979605639406e+00
3.511557973745605965e-01 1.901193979605639406e+00 1.000000000000000000e+00 1.000000000000000021e-08 6.017532910945522229e-01 2.505974937199916486e+00
6.017532910945522229e-01 2.505974937199916486e+00 0.000000000000000000e+00 1.000000000000000021e-08 1.010067261607404010e+00 4.083139705128516539e+00
1.010067261607404010e+00 4.083139705128516539e+00 0.000000000000000000e+00 9.999000000000000110e-01 1.570796326794896558e+00 5.000000000000000000e+00
-5.554474207620527931e-02 7.338104753170365813e-02 1.000000000000000000e+00 1.000000000000000021e-08 -4.414276216427524824e-02 1.140197991193002969e-01
-4.414276216427524824e-02 1.140197991193002969e-01 2.000000000000000000e+00 1.000000000000000021e-08 -1.276980926295199215e-01 -8.355533046524464824e-01
-1.276980926295199215e-01 -8.355533046524464824e-01 2.000000000000000000e+00 1.000000000000000021e-08 -3.057735184629133962e-01 -1.780754258333934636e+00
-3.057735184629133962e-01 -1.780754258333934636e+00 2.000000000000000000e+00 1.000000000000000021e-08 -6.007608950431255757e-01 -2.949873765802121905e+00
-6.007608950431255757e-01 -2.949873765802121905e+00 0.000000000000000000e+00 1.000000000000000021e-08 -9.162183447619260956e-01 -3.154574497188004312e+00
-9.162183447619260956e-01 -3.154574497188004312e+00 2.000000000000000000e+00 1.000000000000000021e-08 -1.401052709550001385e+00 -4.848343647880751561e+00
-1.401052709550001385e+00 -4.848343647880751561e+00 2.000000000000000000e+00 9.999000000000000110e-01 -1.570796326794896558e+00 -5.000000000000000000e+00
3.021470483532935972e-02 -1.368339795068216659e-02 0.000000000000000000e+00 1.000000000000000021e-08 1.304840218168270838e-01 1.002693169814977248e+00
1.304840218168270838e-01 1.002693169814977248e+00 0.000000000000000000e+00 1.000000000000000021e-08 3.329618064977057923e-01 2.024777846808786919e+00
3.329618064977057923e-01 2.024777846808786919e+00 0.000000000000000000e+00 1.000000000000000021e-08 6.767220591942342267e-01 3.437602526965284788e+00
6.767220591942342267e-01 3.437602526965284788e+00 1.000000000000000000e+00 1.000000000000000021e-08 1.117408246015247908e+00 4.406861868210135924e+00
1.117408246015247908e+00 4.406861868210135924e+00 1.000000000000000000e+00 9.999000000000000110e-01 1.570796326794896558e+00 5.000000000000000000e+00
4.022981318426670228e-02 -1.815753340966130835e-02 1.000000000000000000e+00 1.000000000000000021e-08 3.943924932790970894e-02 -7.905638563569912514e-03
3.943924932790970894e-02 -7.905638563569912514e-03 0.000000000000000000e+00 1.000000000000000021e-08 1.161627606945322966e-01 7.672351136662258764e-01
1.161627606945322966e-01 7.672351136662258764e-01 0.000000000000000000e+00 1.000000000000000021e-08 3.128429104652376558e-01 1.966801497707053592e+00
3.128429104652376558e-01 1.966801497707053592e+00 1.000000000000000000e+00 1.000000000000000021e-08 5.552556427304484732e-01 2.424127322652108063e+00
5.552556427304484732e-01 2.424127322652108063e+00 2.000000000000000000e+00 1.000000000000000021e-08 8.203152401632989310e-01 2.650595974328503690e+00
8.203152401632989310e-01 2.650595974328503690e+00 1.000000000000000000e+00 1.000000000000000021e-08 1.196675433587460535e+00 3.763601934241615599e+00
1.196675433587460535e+00 3.763601934241615599e+00 1.000000000000000000e+00 9.999000000000000110e-01 1.570796326794896558e+00 5.000000000000000000e+00
2.593540967629329175e-02 2.696632709719214843e-02 0.000000000000000000e+00 1.000000000000000021e-08 1.292841753806411587e-01 1.033487657043478558e+00
1.292841753806411587e-01 1.033487657043478558e+00 1.000000000000000000e+00 1.000000000000000021e-08 2.678654462664202818e-01 1.385812708857791176e+00
2.678654462664202818e-01 1.385812708857791176e+00 0.000000000000000000e+00 1.000000000000000021e-08 5.271370162972259799e-01 2.592715700308057425e+00
5.271370162972259799e-01 2.592715700308057425e+00 2.000000000000000000e+00 1.000000000000000021e-08 7.958499173859725495e-01 2.687129010887464808e+00
7.958499173859725495e-01 2.687129010887464808e+00 2.000000000000000000e+00 1.000000000000000021e-08 1.122670045100373049e+00 3.268201277144005878e+00
1.122670045100373049e+00 3.268201277144005878e+00 2.000000000000000000e+00 1.000000000000000021e-08 1.551485885563702816e+00 4.288158404633297671e+00
1.551485885563702816e+00 4.288158404633297671e+00 0.000000000000000000e+00 9.999000000000000110e-01 1.570796326794896558e+00 5.000000000000000000e+00
-2.393556268948726640e-02 -4.730221251770964225e-02 2.000000000000000000e+00 1.000000000000000021e-08 -1.105123725470219670e-01 -8.657680985753469782e-01
-1.105123725470219670e-01 -8.657680985753469782e-01 0.000000000000000000e+00 1.000000000000000021e-08 -1.250461306415377449e-01 -1.453375809451578071e-01
-1.250461306415377449e-01 -1.453375809451578071e-01 2.000000000000000000e+00 1.000000000000000021e-08 -2.352650704862362940e-01 -1.102189398446985269e+00
-2.352650704862362940e-01 -1.102189398446985269e+00 0.000000000000000000e+00 1.000000000000000021e-08 -2.882213651547896882e-01 -5.295629466855338308e-01
-2.882213651547896882e-01 -5.295629466855338308e-01 0.000000000000000000e+00 1.000000000000000021e-08 -2.972422430902526558e-01 -9.020877935462978670e-02
-2.972422430902526558e-01 -9.020877935462978670e-02 2.000000000000000000e+00 1.000000000000000021e-08 -4.540513051128343136e-01 -1.568090620225816689e+00
-4.540513051128343136e-01 -1.568090620225816689e+00 0.000000000000000000e+00 1.000000000000000021e-08 -6.043255577232933273e-01 -1.502742526104590581e+00
-6.043255577232933273e-01 -1.502742526104590581e+00 0.000000000000000000e+00 1.000000000000000021e-08 -7.668765828405953444e-01 -1.625510251173019727e+00
-7.668765828405953444e-01 -1.625510251173019727e+00 1.000000000000000000e+00 1.000000000000000021e-08 -1.048533117861590647e+00 -2.816565350209954133e+00
-1.048533117861590647e+00 -2.816565350209954133e+00 1.000000000000000000e+00 1.000000000000000021e-08 -1.462602782660384682e+00 -4.140696647987940793e+00
-1.462602782660384682e+00 -4.140696647987940793e+00 2.000000000000000000e+00 9.999000000000000110e-01 -1.570796326794896558e+00 -5.000000000000000000e+00
-3.848444136771859980e-02 7.294156084674324747e-02 1.000000000000000000e+00 1.000000000000000021e-08 -5.169268894894510358e-02 -1.320824758122650378e-01
-5.169268894894510358e-02 -1.320824758122650378e-01 0.000000000000000000e+00 1.000000000000000021e-08 2.576619684208862615e-02 7.745888579103372695e-01
2.576619684208862615e-02 7.745888579103372695e-01 2.000000000000000000e+00 1.000000000000000021e-08 2.670120242804738600e-02 9.350055859587591556e-03
2.670120242804738600e-02 9.350055859587591556e-03 2.000000000000000000e+00 1.000000000000000021e-08 -5.616093200090890858e-02 -8.286213442895628001e-01
-5.616093200090890858e-02 -8.286213442895628001e-01 1.000000000000000000e+00 1.000000000000000021e-08 -1.506382331006875241e-01 -9.447730109977861002e-01
-1.506382331006875241e-01 -9.447730109977861002e-01 0.000000000000000000e+00 1.000000000000000021e-08 -1.806798666959997524e-01 -3.004163359531222266e-01
-1.806798666959997524e-01 -3.004163359531222266e-01 0.000000000000000000e+00 1.000000000000000021e-08 -1.591366102555109296e-01 2.154325644048881161e-01
-1.591366102555109296e-01 2.154325644048881161e-01 0.000000000000000000e+00 1.000000000000000021e-08 -6.824866238773279192e-02 9.088794786777812940e-01
-6.824866238773279192e-02 9.088794786777812940e-01 2.000000000000000000e+00 1.000000000000000021e-08 -9.133990655687794502e-02 -2.309124416914515310e-01
-9.133990655687794502e-02 -2.309124416914515310e-01 0.000000000000000000e+00 1.000000000000000021e-08 -2.709624883537242734e-02 6.424365772150550935e-01
-2.709624883537242734e-02 6.424365772150550935e-01 1.000000000000000000e+00 1.000000000000000021e-08 1.835946304802905937e-02 4.545571188340148394e-01
1.835946304802905937e-02 4.545571188340148394e-01 2.000000000000000000e+00 1.000000000000000021e-08 -2.741545155054529725e-02 -4.577491459857435663e-01
-2.741545155054529725e-02 -4.577491459857435663e-01 0.000000000000000000e+00 1.000000000000000021e-08 5.589706742628368363e-03 3.300515829317366423e-01
5.589706742628368363e-03 3.300515829317366423e-01 1.000000000000000000e+00 1.000000000000000021e-08 2.584361461707629024e-02 2.025390787444792118e-01
2.584361461707629024e-02 2.025390787444792118e-01 2.000000000000000000e+00 1.000000000000000021e-08 -2.930822682007904953e-02 -5.515184143715533560e-01
-2.930822682007904953e-02 -5.515184143715533560e-01 1.000000000000000000e+00 1.000000000000000021e-08 -1.069087385502463516e-01 -7.760051173016728754e-01
-1.069087385502463516e-01 -7.760051173016728754e-01 2.000000000000000000e+00 1.000000000000000021e-08 -2.774920329740326874e-01 -1.705832944237863025e+00
-2.774920329740326874e-01 -1.705832944237863025e+00 1.000000000000000000e+00 1.000000000000000021e-08 -4.826063043307785572e-01 -2.051142713567458919e+00
-4.826063043307785572e-01 -2.051142713567458919e+00 2.000000000000000000e+00 1.000000000000000021e-08 -8.277208635762437483e-01 -3.451145592454651911e+00
-8.277208635762437483e-01 -3.451145592454651911e+00 2.000000000000000000e+00 1.000000000000000021e-08 -1.332155497991951654e+00 -5.000000000000000000e+00
-1.332155497991951654e+00 -5.000000000000000000e+00 1.000000000000000000e+00 9.999000000000000110e-01 -1.570796326794896558e+00 -5.000000000000000000e+00
8.711696264665980127e-02 -7.395832653168132875e-02 2.000000000000000000e+00 1.000000000000000021e-08 -9.829847820195608543e-03 -9.694681046685540426e-01
-9.829847820195608543e-03 -9.694681046685540426e-01 2.000000000000000000e+00 1.000000000000000021e-08 -1.860348944249229919e-01 -1.762050466047273778e+00
-1.860348944249229919e-01 -1.762050466047273778e+00 0.000000000000000000e+00 1.000000000000000021e-08 -2.913712886872322771e-01 -1.053363942623092520e+00
-2.913712886872322771e-01 -1.053363942623092520e+00 1.000000000000000000e+00 1.000000000000000021e-08 -4.351724544568633113e-01 -1.438011657696310230e+00
-4.351724544568633113e-01 -1.438011657696310230e+00 2.000000000000000000e+00 1.000000000000000021e-08 -7.130982927484148526e-01 -2.779258382915515746e+00
-7.130982927484148526e-01 -2.779258382915515746e+00 2.000000000000000000e+00 1.000000000000000021e-08 -1.143243788748383061e+00 -4.301454959999681193e+00
-1.143243788748383061e+00 -4.301454959999681193e+00 0.000000000000000000e+00 9.999000000000000110e-01 -1.570796326794896558e+00 -5.000000000000000000e+00
-1.136110811189392639e-02 -2.857391660029061711e-02 1.000000000000000000e+00 1.000000000000000021e-08 -3.092922041400723160e-02 -1.956811230211330521e-01
-3.092922041400723160e-02 -1.956811230211330521e-01 2.000000000000000000e+00 1.000000000000000021e-08 -1.457257431520826707e-01 -1.147965227380754349e+00
-1.457257431520826707e-01 -1.147965227380754349e+00 2.000000000000000000e+00 1.000000000000000021e-08 -3.861571701746437935e-01 -2.404314270225611061e+00
-3.861571701746437935e-01 -2.404314270225611061e+00 1.000000000000000000e+00 1.000000000000000021e-08 -6.764346934360746522e-01 -2.902775232614308365e+00
-6.764346934360746522e-01 -2.902775232614308365e+00 2.000000000000000000e+00 1.000000000000000021e-08 -1.131126104617645955e+00 -4.546914111815712367e+00
-1.131126104617645955e+00 -4.546914111815712367e+00 2.000000000000000000e+00 9.999000000000000110e-01 -1.570796326794896558e+00 -5.000000000000000000e+00
-6.978639390559931988e-02 -5.640777446488709490e-02 1.000000000000000000e+00 1.000000000000000021e-08 -8.358891787632515002e-02 -1.380252397072583292e-01
-8.358891787632515002e-02 -1.380252397072583292e-01 0.000000000000000000e+00 1.000000000000000021e-08 -2.868188396575854088e-02 5.490703391056660498e-01
-2.868188396575854088e-02 5.490703391056660498e-01 1.000000000000000000e+00 1.000000000000000021e-08 3.803618534692621705e-02 6.671806931268475793e-01
3.803618534692621705e-02 6.671806931268475793e-01 0.000000000000000000e+00 1.000000000000000021e-08 2.035512809870862194e-01 1.655150956401600038e+00
2.035512809870862194e-01 1.655150956401600038e+00 0.000000000000000000e+00 1.000000000000000021e-08 4.942951607360235311e-01 2.907438797489373172e+00
4.942951607360235311e-01 2.907438797489373172e+00 0.000000000000000000e+00 1.000000000000000021e-08 9.424769198895943667e-01 4.481817591535707912e+00
9.424769198895943667e-01 4.481817591535707912e+00 0.000000000000000000e+00 1.000000000000000021e-08 1.544767516886135006e+00 5.000000000000000000e+00
1.544767516886135006e+00 5.000000000000000000e+00 0.000000000000000000e+00 9.999000000000000110e-01 1.570796326794896558e+00 5.000000000000000000e+00
1.472632015794585886e-02 -4.275574630610533972e-02 1.000000000000000000e+00 1.000000000000000021e-08 1.823193677074758795e-02 3.505616612801729787e-02
1.823193677074758795e-02 3.505616612801729787e-02 1.000000000000000000e+00 1.000000000000000021e-08 1.070784035578704538e-02 -7.524096414960543266e-02
1.070784035578704538e-02 -7.524096414960543266e-02 0.000000000000000000e+00 1.000000000000000021e-08 8.814617989349063376e-02 7.743833953770358214e-01
8.814617989349063376e-02 7.743833953770358214e-01 2.000000000000000000e+00 1.000000000000000021e-08 8.819254112483301822e-02 4.636123134238445687e-04
8.819254112483301822e-02 4.636123134238445687e-04 1.000000000000000000e+00 1.000000000000000021e-08 1.069026383716001616e-01 1.871009724676714336e-01
1.069026383716001616e-01 1.871009724676714336e-01 1.000000000000000000e+00 1.000000000000000021e-08 1.350736100956121954e-01 2.817097172401202831e-01
1.350736100956121954e-01 2.817097172401202831e-01 1.000000000000000000e+00 1.000000000000000021e-08 1.694254602122167996e-01 3.435185011660460419e-01
1.694254602122167996e-01 3.435185011660460419e-01 2.000000000000000000e+00 1.000000000000000021e-08 1.392478543014647463e-01 -3.017760591075205334e-01
1.392478543014647463e-01 -3.017760591075205334e-01 1.000000000000000000e+00 1.000000000000000021e-08 1.385643795751783647e-01 -6.834747262863760664e-03
1.385643795751783647e-01 -6.834747262863760664e-03 1.000000000000000000e+00 1.000000000000000021e-08 1.736132410127145254e-01 3.504886143753616623e-01
1.736132410127145254e-01 3.504886143753616623e-01 2.000000000000000000e+00 1.000000000000000021e-08 1.507821862429003790e-01 -2.283105476981414639e-01
1.507821862429003790e-01 -2.283105476981414639e-01 1.000000000000000000e+00 1.000000000000000021e-08 1.412355157770499303e-01 -9.546670465850445875e-02
1.412355157770499303e-01 -9.546670465850445875e-02 2.000000000000000000e+00 1.000000000000000021e-08 8.016284478547361370e-02 -6.107267099157631662e-01
8.016284478547361370e-02 -6.107267099157631662e-01 2.000000000000000000e+00 1.000000000000000021e-08 -4.554997624694498426e-02 -1.257128210324185869e+00
-4.554997624694498426e-02 -1.257128210324185869e+00 2.000000000000000000e+00 1.000000000000000021e-08 -2.601162394187515048e-01 -2.145662631718064706e+00
-2.601162394187515048e-01 -2.145662631718064706e+00 2.000000000000000000e+00 1.000000000000000021e-08 -6.145440910274067026e-01 -3.544278516086552422e+00
-6.145440910274067026e-01 -3.544278516086552422e+00 2.000000000000000000e+00 1.000000000000000021e-08 -1.109962987846570215e+00 -4.954188968191635567e+00
-1.109962987846570215e+00 -4.954188968191635567e+00 0.000000000000000000e+00 9.999000000000000110e-01 -1.570796326794896558e+00 -5.000000000000000000e+00
-5.028310915989972485e-02 -7.995466588307054145e-02 0.000000000000000000e+00 1.000000000000000021e-08 3.652783431764022870e-02 8.681094347753994800e-01
3.652783431764022870e-02 8.681094347753994800e-01 0.000000000000000000e+00 1.000000000000000021e-08 2.150379777305639617e-01 1.785101434129237274e+00
2.150379777305639617e-01 1.785101434129237274e+00 2.000000000000000000e+00 1.000000000000000021e-08 3.490519381194441828e-01 1.340139603888802267e+00
3.490519381194441828e-01 1.340139603888802267e+00 1.000000000000000000e+00 1.000000000000000021e-08 5.484946053218717754e-01 1.994426672024276481e+00
5.484946053218717754e-01 1.994426672024276481e+00 2.000000000000000000e+00 1.000000000000000021e-08 7.481686364806546807e-01 1.996740311587829275e+00
7.481686364806546807e-01 1.996740311587829275e+00 2.000000000000000000e+00 1.000000000000000021e-08 9.879009471111174223e-01 2.397323106304626972e+00
9.879009471111174223e-01 2.397323106304626972e+00 2.000000000000000000e+00 1.000000000000000021e-08 1.306891691710102554e+00 3.189907445989851542e+00
1.306891691710102554e+00 3.189907445989851542e+00 2.000000000000000000e+00 9.999000000000000110e-01 1.570796326794896558e+00 4.361989906440758347e+00
-1.452271650675789061e-04 -2.122907683233856910e-02 2.000000000000000000e+00 1.000000000000000021e-08 -1.048225208477194664e-01 -1.046772936826518841e+00
-1.048225208477194664e-01 -1.046772936826518841e+00 0.000000000000000000e+00 1.000000000000000021e-08 -1.414055438015081601e-01 -3.658302295378867974e-01
-1.414055438015081601e-01 -3.658302295378867974e-01 0.000000000000000000e+00 1.000000000000000021e-08 -1.320807058264012457e-01 9.324837975106903265e-02
-1.320807058264012457e-01 9.324837975106903265e-02 1.000000000000000000e+00 1.000000000000000021e-08 -1.451522037604113802e-01 -1.307149793401013727e-01
-1.451522037604113802e-01 -1.307149793401013727e-01 0.000000000000000000e+00 1.000000000000000021e-08 -1.080191911575244523e-01 3.713301260288692784e-01
-1.080191911575244523e-01 3.713301260288692784e-01 0.000000000000000000e+00 1.000000000000000021e-08 1.405935121864002046e-02 1.220785423761644672e+00
1.405935121864002046e-02 1.220785423761644672e+00 2.000000000000000000e+00 1.000000000000000021e-08 3.621424782682802768e-02 2.215489660818800166e-01
3.621424782682802768e-02 2.215489660818800166e-01 0.000000000000000000e+00 1.000000000000000021e-08 1.543862407758476440e-01 1.181719929490196108e+00
1.543862407758476440e-01 1.181719929490196108e+00 0.000000000000000000e+00 1.000000000000000021e-08 3.880690571599788585e-01 2.336828163841312200e+00
3.880690571599788585e-01 2.336828163841312200e+00 1.000000000000000000e+00 1.000000000000000021e-08 6.857210572027073736e-01 2.976520000427285151e+00
6.857210572027073736e-01 2.976520000427285151e+00 1.000000000000000000e+00 1.000000000000000021e-08 1.071885897734416115e+00 3.861648405317086308e+00
1.071885897734416115e+00 3.861648405317086308e+00 1.000000000000000000e+00 9.999000000000000110e-01 1.570796326794896558e+00 5.000000000000000000e+00
-8.890777294773138939e-03 -8.151096443833394378e-02 0.000000000000000000e+00 1.000000000000000021e-08 5.726306992144405972e-02 6.615384721621719866e-01
5.726306992144405972e-02 6.615384721621719866e-01 2.000000000000000000e+00 1.000000000000000021e-08 4.891474036429431516e-02 -8.348329557149747338e-02
4.891474036429431516e-02 -8.348329557149747338e-02 2.000000000000000000e+00 1.000000000000000021e-08 -4.906739703366122529e-02 -9.798213739795553767e-01
-4.906739703366122529e-02 -9.798213739795553767e-01 0.000000000000000000e+00 1.000000000000000021e-08 -6.250119866812886560e-02 -1.343380163446763476e-01
-6.250119866812886560e-02 -1.343380163446763476e-01 1.000000000000000000e+00 1.000000000000000021e-08 -9.410473987507701754e-02 -3.160354120694814917e-01
-9.410473987507701754e-02 -3.160354120694814917e-01 2.000000000000000000e+00 1.000000000000000021e-08 -2.352815987036616652e-01 -1.411768588285846393e+00
-2.352815987036616652e-01 -1.411768588285846393e+00 0.000000000000000000e+00 1.000000000000000021e-08 -3.423669236234127555e-01 -1.070853249197510682e+00
-3.423669236234127555e-01 -1.070853249197510682e+00 1.000000000000000000e+00 1.000000000000000021e-08 -5.168657192999793759e-01 -1.744987956765665871e+00
-5.168657192999793759e-01 -1.744987956765665871e+00 2.000000000000000000e+00 1.000000000000000021e-08 -8.408172615003238759e-01 -3.239515422003444556e+00
-8.408172615003238759e-01 -3.239515422003444556e+00 1.000000000000000000e+00 1.000000000000000021e-08 -1.274946942326104171e+00 -4.341296808257803619e+00
-1.274946942326104171e+00 -4.341296808257803619e+00 2.000000000000000000e+00 9.999000000000000110e-01 -1.570796326794896558e+00 -5.000000000000000000e+00
-3.786069281746259896e-02 7.285520279032253743e-02 1.000000000000000000e+00 1.000000000000000021e-08 -2.820078296687462266e-02 9.659909850587977687e-02
-2.820078296687462266e-02 9.659909850587977687e-02 1.000000000000000000e+00 1.000000000000000021e-08 -1.780691656367586195e-02 1.039386640319876209e-01
-1.780691656367586195e-02 1.039386640319876209e-01 1.000000000000000000e+00 1.000000000000000021e-08 -8.795819084812544000e-03 9.011097478863318300e-02
