-8.599195468474084281e-02 -6.061046565572620476e-02 1.000000000000000000e+00 1.000000000000000021e-08 -1.201035655925084822e-01 -3.411161090776763660e-01
-1.201035655925084822e-01 -3.411161090776763660e-01 2.000000000000000000e+00 1.000000000000000021e-08 -2.575223005481638294e-01 -1.374187349556553528e+00
-2.575223005481638294e-01 -1.374187349556553528e+00 2.000000000000000000e+00 1.000000000000000021e-08 -5.223920283362053496e-01 -2.648697277880414980e+00
-5.223920283362053496e-01 -2.648697277880414980e+00 1.000000000000000000e+00 1.000000000000000021e-08 -8.693813624250603667e-01 -3.469893340888550171e+00
-8.693813624250603667e-01 -3.469893340888550171e+00 1.000000000000000000e+00 1.000000000000000021e-08 -1.316517138533986664e+00 -4.471357761089263860e+00
-1.316517138533986664e+00 -4.471357761089263860e+00 1.000000000000000000e+00 9.999000000000000110e-01 -1.570796326794896558e+00 -5.000000000000000000e+00
2.895795417165147531e-02 -6.648251865387037191e-03 2.000000000000000000e+00 1.000000000000000021e-08 -6.383287493391653911e-02 -9.279082910556800678e-01
-6.383287493391653911e-02 -9.279082910556800678e-01 2.000000000000000000e+00 1.000000000000000021e-08 -2.523014651185481738e-01 -1.884685901846316236e+00
-2.523014651185481738e-01 -1.884685901846316236e+00 0.000000000000000000e+00 1.000000000000000021e-08 -3.918997118664394597e-01 -1.395982467478913192e+00
-3.918997118664394597e-01 -1.395982467478913192e+00 2.000000000000000000e+00 1.000000000000000021e-08 -6.621061973714619242e-01 -2.702064855050224423e+00
-6.621061973714619242e-01 -2.702064855050224423e+00 2.000000000000000000e+00 1.000000000000000021e-08 -1.083204087719610076e+00 -4.210978903481482405e+00
-1.083204087719610076e+00 -4.210978903481482405e+00 2.000000000000000000e+00 9.999000000000000110e-01 -1.570796326794896558e+00 -5.000000000000000000e+00
1.298333996154569028e-02 -7.998194527137353349e-02 1.000000000000000000e+00 1.000000000000000021e-08 5.757220405266889017e-03 -7.226119556278801093e-02
5.757220405266889017e-03 -7.226119556278801093e-02 0.000000000000000000e+00 1.000000000000000021e-08 7.464546948933717396e-02 6.888824908407028547e-01
7.464546948933717396e-02 6.888824908407028547e-01 2.000000000000000000e+00 1.000000000000000021e-08 6.743437974710410343e-02 -7.211089742233067756e-02
6.743437974710410343e-02 -7.211089742233067756e-02 2.000000000000000000e+00 1.000000000000000021e-08 -1.279207857334721532e-03 -6.871358760443881941e-01
-1.279207857334721532e-03 -6.871358760443881941e-01 0.000000000000000000e+00 1.000000000000000021e-08 1.506001959018083911e-02 1.633922744751555856e-01
1.506001959018083911e-02 1.633922744751555856e-01 1.000000000000000000e+00 1.000000000000000021e-08 5.034684071658655780e-02 3.528682112640572077e-01
5.034684071658655780e-02 3.528682112640572077e-01 2.000000000000000000e+00 1.000000000000000021e-08 -9.126321908788009862e-03 -5.947316262537456488e-01
-9.126321908788009862e-03 -5.947316262537456488e-01 2.000000000000000000e+00 1.000000000000000021e-08 -1.473416281863096367e-01 -1.382153062775216323e+00
-1.473416281863096367e-01 -1.382153062775216323e+00 0.000000000000000000e+00 1.000000000000000021e-08 -2.107993109767489770e-01 -6.345768279043931814e-01
-2.107993109767489770e-01 -6.345768279043931814e-01 2.000000000000000000e+00 1.000000000000000021e-08 -3.827184825289383641e-01 -1.719191715521893649e+00
-3.827184825289383641e-01 -1.719191715521893649e+00 0.000000000000000000e+00 1.000000000000000021e-08 -5.272471771663171936e-01 -1.445286946373788295e+00
-5.272471771663171936e-01 -1.445286946373788295e+00 2.000000000000000000e+00 1.000000000000000021e-08 -8.223274928831052488e-01 -2.950803157167879665e+00
-8.223274928831052488e-01 -2.950803157167879665e+00 1.000000000000000000e+00 1.000000000000000021e-08 -1.217218581915972209e+00 -3.948910890328669154e+00
-1.217218581915972209e+00 -3.948910890328669154e+00 2.000000000000000000e+00 9.999000000000000110e-01 -1.570796326794896558e+00 -5.000000000000000000e+00
1.824650847206758450e-02 6.672023042004199267e-02 0.000000000000000000e+00 1.000000000000000021e-08 1.177560039147534099e-01 9.950949544268581359e-01
1.177560039147534099e-01 9.950949544268581359e-01 1.000000000000000000e+00 1.000000000000000021e-08 2.431332867488058547e-01 1.253772828340524503e+00
2.431332867488058547e-01 1.253772828340524503e+00 2.000000000000000000e+00 1.000000000000000021e-08 3.150043781652325792e-01 7.187109141642671339e-01
3.150043781652325792e-01 7.187109141642671339e-01 0.000000000000000000e+00 1.000000000000000021e-08 5.352744193239958870e-01 2.202700411587632967e+00
5.352744193239958870e-01 2.202700411587632967e+00 0.000000000000000000e+00 1.000000000000000021e-08 8.987499735963218050e-01 3.634755542723259403e+00
8.987499735963218050e-01 3.634755542723259403e+00 2.000000000000000000e+00 1.000000000000000021e-08 1.315656339365410821e+00 4.169063657690890601e+00
1.315656339365410821e+00 4.169063657690890601e+00 2.000000000000000000e+00 9.999000000000000110e-01 1.570796326794896558e+00 5.000000000000000000e+00
-3.192996018719050644e-02 -7.564631932826025584e-02 1.000000000000000000e+00 1.000000000000000021e-08 -5.930293208669792232e-02 -2.737297189950741449e-01
-5.930293208669792232e-02 -2.737297189950741449e-01 0.000000000000000000e+00 1.000000000000000021e-08 -2.541794003719026473e-02 3.388499204950765620e-01
-2.541794003719026473e-02 3.388499204950765620e-01 2.000000000000000000e+00 1.000000000000000021e-08 -7.603128346554413608e-02 -5.061334342835387412e-01
-7.603128346554413608e-02 -5.061334342835387412e-01 1.000000000000000000e+00 1.000000000000000021e-08 -1.424428208195571144e-01 -6.641153735401299496e-01
-1.424428208195571144e-01 -6.641153735401299496e-01 0.000000000000000000e+00 1.000000000000000021e-08 -1.548942852939129422e-01 -1.245146447435582227e-01
-1.548942852939129422e-01 -1.245146447435582227e-01 2.000000000000000000e+00 1.000000000000000021e-08 -2.653317554087018526e-01 -1.104374701147889049e+00
-2.653317554087018526e-01 -1.104374701147889049e+00 2.000000000000000000e+00 1.000000000000000021e-08 -5.071691114868797090e-01 -2.418373560781777787e+00
-5.071691114868797090e-01 -2.418373560781777787e+00 1.000000000000000000e+00 1.000000000000000021e-08 -8.369136613936264402e-01 -3.297445499067467090e+00
-8.369136613936264402e-01 -3.297445499067467090e+00 1.000000000000000000e+00 1.000000000000000021e-08 -1.268179995395660287e+00 -4.312663340020337799e+00
-1.268179995395660287e+00 -4.312663340020337799e+00 0.000000000000000000e+00 9.999000000000000110e-01 -1.570796326794896558e+00 -5.000000000000000000e+00
1.933264288056214808e-02 -2.754737719107436256e-02 1.000000000000000000e+00 1.000000000000000021e-08 6.050172688934528711e-03 -1.328247019162761833e-01
6.050172688934528711e-03 -1.328247019162761833e-01 0.000000000000000000e+00 1.000000000000000021e-08 7.136246060329151653e-02 6.531228791435698122e-01
7.136246060329151653e-02 6.531228791435698122e-01 2.000000000000000000e+00 1.000000000000000021e-08 6.806615979260639826e-02 -3.296300810685115490e-02
6.806615979260639826e-02 -3.296300810685115490e-02 1.000000000000000000e+00 1.000000000000000021e-08 8.211768128308181980e-02 1.405152149047541599e-01
8.211768128308181980e-02 1.405152149047541599e-01 2.000000000000000000e+00 1.000000000000000021e-08 5.157166690986300650e-03 -7.696051459209551915e-01
5.157166690986300650e-03 -7.696051459209551915e-01 0.000000000000000000e+00 1.000000000000000021e-08 1.894233603465380472e-02 1.378516934366750268e-01
1.894233603465380472e-02 1.378516934366750268e-01 0.000000000000000000e+00 1.000000000000000021e-08 1.254625959942662627e-01 1.065202599596124511e+00
1.254625959942662627e-01 1.065202599596124511e+00 0.000000000000000000e+00 1.000000000000000021e-08 3.462910154272148544e-01 2.208284194329485750e+00
3.462910154272148544e-01 2.208284194329485750e+00 1.000000000000000000e+00 1.000000000000000021e-08 6.198292694979441464e-01 2.735382540707293142e+00
6.198292694979441464e-01 2.735382540707293142e+00 1.000000000000000000e+00 1.000000000000000021e-08 9.947810414431971227e-01 3.749517719452529541e+00
9.947810414431971227e-01 3.749517719452529541e+00 2.000000000000000000e+00 1.000000000000000021e-08 1.437427795260639130e+00 4.426467538174420291e+00
1.437427795260639130e+00 4.426467538174420291e+00 2.000000000000000000e+00 9.999000000000000110e-01 1.570796326794896558e+00 5.000000000000000000e+00
5.522577963521702049e-02 -8.453015858592113907e-02 1.000000000000000000e+00 1.000000000000000021e-08 4.027592436378805985e-02 -1.494985527142896065e-01
4.027592436378805985e-02 -1.494985527142896065e-01 2.000000000000000000e+00 1.000000000000000021e-08 -4.004717159018238160e-02 -8.032309595397043589e-01
-4.004717159018238160e-02 -8.032309595397043589e-01 1.000000000000000000e+00 1.000000000000000021e-08 -1.143103723960307433e-01 -7.426320080584836170e-01
-1.143103723960307433e-01 -7.426320080584836170e-01 1.000000000000000000e+00 1.000000000000000021e-08 -2.051981318213362548e-01 -9.088775942530550322e-01
-2.051981318213362548e-01 -9.088775942530550322e-01 1.000000000000000000e+00 1.000000000000000021e-08 -3.285374155320305301e-01 -1.233392837106942697e+00
-3.285374155320305301e-01 -1.233392837106942697e+00 0.000000000000000000e+00 1.000000000000000021e-08 -4.395546065888029652e-01 -1.110171910567724574e+00
-4.395546065888029652e-01 -1.110171910567724574e+00 1.000000000000000000e+00 1.000000000000000021e-08 -6.228056659068671452e-01 -1.832510593180641356e+00
-6.228056659068671452e-01 -1.832510593180641356e+00 1.000000000000000000e+00 1.000000000000000021e-08 -9.066080258444895179e-01 -2.838023599376223505e+00
-9.066080258444895179e-01 -2.838023599376223505e+00 2.000000000000000000e+00 1.000000000000000021e-08 -1.349467934025813332e+00 -4.428599081813239025e+00
-1.349467934025813332e+00 -4.428599081813239025e+00 1.000000000000000000e+00 9.999000000000000110e-01 -1.570796326794896558e+00 -5.000000000000000000e+00
6.950513179916731343e-02 -3.158189062651035883e-03 0.000000000000000000e+00 1.000000000000000021e-08 1.700874311866005240e-01 1.005822993874332161e+00
1.700874311866005240e-01 1.005822993874332161e+00 1.000000000000000000e+00 1.000000000000000021e-08 3.101083400864026451e-01 1.400209088998021212e+00
3.101083400864026451e-01 1.400209088998021212e+00 0.000000000000000000e+00 1.000000000000000021e-08 5.680373254928957616e-01 2.579289854064930942e+00
5.680373254928957616e-01 2.579289854064930942e+00 1.000000000000000000e+00 1.000000000000000021e-08 9.095188191862916272e-01 3.414814936933958656e+00
9.095188191862916272e-01 3.414814936933958656e+00 2.000000000000000000e+00 1.000000000000000021e-08 1.321123337775128803e+00 4.116045185888372870e+00
1.321123337775128803e+00 4.116045185888372870e+00 0.000000000000000000e+00 9.999000000000000110e-01 1.570796326794896558e+00 5.000000000000000000e+00
-5.828655705948634913e-02 -8.232491472388447917e-02 0.000000000000000000e+00 1.000000000000000021e-08 1.855010041589595648e-02 7.683665747538229729e-01
1.855010041589595648e-02 7.683665747538229729e-01 2.000000000000000000e+00 1.000000000000000021e-08 1.330648106098077099e-02 -5.243619354915185493e-02
1.330648106098077099e-02 -5.243619354915185493e-02 0.000000000000000000e+00 1.000000000000000021e-08 9.309848381064378398e-02 7.979200274966300466e-01
9.309848381064378398e-02 7.979200274966300466e-01 2.000000000000000000e+00 1.000000000000000021e-08 8.948729761559179319e-02 -3.611186195051996339e-02
8.948729761559179319e-02 -3.611186195051996339e-02 1.000000000000000000e+00 1.000000000000000021e-08 1.063087149808189386e-01 1.682141736522713982e-01
1.063087149808189386e-01 1.682141736522713982e-01 1.000000000000000000e+00 1.000000000000000021e-08 1.332058867071376773e-01 2.689717172631873598e-01
1.332058867071376773e-01 2.689717172631873598e-01 0.000000000000000000e+00 1.000000000000000021e-08 2.753430941781320751e-01 1.421372074709943867e+00
2.753430941781320751e-01 1.421372074709943867e+00 2.000000000000000000e+00 1.000000000000000021e-08 3.862613396269676258e-01 1.109182454488355285e+00
3.862613396269676258e-01 1.109182454488355285e+00 2.000000000000000000e+00 1.000000000000000021e-08 4.671741176457949174e-01 8.091277801882728049e-01
4.671741176457949174e-01 8.091277801882728049e-01 1.000000000000000000e+00 1.000000000000000021e-08 6.126589475770202187e-01 1.454848299312252680e+00
6.126589475770202187e-01 1.454848299312252680e+00 0.000000000000000000e+00 1.000000000000000021e-08 9.128066978917073193e-01 3.001477503146871229e+00
9.128066978917073193e-01 3.001477503146871229e+00 0.000000000000000000e+00 1.000000000000000021e-08 1.368312760409601703e+00 4.555060625178944278e+00
1.368312760409601703e+00 4.555060625178944278e+00 0.000000000000000000e+00 9.999000000000000110e-01 1.570796326794896558e+00 5.000000000000000000e+00
-3.123697913623340108e-02 -2.833437312644886130e-02 1.000000000000000000e+00 1.000000000000000021e-08 -3.180448909197609170e-02 -5.675099557426926955e-03
-3.180448909197609170e-02 -5.675099557426926955e-03 0.000000000000000000e+00 1.000000000000000021e-08 3.781291251384800295e-02 6.961740160582409187e-01
3.781291251384800295e-02 6.961740160582409187e-01 1.000000000000000000e+00 1.000000000000000021e-08 9.638975903044331994e-02 5.857684651659531561e-01
9.638975903044331994e-02 5.857684651659531561e-01 2.000000000000000000e+00 1.000000000000000021e-08 8.383945616522113509e-02 -1.255030286522218486e-01
8.383945616522113509e-02 -1.255030286522218486e-01 2.000000000000000000e+00 1.000000000000000021e-08 1.351477651624910514e-02 -7.032467964897202162e-01
1.351477651624910514e-02 -7.032467964897202162e-01 0.000000000000000000e+00 1.000000000000000021e-08 3.973859711190233512e-02 2.622382059565322443e-01
3.973859711190233512e-02 2.622382059565322443e-01 2.000000000000000000e+00 1.000000000000000021e-08 -2.651919820247750081e-02 -6.625779531437983039e-01
-2.651919820247750081e-02 -6.625779531437983039e-01 1.000000000000000000e+00 1.000000000000000021e-08 -8.356497520438760374e-02 -5.704577700191009182e-01
-8.356497520438760374e-02 -5.704577700191009182e-01 1.000000000000000000e+00 1.000000000000000021e-08 -1.504078645456410901e-01 -6.684288934125347525e-01
-1.504078645456410901e-01 -6.684288934125347525e-01 2.000000000000000000e+00 1.000000000000000021e-08 -3.354387802111973294e-01 -1.850309156655562504e+00
-3.354387802111973294e-01 -1.850309156655562504e+00 2.000000000000000000e+00 1.000000000000000021e-08 -6.723369909513245979e-01 -3.368982107401271797e+00
-6.723369909513245979e-01 -3.368982107401271797e+00 1.000000000000000000e+00 1.000000000000000021e-08 -1.112477673954745505e+00 -4.401406830034208184e+00
-1.112477673954745505e+00 -4.401406830034208184e+00 0.000000000000000000e+00 9.999000000000000110e-01 -1.570796326794896558e+00 -5.000000000000000000e+00
-7.406026608867185418e-03 -7.788685121475676792e-03 2.000000000000000000e+00 1.000000000000000021e-08 -9.241978998543642909e-02 -8.501376337656924020e-01
-9.241978998543642909e-02 -8.501376337656924020e-01 0.000000000000000000e+00 1.000000000000000021e-08 -8.862798097265758845e-02 3.791809012778835086e-02
-8.862798097265758845e-02 3.791809012778835086e-02 1.000000000000000000e+00 1.000000000000000021e-08 -1.083570225445769503e-01 -1.972904157191936458e-01
-1.083570225445769503e-01 -1.972904157191936458e-01 2.000000000000000000e+00 1.000000000000000021e-08 -2.459727839174399300e-01 -1.376157613728629547e+00
-2.459727839174399300e-01 -1.376157613728629547e+00 2.000000000000000000e+00 1.000000000000000021e-08 -5.056818270275323934e-01 -2.597090431100924413e+00
-5.056818270275323934e-01 -2.597090431100924413e+00 1.000000000000000000e+00 1.000000000000000021e-08 -8.266977720934118867e-01 -3.210159450658794711e+00
-8.266977720934118867e-01 -3.210159450658794711e+00 1.000000000000000000e+00 1.000000000000000021e-08 -1.263174038558961154e+00 -4.364762664655493118e+00
-1.263174038558961154e+00 -4.364762664655493118e+00 1.000000000000000000e+00 9.999000000000000110e-01 -1.570796326794896558e+00 -5.000000000000000000e+00
3.764506970968990035e-02 1.330773142050552249e-02 2.000000000000000000e+00 1.000000000000000021e-08 -2.562398047416445529e-02 -6.326905018385434731e-01
-2.562398047416445529e-02 -6.326905018385434731e-01 2.000000000000000000e+00 1.000000000000000021e-08 -1.742716847427683846e-01 -1.486477042686039418e+00
-1.742716847427683846e-01 -1.486477042686039418e+00 2.000000000000000000e+00 1.000000000000000021e-08 -4.541612855461436560e-01 -2.798896008033752381e+00
-4.541612855461436560e-01 -2.798896008033752381e+00 1.000000000000000000e+00 1.000000000000000021e-08 -8.031561835374161351e-01 -3.489948979912723903e+00
-8.031561835374161351e-01 -3.489948979912723903e+00 1.000000000000000000e+00 1.000000000000000021e-08 -1.265926751318771526e+00 -4.627705677813554352e+00
-1.265926751318771526e+00 -4.627705677813554352e+00 1.000000000000000000e+00 9.999000000000000110e-01 -1.570796326794896558e+00 -5.000000000000000000e+00
-3.228318645114577196e-02 -2.485409838426860113e-02 1.000000000000000000e+00 1.000000000000000021e-08 -2.814776548932413150e-02 4.135420961821639069e-02
-2.814776548932413150e-02 4.135420961821639069e-02 0.000000000000000000e+00 1.000000000000000021e-08 7.081996343976129649e-02 9.896772892908541897e-01
7.081996343976129649e-02 9.896772892908541897e-01 1.000000000000000000e+00 1.000000000000000021e-08 1.666636083764105880e-01 9.584364493664929707e-01
1.666636083764105880e-01 9.584364493664929707e-01 0.000000000000000000e+00 1.000000000000000021e-08 3.888471057418726451e-01 2.221834973654620349e+00
3.888471057418726451e-01 2.221834973654620349e+00 0.000000000000000000e+00 1.000000000000000021e-08 7.435915365356380313e-01 3.547444307937653640e+00
7.435915365356380313e-01 3.547444307937653640e+00 0.000000000000000000e+00 1.000000000000000021e-08 1.259303691905549805e+00 5.000000000000000000e+00
1.259303691905549805e+00 5.000000000000000000e+00 0.000000000000000000e+00 9.999000000000000110e-01 1.570796326794896558e+00 5.000000000000000000e+00
7.214299413975096276e-02 -7.267926920792326662e-02 0.000000000000000000e+00 1.000000000000000021e-08 1.480339070235599519e-01 7.589091288380898082e-01
1.480339070235599519e-01 7.589091288380898082e-01 2.000000000000000000e+00 1.000000000000000021e-08 1.682365986316332607e-01 2.020269160807330877e-01
1.682365986316332607e-01 2.020269160807330877e-01 0.000000000000000000e+00 1.000000000000000021e-08 3.039898469199044939e-01 1.357532482882712443e+00
3.039898469199044939e-01 1.357532482882712443e+00 2.000000000000000000e+00 1.000000000000000021e-08 4.151746484507063961e-01 1.111848015308018800e+00
4.151746484507063961e-01 1.111848015308018800e+00 1.000000000000000000e+00 1.000000000000000021e-08 5.933009453050649418e-01 1.781262968543585012e+00
5.933009453050649418e-01 1.781262968543585012e+00 1.000000000000000000e+00 1.000000000000000021e-08 8.638423963159821417e-01 2.705414510109171999e+00
8.638423963159821417e-01 2.705414510109171999e+00 0.000000000000000000e+00 1.000000000000000021e-08 1.289525010121722381e+00 4.256826138057402176e+00
1.289525010121722381e+00 4.256826138057402176e+00 0.000000000000000000e+00 9.999000000000000110e-01 1.570796326794896558e+00 5.000000000000000000e+00
-4.397760270249281150e-02 6.927333719872182105e-02 2.000000000000000000e+00 1.000000000000000021e-08 -1.471725297912234165e-01 -1.031949270887305925e+00
-1.471725297912234165e-01 -1.031949270887305925e+00 0.000000000000000000e+00 1.000000000000000021e-08 -1.730302255535920430e-01 -2.585769576236863765e-01
-1.730302255535920430e-01 -2.585769576236863765e-01 1.000000000000000000e+00 1.000000000000000021e-08 -2.167501546325989459e-01 -4.371992907900689174e-01
-2.167501546325989459e-01 -4.371992907900689174e-01 2.000000000000000000e+00 1.000000000000000021e-08 -3.954339697792074171e-01 -1.786838151466084490e+00
-3.954339697792074171e-01 -1.786838151466084490e+00 2.000000000000000000e+00 1.000000000000000021e-08 -7.061494228056113265e-01 -3.107154530264038428e+00
-7.061494228056113265e-01 -3.107154530264038428e+00 2.000000000000000000e+00 1.000000000000000021e-08 -1.166332005943375050e+00 -4.601825831377637677e+00
-1.166332005943375050e+00 -4.601825831377637677e+00 2.000000000000000000e+00 9.999000000000000110e-01 -1.570796326794896558e+00 -5.000000000000000000e+00
1.180565147847964513e-03 -2.218437825964476862e-02 0.000000000000000000e+00 1.000000000000000021e-08 9.020167646824589491e-02 8.902111132039792762e-01
9.020167646824589491e-02 8.902111132039792762e-01 1.000000000000000000e+00 1.000000000000000021e-08 2.020781035337398390e-01 1.118764270654939219e+00
2.020781035337398390e-01 1.118764270654939219e+00 2.000000000000000000e+00 1.000000000000000021e-08 2.651196907115309642e-01 6.304158717779113630e-01
2.651196907115309642e-01 6.304158717779113630e-01 0.000000000000000000e+00 1.000000000000000021e-08 4.655158724986484531e-01 2.003961817871174667e+00
4.655158724986484531e-01 2.003961817871174667e+00 0.000000000000000000e+00 1.000000000000000021e-08 8.183673973936663737e-01 3.528515248950179206e+00
8.183673973936663737e-01 3.528515248950179206e+00 1.000000000000000000e+00 1.000000000000000021e-08 1.265848832325916717e+00 4.474814349322504548e+00
1.265848832325916717e+00 4.474814349322504548e+00 2.000000000000000000e+00 9.999000000000000110e-01 1.570796326794896558e+00 5.000000000000000000e+00
5.252893883760509364e-02 3.054316150468344010e-02 0.000000000000000000e+00 1.000000000000000021e-08 1.551210512956716359e-01 1.025921124580665422e+00
1.551210512956716359e-01 1.025921124580665422e+00 2.000000000000000000e+00 1.000000000000000021e-08 1.967172133901177178e-01 4.159616209444606527e-01
1.967172133901177178e-01 4.159616209444606527e-01 0.000000000000000000e+00 1.000000000000000021e-08 3.698096102120648210e-01 1.730923968219470588e+00
3.698096102120648210e-01 1.730923968219470588e+00 2.000000000000000000e+00 1.000000000000000021e-08 5.359995348126572745e-01 1.661899246005924313e+00
5.359995348126572745e-01 1.661899246005924313e+00 0.000000000000000000e+00 1.000000000000000021e-08 8.435824508142698575e-01 3.075829160016125829e+00
8.435824508142698575e-01 3.075829160016125829e+00 0.000000000000000000e+00 1.000000000000000021e-08 1.317035188034416215e+00 4.734527372201462470e+00
1.317035188034416215e+00 4.734527372201462470e+00 1.000000000000000000e+00 9.999000000000000110e-01 1.570796326794896558e+00 5.000000000000000000e+00
7.836062369926989624e-03 1.005158619308697127e-02 2.000000000000000000e+00 1.000000000000000021e-08 -7.531735369271871927e-02 -8.315341606264571306e-01
-7.531735369271871927e-02 -8.315341606264571306e-01 2.000000000000000000e+00 1.000000000000000021e-08 -2.422276362761893731e-01 -1.669102825834706483e+00
-2.422276362761893731e-01 -1.669102825834706483e+00 2.000000000000000000e+00 1.000000000000000021e-08 -5.351969136954985995e-01 -2.929692774193091598e+00
-5.351969136954985995e-01 -2.929692774193091598e+00 1.000000000000000000e+00 1.000000000000000021e-08 -9.048194541633614030e-01 -3.696225404678628479e+00
-9.048194541633614030e-01 -3.696225404678628479e+00 0.000000000000000000e+00 1.000000000000000021e-08 -1.330159507853133860e+00 -4.253400536897724571e+00
-1.330159507853133860e+00 -4.253400536897724571e+00 2.000000000000000000e+00 9.999000000000000110e-01 -1.570796326794896558e+00 -5.000000000000000000e+00
2.925146544643115326e-03 7.520225676488029309e-02 1.000000000000000000e+00 1.000000000000000021e-08 1.778542979962918031e-03 -1.146603564680197251e-02
1.778542979962918031e-03 -1.146603564680197251e-02 2.000000000000000000e+00 1.000000000000000021e-08 -7.411940353157660255e-02 -7.589794651153951577e-01
-7.411940353157660255e-02 -7.589794651153951577e-01 0.000000000000000000e+00 1.000000000000000021e-08 -7.486476251152766881e-02 -7.453589799510607072e-03
-7.486476251152766881e-02 -7.453589799510607072e-03 1.000000000000000000e+00 1.000000000000000021e-08 -9.306845699960522578e-02 -1.820369448807755697e-01
-9.306845699960522578e-02 -1.820369448807755697e-01 2.000000000000000000e+00 1.000000000000000021e-08 -2.068681742007370816e-01 -1.137997172011318447e+00
-2.068681742007370816e-01 -1.137997172011318447e+00 1.000000000000000000e+00 1.000000000000000021e-08 -3.719498051478915546e-01 -1.650816309471544896e+00
-3.719498051478915546e-01 -1.650816309471544896e+00 2.000000000000000000e+00 1.000000000000000021e-08 -6.780009316450764656e-01 -3.060511264971848888e+00
-6.780009316450764656e-01 -3.060511264971848888e+00 2.000000000000000000e+00 1.000000000000000021e-08 -1.142028754342755414e+00 -4.640278226976788822e+00
-1.142028754342755414e+00 -4.640278226976788822e+00 1.000000000000000000e+00 9.999000000000000110e-01 -1.570796326794896558e+00 -5.000000000000000000e+00
-6.892912958830250958e-02 -6.053089300804822409e-02 2.000000000000000000e+00 1.000000000000000021e-08 -1.917356177388449545e-01 -1.228064881505424255e+00
-1.917356177388449545e-01 -1.228064881505424255e+00 0.000000000000000000e+00 1.000000000000000021e-08 -2.485463875624703278e-01 -5.681076982362538441e-01
-2.485463875624703278e-01 -5.681076982362538441e-01 2.000000000000000000e+00 1.000000000000000021e-08 -4.323183204214199882e-01 -1.837719328589496381e+00
-4.323183204214199882e-01 -1.837719328589496381e+00 1.000000000000000000e+00 1.000000000000000021e-08 -6.900962207289467187e-01 -2.577779003075267195e+00
-6.900962207289467187e-01 -2.577779003075267195e+00 1.000000000000000000e+00 1.000000000000000021e-08 -1.041108737023146436e+00 -3.510125162941998056e+00
-1.041108737023146436e+00 -3.510125162941998056e+00 0.000000000000000000e+00 1.000000000000000021e-08 -1.480029344020166171e+00 -4.389206069970198243e+00
-1.480029344020166171e+00 -4.389206069970198243e+00 2.000000000000000000e+00 9.999000000000000110e-01 -1.570796326794896558e+00 -5.000000000000000000e+00
6.204477424080569181e-02 6.243537918476883830e-02 2.000000000000000000e+00 1.000000000000000021e-08 -1.002712207057690486e-02 -7.207189631138259944e-01
-1.002712207057690486e-02 -7.207189631138259944e-01 2.000000000000000000e+00 1.000000000000000021e-08 -1.760895566096516707e-01 -1.660624345390747436e+00
-1.760895566096516707e-01 -1.660624345390747436e+00 2.000000000000000000e+00 1.000000000000000021e-08 -4.574298586088733076e-01 -2.813403019992215981e+00
-4.574298586088733076e-01 -2.813403019992215981e+00 1.000000000000000000e+00 1.000000000000000021e-08 -8.163408217030473368e-01 -3.589109630941739848e+00
-8.163408217030473368e-01 -3.589109630941739848e+00 0.000000000000000000e+00 1.000000000000000021e-08 -1.225956608264854086e+00 -4.096157865618066829e+00
-1.225956608264854086e+00 -4.096157865618066829e+00 2.000000000000000000e+00 9.999000000000000110e-01 -1.570796326794896558e+00 -5.000000000000000000e+00
-5.169052061909248236e-02 -8.520419814266411151e-02 1.000000000000000000e+00 1.000000000000000021e-08 -6.800387611604721827e-02 -1.631335549695473175e-01
-6.800387611604721827e-02 -1.631335549695473175e-01 0.000000000000000000e+00 1.000000000000000021e-08 -5.898748511215981538e-03 6.210512760483123396e-01
-5.898748511215981538e-03 6.210512760483123396e-01 1.000000000000000000e+00 1.000000000000000021e-08 6.563117264468956713e-02 7.152992115590554034e-01
6.563117264468956713e-02 7.152992115590554034e-01 0.000000000000000000e+00 1.000000000000000021e-08 2.476827061020429044e-01 1.820515334573533206e+00
2.476827061020429044e-01 1.820515334573533206e+00 1.000000000000000000e+00 1.000000000000000021e-08 4.592325829688933547e-01 2.115498768668504503e+00
4.592325829688933547e-01 2.115498768668504503e+00 0.000000000000000000e+00 1.000000000000000021e-08 8.316517612276782545e-01 3.724191782587848998e+00
8.316517612276782545e-01 3.724191782587848998e+00 0.000000000000000000e+00 1.000000000000000021e-08 1.355584336562672965e+00 5.000000000000000000e+00
1.355584336562672965e+00 5.000000000000000000e+00 0.000000000000000000e+00 9.999000000000000110e-01 1.570796326794896558e+00 5.000000000000000000e+00
1.797320624969291417e-02 -8.544797782446547640e-02 1.000000000000000000e+00 1.000000000000000021e-08 1.480279890056826475e-02 -3.170407349124650109e-02
1.480279890056826475e-02 -3.170407349124650109e-02 2.000000000000000000e+00 1.000000000000000021e-08 -7.056952806722857630e-02 -8.537232696779684105e-01
-7.056952806722857630e-02 -8.537232696779684105e-01 2.000000000000000000e+00 1.000000000000000021e-08 -2.522495319091482280e-01 -1.816800038419196461e+00
-2.522495319091482280e-01 -1.816800038419196461e+00 2.000000000000000000e+00 1.000000000000000021e-08 -5.652902167200941630e-01 -3.130406848109458906e+00
-5.652902167200941630e-01 -3.130406848109458906e+00 0.000000000000000000e+00 1.000000000000000021e-08 -8.945573828709791897e-01 -3.292671661508849379e+00
-8.945573828709791897e-01 -3.292671661508849379e+00 1.000000000000000000e+00 1.000000000000000021e-08 -1.328564105109377058e+00 -4.340067222383979129e+00
-1.328564105109377058e+00 -4.340067222383979129e+00 2.000000000000000000e+00 9.999000000000000110e-01 -1.570796326794896558e+00 -5.000000000000000000e+00
-4.381900515302766808e-02 -7.441734717431081059e-02 0.000000000000000000e+00 1.000000000000000021e-08 2.778360123823418737e-02 7.160260639126185822e-01
2.778360123823418737e-02 7.160260639126185822e-01 2.000000000000000000e+00 1.000000000000000021e-08 1.986190709088384021e-03 -2.579741052914580335e-01
1.986190709088384021e-03 -2.579741052914580335e-01 2.000000000000000000e+00 1.000000000000000021e-08 -1.196083748353743287e-01 -1.215945655444627072e+00
-1.196083748353743287e-01 -1.215945655444627072e+00 1.000000000000000000e+00 1.000000000000000021e-08 -2.754674173057812259e-01 -1.558590424704068944e+00
-2.754674173057812259e-01 -1.558590424704068944e+00 2.000000000000000000e+00 1.000000000000000021e-08 -5.483632101153133043e-01 -2.728957928095320895e+00
-5.483632101153133043e-01 -2.728957928095320895e+00 1.000000000000000000e+00 1.000000000000000021e-08 -8.891437692288330918e-01 -3.407805591135197432e+00
-8.891437692288330918e-01 -3.407805591135197432e+00 1.000000000000000000e+00 1.000000000000000021e-08 -1.349381042585322765e+00 -4.602372733564896734e+00
-1.349381042585322765e+00 -4.602372733564896734e+00 0.000000000000000000e+00 9.999000000000000110e-01 -1.570796326794896558e+00 -5.000000000000000000e+00
2.967424140268192650e-02 -6.134609696092051256e-03 2.000000000000000000e+00 1.000000000000000021e-08 -4.119218144513484697e-02 -7.086642284781676793e-01
-4.119218144513484697e-02 -7.086642284781676793e-01 0.000000000000000000e+00 1.000000000000000021e-08 -1.446137109173181029e-02 2.673081035340303391e-01
-1.446137109173181029e-02 2.673081035340303391e-01 0.000000000000000000e+00 1.000000000000000021e-08 1.146875917719778204e-01 1.291489628637096265e+00
1.146875917719778204e-01 1.291489628637096265e+00 0.000000000000000000e+00 1.000000000000000021e-08 3.655339992680145533e-01 2.508464074960367718e+00
3.655339992680145533e-01 2.508464074960367718e+00 1.000000000000000000e+00 1.000000000000000021e-08 6.839736455862162057e-01 3.184396463182016745e+00
6.839736455862162057e-01 3.184396463182016745e+00 1.000000000000000000e+00 1.000000000000000021e-08 1.102542362236424323e+00 4.185687166502081169e+00
1.102542362236424323e+00 4.185687166502081169e+00 2.000000000000000000e+00 9.999000000000000110e-01 1.570796326794896558e+00 5.000000000000000000e+00
5.887343065966721412e-02 -9.203030915456138911e-03 2.000000000000000000e+00 1.000000000000000021e-08 -2.609247112890882014e-02 -8.496590178857602593e-01
-2.609247112890882014e-02 -8.496590178857602593e-01 2.000000000000000000e+00 1.000000000000000021e-08 -1.973917604090463240e-01 -1.712992892801374678e+00
-1.973917604090463240e-01 -1.712992892801374678e+00 1.000000000000000000e+00 1.000000000000000021e-08 -4.102534322014679269e-01 -2.128616717924215695e+00
-4.102534322014679269e-01 -2.128616717924215695e+00 0.000000000000000000e+00 1.000000000000000021e-08 -6.048588558145342464e-01 -1.946054236130663195e+00
-6.048588558145342464e-01 -1.946054236130663195e+00 0.000000000000000000e+00 1.000000000000000021e-08 -8.091000644186230328e-01 -2.042412086040888308e+00
-8.091000644186230328e-01 -2.042412086040888308e+00 1.000000000000000000e+00 1.000000000000000021e-08 -1.132360145828140263e+00 -3.232600814095172304e+00
-1.132360145828140263e+00 -3.232600814095172304e+00 0.000000000000000000e+00 1.000000000000000021e-08 -1.555174416243184421e+00 -4.228142704150442022e+00
-1.555174416243184421e+00 -4.228142704150442022e+00 0.000000000000000000e+00 9.999000000000000110e-01 -1.570796326794896558e+00 -5.000000000000000000e+00
-7.492457416351239186e-03 3.338724469872704492e-02 0.000000000000000000e+00 1.000000000000000021e-08 7.110583063259436065e-02 7.859828804894559706e-01
7.110583063259436065e-02 7.859828804894559706e-01 2.000000000000000000e+00 1.000000000000000021e-08 8.992053146872067138e-02 1.881470083612630795e-01
8.992053146872067138e-02 1.881470083612630795e-01 2.000000000000000000e+00 1.000000000000000021e-08 3.308085379648369184e-02 -5.683967767223697676e-01
3.308085379648369184e-02 -5.683967767223697676e-01 0.000000000000000000e+00 1.000000000000000021e-08 6.839008473793151133e-02 3.530923094144782226e-01
6.839008473793151133e-02 3.530923094144782226e-01 1.000000000000000000e+00 1.000000000000000021e-08 1.171071951801723882e-01 4.871711044224087406e-01
1.171071951801723882e-01 4.871711044224087406e-01 1.000000000000000000e+00 1.000000000000000021e-08 2.014998348770679071e-01 8.439263969689552169e-01
2.014998348770679071e-01 8.439263969689552169e-01 0.000000000000000000e+00 1.000000000000000021e-08 4.181342063955043598e-01 2.166343715184364527e+00
4.181342063955043598e-01 2.166343715184364527e+00 0.000000000000000000e+00 1.000000000000000021e-08 7.665023042673418940e-01 3.483680978718375343e+00
7.665023042673418940e-01 3.483680978718375343e+00 2.000000000000000000e+00 1.000000000000000021e-08 1.166387496988766648e+00 3.998851927214247315e+00
1.166387496988766648e+00 3.998851927214247315e+00 2.000000000000000000e+00 9.999000000000000110e-01 1.570796326794896558e+00 5.000000000000000000e+00
-5.730375837902480785e-02 -3.479924191102290454e-02 0.000000000000000000e+00 1.000000000000000021e-08 2.458129201012748677e-02 8.188505038915229184e-01
2.458129201012748677e-02 8.188505038915229184e-01 2.000000000000000000e+00 1.000000000000000021e-08 3.473251413107951435e-02 1.015122212095203036e-01
3.473251413107951435e-02 1.015122212095203036e-01 0.000000000000000000e+00 1.000000000000000021e-08 1.238727492407809966e-01 8.914023510970148223e-01
1.238727492407809966e-01 8.914023510970148223e-01 2.000000000000000000e+00 1.000000000000000021e-08 1.537929135235208411e-01 2.992016428273984729e-01
1.537929135235208411e-01 2.992016428273984729e-01 1.000000000000000000e+00 1.000000000000000021e-08 2.223279336654786498e-01 6.853502014195780312e-01
2.223279336654786498e-01 6.853502014195780312e-01 0.000000000000000000e+00 1.000000000000000021e-08 4.035500509356058640e-01 1.812221172701272032e+00
4.035500509356058640e-01 1.812221172701272032e+00 1.000000000000000000e+00 1.000000000000000021e-08 6.332470753850278911e-01 2.296970244494220825e+00
6.332470753850278911e-01 2.296970244494220825e+00 2.000000000000000000e+00 1.000000000000000021e-08 8.819778574996197662e-01 2.487307821145919196e+00
8.819778574996197662e-01 2.487307821145919196e+00 2.000000000000000000e+00 1.000000000000000021e-08 1.188391205002295337e+00 3.064133475026755704e+00
1.188391205002295337e+00 3.064133475026755704e+00 2.000000000000000000e+00 9.999000000000000110e-01 1.570796326794896558e+00 4.109787817148057520e+00
-1.701760354345521059e-02 -3.068845274642375415e-03 0.000000000000000000e+00 1.000000000000000021e-08 7.960599116771055472e-02 9.662359471116575005e-01
7.960599116771055472e-02 9.662359471116575005e-01 2.000000000000000000e+00 1.000000000000000021e-08 1.031906405614227001e-01 2.358464939371214264e-01
1.031906405614227001e-01 2.358464939371214264e-01 0.000000000000000000e+00 1.000000000000000021e-08 2.227343194207624666e-01 1.195436788593397637e+00
2.227343194207624666e-01 1.195436788593397637e+00 2.000000000000000000e+00 1.000000000000000021e-08 3.033730884732416255e-01 8.063876905247918669e-01
3.033730884732416255e-01 8.063876905247918669e-01 1.000000000000000000e+00 1.000000000000000021e-08 4.223921731973447335e-01 1.190190847241031191e+00
4.223921731973447335e-01 1.190190847241031191e+00 2.000000000000000000e+00 1.000000000000000021e-08 5.167624448681025218e-01 9.437027167075774381e-01
5.167624448681025218e-01 9.437027167075774381e-01 0.000000000000000000e+00 1.000000000000000021e-08 7.778225405365700729e-01 2.610600956684675289e+00
7.778225405365700729e-01 2.610600956684675289e+00 0.000000000000000000e+00 1.000000000000000021e-08 1.192136734831071188e+00 4.143141942945011813e+00
1.192136734831071188e+00 4.143141942945011813e+00 0.000000000000000000e+00 9.999000000000000110e-01 1.570796326794896558e+00 5.000000000000000000e+00
-4.624584118504075636e-02 -5.375942528559364553e-03 2.000000000000000000e+00 1.000000000000000021e-08 -1.384198784638938640e-01 -9.217403727885309372e-01
-1.384198784638938640e-01 -9.217403727885309372e-01 0.000000000000000000e+00 1.000000000000000021e-08 -1.646788929337749119e-01 -2.625901446988103682e-01
-1.646788929337749119e-01 -2.625901446988103682e-01 2.000000000000000000e+00 1.000000000000000021e-08 -3.120271220236095489e-01 -1.473482290898346259e+00
-3.120271220236095489e-01 -1.473482290898346259e+00 2.000000000000000000e+00 1.000000000000000021e-08 -5.774812238075716087e-01 -2.654541017839620487e+00
-5.774812238075716087e-01 -2.654541017839620487e+00 1.000000000000000000e+00 1.000000000000000021e-08 -9.395621053078700990e-01 -3.620808815002984460e+00
-9.395621053078700990e-01 -3.620808815002984460e+00 1.000000000000000000e+00 1.000000000000000021e-08 -1.412729826403364530e+00 -4.731677210954945423e+00
-1.412729826403364530e+00 -4.731677210954945423e+00 0.000000000000000000e+00 9.999000000000000110e-01 -1.570796326794896558e+00 -5.000000000000000000e+00
8.309845433151843985e-03 -2.842196002075367614e-02 1.000000000000000000e+00 1.000000000000000021e-08 1.548394361900262174e-03 -6.761451071251581291e-02
1.548394361900262174e-03 -6.761451071251581291e-02 1.000000000000000000e+00 1.000000000000000021e-08 3.328276392969579858e-04 -1.215566722603304145e-02
3.328276392969579858e-04 -1.215566722603304145e-02 2.000000000000000000e+00 1.000000000000000021e-08 -9.485077328136110042e-02 -9.518360092065805134e-01
-9.485077328136110042e-02 -9.518360092065805134e-01 2.000000000000000000e+00 1.000000000000000021e-08 -2.962970935766520153e-01 -2.014463202952908816e+00
-2.962970935766520153e-01 -2.014463202952908816e+00 2.000000000000000000e+00 1.000000000000000021e-08 -6.338330817059649736e-01 -3.375359881293129583e+00
-6.338330817059649736e-01 -3.375359881293129583e+00 0.000000000000000000e+00 1.000000000000000021e-08 -9.815977894597838205e-01 -3.477647077538187581e+00
-9.815977894597838205e-01 -3.477647077538187581e+00 0.000000000000000000e+00 1.000000000000000021e-08 -1.407294020925784928e+00 -4.256962314660009739e+00
-1.407294020925784928e+00 -4.256962314660009739e+00 0.000000000000000000e+00 9.999000000000000110e-01 -1.570796326794896558e+00 -5.000000000000000000e+00
1.195194432894591818e-03 7.750006272945328401e-02 2.000000000000000000e+00 1.000000000000000021e-08 -8.246596995504262839e-02 -8.366116438793721466e-01
-8.246596995504262839e-02 -8.366116438793721466e-01 2.000000000000000000e+00 1.000000000000000021e-08 -2.516567591000357096e-01 -1.691907891449930590e+00
-2.516567591000357096e-01 -1.691907891449930590e+00 1.000000000000000000e+00 1.000000000000000021e-08 -4.721054159894185753e-01 -2.204486568893828213e+00
-4.721054159894185753e-01 -2.204486568893828213e+00 1.000000000000000000e+00 1.000000000000000021e-08 -7.578659459115273389e-01 -2.857605299221087414e+00
-7.578659459115273389e-01 -2.857605299221087414e+00 1.000000000000000000e+00 1.000000000000000021e-08 -1.145952801088469419e+00 -3.880868551769420804e+00
-1.145952801088469419e+00 -3.880868551769420804e+00 0.000000000000000000e+00 9.999000000000000110e-01 -1.570796326794896558e+00 -4.818796294038529382e+00
-6.952489355938531318e-03 8.839898022217698714e-03 0.000000000000000000e+00 1.000000000000000021e-08 7.247798106912060889e-02 7.943047042505914090e-01
7.247798106912060889e-02 7.943047042505914090e-01 0.000000000000000000e+00 1.000000000000000021e-08 2.532315279605156233e-01 1.807535468913950005e+00
2.532315279605156233e-01 1.807535468913950005e+00 1.000000000000000000e+00 1.000000000000000021e-08 4.745830439723294769e-01 2.213515160118138425e+00
4.745830439723294769e-01 2.213515160118138425e+00 0.000000000000000000e+00 1.000000000000000021e-08 8.305939185242268152e-01 3.560108745518972384e+00
8.305939185242268152e-01 3.560108745518972384e+00 1.000000000000000000e+00 1.000000000000000021e-08 1.288883771264335731e+00 4.582898527401088273e+00
1.288883771264335731e+00 4.582898527401088273e+00 1.000000000000000000e+00 9.999000000000000110e-01 1.570796326794896558e+00 5.000000000000000000e+00
-2.258200544384574016e-02 -5.292618308701594471e-02 1.000000000000000000e+00 1.000000000000000021e-08 -3.082302114962356260e-02 -8.241015705777819667e-02
-3.082302114962356260e-02 -8.241015705777819667e-02 1.000000000000000000e+00 1.000000000000000021e-08 -3.701510484731440620e-02 -6.192083697690846378e-02
-3.701510484731440620e-02 -6.192083697690846378e-02 1.000000000000000000e+00 1.000000000000000021e-08 -4.342428915385050658e-02 -6.409184306536097608e-02
-4.342428915385050658e-02 -6.409184306536097608e-02 0.000000000000000000e+00 1.000000000000000021e-08 4.072833534363726193e-02 8.415262449748776019e-01
4.072833534363726193e-02 8.415262449748776019e-01 2.000000000000000000e+00 1.000000000000000021e-08 3.603178290900983793e-02 -4.696552434627421224e-02
3.603178290900983793e-02 -4.696552434627421224e-02 1.000000000000000000e+00 1.000000000000000021e-08 5.146841701688925630e-02 1.543663410787942114e-01
5.146841701688925630e-02 1.543663410787942114e-01 1.000000000000000000e+00 1.000000000000000021e-08 7.080535963553533096e-02 1.933694261864606911e-01
7.080535963553533096e-02 1.933694261864606911e-01 2.000000000000000000e+00 1.000000000000000021e-08 2.780677680230797533e-02 -4.299858283322735009e-01
2.780677680230797533e-02 -4.299858283322735009e-01 1.000000000000000000e+00 1.000000000000000021e-08 -1.604088216855836108e-02 -4.384765897086633224e-01
-1.604088216855836108e-02 -4.384765897086633224e-01 2.000000000000000000e+00 1.000000000000000021e-08 -1.387026686327378355e-01 -1.226617864641794675e+00
-1.387026686327378355e-01 -1.226617864641794675e+00 2.000000000000000000e+00 1.000000000000000021e-08 -3.636341034337875477e-01 -2.249314348010496900e+00
-3.636341034337875477e-01 -2.249314348010496900e+00 2.000000000000000000e+00 1.000000000000000021e-08 -7.114805357463619417e-01 -3.478464323125743718e+00
-7.114805357463619417e-01 -3.478464323125743718e+00 2.000000000000000000e+00 1.000000000000000021e-08 -1.215578474474468429e+00 -5.000000000000000000e+00
-1.215578474474468429e+00 -5.000000000000000000e+00 0.000000000000000000e+00 9.999000000000000110e-01 -1.570796326794896558e+00 -5.000000000000000000e+00
7.730823520004244387e-02 -7.210658937775843436e-02 2.000000000000000000e+00 1.000000000000000021e-08 -1.484338465903876914e-02 -9.215161985908120190e-01
-1.484338465903876914e-02 -9.215161985908120190e-01 0.000000000000000000e+00 1.000000000000000021e-08 -3.347480168832418779e-02 -1.863141702928541310e-01
-3.347480168832418779e-02 -1.863141702928541310e-01 1.000000000000000000e+00 1.000000000000000021e-08 -6.678010107028665987e-02 -3.330529938196247208e-01
-6.678010107028665987e-02 -3.330529938196247208e-01 1.000000000000000000e+00 1.000000000000000021e-08 -1.119838755769783367e-01 -4.520377450669166852e-01
-1.119838755769783367e-01 -4.520377450669166852e-01 0.000000000000000000e+00 1.000000000000000021e-08 -9.007707746503085255e-02 2.190679811194748416e-01
-9.007707746503085255e-02 2.190679811194748416e-01 1.000000000000000000e+00 1.000000000000000021e-08 -9.556044390682670586e-02 -5.483366441795856083e-02
-9.556044390682670586e-02 -5.483366441795856083e-02 0.000000000000000000e+00 1.000000000000000021e-08 -3.908413126926767872e-02 5.647631263755902298e-01
-3.908413126926767872e-02 5.647631263755902298e-01 1.000000000000000000e+00 1.000000000000000021e-08 9.810306279374715610e-03 4.889443754864238878e-01
9.810306279374715610e-03 4.889443754864238878e-01 2.000000000000000000e+00 1.000000000000000021e-08 -3.508406830739686788e-02 -4.489437458677157933e-01
-3.508406830739686788e-02 -4.489437458677157933e-01 2.000000000000000000e+00 1.000000000000000021e-08 -1.696237421162472558e-01 -1.345396738088503685e+00
-1.696237421162472558e-01 -1.345396738088503685e+00 0.000000000000000000e+00 1.000000000000000021e-08 -2.599002847410797346e-01 -9.027654262483246761e-01
-2.599002847410797346e-01 -9.027654262483246761e-01 1.000000000000000000e+00 1.000000000000000021e-08 -3.907212485009770031e-01 -1.308209637598972686e+00
-3.907212485009770031e-01 -1.308209637598972686e+00 0.000000000000000000e+00 1.000000000000000021e-08 -5.191851142890072657e-01 -1.284638657880302626e+00
-5.191851142890072657e-01 -1.284638657880302626e+00 2.000000000000000000e+00 1.000000000000000021e-08 -7.885687679987081200e-01 -2.693836537097008765e+00
-7.885687679987081200e-01 -2.693836537097008765e+00 2.000000000000000000e+00 1.000000000000000021e-08 -1.230982996611348801e+00 -4.424142286126405921e+00
-1.230982996611348801e+00 -4.424142286126405921e+00 2.000000000000000000e+00 9.999000000000000110e-01 -1.570796326794896558e+00 -5.000000000000000000e+00
4.171471660041120577e-02 -5.146678873297291790e-02 1.000000000000000000e+00 1.000000000000000021e-08 4.833632700419585038e-02 6.621610403784640442e-02
4.833632700419585038e-02 6.621610403784640442e-02 1.000000000000000000e+00 1.000000000000000021e-08 5.174052872358046035e-02 3.404201719384612052e-02
5.174052872358046035e-02 3.404201719384612052e-02 1.000000000000000000e+00 1.000000000000000021e-08 7.849201273959471870e-02 2.675148401601425974e-01
7.849201273959471870e-02 2.675148401601425974e-01 1.000000000000000000e+00 1.000000000000000021e-08 1.291379569841757946e-01 5.064594424458108701e-01
1.291379569841757946e-01 5.064594424458108701e-01 1.000000000000000000e+00 1.000000000000000021e-08 1.927695084151491156e-01 6.363155143097332100e-01
1.927695084151491156e-01 6.363155143097332100e-01 0.000000000000000000e+00 1.000000000000000021e-08 3.646478014167746640e-01 1.718782930016255595e+00
3.646478014167746640e-01 1.718782930016255595e+00 1.000000000000000000e+00 1.000000000000000021e-08 5.948053347335315877e-01 2.301575333167569681e+00
5.948053347335315877e-01 2.301575333167569681e+00 0.000000000000000000e+00 1.000000000000000021e-08 9.721911741767972348e-01 3.773858394432656915e+00
9.721911741767972348e-01 3.773858394432656915e+00 0.000000000000000000e+00 1.000000000000000021e-08 1.508587032997193766e+00 5.000000000000000000e+00
1.508587032997193766e+00 5.000000000000000000e+00 1.000000000000000000e+00 9.999000000000000110e-01 1.570796326794896558e+00 5.000000000000000000e+00
8.315778856991373064e-03 -8.605710336582124420e-02 1.000000000000000000e+00 1.000000000000000021e-08 -7.102159144840204316e-03 -1.541793800183157703e-01
-7.102159144840204316e-03 -1.541793800183157703e-01 1.000000000000000000e+00 1.000000000000000021e-08 -3.150831578838911989e-02 -2.440615664354891523e-01
-3.150831578838911989e-02 -2.440615664354891523e-01 2.000000000000000000e+00 1.000000000000000021e-08 -1.396066286417002034e-01 -1.080983128533110849e+00
-1.396066286417002034e-01 -1.080983128533110849e+00 1.000000000000000000e+00 1.000000000000000021e-08 -2.555478630961435793e-01 -1.159412344544433759e+00
-2.555478630961435793e-01 -1.159412344544433759e+00 0.000000000000000000e+00 1.000000000000000021e-08 -3.136770655355596293e-01 -5.812920243941601672e-01
-3.136770655355596293e-01 -5.812920243941601672e-01 0.000000000000000000e+00 1.000000000000000021e-08 -3.459052503336478845e-01 -3.222818479808827186e-01
-3.459052503336478845e-01 -3.222818479808827186e-01 0.000000000000000000e+00 1.000000000000000021e-08 -3.478795790432268054e-01 -1.974328709578904162e-02
-3.478795790432268054e-01 -1.974328709578904162e-02 2.000000000000000000e+00 1.000000000000000021e-08 -4.762960479892293653e-01 -1.284164689460025599e+00
-4.762960479892293653e-01 -1.284164689460025599e+00 2.000000000000000000e+00 1.000000000000000021e-08 -7.657937466226355516e-01 -2.894976986334061753e+00
-7.657937466226355516e-01 -2.894976986334061753e+00 0.000000000000000000e+00 1.000000000000000021e-08 -1.103624588017164676e+00 -3.378308413945291910e+00
-1.103624588017164676e+00 -3.378308413945291910e+00 1.000000000000000000e+00 1.000000000000000021e-08 -1.567916773927278351e+00 -4.642921859101137194e+00
-1.567916773927278351e+00 -4.642921859101137194e+00 1.000000000000000000e+00 9.999000000000000110e-01 -1.570796326794896558e+00 -5.000000000000000000e+00
6.855623774333786252e-03 -5.391987137953672959e-02 2.000000000000000000e+00 1.000000000000000021e-08 -1.022223337139130245e-01 -1.090779574882468017e+00
-1.022223337139130245e-01 -1.090779574882468017e+00 0.000000000000000000e+00 1.000000000000000021e-08 -1.409774570377111680e-01 -3.875512332379814628e-01
-1.409774570377111680e-01 -3.875512332379814628e-01 2.000000000000000000e+00 1.000000000000000021e-08 -2.809552687984960828e-01 -1.399778117607849204e+00
-2.809552687984960828e-01 -1.399778117607849204e+00 1.000000000000000000e+00 1.000000000000000021e-08 -4.552248488563592765e-01 -1.742695800578631715e+00
-4.552248488563592765e-01 -1.742695800578631715e+00 0.000000000000000000e+00 1.000000000000000021e-08 -6.241425369901186793e-01 -1.689176881337593805e+00
-6.241425369901186793e-01 -1.689176881337593805e+00 2.000000000000000000e+00 1.000000000000000021e-08 -9.477116208128171237e-01 -3.235690838226983779e+00
-9.477116208128171237e-01 -3.235690838226983779e+00 1.000000000000000000e+00 1.000000000000000021e-08 -1.397960748613285453e+00 -4.502491278004683295e+00
-1.397960748613285453e+00 -4.502491278004683295e+00 0.000000000000000000e+00 9.999000000000000110e-01 -1.570796326794896558e+00 -5.000000000000000000e+00
1.383782580656519462e-02 -1.253397566050288951e-02 0.000000000000000000e+00 1.000000000000000021e-08 9.710186376806331787e-02 8.326403796149811631e-01
9.710186376806331787e-02 8.326403796149811631e-01 1.000000000000000000e+00 1.000000000000000021e-08 1.887927261234094156e-01 9.169086235534609219e-01
1.887927261234094156e-01 9.169086235534609219e-01 0.000000000000000000e+00 1.000000000000000021e-08 4.131603600554419886e-01 2.243676339320325397e+00
4.131603600554419886e-01 2.243676339320325397e+00 1.000000000000000000e+00 1.000000000000000021e-08 7.035700575939305423e-01 2.904096975384885759e+00
7.035700575939305423e-01 2.904096975384885759e+00 1.000000000000000000e+00 1.000000000000000021e-08 1.091015458509337011e+00 3.874454009154065126e+00
1.091015458509337011e+00 3.874454009154065126e+00 0.000000000000000000e+00 9.999000000000000110e-01 1.570796326794896558e+00 5.000000000000000000e+00
-8.091819661946235420e-02 -2.971961434653346695e-03 1.000000000000000000e+00 1.000000000000000021e-08 -9.602934904790286219e-02 -1.511115242844050521e-01
-9.602934904790286219e-02 -1.511115242844050521e-01 2.000000000000000000e+00 1.000000000000000021e-08 -2.134958216626175465e-01 -1.174664726147146787e+00
-2.134958216626175465e-01 -1.174664726147146787e+00 0.000000000000000000e+00 1.000000000000000021e-08 -2.784390674958071576e-01 -6.494324583318961119e-01
-2.784390674958071576e-01 -6.494324583318961119e-01 0.000000000000000000e+00 1.000000000000000021e-08 -2.949052727119251260e-01 -1.646620521611796839e-01
-2.949052727119251260e-01 -1.646620521611796839e-01 0.000000000000000000e+00 1.000000000000000021e-08 -2.716762141930493812e-01 2.322905851887572259e-01
-2.716762141930493812e-01 2.322905851887572259e-01 2.000000000000000000e+00 1.000000000000000021e-08 -3.651293974307036061e-01 -9.345318323765422486e-01
-3.651293974307036061e-01 -9.345318323765422486e-01 2.000000000000000000e+00 1.000000000000000021e-08 -5.971079523879827544e-01 -2.319785549572791705e+00
-5.971079523879827544e-01 -2.319785549572791705e+00 0.000000000000000000e+00 1.000000000000000021e-08 -8.542629486762534086e-01 -2.571549962882706986e+00
-8.542629486762534086e-01 -2.571549962882706986e+00 2.000000000000000000e+00 1.000000000000000021e-08 -1.273253946988359697e+00 -4.189909983121061998e+00
-1.273253946988359697e+00 -4.189909983121061998e+00 1.000000000000000000e+00 9.999000000000000110e-01 -1.570796326794896558e+00 -5.000000000000000000e+00
2.222109289600131959e-02 2.955144995614906317e-02 2.000000000000000000e+00 1.000000000000000021e-08 -4.575947916002060661e-02 -6.798057205602192621e-01
-4.575947916002060661e-02 -6.798057205602192621e-01 1.000000000000000000e+00 1.000000000000000021e-08 -1.040336578036617360e-01 -5.827417864364112798e-01
-1.040336578036617360e-01 -5.827417864364112798e-01 2.000000000000000000e+00 1.000000000000000021e-08 -2.731527986056648816e-01 -1.691191408020031206e+00
-2.731527986056648816e-01 -1.691191408020031206e+00 0.000000000000000000e+00 1.000000000000000021e-08 -4.031715384528320456e-01 -1.300187398471671640e+00
-4.031715384528320456e-01 -1.300187398471671640e+00 1.000000000000000000e+00 1.000000000000000021e-08 -6.027978307410535308e-01 -1.996262922882214408e+00
-6.027978307410535308e-01 -1.996262922882214408e+00 0.000000000000000000e+00 1.000000000000000021e-08 -8.204831981541058639e-01 -2.176853674130523331e+00
-8.204831981541058639e-01 -2.176853674130523331e+00 0.000000000000000000e+00 1.000000000000000021e-08 -1.101649129389198567e+00 -2.811659312350926587e+00
-1.101649129389198567e+00 -2.811659312350926587e+00 0.000000000000000000e+00 1.000000000000000021e-08 -1.473401123702530402e+00 -3.717519943133319238e+00
-1.473401123702530402e+00 -3.717519943133319238e+00 0.000000000000000000e+00 9.999000000000000110e-01 -1.570796326794896558e+00 -5.000000000000000000e+00
-8.357905659168465839e-02 6.805422845068394289e-02 1.000000000000000000e+00 1.000000000000000021e-08 -1.063885847117368305e-01 -2.280952812005216934e-01
-1.063885847117368305e-01 -2.280952812005216934e-01 0.000000000000000000e+00 1.000000000000000021e-08 -7.278618797535472973e-02 3.360239673638210078e-01
-7.278618797535472973e-02 3.360239673638210078e-01 1.000000000000000000e+00 1.000000000000000021e-08 -4.681188272959461993e-02 2.597430524576010424e-01
-4.681188272959461993e-02 2.597430524576010424e-01 0.000000000000000000e+00 1.000000000000000021e-08 4.789360343212932525e-02 9.470548616172393963e-01
4.789360343212932525e-02 9.470548616172393963e-01 0.000000000000000000e+00 1.000000000000000021e-08 2.350303382782731876e-01 1.871367348461438596e+00
2.350303382782731876e-01 1.871367348461438596e+00 1.000000000000000000e+00 1.000000000000000021e-08 4.729879477211149652e-01 2.379576094428417665e+00
4.729879477211149652e-01 2.379576094428417665e+00 1.000000000000000000e+00 1.000000000000000021e-08 7.814175877140607795e-01 3.084296399929457255e+00
7.814175877140607795e-01 3.084296399929457255e+00 2.000000000000000000e+00 1.000000000000000021e-08 1.139459400647626852e+00 3.580418129335660726e+00
1.139459400647626852e+00 3.580418129335660726e+00 0.000000000000000000e+00 9.999000000000000110e-01 1.570796326794896558e+00 5.000000000000000000e+00
7.896976122595643355e-02 -7.769850010062702428e-02 0.000000000000000000e+00 1.000000000000000021e-08 1.784215543564031670e-01 9.945179313044670844e-01
1.784215543564031670e-01 9.945179313044670844e-01 1.000000000000000000e+00 1.000000000000000021e-08 3.058789882846885133e-01 1.274574339282853241e+00
3.058789882846885133e-01 1.274574339282853241e+00 1.000000000000000000e+00 1.000000000000000021e-08 4.906302508879103463e-01 1.847512626032218108e+00
4.906302508879103463e-01 1.847512626032218108e+00 2.000000000000000000e+00 1.000000000000000021e-08 6.664488333384092078e-01 1.758185824504988615e+00
6.664488333384092078e-01 1.758185824504988615e+00 2.000000000000000000e+00 1.000000000000000021e-08 8.640513804417808696e-01 1.976025471033716840e+00
8.640513804417808696e-01 1.976025471033716840e+00 2.000000000000000000e+00 1.000000000000000021e-08 1.135102010000814676e+00 2.710506295590338954e+00
1.135102010000814676e+00 2.710506295590338954e+00 1.000000000000000000e+00 1.000000000000000021e-08 1.538530962169803784e+00 4.034289521689890634e+00
1.538530962169803784e+00 4.034289521689890634e+00 1.000000000000000000e+00 9.999000000000000110e-01 1.570796326794896558e+00 5.000000000000000000e+00
8.421790432788367475e-02 -4.123867894046689964e-02 0.000000000000000000e+00 1.000000000000000021e-08 1.924448907160982714e-01 1.082269863882145744e+00
1.924448907160982714e-01 1.082269863882145744e+00 2.000000000000000000e+00 1.000000000000000021e-08 2.534618916255110266e-01 6.101700090941275523e-01
2.534618916255110266e-01 6.101700090941275523e-01 1.000000000000000000e+00 1.000000000000000021e-08 3.660267570794839553e-01 1.125648654539729510e+00
3.660267570794839553e-01 1.125648654539729510e+00 1.000000000000000000e+00 1.000000000000000021e-08 5.486809665854207596e-01 1.826542095059367599e+00
5.486809665854207596e-01 1.826542095059367599e+00 2.000000000000000000e+00 1.000000000000000021e-08 7.529337895044396767e-01 2.042528229190188949e+00
7.529337895044396767e-01 2.042528229190188949e+00 1.000000000000000000e+00 1.000000000000000021e-08 1.052374244589949992e+00 2.994404550855101821e+00
1.052374244589949992e+00 2.994404550855101821e+00 0.000000000000000000e+00 1.000000000000000021e-08 1.523218521397163627e+00 4.708442768072135465e+00
1.523218521397163627e+00 4.708442768072135465e+00 0.000000000000000000e+00 9.999000000000000110e-01 1.570796326794896558e+00 5.000000000000000000e+00
-1.507437285544593539e-02 1.109318407116489588e-02 0.000000000000000000e+00 1.000000000000000021e-08 7.365008031363938501e-02 8.872445316908531554e-01
7.365008031363938501e-02 8.872445316908531554e-01 2.000000000000000000e+00 1.000000000000000021e-08 8.419092984415703362e-02 1.054084953051764861e-01
8.419092984415703362e-02 1.054084953051764861e-01 1.000000000000000000e+00 1.000000000000000021e-08 1.104214226561093803e-01 2.623049281195234950e-01
1.104214226561093803e-01 2.623049281195234950e-01 0.000000000000000000e+00 1.000000000000000021e-08 2.267663081477132303e-01 1.163448854916038444e+00
2.267663081477132303e-01 1.163448854916038444e+00 0.000000000000000000e+00 1.000000000000000021e-08 4.494461400451417177e-01 2.226798318974284374e+00
4.494461400451417177e-01 2.226798318974284374e+00 0.000000000000000000e+00 1.000000000000000021e-08 8.287661092233584714e-01 3.793199691782167537e+00
8.287661092233584714e-01 3.793199691782167537e+00 1.000000000000000000e+00 1.000000000000000021e-08 1.323471099479398116e+00 4.947049902560395118e+00
1.323471099479398116e+00 4.947049902560395118e+00 1.000000000000000000e+00 9.999000000000000110e-01 1.570796326794896558e+00 5.000000000000000000e+00
-2.609137021349855132e-02 -2.011985190779126687e-02 2.000000000000000000e+00 1.000000000000000021e-08 -1.330665508894455784e-01 -1.069751806759470236e+00
-1.330665508894455784e-01 -1.069751806759470236e+00 2.000000000000000000e+00 1.000000000000000021e-08 -3.556147728879082148e-01 -2.225482219984626031e+00
-3.556147728879082148e-01 -2.225482219984626031e+00 0.000000000000000000e+00 1.000000000000000021e-08 -5.384222296498011318e-01 -1.828074567618928947e+00
-5.384222296498011318e-01 -1.828074567618928947e+00 0.000000000000000000e+00 1.000000000000000021e-08 -7.216619061923371659e-01 -1.832396765425360119e+00
-7.216619061923371659e-01 -1.832396765425360119e+00 1.000000000000000000e+00 1.000000000000000021e-08 -1.013590927956684817e+00 -2.919290217643476737e+00
-1.013590927956684817e+00 -2.919290217643476737e+00 1.000000000000000000e+00 1.000000000000000021e-08 -1.436847475498506332e+00 -4.232565475418215151e+00
-1.436847475498506332e+00 -4.232565475418215151e+00 1.000000000000000000e+00 9.999000000000000110e-01 -1.570796326794896558e+00 -5.000000000000000000e+00
3.398366680750551649e-02 2.505234396171354683e-02 0.000000000000000000e+00 1.000000000000000021e-08 1.406578127179278215e-01 1.066741459104223022e+00
1.406578127179278215e-01 1.066741459104223022e+00 0.000000000000000000e+00 1.000000000000000021e-08 3.464065683786864969e-01 2.057487556607586754e+00
3.464065683786864969e-01 2.057487556607586754e+00 1.000000000000000000e+00 1.000000000000000021e-08 5.999221700029402360e-01 2.535156016242537280e+00
5.999221700029402360e-01 2.535156016242537280e+00 1.000000000000000000e+00 1.000000000000000021e-08 9.300075338347953968e-01 3.300853638318551386e+00
9.300075338347953968e-01 3.300853638318551386e+00 2.000000000000000000e+00 1.000000000000000021e-08 1.330250270660480627e+00 4.002427368256851636e+00
1.330250270660480627e+00 4.002427368256851636e+00 2.000000000000000000e+00 9.999000000000000110e-01 1.570796326794896558e+00 5.000000000000000000e+00
8.836446041988483407e-03 -7.279964344025655065e-02 0.000000000000000000e+00 1.000000000000000021e-08 1.070544476887262675e-01 9.821800164673778477e-01
1.070544476887262675e-01 9.821800164673778477e-01 2.000000000000000000e+00 1.000000000000000021e-08 1.267051477707115126e-01 1.965070008198522844e-01
1.267051477707115126e-01 1.965070008198522844e-01 0.000000000000000000e+00 1.000000000000000021e-08 2.537623914134744529e-01 1.270572436427629626e+00
2.537623914134744529e-01 1.270572436427629626e+00 2.000000000000000000e+00 1.000000000000000021e-08 3.481465143252246430e-01 9.438412291175017899e-01
3.481465143252246430e-01 9.438412291175017899e-01 2.000000000000000000e+00 1.000000000000000021e-08 4.113225450574384823e-01 6.317603073221381704e-01
4.113225450574384823e-01 6.317603073221381704e-01 2.000000000000000000e+00 1.000000000000000021e-08 4.774414660580917902e-01 6.611892100065331901e-01
4.774414660580917902e-01 6.611892100065331901e-01 1.000000000000000000e+00 1.000000000000000021e-08 6.126373972491082620e-01 1.351959311910164718e+00
6.126373972491082620e-01 1.351959311910164718e+00 0.000000000000000000e+00 1.000000000000000021e-08 9.097584797907122267e-01 2.971210825416039647e+00
9.097584797907122267e-01 2.971210825416039647e+00 0.000000000000000000e+00 1.000000000000000021e-08 1.375546715246617424e+00 4.657882354559050420e+00
1.375546715246617424e+00 4.657882354559050420e+00 1.000000000000000000e+00 9.999000000000000110e-01 1.570796326794896558e+00 5.000000000000000000e+00
-4.186960261664372795e-02 4.642912619727221357e-02 2.000000000000000000e+00 1.000000000000000021e-08 -1.393143099388527983e-01 -9.744470732220906761e-01
-1.393143099388527983e-01 -9.744470732220906761e-01 0.000000000000000000e+00 1.000000000000000021e-08 -1.666035117340047000e-01 -2.728920179515190725e-01
-1.666035117340047000e-01 -2.728920179515190725e-01 0.000000000000000000e+00 1.000000000000000021e-08 -1.492341034672765021e-01 1.736940826672819793e-01
-1.492341034672765021e-01 1.736940826672819793e-01 1.000000000000000000e+00 1.000000000000000021e-08 -1.523901270988420042e-01 -3.156023631565502141e-02
-1.523901270988420042e-01 -3.156023631565502141e-02 2.000000000000000000e+00 1.000000000000000021e-08 -2.841738871036344483e-01 -1.317837600047924385e+00
-2.841738871036344483e-01 -1.317837600047924385e+00 0.000000000000000000e+00 1.000000000000000021e-08 -3.885573838452267559e-01 -1.043834967415922854e+00
-3.885573838452267559e-01 -1.043834967415922854e+00 1.000000000000000000e+00 1.000000000000000021e-08 -5.634384312843006004e-01 -1.748810474390738889e+00
-5.634384312843006004e-01 -1.748810474390738889e+00 2.000000000000000000e+00 1.000000000000000021e-08 -8.947599185245485032e-01 -3.313214872402478584e+00
-8.947599185245485032e-01 -3.313214872402478584e+00 2.000000000000000000e+00 1.000000000000000021e-08 -1.390807229139194412e+00 -4.960473106146458200e+00
-1.390807229139194412e+00 -4.960473106146458200e+00 1.000000000000000000e+00 9.999000000000000110e-01 -1.570796326794896558e+00 -5.000000000000000000e+00
9.575008984586894090e-05 5.284426097422233182e-02 1.000000000000000000e+00 1.000000000000000021e-08 5.051049215112709059e-03 4.955299125266839771e-02
5.051049215112709059e-03 4.955299125266839771e-02 0.000000000000000000e+00 1.000000000000000021e-08 1.014820550051858949e-01 9.643100579007317652e-01
1.014820550051858949e-01 9.643100579007317652e-01 0.000000000000000000e+00 1.000000000000000021e-08 3.087626356693338181e-01 2.072805806641478732e+00
3.087626356693338181e-01 2.072805806641478732e+00 1.000000000000000000e+00 1.000000000000000021e-08 5.557141777932541604e-01 2.469515421239203423e+00
5.557141777932541604e-01 2.469515421239203423e+00 2.000000000000000000e+00 1.000000000000000021e-08 8.246566692691559286e-01 2.689424914759017238e+00
8.246566692691559286e-01 2.689424914759017238e+00 0.000000000000000000e+00 1.000000000000000021e-08 1.258752140512153783e+00 4.340954712429977214e+00
1.258752140512153783e+00 4.340954712429977214e+00 0.000000000000000000e+00 9.999000000000000110e-01 1.570796326794896558e+00 5.000000000000000000e+00
1.209458142921237406e-02 4.303053451119309702e-03 2.000000000000000000e+00 1.000000000000000021e-08 -7.929264287317075444e-02 -9.138722430238312988e-01
-7.929264287317075444e-02 -9.138722430238312988e-01 1.000000000000000000e+00 1.000000000000000021e-08 -1.719081214608570163e-01 -9.261547858768625074e-01
-1.719081214608570163e-01 -9.261547858768625074e-01 2.000000000000000000e+00 1.000000000000000021e-08 -3.630261585678145053e-01 -1.911180371069574502e+00
-3.630261585678145053e-01 -1.911180371069574502e+00 1.000000000000000000e+00 1.000000000000000021e-08 -6.247205171980587668e-01 -2.616943586302443059e+00
-6.247205171980587668e-01 -2.616943586302443059e+00 2.000000000000000000e+00 1.000000000000000021e-08 -1.049859504782485464e+00 -4.251389875844266086e+00
-1.049859504782485464e+00 -4.251389875844266086e+00 2.000000000000000000e+00 9.999000000000000110e-01 -1.570796326794896558e+00 -5.000000000000000000e+00
-3.570327964583200342e-02 -7.941101057551482045e-02 2.000000000000000000e+00 1.000000000000000021e-08 -1.389161407123747916e-01 -1.032128610665427937e+00
-1.389161407123747916e-01 -1.032128610665427937e+00 1.000000000000000000e+00 1.000000000000000021e-08 -2.572100511219237995e-01 -1.182939104095489968e+00
-2.572100511219237995e-01 -1.182939104095489968e+00 1.000000000000000000e+00 1.000000000000000021e-08 -4.142537301927870508e-01 -1.570436790708632513e+00
-4.142537301927870508e-01 -1.570436790708632513e+00 0.000000000000000000e+00 1.000000000000000021e-08 -5.705740547249222860e-01 -1.563203245321352464e+00
-5.705740547249222860e-01 -1.563203245321352464e+00 1.000000000000000000e+00 1.000000000000000021e-08 -8.125146793796891309e-01 -2.419406246547668005e+00
-8.125146793796891309e-01 -2.419406246547668005e+00 1.000000000000000000e+00 1.000000000000000021e-08 -1.157252169667803088e+00 -3.447374902881140013e+00
-1.157252169667803088e+00 -3.447374902881140013e+00 2.000000000000000000e+00 9.999000000000000110e-01 -1.570796326794896558e+00 -5.000000000000000000e+00
-3.505842675388688018e-02 7.525792473882254863e-02 0.000000000000000000e+00 1.000000000000000021e-08 4.480749742495947902e-02 7.986592417884635919e-01
4.480749742495947902e-02 7.986592417884635919e-01 1.000000000000000000e+00 1.000000000000000021e-08 1.491947692990957253e-01 1.043872718741362338e+00
1.491947692990957253e-01 1.043872718741362338e+00 1.000000000000000000e+00 1.000000000000000021e-08 2.845257822148651861e-01 1.353310129157694552e+00
2.845257822148651861e-01 1.353310129157694552e+00 0.000000000000000000e+00 1.000000000000000021e-08 5.669295802431417730e-01 2.824037980282765314e+00
5.669295802431417730e-01 2.824037980282765314e+00 2.000000000000000000e+00 1.000000000000000021e-08 8.638717788892542604e-01 2.969421986461124430e+00
8.638717788892542604e-01 2.969421986461124430e+00 2.000000000000000000e+00 1.000000000000000021e-08 1.226565006926419787e+00 3.626932280371655715e+00
1.226565006926419787e+00 3.626932280371655715e+00 1.000000000000000000e+00 9.999000000000000110e-01 1.570796326794896558e+00 4.943838645970103585e+00
3.770595328689183012e-02 -2.225456166481004985e-02 1.000000000000000000e+00 1.000000000000000021e-08 5.875704464196852828e-02 2.105109135507670093e-01
5.875704464196852828e-02 2.105109135507670093e-01 1.000000000000000000e+00 1.000000000000000021e-08 1.045651727635092954e-01 4.580812812154075875e-01
1.045651727635092954e-01 4.580812812154075875e-01 2.000000000000000000e+00 1.000000000000000021e-08 8.211088448119235883e-02 -2.245428828231693652e-01
8.211088448119235883e-02 -2.245428828231693652e-01 1.000000000000000000e+00 1.000000000000000021e-08 5.763855108011166350e-02 -2.447233340108069810e-01
5.763855108011166350e-02 -2.447233340108069810e-01 1.000000000000000000e+00 1.000000000000000021e-08 4.196579919136962655e-02 -1.567275188874203695e-01
4.196579919136962655e-02 -1.567275188874203695e-01 1.000000000000000000e+00 1.000000000000000021e-08 1.756028988680635380e-02 -2.440550930456327205e-01
1.756028988680635380e-02 -2.440550930456327205e-01 1.000000000000000000e+00 1.000000000000000021e-08 -2.603317312514067533e-03 -2.016360719932041856e-01
-2.603317312514067533e-03 -2.016360719932041856e-01 2.000000000000000000e+00 1.000000000000000021e-08 -9.797083246197077488e-02 -9.536751514945670527e-01
-9.797083246197077488e-02 -9.536751514945670527e-01 0.000000000000000000e+00 1.000000000000000021e-08 -1.331501301916652447e-01 -3.517929772969446978e-01
-1.331501301916652447e-01 -3.517929772969446978e-01 0.000000000000000000e+00 1.000000000000000021e-08 -8.976310008798113471e-02 4.338703010368409885e-01
-8.976310008798113471e-02 4.338703010368409885e-01 2.000000000000000000e+00 1.000000000000000021e-08 -1.459311762320586736e-01 -5.616807614407752780e-01
-1.459311762320586736e-01 -5.616807614407752780e-01 1.000000000000000000e+00 1.000000000000000021e-08 -2.156853909375220923e-01 -6.975421470546341318e-01
-2.156853909375220923e-01 -6.975421470546341318e-01 2.000000000000000000e+00 1.000000000000000021e-08 -4.153009962411766676e-01 -1.996156053036545419e+00
-4.153009962411766676e-01 -1.996156053036545419e+00 0.000000000000000000e+00 1.000000000000000021e-08 -5.888537973801750702e-01 -1.735528011389983583e+00
-5.888537973801750702e-01 -1.735528011389983583e+00 2.000000000000000000e+00 1.000000000000000021e-08 -9.286617838520729862e-01 -3.398079864718978271e+00
-9.286617838520729862e-01 -3.398079864718978271e+00 0.000000000000000000e+00 1.000000000000000021e-08 -1.328173002867476971e+00 -3.995112190154040732e+00
-1.328173002867476971e+00 -3.995112190154040732e+00 1.000000000000000000e+00 9.999000000000000110e-01 -1.570796326794896558e+00 -5.000000000000000000e+00
8.020085502512612485e-02 -3.118475949153842047e-02 0.000000000000000000e+00 1.000000000000000021e-08 1.793774801543515651e-01 9.917662512922542639e-01
1.793774801543515651e-01 9.917662512922542639e-01 1.000000000000000000e+00 1.000000000000000021e-08 2.930904332092720277e-01 1.137129530549204626e+00
2.930904332092720277e-01 1.137129530549204626e+00 0.000000000000000000e+00 1.000000000000000021e-08 5.348686054039790694e-01 2.417781721947069862e+00
5.348686054039790694e-01 2.417781721947069862e+00 1.000000000000000000e+00 1.000000000000000021e-08 8.610658559346077157e-01 3.261972505306286241e+00
8.610658559346077157e-01 3.261972505306286241e+00 1.000000000000000000e+00 1.000000000000000021e-08 1.303272293585306052e+00 4.422064376506983585e+00
1.303272293585306052e+00 4.422064376506983585e+00 2.000000000000000000e+00 9.999000000000000110e-01 1.570796326794896558e+00 5.000000000000000000e+00
-7.150714418011613893e-02 7.870951651584405517e-03 2.000000000000000000e+00 1.000000000000000021e-08 -1.797234388322983267e-01 -1.082162946521821878e+00
-1.797234388322983267e-01 -1.082162946521821878e+00 0.000000000000000000e+00 1.000000000000000021e-08 -2.389842497456196591e-01 -5.926081091332131567e-01
-2.389842497456196591e-01 -5.926081091332131567e-01 0.000000000000000000e+00 1.000000000000000021e-08 -2.695339998498301193e-01 -3.054975010421043802e-01
-2.695339998498301193e-01 -3.054975010421043802e-01 1.000000000000000000e+00 1.000000000000000021e-08 -3.380431416061741579e-01 -6.850914175634401637e-01
-3.380431416061741579e-01 -6.850914175634401637e-01 0.000000000000000000e+00 1.000000000000000021e-08 -3.851245319567421777e-01 -4.708139035056801980e-01
-3.851245319567421777e-01 -4.708139035056801980e-01 0.000000000000000000e+00 1.000000000000000021e-08 -4.068781355577562042e-01 -2.175360360101401547e-01
-4.068781355577562042e-01 -2.175360360101401547e-01 1.000000000000000000e+00 1.000000000000000021e-08 -5.057835042777236723e-01 -9.890536871996751245e-01
-5.057835042777236723e-01 -9.890536871996751245e-01 1.000000000000000000e+00 1.000000000000000021e-08 -6.977328171918143473e-01 -1.919493129140906973e+00
-6.977328171918143473e-01 -1.919493129140906973e+00 2.000000000000000000e+00 1.000000000000000021e-08 -1.053923513177764226e+00 -3.561906959859498123e+00
-1.053923513177764226e+00 -3.561906959859498123e+00 2.000000000000000000e+00 9.999000000000000110e-01 -1.570796326794896558e+00 -5.000000000000000000e+00
5.243999226460741708e-02 -4.002578390226909505e-03 0.000000000000000000e+00 1.000000000000000021e-08 1.636273416087182242e-01 1.111873493441108085e+00
1.636273416087182242e-01 1.111873493441108085e+00 0.000000000000000000e+00 1.000000000000000021e-08 3.824917940662683757e-01 2.188644524575501293e+00
3.824917940662683757e-01 2.188644524575501293e+00 1.000000000000000000e+00 1.000000000000000021e-08 6.725235718998504586e-01 2.900317778335820940e+00
6.725235718998504586e-01 2.900317778335820940e+00 2.000000000000000000e+00 1.000000000000000021e-08 9.976129951313092992e-01 3.250894232314587740e+00
9.976129951313092992e-01 3.250894232314587740e+00 1.000000000000000000e+00 1.000000000000000021e-08 1.448509084862314777e+00 4.508960897310054783e+00
1.448509084862314777e+00 4.508960897310054783e+00 1.000000000000000000e+00 9.999000000000000110e-01 1.570796326794896558e+00 5.000000000000000000e+00
-2.492742715215398239e-02 -2.250283718595718144e-02 1.000000000000000000e+00 1.000000000000000021e-08 -3.132912273498454636e-02 -6.401695582830564668e-02
-3.132912273498454636e-02 -6.401695582830564668e-02 0.000000000000000000e+00 1.000000000000000021e-08 6.168540076305956132e-02 9.301452349804409936e-01
6.168540076305956132e-02 9.301452349804409936e-01 2.000000000000000000e+00 1.000000000000000021e-08 8.578333954926872784e-02 2.409793878620917207e-01
8.578333954926872784e-02 2.409793878620917207e-01 0.000000000000000000e+00 1.000000000000000021e-08 2.284501946082826973e-01 1.426668550590139528e+00
2.284501946082826973e-01 1.426668550590139528e+00 0.000000000000000000e+00 1.000000000000000021e-08 4.932551880751347984e-01 2.648049934668521121e+00
4.932551880751347984e-01 2.648049934668521121e+00 2.000000000000000000e+00 1.000000000000000021e-08 7.567206795684113807e-01 2.634654914932766268e+00
7.567206795684113807e-01 2.634654914932766268e+00 1.000000000000000000e+00 1.000000000000000021e-08 1.135528205371512778e+00 3.788075258031013526e+00
1.135528205371512778e+00 3.788075258031013526e+00 0.000000000000000000e+00 9.999000000000000110e-01 1.570796326794896558e+00 5.000000000000000000e+00
5.294222563588541625e-02 6.494114079129477413e-02 1.000000000000000000e+00 1.000000000000000021e-08 5.659273943000864282e-02 3.650513794123229350e-02
5.659273943000864282e-02 3.650513794123229350e-02 2.000000000000000000e+00 1.000000000000000021e-08 -9.172578273471662658e-03 -6.576531770348029715e-01
-9.172578273471662658e-03 -6.576531770348029715e-01 0.000000000000000000e+00 1.000000000000000021e-08 -1.595001783612323004e-03 7.577576489859338960e-02
-1.595001783612323004e-03 7.577576489859338960e-02 2.000000000000000000e+00 1.000000000000000021e-08 -9.447036482639198374e-02 -9.287536304277964616e-01
-9.447036482639198374e-02 -9.287536304277964616e-01 0.000000000000000000e+00 1.000000000000000021e-08 -1.162669403268578733e-01 -2.179657550046588677e-01
-1.162669403268578733e-01 -2.179657550046588677e-01 2.000000000000000000e+00 1.000000000000000021e-08 -2.526252706547004734e-01 -1.363583303278426140e+00
