7.423460673763039586e-02 5.945192967848829391e-02 2.000000000000000000e+00 1.000000000000000021e-08 8.050270225181122008e-03 -6.618433651244927107e-01
8.050270225181122008e-03 -6.618433651244927107e-01 0.000000000000000000e+00 1.000000000000000021e-08 2.964235172131962637e-02 2.159208149613850436e-01
2.964235172131962637e-02 2.159208149613850436e-01 2.000000000000000000e+00 1.000000000000000021e-08 -1.855914094419799931e-02 -4.820149266551762013e-01
-1.855914094419799931e-02 -4.820149266551762013e-01 2.000000000000000000e+00 1.000000000000000021e-08 -1.713787974766042277e-01 -1.528196565324062117e+00
-1.713787974766042277e-01 -1.528196565324062117e+00 1.000000000000000000e+00 1.000000000000000021e-08 -3.396886037039858475e-01 -1.683098062273816087e+00
-3.396886037039858475e-01 -1.683098062273816087e+00 2.000000000000000000e+00 1.000000000000000021e-08 -6.492992688619283470e-01 -3.096106651579424440e+00
-6.492992688619283470e-01 -3.096106651579424440e+00 1.000000000000000000e+00 1.000000000000000021e-08 -1.060238464067107422e+00 -4.109391952051789865e+00
-1.060238464067107422e+00 -4.109391952051789865e+00 2.000000000000000000e+00 9.999000000000000110e-01 -1.570796326794896558e+00 -5.000000000000000000e+00
3.567527449517809285e-03 4.976706696274610375e-02 2.000000000000000000e+00 1.000000000000000021e-08 -7.962181516259517200e-02 -8.318934261211298198e-01
-7.962181516259517200e-02 -8.318934261211298198e-01 0.000000000000000000e+00 1.000000000000000021e-08 -7.623081410536147740e-02 3.391001057233689053e-02
-7.623081410536147740e-02 3.391001057233689053e-02 2.000000000000000000e+00 1.000000000000000021e-08 -1.672629243363240592e-01 -9.103211023096258181e-01
-1.672629243363240592e-01 -9.103211023096258181e-01 2.000000000000000000e+00 1.000000000000000021e-08 -3.794717542527337173e-01 -2.122088299164096803e+00
-3.794717542527337173e-01 -2.122088299164096803e+00 0.000000000000000000e+00 1.000000000000000021e-08 -5.655447698646266508e-01 -1.860730156118929557e+00
-5.655447698646266508e-01 -1.860730156118929557e+00 2.000000000000000000e+00 1.000000000000000021e-08 -8.960299401539798536e-01 -3.304851702893532028e+00
-8.960299401539798536e-01 -3.304851702893532028e+00 0.000000000000000000e+00 1.000000000000000021e-08 -1.296419287667999631e+00 -4.003893475140197111e+00
-1.296419287667999631e+00 -4.003893475140197111e+00 2.000000000000000000e+00 9.999000000000000110e-01 -1.570796326794896558e+00 -5.000000000000000000e+00
-5.870680132174056071e-02 -1.986566814035334305e-02 1.000000000000000000e+00 1.000000000000000021e-08 -7.706840129377788562e-02 -1.836159997203732908e-01
-7.706840129377788562e-02 -1.836159997203732908e-01 1.000000000000000000e+00 1.000000000000000021e-08 -9.813313715019253425e-02 -2.106473585641464585e-01
-9.813313715019253425e-02 -2.106473585641464585e-01 2.000000000000000000e+00 1.000000000000000021e-08 -2.281754507884590777e-01 -1.300423136382665490e+00
-2.281754507884590777e-01 -1.300423136382665490e+00 0.000000000000000000e+00 1.000000000000000021e-08 -2.941907698165385776e-01 -6.601531902807949992e-01
-2.941907698165385776e-01 -6.601531902807949992e-01 0.000000000000000000e+00 1.000000000000000021e-08 -3.291719577939172803e-01 -3.498118797737871932e-01
-3.291719577939172803e-01 -3.498118797737871932e-01 1.000000000000000000e+00 1.000000000000000021e-08 -4.081885077388831551e-01 -7.901654994496589701e-01
-4.081885077388831551e-01 -7.901654994496589701e-01 0.000000000000000000e+00 1.000000000000000021e-08 -4.597994996171302362e-01 -5.161099187824705892e-01
-4.597994996171302362e-01 -5.161099187824705892e-01 1.000000000000000000e+00 1.000000000000000021e-08 -5.843197673545611481e-01 -1.245202677374309008e+00
-5.843197673545611481e-01 -1.245202677374309008e+00 2.000000000000000000e+00 1.000000000000000021e-08 -8.687563355492993189e-01 -2.844365681947381486e+00
-8.687563355492993189e-01 -2.844365681947381486e+00 2.000000000000000000e+00 1.000000000000000021e-08 -1.318481522171356612e+00 -4.497251866220573824e+00
-1.318481522171356612e+00 -4.497251866220573824e+00 0.000000000000000000e+00 9.999000000000000110e-01 -1.570796326794896558e+00 -5.000000000000000000e+00
-8.292277973340139718e-02 2.898815978246946021e-02 1.000000000000000000e+00 1.000000000000000021e-08 -8.564603108741115911e-02 -2.723251354009761580e-02
-8.564603108741115911e-02 -2.723251354009761580e-02 2.000000000000000000e+00 1.000000000000000021e-08 -1.799859502496181096e-01 -9.433991916220693108e-01
-1.799859502496181096e-01 -9.433991916220693108e-01 2.000000000000000000e+00 1.000000000000000021e-08 -3.819795273625736787e-01 -2.019935771129555580e+00
-3.819795273625736787e-01 -2.019935771129555580e+00 2.000000000000000000e+00 1.000000000000000021e-08 -7.157280434547124148e-01 -3.337485160921387362e+00
-7.157280434547124148e-01 -3.337485160921387362e+00 1.000000000000000000e+00 1.000000000000000021e-08 -1.149566919019249234e+00 -4.338388755645368633e+00
-1.149566919019249234e+00 -4.338388755645368633e+00 0.000000000000000000e+00 9.999000000000000110e-01 -1.570796326794896558e+00 -5.000000000000000000e+00
-7.545792326114822424e-02 -1.892028211569603269e-02 2.000000000000000000e+00 1.000000000000000021e-08 -1.896327540141179158e-01 -1.141748307529696804e+00
-1.896327540141179158e-01 -1.141748307529696804e+00 2.000000000000000000e+00 1.000000000000000021e-08 -4.320340658716198545e-01 -2.424013118575019554e+00
-4.320340658716198545e-01 -2.424013118575019554e+00 2.000000000000000000e+00 1.000000000000000021e-08 -8.330416594102351135e-01 -4.010075935386152146e+00
-8.330416594102351135e-01 -4.010075935386152146e+00 0.000000000000000000e+00 1.000000000000000021e-08 -1.292768108338738564e+00 -4.597264489285035616e+00
-1.292768108338738564e+00 -4.597264489285035616e+00 1.000000000000000000e+00 9.999000000000000110e-01 -1.570796326794896558e+00 -5.000000000000000000e+00
8.027731823343550732e-02 7.103995260329191985e-02 0.000000000000000000e+00 1.000000000000000021e-08 1.835117142519159528e-01 1.032343960184804343e+00
1.835117142519159528e-01 1.032343960184804343e+00 2.000000000000000000e+00 1.000000000000000021e-08 2.420504427271669701e-01 5.853872847525101175e-01
2.420504427271669701e-01 5.853872847525101175e-01 2.000000000000000000e+00 1.000000000000000021e-08 2.635268591098286484e-01 2.147641638266168385e-01
2.635268591098286484e-01 2.147641638266168385e-01 0.000000000000000000e+00 1.000000000000000021e-08 4.128846798572900489e-01 1.493578207474614228e+00
4.128846798572900489e-01 1.493578207474614228e+00 1.000000000000000000e+00 1.000000000000000021e-08 6.424656724880392078e-01 2.295809926307491367e+00
6.424656724880392078e-01 2.295809926307491367e+00 1.000000000000000000e+00 1.000000000000000021e-08 9.717628690372874800e-01 3.292971965492482944e+00
9.717628690372874800e-01 3.292971965492482944e+00 0.000000000000000000e+00 1.000000000000000021e-08 1.457193579417409790e+00 4.854307103801222212e+00
1.457193579417409790e+00 4.854307103801222212e+00 1.000000000000000000e+00 9.999000000000000110e-01 1.570796326794896558e+00 5.000000000000000000e+00
-5.765006466893379811e-02 -2.373691870981124719e-02 1.000000000000000000e+00 1.000000000000000021e-08 -8.039037638948919040e-02 -2.274031172055538952e-01
-8.039037638948919040e-02 -2.274031172055538952e-01 2.000000000000000000e+00 1.000000000000000021e-08 -2.100284752564519075e-01 -1.296380988669627365e+00
-2.100284752564519075e-01 -1.296380988669627365e+00 0.000000000000000000e+00 1.000000000000000021e-08 -2.813942274020448386e-01 -7.136575214559292002e-01
-2.813942274020448386e-01 -7.136575214559292002e-01 1.000000000000000000e+00 1.000000000000000021e-08 -4.005888726389736920e-01 -1.191946452369288423e+00
-4.005888726389736920e-01 -1.191946452369288423e+00 2.000000000000000000e+00 1.000000000000000021e-08 -6.760213371977339403e-01 -2.754324645587601594e+00
-6.760213371977339403e-01 -2.754324645587601594e+00 0.000000000000000000e+00 1.000000000000000021e-08 -9.817608333768910178e-01 -3.057394961791571220e+00
-9.817608333768910178e-01 -3.057394961791571220e+00 1.000000000000000000e+00 1.000000000000000021e-08 -1.414687737532790646e+00 -4.329269041558996278e+00
-1.414687737532790646e+00 -4.329269041558996278e+00 1.000000000000000000e+00 9.999000000000000110e-01 -1.570796326794896558e+00 -5.000000000000000000e+00
1.030224250362447511e-02 -7.681711115111232446e-02 0.000000000000000000e+00 1.000000000000000021e-08 9.516899247362133052e-02 8.486674996999684639e-01
9.516899247362133052e-02 8.486674996999684639e-01 2.000000000000000000e+00 1.000000000000000021e-08 9.966053278939522586e-02 4.491540315773900893e-02
9.966053278939522586e-02 4.491540315773900893e-02 0.000000000000000000e+00 1.000000000000000021e-08 1.977727507528973805e-01 9.811221796350214630e-01
1.977727507528973805e-01 9.811221796350214630e-01 0.000000000000000000e+00 1.000000000000000021e-08 4.262917904712671957e-01 2.285190397183698430e+00
4.262917904712671957e-01 2.285190397183698430e+00 1.000000000000000000e+00 1.000000000000000021e-08 7.129566504657083303e-01 2.866648599944411124e+00
7.129566504657083303e-01 2.866648599944411124e+00 0.000000000000000000e+00 1.000000000000000021e-08 1.148964174760194412e+00 4.360075242944860818e+00
1.148964174760194412e+00 4.360075242944860818e+00 2.000000000000000000e+00 9.999000000000000110e-01 1.570796326794896558e+00 5.000000000000000000e+00
8.530539147172085113e-02 5.468898402772568584e-02 0.000000000000000000e+00 1.000000000000000021e-08 1.836178329826352318e-01 9.831244151091437233e-01
1.836178329826352318e-01 9.831244151091437233e-01 0.000000000000000000e+00 1.000000000000000021e-08 3.872678350796734392e-01 2.036500020970382074e+00
3.872678350796734392e-01 2.036500020970382074e+00 2.000000000000000000e+00 1.000000000000000021e-08 5.850969656984187361e-01 1.978291306187452525e+00
5.850969656984187361e-01 1.978291306187452525e+00 1.000000000000000000e+00 1.000000000000000021e-08 8.764612761810588459e-01 2.913643104826401320e+00
8.764612761810588459e-01 2.913643104826401320e+00 2.000000000000000000e+00 1.000000000000000021e-08 1.231953576497833325e+00 3.554923003167743900e+00
1.231953576497833325e+00 3.554923003167743900e+00 0.000000000000000000e+00 9.999000000000000110e-01 1.570796326794896558e+00 5.000000000000000000e+00
4.035915726678808435e-02 1.899031034820147443e-02 0.000000000000000000e+00 1.000000000000000021e-08 1.481158570383712125e-01 1.077566997715831087e+00
1.481158570383712125e-01 1.077566997715831087e+00 1.000000000000000000e+00 1.000000000000000021e-08 2.775641981352933163e-01 1.294483410969220927e+00
2.775641981352933163e-01 1.294483410969220927e+00 1.000000000000000000e+00 1.000000000000000021e-08 4.562087432165407019e-01 1.786445450812474078e+00
4.562087432165407019e-01 1.786445450812474078e+00 0.000000000000000000e+00 1.000000000000000021e-08 7.938627526736165008e-01 3.376540094570757766e+00
7.938627526736165008e-01 3.376540094570757766e+00 0.000000000000000000e+00 1.000000000000000021e-08 1.298866492408948803e+00 5.000000000000000000e+00
1.298866492408948803e+00 5.000000000000000000e+00 0.000000000000000000e+00 9.999000000000000110e-01 1.570796326794896558e+00 5.000000000000000000e+00
5.483274834799009567e-02 -8.086943020498643664e-02 0.000000000000000000e+00 1.000000000000000021e-08 1.506259334718416110e-01 9.579318512385150974e-01
1.506259334718416110e-01 9.579318512385150974e-01 1.000000000000000000e+00 1.000000000000000021e-08 2.890143444919068827e-01 1.383884110200652717e+00
2.890143444919068827e-01 1.383884110200652717e+00 2.000000000000000000e+00 1.000000000000000021e-08 3.998584890466878594e-01 1.108441445547809545e+00
3.998584890466878594e-01 1.108441445547809545e+00 1.000000000000000000e+00 1.000000000000000021e-08 5.712891008111813385e-01 1.714306117644934790e+00
5.712891008111813385e-01 1.714306117644934790e+00 0.000000000000000000e+00 1.000000000000000021e-08 9.079861674467499810e-01 3.366970666355686426e+00
9.079861674467499810e-01 3.366970666355686426e+00 0.000000000000000000e+00 1.000000000000000021e-08 1.412508432587515017e+00 5.000000000000000000e+00
1.412508432587515017e+00 5.000000000000000000e+00 0.000000000000000000e+00 9.999000000000000110e-01 1.570796326794896558e+00 5.000000000000000000e+00
4.505923176483872528e-02 3.826091865188589736e-02 2.000000000000000000e+00 1.000000000000000021e-08 -3.130255968455675220e-02 -7.636179144939546637e-01
-3.130255968455675220e-02 -7.636179144939546637e-01 0.000000000000000000e+00 1.000000000000000021e-08 -3.763759415215860160e-02 -6.335034467601852182e-02
-3.763759415215860160e-02 -6.335034467601852182e-02 0.000000000000000000e+00 1.000000000000000021e-08 5.161005379504267354e-02 8.924764794720126959e-01
5.161005379504267354e-02 8.924764794720126959e-01 1.000000000000000000e+00 1.000000000000000021e-08 1.418473960864715666e-01 9.023734229142886809e-01
1.418473960864715666e-01 9.023734229142886809e-01 2.000000000000000000e+00 1.000000000000000021e-08 1.842963725701299571e-01 4.244897648365839604e-01
1.842963725701299571e-01 4.244897648365839604e-01 0.000000000000000000e+00 1.000000000000000021e-08 3.379770500633009211e-01 1.536806774931709363e+00
3.379770500633009211e-01 1.536806774931709363e+00 2.000000000000000000e+00 1.000000000000000021e-08 4.574459152577633470e-01 1.194688651944624480e+00
4.574459152577633470e-01 1.194688651944624480e+00 0.000000000000000000e+00 1.000000000000000021e-08 7.177552198678118778e-01 2.603093046100485530e+00
7.177552198678118778e-01 2.603093046100485530e+00 1.000000000000000000e+00 1.000000000000000021e-08 1.082170449945566881e+00 3.644152300777549591e+00
1.082170449945566881e+00 3.644152300777549591e+00 1.000000000000000000e+00 9.999000000000000110e-01 1.570796326794896558e+00 4.901695253235025973e+00
4.073992766731440729e-02 -2.302922695309379125e-02 2.000000000000000000e+00 1.000000000000000021e-08 -2.578637420899429489e-02 -6.652630187630870218e-01
-2.578637420899429489e-02 -6.652630187630870218e-01 1.000000000000000000e+00 1.000000000000000021e-08 -1.022966496837700717e-01 -7.651027547477576851e-01
-1.022966496837700717e-01 -7.651027547477576851e-01 2.000000000000000000e+00 1.000000000000000021e-08 -2.956355398317844774e-01 -1.933388901480144195e+00
-2.956355398317844774e-01 -1.933388901480144195e+00 0.000000000000000000e+00 1.000000000000000021e-08 -4.643772350788036851e-01 -1.687416952470192077e+00
-4.643772350788036851e-01 -1.687416952470192077e+00 2.000000000000000000e+00 1.000000000000000021e-08 -7.830024808323673424e-01 -3.186252457535636573e+00
-7.830024808323673424e-01 -3.186252457535636573e+00 1.000000000000000000e+00 1.000000000000000021e-08 -1.216770502856043379e+00 -4.337680220236761031e+00
-1.216770502856043379e+00 -4.337680220236761031e+00 0.000000000000000000e+00 9.999000000000000110e-01 -1.570796326794896558e+00 -5.000000000000000000e+00
7.779102807355041393e-02 8.511190269758406313e-02 0.000000000000000000e+00 1.000000000000000021e-08 1.908850858613997947e-01 1.130940577878493780e+00
1.908850858613997947e-01 1.130940577878493780e+00 0.000000000000000000e+00 1.000000000000000021e-08 4.066026889809283285e-01 2.157176031195285226e+00
4.066026889809283285e-01 2.157176031195285226e+00 2.000000000000000000e+00 1.000000000000000021e-08 6.212295838041619334e-01 2.146268948232336271e+00
6.212295838041619334e-01 2.146268948232336271e+00 2.000000000000000000e+00 1.000000000000000021e-08 8.488449158347430856e-01 2.276153320305811079e+00
8.488449158347430856e-01 2.276153320305811079e+00 2.000000000000000000e+00 1.000000000000000021e-08 1.141613020251383892e+00 2.927681044166408508e+00
1.141613020251383892e+00 2.927681044166408508e+00 0.000000000000000000e+00 9.999000000000000110e-01 1.570796326794896558e+00 4.551977561421749030e+00
-2.280929630820578008e-02 -4.194982960609505707e-02 2.000000000000000000e+00 1.000000000000000021e-08 -1.279151042162505747e-01 -1.051058079080447794e+00
-1.279151042162505747e-01 -1.051058079080447794e+00 1.000000000000000000e+00 1.000000000000000021e-08 -2.385068687989011504e-01 -1.105917645826505646e+00
-2.385068687989011504e-01 -1.105917645826505646e+00 2.000000000000000000e+00 1.000000000000000021e-08 -4.687873952939361488e-01 -2.302805264950349873e+00
-4.687873952939361488e-01 -2.302805264950349873e+00 1.000000000000000000e+00 1.000000000000000021e-08 -7.742454015178232840e-01 -3.054580062238871907e+00
-7.742454015178232840e-01 -3.054580062238871907e+00 0.000000000000000000e+00 1.000000000000000021e-08 -1.127492095037273545e+00 -3.532466935194502167e+00
-1.127492095037273545e+00 -3.532466935194502167e+00 1.000000000000000000e+00 9.999000000000000110e-01 -1.570796326794896558e+00 -4.758420335000166368e+00
4.781082024538963610e-02 4.872858961273228429e-02 1.000000000000000000e+00 1.000000000000000021e-08 5.524852346630946404e-02 7.437703220919826552e-02
5.524852346630946404e-02 7.437703220919826552e-02 2.000000000000000000e+00 1.000000000000000021e-08 -1.540037686104282072e-02 -7.064890032735228198e-01
-1.540037686104282072e-02 -7.064890032735228198e-01 1.000000000000000000e+00 1.000000000000000021e-08 -8.563158710119148087e-02 -7.023121024014864489e-01
-8.563158710119148087e-02 -7.023121024014864489e-01 0.000000000000000000e+00 1.000000000000000021e-08 -7.182542696985011466e-02 1.380616013134137177e-01
-7.182542696985011466e-02 1.380616013134137177e-01 0.000000000000000000e+00 1.000000000000000021e-08 3.970838089385253511e-03 7.579626505923536817e-01
3.970838089385253511e-03 7.579626505923536817e-01 2.000000000000000000e+00 1.000000000000000021e-08 1.063755535289245650e-03 -2.907082554096007687e-02
1.063755535289245650e-03 -2.907082554096007687e-02 0.000000000000000000e+00 1.000000000000000021e-08 7.144403769989296493e-02 7.038028216460372466e-01
7.144403769989296493e-02 7.038028216460372466e-01 0.000000000000000000e+00 1.000000000000000021e-08 2.449262542207705784e-01 1.734822165208776079e+00
2.449262542207705784e-01 1.734822165208776079e+00 0.000000000000000000e+00 1.000000000000000021e-08 5.515159175800021796e-01 3.065896633592315457e+00
5.515159175800021796e-01 3.065896633592315457e+00 0.000000000000000000e+00 1.000000000000000021e-08 1.003611878910930955e+00 4.520959613309287306e+00
1.003611878910930955e+00 4.520959613309287306e+00 1.000000000000000000e+00 9.999000000000000110e-01 1.570796326794896558e+00 5.000000000000000000e+00
8.600797734561625718e-02 -2.180430576480214128e-02 2.000000000000000000e+00 1.000000000000000021e-08 1.363150508027766161e-03 -8.464482683758848269e-01
1.363150508027766161e-03 -8.464482683758848269e-01 2.000000000000000000e+00 1.000000000000000021e-08 -1.625419590722280982e-01 -1.639051095802558589e+00
-1.625419590722280982e-01 -1.639051095802558589e+00 2.000000000000000000e+00 1.000000000000000021e-08 -4.526351100229070168e-01 -2.900931509506789574e+00
-4.526351100229070168e-01 -2.900931509506789574e+00 2.000000000000000000e+00 1.000000000000000021e-08 -8.970530827076534930e-01 -4.444179726847464984e+00
-8.970530827076534930e-01 -4.444179726847464984e+00 2.000000000000000000e+00 1.000000000000000021e-08 -1.492350150748351645e+00 -5.000000000000000000e+00
-1.492350150748351645e+00 -5.000000000000000000e+00 2.000000000000000000e+00 9.999000000000000110e-01 -1.570796326794896558e+00 -5.000000000000000000e+00
3.869561183739350652e-02 1.249085859704736692e-02 2.000000000000000000e+00 1.000000000000000021e-08 -5.100659312998236106e-02 -8.970220496737586480e-01
-5.100659312998236106e-02 -8.970220496737586480e-01 0.000000000000000000e+00 1.000000000000000021e-08 -5.235837634533603568e-02 -1.351783215353674628e-02
-5.235837634533603568e-02 -1.351783215353674628e-02 0.000000000000000000e+00 1.000000000000000021e-08 3.931205882889569903e-02 9.167043517423172361e-01
3.931205882889569903e-02 9.167043517423172361e-01 0.000000000000000000e+00 1.000000000000000021e-08 2.140142403909355839e-01 1.747021815620398932e+00
2.140142403909355839e-01 1.747021815620398932e+00 0.000000000000000000e+00 1.000000000000000021e-08 4.997374374170558409e-01 2.857231970261202569e+00
4.997374374170558409e-01 2.857231970261202569e+00 1.000000000000000000e+00 1.000000000000000021e-08 8.630461868513332746e-01 3.633087494342773560e+00
8.630461868513332746e-01 3.633087494342773560e+00 1.000000000000000000e+00 1.000000000000000021e-08 1.327740436192045959e+00 4.646942493407127728e+00
1.327740436192045959e+00 4.646942493407127728e+00 1.000000000000000000e+00 9.999000000000000110e-01 1.570796326794896558e+00 5.000000000000000000e+00
5.307086885906635298e-02 -2.565398827594296896e-02 1.000000000000000000e+00 1.000000000000000021e-08 5.470166051048892114e-02 1.630791651422571278e-02
5.470166051048892114e-02 1.630791651422571278e-02 2.000000000000000000e+00 1.000000000000000021e-08 -1.674904735493532720e-02 -7.145070786542424557e-01
-1.674904735493532720e-02 -7.145070786542424557e-01 0.000000000000000000e+00 1.000000000000000021e-08 -8.802590971521313812e-03 7.946456383414013391e-02
-8.802590971521313812e-03 7.946456383414013391e-02 2.000000000000000000e+00 1.000000000000000021e-08 -8.980397398022271771e-02 -8.100138300870139973e-01
-8.980397398022271771e-02 -8.100138300870139973e-01 1.000000000000000000e+00 1.000000000000000021e-08 -2.012420565552519025e-01 -1.114380825750291848e+00
-2.012420565552519025e-01 -1.114380825750291848e+00 2.000000000000000000e+00 1.000000000000000021e-08 -4.281808700215055663e-01 -2.269388134662536416e+00
-4.281808700215055663e-01 -2.269388134662536416e+00 2.000000000000000000e+00 1.000000000000000021e-08 -8.055678533153940446e-01 -3.773869832938884894e+00
-8.055678533153940446e-01 -3.773869832938884894e+00 1.000000000000000000e+00 1.000000000000000021e-08 -1.277540440907501518e+00 -4.719725875921074731e+00
-1.277540440907501518e+00 -4.719725875921074731e+00 0.000000000000000000e+00 9.999000000000000110e-01 -1.570796326794896558e+00 -5.000000000000000000e+00
4.558896058677300300e-02 -2.417352633254039873e-02 1.000000000000000000e+00 1.000000000000000021e-08 5.712386148961696997e-02 1.153490090284396280e-01
5.712386148961696997e-02 1.153490090284396280e-01 2.000000000000000000e+00 1.000000000000000021e-08 -6.707798754984534151e-03 -6.383166024460150689e-01
-6.707798754984534151e-03 -6.383166024460150689e-01 0.000000000000000000e+00 1.000000000000000021e-08 1.147259797249145646e-02 1.818039672747598923e-01
1.147259797249145646e-02 1.818039672747598923e-01 1.000000000000000000e+00 1.000000000000000021e-08 4.542502000047521360e-02 3.395242202798375297e-01
4.542502000047521360e-02 3.395242202798375297e-01 1.000000000000000000e+00 1.000000000000000021e-08 8.000115258269363538e-02 3.457613258221842178e-01
8.000115258269363538e-02 3.457613258221842178e-01 0.000000000000000000e+00 1.000000000000000021e-08 2.158694780787538403e-01 1.358683254960602049e+00
2.158694780787538403e-01 1.358683254960602049e+00 1.000000000000000000e+00 1.000000000000000021e-08 3.812489041034329285e-01 1.653794260246790770e+00
3.812489041034329285e-01 1.653794260246790770e+00 2.000000000000000000e+00 1.000000000000000021e-08 5.236621585678901125e-01 1.424132544644571396e+00
5.236621585678901125e-01 1.424132544644571396e+00 0.000000000000000000e+00 1.000000000000000021e-08 8.187748386442630366e-01 2.951126800763728575e+00
8.187748386442630366e-01 2.951126800763728575e+00 0.000000000000000000e+00 1.000000000000000021e-08 1.281270835210902792e+00 4.624959965666397110e+00
1.281270835210902792e+00 4.624959965666397110e+00 1.000000000000000000e+00 9.999000000000000110e-01 1.570796326794896558e+00 5.000000000000000000e+00
-5.663419810646889291e-02 -6.934751716642781338e-02 0.000000000000000000e+00 1.000000000000000021e-08 1.846412274389194058e-02 7.509832085036083349e-01
1.846412274389194058e-02 7.509832085036083349e-01 0.000000000000000000e+00 1.000000000000000021e-08 1.839399888460805932e-01 1.654758661021886290e+00
1.839399888460805932e-01 1.654758661021886290e+00 0.000000000000000000e+00 1.000000000000000021e-08 4.797730902894619676e-01 2.958331014433813522e+00
4.797730902894619676e-01 2.958331014433813522e+00 0.000000000000000000e+00 1.000000000000000021e-08 9.220536467390547664e-01 4.422805564495927655e+00
9.220536467390547664e-01 4.422805564495927655e+00 0.000000000000000000e+00 1.000000000000000021e-08 1.523910297994430785e+00 5.000000000000000000e+00
1.523910297994430785e+00 5.000000000000000000e+00 1.000000000000000000e+00 9.999000000000000110e-01 1.570796326794896558e+00 5.000000000000000000e+00
-1.799439569698389058e-02 -4.266257121755563653e-02 0.000000000000000000e+00 1.000000000000000021e-08 5.091932071410838062e-02 6.891371641109226287e-01
5.091932071410838062e-02 6.891371641109226287e-01 2.000000000000000000e+00 1.000000000000000021e-08 4.448537280505801550e-02 -6.433947909050363734e-02
4.448537280505801550e-02 -6.433947909050363734e-02 1.000000000000000000e+00 1.000000000000000021e-08 3.922412269157097425e-02 -5.261250113487039859e-02
3.922412269157097425e-02 -5.261250113487039859e-02 2.000000000000000000e+00 1.000000000000000021e-08 -4.050704098511378332e-02 -7.973116367668475757e-01
-4.050704098511378332e-02 -7.973116367668475757e-01 2.000000000000000000e+00 1.000000000000000021e-08 -2.141356258358562970e-01 -1.736285848507425067e+00
-2.141356258358562970e-01 -1.736285848507425067e+00 0.000000000000000000e+00 1.000000000000000021e-08 -3.365420393741134220e-01 -1.224064135382571195e+00
-3.365420393741134220e-01 -1.224064135382571195e+00 1.000000000000000000e+00 1.000000000000000021e-08 -5.186486668937952960e-01 -1.821066275196818740e+00
-5.186486668937952960e-01 -1.821066275196818740e+00 2.000000000000000000e+00 1.000000000000000021e-08 -8.563989469721247083e-01 -3.377502800783293235e+00
-8.563989469721247083e-01 -3.377502800783293235e+00 2.000000000000000000e+00 1.000000000000000021e-08 -1.352129352001007367e+00 -4.957304050288826147e+00
-1.352129352001007367e+00 -4.957304050288826147e+00 1.000000000000000000e+00 9.999000000000000110e-01 -1.570796326794896558e+00 -5.000000000000000000e+00
-8.518549727899463186e-02 3.468394656010793942e-02 0.000000000000000000e+00 1.000000000000000021e-08 -4.512212809088408938e-03 8.067328446990621460e-01
-4.512212809088408938e-03 8.067328446990621460e-01 2.000000000000000000e+00 1.000000000000000021e-08 -1.896229261191273441e-02 -1.445007980282432269e-01
-1.896229261191273441e-02 -1.445007980282432269e-01 2.000000000000000000e+00 1.000000000000000021e-08 -1.327315742630711393e-01 -1.137692816511584049e+00
-1.327315742630711393e-01 -1.137692816511584049e+00 2.000000000000000000e+00 1.000000000000000021e-08 -3.406387578402669258e-01 -2.079071835771957755e+00
-3.406387578402669258e-01 -2.079071835771957755e+00 1.000000000000000000e+00 1.000000000000000021e-08 -6.042032180538327024e-01 -2.635644602135657433e+00
-6.042032180538327024e-01 -2.635644602135657433e+00 1.000000000000000000e+00 1.000000000000000021e-08 -9.575692180978561119e-01 -3.533660000440233873e+00
-9.575692180978561119e-01 -3.533660000440233873e+00 1.000000000000000000e+00 1.000000000000000021e-08 -1.423448728615075431e+00 -4.658795105172192308e+00
-1.423448728615075431e+00 -4.658795105172192308e+00 0.000000000000000000e+00 9.999000000000000110e-01 -1.570796326794896558e+00 -5.000000000000000000e+00
-7.995349667430222407e-02 -5.031201966260341607e-04 2.000000000000000000e+00 1.000000000000000021e-08 -1.871193551563500312e-01 -1.071658584820478044e+00
-1.871193551563500312e-01 -1.071658584820478044e+00 1.000000000000000000e+00 1.000000000000000021e-08 -3.409771410419967785e-01 -1.538577858856467362e+00
-3.409771410419967785e-01 -1.538577858856467362e+00 0.000000000000000000e+00 1.000000000000000021e-08 -4.682495749466545343e-01 -1.272724339046577446e+00
-4.682495749466545343e-01 -1.272724339046577446e+00 1.000000000000000000e+00 1.000000000000000021e-08 -6.642811450847576626e-01 -1.960315701381030840e+00
-6.642811450847576626e-01 -1.960315701381030840e+00 2.000000000000000000e+00 1.000000000000000021e-08 -1.015026183404434734e+00 -3.507450383196769828e+00
-1.015026183404434734e+00 -3.507450383196769828e+00 2.000000000000000000e+00 1.000000000000000021e-08 -1.536275774264970861e+00 -5.000000000000000000e+00
-1.536275774264970861e+00 -5.000000000000000000e+00 0.000000000000000000e+00 9.999000000000000110e-01 -1.570796326794896558e+00 -5.000000000000000000e+00
4.213394722623293315e-02 6.905352337596126766e-02 1.000000000000000000e+00 1.000000000000000021e-08 7.149249303351989937e-02 2.935854580728697316e-01
7.149249303351989937e-02 2.935854580728697316e-01 2.000000000000000000e+00 1.000000000000000021e-08 1.016134842187096238e-02 -6.133114461164893561e-01
1.016134842187096238e-02 -6.133114461164893561e-01 1.000000000000000000e+00 1.000000000000000021e-08 -6.217227077848876821e-02 -7.233361920035972226e-01
-6.217227077848876821e-02 -7.233361920035972226e-01 0.000000000000000000e+00 1.000000000000000021e-08 -4.360484052506049396e-02 1.856743025342827424e-01
-4.360484052506049396e-02 1.856743025342827424e-01 1.000000000000000000e+00 1.000000000000000021e-08 -4.395554954297952593e-02 -3.507090179190319734e-03
-4.395554954297952593e-02 -3.507090179190319734e-03 1.000000000000000000e+00 1.000000000000000021e-08 -4.816014735939269653e-02 -4.204597816413171985e-02
-4.816014735939269653e-02 -4.204597816413171985e-02 0.000000000000000000e+00 1.000000000000000021e-08 2.566280388825487035e-02 7.382295124764756133e-01
2.566280388825487035e-02 7.382295124764756133e-01 2.000000000000000000e+00 1.000000000000000021e-08 5.868281040790401804e-03 -1.979452284746446855e-01
5.868281040790401804e-03 -1.979452284746446855e-01 0.000000000000000000e+00 1.000000000000000021e-08 7.976489213695085734e-02 7.389661109616044721e-01
7.976489213695085734e-02 7.389661109616044721e-01 0.000000000000000000e+00 1.000000000000000021e-08 2.691153280395188196e-01 1.893504359025679484e+00
2.691153280395188196e-01 1.893504359025679484e+00 1.000000000000000000e+00 1.000000000000000021e-08 5.102588628640267743e-01 2.411435348245078991e+00
5.102588628640267743e-01 2.411435348245078991e+00 1.000000000000000000e+00 1.000000000000000021e-08 8.366424939629397706e-01 3.263836310989129963e+00
8.366424939629397706e-01 3.263836310989129963e+00 0.000000000000000000e+00 1.000000000000000021e-08 1.329161087387471296e+00 4.925185934245315700e+00
1.329161087387471296e+00 4.925185934245315700e+00 0.000000000000000000e+00 9.999000000000000110e-01 1.570796326794896558e+00 5.000000000000000000e+00
-4.464893768452892625e-02 4.079208215523412451e-02 1.000000000000000000e+00 1.000000000000000021e-08 -6.169615354892256376e-02 -1.704721586439363890e-01
-6.169615354892256376e-02 -1.704721586439363890e-01 0.000000000000000000e+00 1.000000000000000021e-08 -5.812155188525500171e-03 5.588399836039705804e-01
-5.812155188525500171e-03 5.588399836039705804e-01 1.000000000000000000e+00 1.000000000000000021e-08 4.416097838893998789e-02 4.997313357746548390e-01
4.416097838893998789e-02 4.997313357746548390e-01 1.000000000000000000e+00 1.000000000000000021e-08 1.079802974132087201e-01 6.381931902426873915e-01
1.079802974132087201e-01 6.381931902426873915e-01 0.000000000000000000e+00 1.000000000000000021e-08 2.747114674619522967e-01 1.667311700487435600e+00
2.747114674619522967e-01 1.667311700487435600e+00 0.000000000000000000e+00 1.000000000000000021e-08 5.546278692899192508e-01 2.799164018279669541e+00
5.546278692899192508e-01 2.799164018279669541e+00 1.000000000000000000e+00 1.000000000000000021e-08 9.068478084793170080e-01 3.522199391893977349e+00
9.068478084793170080e-01 3.522199391893977349e+00 2.000000000000000000e+00 1.000000000000000021e-08 1.320350575166928442e+00 4.135027666876114338e+00
1.320350575166928442e+00 4.135027666876114338e+00 1.000000000000000000e+00 9.999000000000000110e-01 1.570796326794896558e+00 5.000000000000000000e+00
-8.213655668549260658e-02 3.739072167443912437e-02 0.000000000000000000e+00 1.000000000000000021e-08 2.156544888571448881e-03 8.429310157406404436e-01
2.156544888571448881e-03 8.429310157406404436e-01 0.000000000000000000e+00 1.000000000000000021e-08 1.660797933381585323e-01 1.639232484495870779e+00
1.660797933381585323e-01 1.639232484495870779e+00 0.000000000000000000e+00 1.000000000000000021e-08 4.522474877672525984e-01 2.861676944290940661e+00
4.522474877672525984e-01 2.861676944290940661e+00 0.000000000000000000e+00 1.000000000000000021e-08 8.705985608019795041e-01 4.183510730347268947e+00
8.705985608019795041e-01 4.183510730347268947e+00 1.000000000000000000e+00 1.000000000000000021e-08 1.391102362829385708e+00 5.000000000000000000e+00
1.391102362829385708e+00 5.000000000000000000e+00 2.000000000000000000e+00 9.999000000000000110e-01 1.570796326794896558e+00 5.000000000000000000e+00
-6.716725415437371782e-02 -5.903907670679081621e-02 1.000000000000000000e+00 1.000000000000000021e-08 -8.317175668362823682e-02 -1.600450252925452177e-01
-8.317175668362823682e-02 -1.600450252925452177e-01 1.000000000000000000e+00 1.000000000000000021e-08 -1.296230382416271587e-01 -4.645128155799891911e-01
-1.296230382416271587e-01 -4.645128155799891911e-01 0.000000000000000000e+00 1.000000000000000021e-08 -1.217738874586886677e-01 7.849150782938491000e-02
-1.217738874586886677e-01 7.849150782938491000e-02 0.000000000000000000e+00 1.000000000000000021e-08 -5.074457062377073224e-02 7.102931683491793269e-01
-5.074457062377073224e-02 7.102931683491793269e-01 1.000000000000000000e+00 1.000000000000000021e-08 2.143451441122812273e-02 7.217908503499884665e-01
2.143451441122812273e-02 7.217908503499884665e-01 2.000000000000000000e+00 1.000000000000000021e-08 1.408222767271204504e-02 -7.352286738516078390e-02
1.408222767271204504e-02 -7.352286738516078390e-02 0.000000000000000000e+00 1.000000000000000021e-08 1.048393222187344459e-01 9.075709454602239878e-01
1.048393222187344459e-01 9.075709454602239878e-01 1.000000000000000000e+00 1.000000000000000021e-08 2.300205231691649366e-01 1.251812009504305045e+00
2.300205231691649366e-01 1.251812009504305045e+00 2.000000000000000000e+00 1.000000000000000021e-08 2.980394850683123487e-01 6.801896189914741209e-01
2.980394850683123487e-01 6.801896189914741209e-01 2.000000000000000000e+00 1.000000000000000021e-08 3.199710286519024116e-01 2.193154358359007960e-01
3.199710286519024116e-01 2.193154358359007960e-01 1.000000000000000000e+00 1.000000000000000021e-08 3.871890727662181120e-01 6.721804411431568926e-01
3.871890727662181120e-01 6.721804411431568926e-01 2.000000000000000000e+00 1.000000000000000021e-08 4.268782205235553961e-01 3.968914775733730083e-01
4.268782205235553961e-01 3.968914775733730083e-01 2.000000000000000000e+00 1.000000000000000021e-08 4.538172203203519328e-01 2.693899979679654222e-01
4.538172203203519328e-01 2.693899979679654222e-01 0.000000000000000000e+00 1.000000000000000021e-08 6.217166185399406464e-01 1.678993982195886803e+00
6.217166185399406464e-01 1.678993982195886803e+00 1.000000000000000000e+00 1.000000000000000021e-08 8.721967046354226483e-01 2.504800860954820685e+00
8.721967046354226483e-01 2.504800860954820685e+00 1.000000000000000000e+00 1.000000000000000021e-08 1.235631390274856578e+00 3.634346856394339298e+00
1.235631390274856578e+00 3.634346856394339298e+00 1.000000000000000000e+00 9.999000000000000110e-01 1.570796326794896558e+00 4.942261433746280019e+00
-3.417336783536285144e-02 -6.213730498935970958e-02 0.000000000000000000e+00 1.000000000000000021e-08 5.811807848836775953e-02 9.229144632373060819e-01
5.811807848836775953e-02 9.229144632373060819e-01 0.000000000000000000e+00 1.000000000000000021e-08 2.369466891888820370e-01 1.788286107005142789e+00
2.369466891888820370e-01 1.788286107005142789e+00 2.000000000000000000e+00 1.000000000000000021e-08 3.666157327270136990e-01 1.296690435381316453e+00
3.666157327270136990e-01 1.296690435381316453e+00 0.000000000000000000e+00 1.000000000000000021e-08 6.336010411987069713e-01 2.669853084716931946e+00
6.336010411987069713e-01 2.669853084716931946e+00 0.000000000000000000e+00 1.000000000000000021e-08 1.066602535432200627e+00 4.330014942334936556e+00
1.066602535432200627e+00 4.330014942334936556e+00 0.000000000000000000e+00 9.999000000000000110e-01 1.570796326794896558e+00 5.000000000000000000e+00
4.524430742816311357e-02 -7.313744467197635241e-03 0.000000000000000000e+00 1.000000000000000021e-08 1.529652963155576639e-01 1.077209888873945642e+00
1.529652963155576639e-01 1.077209888873945642e+00 2.000000000000000000e+00 1.000000000000000021e-08 2.170278227778625335e-01 6.406252646230485848e-01
2.170278227778625335e-01 6.406252646230485848e-01 1.000000000000000000e+00 1.000000000000000021e-08 3.247657643097864866e-01 1.077379415319239531e+00
3.247657643097864866e-01 1.077379415319239531e+00 2.000000000000000000e+00 1.000000000000000021e-08 4.054012895640553005e-01 8.063552525426882500e-01
4.054012895640553005e-01 8.063552525426882500e-01 1.000000000000000000e+00 1.000000000000000021e-08 5.503988281171274810e-01 1.449975385530721139e+00
5.503988281171274810e-01 1.449975385530721139e+00 1.000000000000000000e+00 1.000000000000000021e-08 7.918942306587521962e-01 2.414954025416247596e+00
7.918942306587521962e-01 2.414954025416247596e+00 2.000000000000000000e+00 1.000000000000000021e-08 1.092348115053194846e+00 3.004538843944427384e+00
1.092348115053194846e+00 3.004538843944427384e+00 0.000000000000000000e+00 1.000000000000000021e-08 1.555899271624568314e+00 4.635511565713735571e+00
1.555899271624568314e+00 4.635511565713735571e+00 0.000000000000000000e+00 9.999000000000000110e-01 1.570796326794896558e+00 5.000000000000000000e+00
-1.353562584846076076e-02 3.195180107252892920e-02 1.000000000000000000e+00 1.000000000000000021e-08 1.432887047943146724e-03 1.496851289640390714e-01
1.432887047943146724e-03 1.496851289640390714e-01 0.000000000000000000e+00 1.000000000000000021e-08 8.852872211335890973e-02 8.709583506541576092e-01
8.852872211335890973e-02 8.709583506541576092e-01 1.000000000000000000e+00 1.000000000000000021e-08 1.876410787309825412e-01 9.911235661762362037e-01
1.876410787309825412e-01 9.911235661762362037e-01 2.000000000000000000e+00 1.000000000000000021e-08 2.193550222294951002e-01 3.171394349851255345e-01
2.193550222294951002e-01 3.171394349851255345e-01 0.000000000000000000e+00 1.000000000000000021e-08 3.680948463685536076e-01 1.487398241390584630e+00
3.680948463685536076e-01 1.487398241390584630e+00 1.000000000000000000e+00 1.000000000000000021e-08 5.706161137619525370e-01 2.025212673933989738e+00
5.706161137619525370e-01 2.025212673933989738e+00 1.000000000000000000e+00 1.000000000000000021e-08 8.645007241990412261e-01 2.938846104370886891e+00
8.645007241990412261e-01 2.938846104370886891e+00 1.000000000000000000e+00 1.000000000000000021e-08 1.278525998583457168e+00 4.140252743844158978e+00
1.278525998583457168e+00 4.140252743844158978e+00 0.000000000000000000e+00 9.999000000000000110e-01 1.570796326794896558e+00 5.000000000000000000e+00
1.401308105326804984e-02 5.723500162569951366e-02 1.000000000000000000e+00 1.000000000000000021e-08 2.501146074959159984e-02 1.099837969632355000e-01
2.501146074959159984e-02 1.099837969632355000e-01 0.000000000000000000e+00 1.000000000000000021e-08 1.220125490528241319e-01 9.700108830323252995e-01
1.220125490528241319e-01 9.700108830323252995e-01 2.000000000000000000e+00 1.000000000000000021e-08 1.435733886113081670e-01 2.156083955848403511e-01
1.435733886113081670e-01 2.156083955848403511e-01 2.000000000000000000e+00 1.000000000000000021e-08 9.379471418401763572e-02 -4.977867442729053682e-01
9.379471418401763572e-02 -4.977867442729053682e-01 0.000000000000000000e+00 1.000000000000000021e-08 1.390850716815298926e-01 4.529035749751224582e-01
1.390850716815298926e-01 4.529035749751224582e-01 1.000000000000000000e+00 1.000000000000000021e-08 1.917971915503969560e-01 5.271211986886706891e-01
1.917971915503969560e-01 5.271211986886706891e-01 1.000000000000000000e+00 1.000000000000000021e-08 2.795198825790618513e-01 8.772269102866490087e-01
2.795198825790618513e-01 8.772269102866490087e-01 0.000000000000000000e+00 1.000000000000000021e-08 5.120800777920202496e-01 2.325601952129584316e+00
5.120800777920202496e-01 2.325601952129584316e+00 2.000000000000000000e+00 1.000000000000000021e-08 7.335679976734876817e-01 2.214879198814674321e+00
7.335679976734876817e-01 2.214879198814674321e+00 0.000000000000000000e+00 1.000000000000000021e-08 1.107392104742229932e+00 3.738241070687422507e+00
1.107392104742229932e+00 3.738241070687422507e+00 1.000000000000000000e+00 9.999000000000000110e-01 1.570796326794896558e+00 5.000000000000000000e+00
7.990177713098184364e-02 -6.706174191063261208e-03 1.000000000000000000e+00 1.000000000000000021e-08 9.500974331743194945e-02 1.510796618645009748e-01
9.500974331743194945e-02 1.510796618645009748e-01 0.000000000000000000e+00 1.000000000000000021e-08 2.206054390407684029e-01 1.255956957233364424e+00
2.206054390407684029e-01 1.255956957233364424e+00 2.000000000000000000e+00 1.000000000000000021e-08 2.980906931207907840e-01 7.748525408002238102e-01
2.980906931207907840e-01 7.748525408002238102e-01 0.000000000000000000e+00 1.000000000000000021e-08 4.969833151432288543e-01 1.988926220224380703e+00
4.969833151432288543e-01 1.988926220224380703e+00 1.000000000000000000e+00 1.000000000000000021e-08 7.750922281532501845e-01 2.781089130100213858e+00
7.750922281532501845e-01 2.781089130100213858e+00 0.000000000000000000e+00 1.000000000000000021e-08 1.220787395548339260e+00 4.456951673950890758e+00
1.220787395548339260e+00 4.456951673950890758e+00 2.000000000000000000e+00 9.999000000000000110e-01 1.570796326794896558e+00 5.000000000000000000e+00
-4.203747756503940780e-02 -6.911628408551262481e-02 1.000000000000000000e+00 1.000000000000000021e-08 -7.317366672536951278e-02 -3.113618916033009665e-01
-7.317366672536951278e-02 -3.113618916033009665e-01 1.000000000000000000e+00 1.000000000000000021e-08 -1.100491633639762157e-01 -3.687549663860669735e-01
-1.100491633639762157e-01 -3.687549663860669735e-01 1.000000000000000000e+00 1.000000000000000021e-08 -1.785068479245996986e-01 -6.845768456062346630e-01
-1.785068479245996986e-01 -6.845768456062346630e-01 1.000000000000000000e+00 1.000000000000000021e-08 -2.662979913944115151e-01 -8.779114346981182759e-01
-2.662979913944115151e-01 -8.779114346981182759e-01 0.000000000000000000e+00 1.000000000000000021e-08 -3.176901088779780502e-01 -5.139211748356653509e-01
-3.176901088779780502e-01 -5.139211748356653509e-01 2.000000000000000000e+00 1.000000000000000021e-08 -4.886899754019654041e-01 -1.709998665239873317e+00
-4.886899754019654041e-01 -1.709998665239873317e+00 0.000000000000000000e+00 1.000000000000000021e-08 -6.616723651763797287e-01 -1.729823897744143135e+00
-6.616723651763797287e-01 -1.729823897744143135e+00 0.000000000000000000e+00 1.000000000000000021e-08 -8.580736633711627537e-01 -1.964012981947830694e+00
-8.580736633711627537e-01 -1.964012981947830694e+00 1.000000000000000000e+00 1.000000000000000021e-08 -1.163740568376967488e+00 -3.056669050058047787e+00
-1.163740568376967488e+00 -3.056669050058047787e+00 2.000000000000000000e+00 9.999000000000000110e-01 -1.570796326794896558e+00 -4.737122374467880981e+00
-5.196819269717496692e-02 -3.383309996530213526e-02 2.000000000000000000e+00 1.000000000000000021e-08 -1.629209529962007130e-01 -1.109527602990257433e+00
-1.629209529962007130e-01 -1.109527602990257433e+00 2.000000000000000000e+00 1.000000000000000021e-08 -3.890696074748645761e-01 -2.261486544786638575e+00
-3.890696074748645761e-01 -2.261486544786638575e+00 1.000000000000000000e+00 1.000000000000000021e-08 -6.797519966221472476e-01 -2.906823891472826826e+00
-6.797519966221472476e-01 -2.906823891472826826e+00 0.000000000000000000e+00 1.000000000000000021e-08 -1.009450489538568974e+00 -3.296984929164217260e+00
-1.009450489538568974e+00 -3.296984929164217260e+00 1.000000000000000000e+00 1.000000000000000021e-08 -1.453388269447213554e+00 -4.439377799086445364e+00
-1.453388269447213554e+00 -4.439377799086445364e+00 2.000000000000000000e+00 9.999000000000000110e-01 -1.570796326794896558e+00 -5.000000000000000000e+00
-7.553834033373102441e-02 -3.795862000286114035e-02 2.000000000000000000e+00 1.000000000000000021e-08 -1.663455235517871111e-01 -9.080718321805609783e-01
-1.663455235517871111e-01 -9.080718321805609783e-01 1.000000000000000000e+00 1.000000000000000021e-08 -2.898797387192825759e-01 -1.235342151674954536e+00
-2.898797387192825759e-01 -1.235342151674954536e+00 2.000000000000000000e+00 1.000000000000000021e-08 -5.283554128782624870e-01 -2.384756741589798779e+00
-5.283554128782624870e-01 -2.384756741589798779e+00 2.000000000000000000e+00 1.000000000000000021e-08 -9.188025632109118046e-01 -3.904471503326493398e+00
-9.188025632109118046e-01 -3.904471503326493398e+00 1.000000000000000000e+00 1.000000000000000021e-08 -1.415226834733293693e+00 -4.964242715223818436e+00
-1.415226834733293693e+00 -4.964242715223818436e+00 0.000000000000000000e+00 9.999000000000000110e-01 -1.570796326794896558e+00 -5.000000000000000000e+00
-8.413776381115992131e-02 -3.580985014967238284e-02 2.000000000000000000e+00 1.000000000000000021e-08 -1.942502061245910683e-01 -1.101124423134311359e+00
-1.942502061245910683e-01 -1.101124423134311359e+00 1.000000000000000000e+00 1.000000000000000021e-08 -3.245688799792930679e-01 -1.303186738547020163e+00
-3.245688799792930679e-01 -1.303186738547020163e+00 2.000000000000000000e+00 1.000000000000000021e-08 -5.850566902512669420e-01 -2.604878102719738742e+00
-5.850566902512669420e-01 -2.604878102719738742e+00 1.000000000000000000e+00 1.000000000000000021e-08 -9.281421071083491015e-01 -3.430854168570821816e+00
-9.281421071083491015e-01 -3.430854168570821816e+00 2.000000000000000000e+00 1.000000000000000021e-08 -1.442126304965705597e+00 -5.000000000000000000e+00
-1.442126304965705597e+00 -5.000000000000000000e+00 1.000000000000000000e+00 9.999000000000000110e-01 -1.570796326794896558e+00 -5.000000000000000000e+00
-5.157224501482113310e-02 -4.912979043220459807e-02 0.000000000000000000e+00 1.000000000000000021e-08 3.242478635793319408e-02 8.399703137275431608e-01
3.242478635793319408e-02 8.399703137275431608e-01 0.000000000000000000e+00 1.000000000000000021e-08 1.994822382185841014e-01 1.670574518606508851e+00
1.994822382185841014e-01 1.670574518606508851e+00 1.000000000000000000e+00 1.000000000000000021e-08 4.096464045497627549e-01 2.101641663311786257e+00
4.096464045497627549e-01 2.101641663311786257e+00 2.000000000000000000e+00 1.000000000000000021e-08 6.070011909351646917e-01 1.973547863854019813e+00
6.070011909351646917e-01 1.973547863854019813e+00 0.000000000000000000e+00 1.000000000000000021e-08 9.684100930390444617e-01 3.614089021038797256e+00
9.684100930390444617e-01 3.614089021038797256e+00 1.000000000000000000e+00 1.000000000000000021e-08 1.447175144281567682e+00 4.787650512425231319e+00
1.447175144281567682e+00 4.787650512425231319e+00 0.000000000000000000e+00 9.999000000000000110e-01 1.570796326794896558e+00 5.000000000000000000e+00
8.032435566619233747e-02 2.102995842812465516e-02 1.000000000000000000e+00 1.000000000000000021e-08 9.077486244797620951e-02 1.045050678178386927e-01
9.077486244797620951e-02 1.045050678178386927e-01 2.000000000000000000e+00 1.000000000000000021e-08 1.956293857399850344e-02 -7.121192387397770052e-01
1.956293857399850344e-02 -7.121192387397770052e-01 0.000000000000000000e+00 1.000000000000000021e-08 3.396101406332951989e-02 1.439807548933101922e-01
3.396101406332951989e-02 1.439807548933101922e-01 2.000000000000000000e+00 1.000000000000000021e-08 -1.749969551318850819e-02 -5.146070957651802669e-01
-1.749969551318850819e-02 -5.146070957651802669e-01 1.000000000000000000e+00 1.000000000000000021e-08 -6.054981390080273890e-02 -4.305011838761422793e-01
-6.054981390080273890e-02 -4.305011838761422793e-01 1.000000000000000000e+00 1.000000000000000021e-08 -1.021902766666472340e-01 -4.164046276584448258e-01
-1.021902766666472340e-01 -4.164046276584448258e-01 1.000000000000000000e+00 1.000000000000000021e-08 -1.528746716222392776e-01 -5.068439495559203811e-01
-1.528746716222392776e-01 -5.068439495559203811e-01 1.000000000000000000e+00 1.000000000000000021e-08 -2.373263963434122936e-01 -8.445172472117302709e-01
-2.373263963434122936e-01 -8.445172472117302709e-01 0.000000000000000000e+00 1.000000000000000021e-08 -2.634349816707332592e-01 -2.610858532732094339e-01
-2.634349816707332592e-01 -2.610858532732094339e-01 1.000000000000000000e+00 1.000000000000000021e-08 -3.455912825931518051e-01 -8.215630092241854587e-01
-3.455912825931518051e-01 -8.215630092241854587e-01 0.000000000000000000e+00 1.000000000000000021e-08 -3.924288075073488757e-01 -4.683752491419708175e-01
-3.924288075073488757e-01 -4.683752491419708175e-01 0.000000000000000000e+00 1.000000000000000021e-08 -4.141180308125446130e-01 -2.168922330519573727e-01
-4.141180308125446130e-01 -2.168922330519573727e-01 1.000000000000000000e+00 1.000000000000000021e-08 -4.931746254591772294e-01 -7.905659464663258307e-01
-4.931746254591772294e-01 -7.905659464663258307e-01 1.000000000000000000e+00 1.000000000000000021e-08 -6.623952858280836020e-01 -1.692206603689063282e+00
-6.623952858280836020e-01 -1.692206603689063282e+00 1.000000000000000000e+00 1.000000000000000021e-08 -9.224244605744416070e-01 -2.600291747463579828e+00
-9.224244605744416070e-01 -2.600291747463579828e+00 0.000000000000000000e+00 1.000000000000000021e-08 -1.261180988745469911e+00 -3.387565281710282150e+00
-1.261180988745469911e+00 -3.387565281710282150e+00 0.000000000000000000e+00 9.999000000000000110e-01 -1.570796326794896558e+00 -4.517828375638126559e+00
-8.303849343529302873e-02 -3.354140083587604099e-02 2.000000000000000000e+00 1.000000000000000021e-08 -1.973366066921831696e-01 -1.142981132568901215e+00
-1.973366066921831696e-01 -1.142981132568901215e+00 2.000000000000000000e+00 1.000000000000000021e-08 -4.304769370326311240e-01 -2.331403303404479654e+00
-4.304769370326311240e-01 -2.331403303404479654e+00 0.000000000000000000e+00 1.000000000000000021e-08 -6.559052080810369167e-01 -2.254282710484058150e+00
-6.559052080810369167e-01 -2.254282710484058150e+00 1.000000000000000000e+00 1.000000000000000021e-08 -9.658822765155292700e-01 -3.099770684344923311e+00
-9.658822765155292700e-01 -3.099770684344923311e+00 1.000000000000000000e+00 1.000000000000000021e-08 -1.391941303742465719e+00 -4.260590272269364931e+00
-1.391941303742465719e+00 -4.260590272269364931e+00 0.000000000000000000e+00 9.999000000000000110e-01 -1.570796326794896558e+00 -5.000000000000000000e+00
-7.789817491209717615e-02 3.091000776361421329e-02 0.000000000000000000e+00 1.000000000000000021e-08 -5.249357775571672491e-03 7.264881713652550088e-01
-5.249357775571672491e-03 7.264881713652550088e-01 2.000000000000000000e+00 1.000000000000000021e-08 -1.346372527741552909e-02 -8.214367501843855557e-02
-1.346372527741552909e-02 -8.214367501843855557e-02 1.000000000000000000e+00 1.000000000000000021e-08 -2.091747169434155298e-02 -7.453746416926024243e-02
-2.091747169434155298e-02 -7.453746416926024243e-02 1.000000000000000000e+00 1.000000000000000021e-08 -4.841945633442348851e-02 -2.750198464008193344e-01
-4.841945633442348851e-02 -2.750198464008193344e-01 0.000000000000000000e+00 1.000000000000000021e-08 -3.427491582541880577e-03 4.499196475188160793e-01
-3.427491582541880577e-03 4.499196475188160793e-01 0.000000000000000000e+00 1.000000000000000021e-08 1.328315246720004339e-01 1.362590162545423089e+00
1.328315246720004339e-01 1.362590162545423089e+00 1.000000000000000000e+00 1.000000000000000021e-08 2.883937746769850707e-01 1.555622500049846257e+00
2.883937746769850707e-01 1.555622500049846257e+00 2.000000000000000000e+00 1.000000000000000021e-08 4.135875545790905217e-01 1.251937799021054509e+00
4.135875545790905217e-01 1.251937799021054509e+00 2.000000000000000000e+00 1.000000000000000021e-08 5.265817626185232969e-01 1.129942080394328086e+00
5.265817626185232969e-01 1.129942080394328086e+00 1.000000000000000000e+00 1.000000000000000021e-08 7.080966579648249049e-01 1.815148953463016079e+00
7.080966579648249049e-01 1.815148953463016079e+00 2.000000000000000000e+00 1.000000000000000021e-08 9.299609726655988506e-01 2.218643147007739458e+00
9.299609726655988506e-01 2.218643147007739458e+00 2.000000000000000000e+00 1.000000000000000021e-08 1.230043810102483759e+00 3.000828374368849527e+00
1.230043810102483759e+00 3.000828374368849527e+00 2.000000000000000000e+00 9.999000000000000110e-01 1.570796326794896558e+00 4.068789986344613752e+00
-5.393472262790872246e-02 -8.553048147324435191e-02 2.000000000000000000e+00 1.000000000000000021e-08 -1.498415693644832014e-01 -9.590684673657446924e-01
-1.498415693644832014e-01 -9.590684673657446924e-01 1.000000000000000000e+00 1.000000000000000021e-08 -2.716885676117690718e-01 -1.218469982472858426e+00
-2.716885676117690718e-01 -1.218469982472858426e+00 1.000000000000000000e+00 1.000000000000000021e-08 -4.253465287044776444e-01 -1.536579610927085282e+00
-4.253465287044776444e-01 -1.536579610927085282e+00 0.000000000000000000e+00 1.000000000000000021e-08 -5.547241669335096770e-01 -1.293776382290320548e+00
-5.547241669335096770e-01 -1.293776382290320548e+00 0.000000000000000000e+00 1.000000000000000021e-08 -7.043755052415090478e-01 -1.496513383079994153e+00
-7.043755052415090478e-01 -1.496513383079994153e+00 1.000000000000000000e+00 1.000000000000000021e-08 -9.498843805754594305e-01 -2.455088753339503604e+00
-9.498843805754594305e-01 -2.455088753339503604e+00 2.000000000000000000e+00 1.000000000000000021e-08 -1.368582380731381276e+00 -4.186980001559217790e+00
-1.368582380731381276e+00 -4.186980001559217790e+00 0.000000000000000000e+00 9.999000000000000110e-01 -1.570796326794896558e+00 -5.000000000000000000e+00
-5.928124329204146475e-03 1.542052515804337096e-02 0.000000000000000000e+00 1.000000000000000021e-08 8.218034217997571833e-02 8.810846650917986134e-01
8.218034217997571833e-02 8.810846650917986134e-01 1.000000000000000000e+00 1.000000000000000021e-08 1.903910743838473918e-01 1.082107322038716513e+00
1.903910743838473918e-01 1.082107322038716513e+00 0.000000000000000000e+00 1.000000000000000021e-08 4.225111094784634869e-01 2.321200350946161173e+00
4.225111094784634869e-01 2.321200350946161173e+00 0.000000000000000000e+00 1.000000000000000021e-08 7.911549164611049179e-01 3.686438069826413422e+00
7.911549164611049179e-01 3.686438069826413422e+00 1.000000000000000000e+00 1.000000000000000021e-08 1.264258782181019392e+00 4.731038657199145625e+00
1.264258782181019392e+00 4.731038657199145625e+00 1.000000000000000000e+00 9.999000000000000110e-01 1.570796326794896558e+00 5.000000000000000000e+00
7.621378317647384271e-02 -7.515321839025813910e-02 0.000000000000000000e+00 1.000000000000000021e-08 1.740632106135714674e-01 9.784942743709761359e-01
1.740632106135714674e-01 9.784942743709761359e-01 0.000000000000000000e+00 1.000000000000000021e-08 3.909940502218878233e-01 2.169308396083163615e+00
3.909940502218878233e-01 2.169308396083163615e+00 2.000000000000000000e+00 1.000000000000000021e-08 5.870072822098355569e-01 1.960132319879477558e+00
5.870072822098355569e-01 1.960132319879477558e+00 0.000000000000000000e+00 1.000000000000000021e-08 9.419981051091674829e-01 3.549908228993319703e+00
9.419981051091674829e-01 3.549908228993319703e+00 1.000000000000000000e+00 1.000000000000000021e-08 1.409653816915217073e+00 4.676557118060496343e+00
1.409653816915217073e+00 4.676557118060496343e+00 1.000000000000000000e+00 9.999000000000000110e-01 1.570796326794896558e+00 5.000000000000000000e+00
4.954921368426720707e-02 8.654881951920441463e-03 2.000000000000000000e+00 1.000000000000000021e-08 -1.167880153135126414e-02 -6.122801521561846982e-01
-1.167880153135126414e-02 -6.122801521561846982e-01 0.000000000000000000e+00 1.000000000000000021e-08 1.728951026728393209e-02 2.896831179863519345e-01
1.728951026728393209e-02 2.896831179863519345e-01 2.000000000000000000e+00 1.000000000000000021e-08 -4.692487219196164044e-02 -6.421438245924556698e-01
-4.692487219196164044e-02 -6.421438245924556698e-01 1.000000000000000000e+00 1.000000000000000021e-08 -1.024653905498371098e-01 -5.554051835787545688e-01
-1.024653905498371098e-01 -5.554051835787545688e-01 0.000000000000000000e+00 1.000000000000000021e-08 -9.642500553036881250e-02 6.040385019468297312e-02
-9.642500553036881250e-02 6.040385019468297312e-02 1.000000000000000000e+00 1.000000000000000021e-08 -9.995094010178603994e-02 -3.525934571417224661e-02
-9.995094010178603994e-02 -3.525934571417224661e-02 2.000000000000000000e+00 1.000000000000000021e-08 -2.088285807297170504e-01 -1.088776406279310160e+00
-2.088285807297170504e-01 -1.088776406279310160e+00 0.000000000000000000e+00 1.000000000000000021e-08 -2.797735035448760121e-01 -7.094492281515896170e-01
-2.797735035448760121e-01 -7.094492281515896170e-01 0.000000000000000000e+00 1.000000000000000021e-08 -3.227211520454932314e-01 -4.294764850061722483e-01
-3.227211520454932314e-01 -4.294764850061722483e-01 0.000000000000000000e+00 1.000000000000000021e-08 -3.495756270949511579e-01 -2.685447504945795427e-01
-3.495756270949511579e-01 -2.685447504945795427e-01 1.000000000000000000e+00 1.000000000000000021e-08 -4.243470744130253269e-01 -7.477144731807419120e-01
-4.243470744130253269e-01 -7.477144731807419120e-01 1.000000000000000000e+00 1.000000000000000021e-08 -5.814060161934340165e-01 -1.570589417804086452e+00
-5.814060161934340165e-01 -1.570589417804086452e+00 0.000000000000000000e+00 1.000000000000000021e-08 -7.701762628906377861e-01 -1.887702466972037252e+00
-7.701762628906377861e-01 -1.887702466972037252e+00 1.000000000000000000e+00 1.000000000000000021e-08 -1.075675699166320776e+00 -3.054994362756829673e+00
-1.075675699166320776e+00 -3.054994362756829673e+00 2.000000000000000000e+00 1.000000000000000021e-08 -1.540463887616858596e+00 -4.647881884505379091e+00
-1.540463887616858596e+00 -4.647881884505379091e+00 0.000000000000000000e+00 9.999000000000000110e-01 -1.570796326794896558e+00 -5.000000000000000000e+00
-1.720112589886726301e-02 -8.834702140822908722e-03 0.000000000000000000e+00 1.000000000000000021e-08 5.002593497339302003e-02 6.722706087226028027e-01
5.002593497339302003e-02 6.722706087226028027e-01 0.000000000000000000e+00 1.000000000000000021e-08 2.153239253031514200e-01 1.652979903297583819e+00
2.153239253031514200e-01 1.652979903297583819e+00 2.000000000000000000e+00 1.000000000000000021e-08 3.363136816152207942e-01 1.209897563120693631e+00
3.363136816152207942e-01 1.209897563120693631e+00 2.000000000000000000e+00 1.000000000000000021e-08 4.230347431693198823e-01 8.672106155409911032e-01
4.230347431693198823e-01 8.672106155409911032e-01 1.000000000000000000e+00 1.000000000000000021e-08 5.848444697019413718e-01 1.618097265326214895e+00
5.848444697019413718e-01 1.618097265326214895e+00 1.000000000000000000e+00 1.000000000000000021e-08 8.325670354957828145e-01 2.477225657938414205e+00
8.325670354957828145e-01 2.477225657938414205e+00 2.000000000000000000e+00 1.000000000000000021e-08 1.143236676875198699e+00 3.106696413794158396e+00
1.143236676875198699e+00 3.106696413794158396e+00 0.000000000000000000e+00 9.999000000000000110e-01 1.570796326794896558e+00 4.786025070031531214e+00
-2.954671075684472265e-02 -6.440662254062472225e-02 1.000000000000000000e+00 1.000000000000000021e-08 -5.241199526311725310e-02 -2.286528450627252629e-01
-5.241199526311725310e-02 -2.286528450627252629e-01 2.000000000000000000e+00 1.000000000000000021e-08 -1.789472697006780355e-01 -1.265352744375607630e+00
-1.789472697006780355e-01 -1.265352744375607630e+00 0.000000000000000000e+00 1.000000000000000021e-08 -2.596276153626714267e-01 -8.068034566199339119e-01
-2.596276153626714267e-01 -8.068034566199339119e-01 2.000000000000000000e+00 1.000000000000000021e-08 -4.810743183935888290e-01 -2.214467030309173801e+00
-4.810743183935888290e-01 -2.214467030309173801e+00 0.000000000000000000e+00 1.000000000000000021e-08 -7.074254495099843165e-01 -2.263511311163954876e+00
-7.074254495099843165e-01 -2.263511311163954876e+00 2.000000000000000000e+00 1.000000000000000021e-08 -1.091425962112494652e+00 -3.840005126025103355e+00
-1.091425962112494652e+00 -3.840005126025103355e+00 1.000000000000000000e+00 9.999000000000000110e-01 -1.570796326794896558e+00 -5.000000000000000000e+00
-3.157364090884125923e-02 -3.940105012714364974e-02 1.000000000000000000e+00 1.000000000000000021e-08 -5.127045018910508095e-02 -1.969680928026381894e-01
-5.127045018910508095e-02 -1.969680928026381894e-01 1.000000000000000000e+00 1.000000000000000021e-08 -9.124239570099310082e-02 -3.997194551188800737e-01
-9.124239570099310082e-02 -3.997194551188800737e-01 2.000000000000000000e+00 1.000000000000000021e-08 -2.315575025849998247e-01 -1.403151068840067239e+00
-2.315575025849998247e-01 -1.403151068840067239e+00 2.000000000000000000e+00 1.000000000000000021e-08 -4.986238040312535036e-01 -2.670663014462536289e+00
-4.986238040312535036e-01 -2.670663014462536289e+00 0.000000000000000000e+00 1.000000000000000021e-08 -7.688015394045256690e-01 -2.701777353732721654e+00
-7.688015394045256690e-01 -2.701777353732721654e+00 1.000000000000000000e+00 1.000000000000000021e-08 -1.137789752816115163e+00 -3.689882134115895163e+00
-1.137789752816115163e+00 -3.689882134115895163e+00 1.000000000000000000e+00 9.999000000000000110e-01 -1.570796326794896558e+00 -4.985164055967666208e+00
7.220161575398878484e-02 6.904072850449563536e-02 1.000000000000000000e+00 1.000000000000000021e-08 1.066688652139514554e-01 3.446724945996266776e-01
1.066688652139514554e-01 3.446724945996266776e-01 2.000000000000000000e+00 1.000000000000000021e-08 7.303579254537116705e-02 -3.363307266858028832e-01
7.303579254537116705e-02 -3.363307266858028832e-01 0.000000000000000000e+00 1.000000000000000021e-08 1.318364863021986022e-01 5.880069375682743793e-01
1.318364863021986022e-01 5.880069375682743793e-01 0.000000000000000000e+00 1.000000000000000021e-08 2.965187358767450432e-01 1.646822495745464021e+00
2.965187358767450432e-01 1.646822495745464021e+00 0.000000000000000000e+00 1.000000000000000021e-08 5.762497229304210933e-01 2.797309870536759835e+00
5.762497229304210933e-01 2.797309870536759835e+00 0.000000000000000000e+00 1.000000000000000021e-08 1.020208280253883437e+00 4.439585573234623439e+00
1.020208280253883437e+00 4.439585573234623439e+00 2.000000000000000000e+00 1.000000000000000021e-08 1.543199947961690688e+00 5.000000000000000000e+00
1.543199947961690688e+00 5.000000000000000000e+00 0.000000000000000000e+00 9.999000000000000110e-01 1.570796326794896558e+00 5.000000000000000000e+00
6.352161619182346286e-02 9.232038297200019505e-03 1.000000000000000000e+00 1.000000000000000021e-08 8.704652595416136063e-02 2.352490976233790054e-01
8.704652595416136063e-02 2.352490976233790054e-01 1.000000000000000000e+00 1.000000000000000021e-08 1.226173435415809088e-01 3.557081758741954536e-01
1.226173435415809088e-01 3.557081758741954536e-01 1.000000000000000000e+00 1.000000000000000021e-08 1.744578140519348897e-01 5.184047051035398646e-01
1.744578140519348897e-01 5.184047051035398646e-01 1.000000000000000000e+00 1.000000000000000021e-08 2.566339552280045844e-01 8.217614117606966140e-01
2.566339552280045844e-01 8.217614117606966140e-01 1.000000000000000000e+00 1.000000000000000021e-08 3.687797966826480422e-01 1.121458414546434357e+00
3.687797966826480422e-01 1.121458414546434357e+00 1.000000000000000000e+00 1.000000000000000021e-08 5.498686354004649335e-01 1.810888387178168690e+00
5.498686354004649335e-01 1.810888387178168690e+00 2.000000000000000000e+00 1.000000000000000021e-08 7.363193201365576535e-01 1.864506847360927644e+00
7.363193201365576535e-01 1.864506847360927644e+00 2.000000000000000000e+00 1.000000000000000021e-08 9.770356192185672972e-01 2.407162990820096216e+00
9.770356192185672972e-01 2.407162990820096216e+00 2.000000000000000000e+00 1.000000000000000021e-08 1.297219236834071365e+00 3.201836176155040903e+00
1.297219236834071365e+00 3.201836176155040903e+00 2.000000000000000000e+00 9.999000000000000110e-01 1.570796326794896558e+00 4.386188934136272088e+00
-8.464918036629234810e-02 3.103729885855770199e-02 2.000000000000000000e+00 1.000000000000000021e-08 -1.818404599078269623e-01 -9.719127954153461424e-01
-1.818404599078269623e-01 -9.719127954153461424e-01 0.000000000000000000e+00 1.000000000000000021e-08 -2.393328685394624511e-01 -5.749240863163548321e-01
-2.393328685394624511e-01 -5.749240863163548321e-01 1.000000000000000000e+00 1.000000000000000021e-08 -3.321949397418169081e-01 -9.286207120235443480e-01
-3.321949397418169081e-01 -9.286207120235443480e-01 1.000000000000000000e+00 1.000000000000000021e-08 -4.908660484844020733e-01 -1.586711087425851874e+00
-4.908660484844020733e-01 -1.586711087425851874e+00 1.000000000000000000e+00 1.000000000000000021e-08 -7.169068227066897059e-01 -2.260407742222875882e+00
-7.169068227066897059e-01 -2.260407742222875882e+00 1.000000000000000000e+00 1.000000000000000021e-08 -1.050956109045932507e+00 -3.340492863392427125e+00
-1.050956109045932507e+00 -3.340492863392427125e+00 0.000000000000000000e+00 1.000000000000000021e-08 -1.469592884752969120e+00 -4.186367757070365236e+00
-1.469592884752969120e+00 -4.186367757070365236e+00 1.000000000000000000e+00 9.999000000000000110e-01 -1.570796326794896558e+00 -5.000000000000000000e+00
-7.918871490936502111e-02 5.668315800863767823e-03 1.000000000000000000e+00 1.000000000000000021e-08 -8.402009656510646407e-02 -4.831381655741442960e-02
-8.402009656510646407e-02 -4.831381655741442960e-02 1.000000000000000000e+00 1.000000000000000021e-08 -1.123507397251226475e-01 -2.833064316001618343e-01
-1.123507397251226475e-01 -2.833064316001618343e-01 0.000000000000000000e+00 1.000000000000000021e-08 -8.285125380553139129e-02 2.949948591959125621e-01
-8.285125380553139129e-02 2.949948591959125621e-01 2.000000000000000000e+00 1.000000000000000021e-08 -1.419313718633759547e-01 -5.908011805784454396e-01
-1.419313718633759547e-01 -5.908011805784454396e-01 1.000000000000000000e+00 1.000000000000000021e-08 -2.113360517418644280e-01 -6.940467987848845111e-01
-2.113360517418644280e-01 -6.940467987848845111e-01 0.000000000000000000e+00 1.000000000000000021e-08 -2.203946725424380526e-01 -9.058620800573613518e-02
-2.203946725424380526e-01 -9.058620800573613518e-02 1.000000000000000000e+00 1.000000000000000021e-08 -2.707646810020828410e-01 -5.037000845964479945e-01
-2.707646810020828410e-01 -5.037000845964479945e-01 2.000000000000000000e+00 1.000000000000000021e-08 -4.417997982579193184e-01 -1.710351172558364663e+00
-4.417997982579193184e-01 -1.710351172558364663e+00 0.000000000000000000e+00 1.000000000000000021e-08 -6.101867377405800763e-01 -1.683869394826606802e+00
-6.101867377405800763e-01 -1.683869394826606802e+00 0.000000000000000000e+00 1.000000000000000021e-08 -8.029431876914657762e-01 -1.927564499508856777e+00
-8.029431876914657762e-01 -1.927564499508856777e+00 0.000000000000000000e+00 1.000000000000000021e-08 -1.061104442005746717e+00 -2.581612543142809635e+00
-1.061104442005746717e+00 -2.581612543142809635e+00 2.000000000000000000e+00 1.000000000000000021e-08 -1.481159624461237501e+00 -4.200551824554907832e+00
-1.481159624461237501e+00 -4.200551824554907832e+00 0.000000000000000000e+00 9.999000000000000110e-01 -1.570796326794896558e+00 -5.000000000000000000e+00
-4.013570725794696897e-02 8.725813798303830304e-02 0.000000000000000000e+00 1.000000000000000021e-08 4.568053202866634993e-02 8.581623928661331613e-01
4.568053202866634993e-02 8.581623928661331613e-01 0.000000000000000000e+00 1.000000000000000021e-08 2.283647640452727001e-01 1.826842320166063516e+00
2.283647640452727001e-01 1.826842320166063516e+00 1.000000000000000000e+00 1.000000000000000021e-08 4.342488806708580951e-01 2.058841166255853672e+00
4.342488806708580951e-01 2.058841166255853672e+00 0.000000000000000000e+00 1.000000000000000021e-08 7.724798365906841990e-01 3.382309559198261262e+00
7.724798365906841990e-01 3.382309559198261262e+00 2.000000000000000000e+00 1.000000000000000021e-08 1.158199151756410528e+00 3.857193151657263286e+00
1.158199151756410528e+00 3.857193151657263286e+00 1.000000000000000000e+00 9.999000000000000110e-01 1.570796326794896558e+00 5.000000000000000000e+00
8.498891618773000978e-02 1.172954453426132068e-02 1.000000000000000000e+00 1.000000000000000021e-08 1.048110331405621015e-01 1.982211695283209174e-01
1.048110331405621015e-01 1.982211695283209174e-01 0.000000000000000000e+00 1.000000000000000021e-08 2.463705880515587587e-01 1.415595549109966766e+00
2.463705880515587587e-01 1.415595549109966766e+00 0.000000000000000000e+00 1.000000000000000021e-08 5.088339759594108225e-01 2.624633879078520415e+00
5.088339759594108225e-01 2.624633879078520415e+00 0.000000000000000000e+00 1.000000000000000021e-08 9.253194074964090632e-01 4.164854315369981741e+00
9.253194074964090632e-01 4.164854315369981741e+00 0.000000000000000000e+00 1.000000000000000021e-08 1.508751874181109898e+00 5.000000000000000000e+00
1.508751874181109898e+00 5.000000000000000000e+00 0.000000000000000000e+00 9.999000000000000110e-01 1.570796326794896558e+00 5.000000000000000000e+00
-3.374129286633914537e-02 -6.465653752882674632e-04 0.000000000000000000e+00 1.000000000000000021e-08 3.896454014099760832e-02 7.270583300733675092e-01
3.896454014099760832e-02 7.270583300733675092e-01 0.000000000000000000e+00 1.000000000000000021e-08 2.193645309354619877e-01 1.803999907944643821e+00
2.193645309354619877e-01 1.803999907944643821e+00 1.000000000000000000e+00 1.000000000000000021e-08 4.406312658239250890e-01 2.212667348884631124e+00
4.406312658239250890e-01 2.212667348884631124e+00 0.000000000000000000e+00 1.000000000000000021e-08 8.216676228859448594e-01 3.810363570620197482e+00
8.216676228859448594e-01 3.810363570620197482e+00 1.000000000000000000e+00 1.000000000000000021e-08 1.299765408313671156e+00 4.780977854277262296e+00
1.299765408313671156e+00 4.780977854277262296e+00 2.000000000000000000e+00 9.999000000000000110e-01 1.570796326794896558e+00 5.000000000000000000e+00
-8.025617500399685744e-02 -6.848226420858181951e-02 2.000000000000000000e+00 1.000000000000000021e-08 -1.927167173911242259e-01 -1.124605423871273713e+00
-1.927167173911242259e-01 -1.124605423871273713e+00 2.000000000000000000e+00 1.000000000000000021e-08 -4.380809002061579194e-01 -2.453641828150336934e+00
-4.380809002061579194e-01 -2.453641828150336934e+00 1.000000000000000000e+00 1.000000000000000021e-08 -7.367309909218155983e-01 -2.986500907156576901e+00
-7.367309909218155983e-01 -2.986500907156576901e+00 1.000000000000000000e+00 1.000000000000000021e-08 -1.126573706858895019e+00 -3.898427159370793316e+00
-1.126573706858895019e+00 -3.898427159370793316e+00 0.000000000000000000e+00 9.999000000000000110e-01 -1.570796326794896558e+00 -4.881587637133907975e+00
-1.808741312891149616e-02 -7.281227876698384560e-02 0.000000000000000000e+00 1.000000000000000021e-08 7.060303190706282428e-02 8.869044503597430795e-01
7.060303190706282428e-02 8.869044503597430795e-01 2.000000000000000000e+00 1.000000000000000021e-08 7.034644107452570072e-02 -2.565908325371291099e-03
7.034644107452570072e-02 -2.565908325371291099e-03 2.000000000000000000e+00 1.000000000000000021e-08 -1.180875671527677195e-02 -8.215519778980246990e-01
-1.180875671527677195e-02 -8.215519778980246990e-01 2.000000000000000000e+00 1.000000000000000021e-08 -1.787230639642252705e-01 -1.669143072489484680e+00
-1.787230639642252705e-01 -1.669143072489484680e+00 1.000000000000000000e+00 1.000000000000000021e-08 -3.902020715377871873e-01 -2.114790075735618835e+00
-3.902020715377871873e-01 -2.114790075735618835e+00 1.000000000000000000e+00 1.000000000000000021e-08 -6.755770941930709927e-01 -2.853750226552838498e+00
-6.755770941930709927e-01 -2.853750226552838498e+00 1.000000000000000000e+00 1.000000000000000021e-08 -1.067037615373661819e+00 -3.914605211805909146e+00
-1.067037615373661819e+00 -3.914605211805909146e+00 2.000000000000000000e+00 9.999000000000000110e-01 -1.570796326794896558e+00 -5.000000000000000000e+00
-8.541797038086648697e-02 -4.685676276534003759e-02 1.000000000000000000e+00 1.000000000000000021e-08 -9.633670822625473029e-02 -1.091873784538823777e-01
-9.633670822625473029e-02 -1.091873784538823777e-01 0.000000000000000000e+00 1.000000000000000021e-08 -2.293208317663510132e-02 7.340462504961962065e-01
-2.293208317663510132e-02 7.340462504961962065e-01 0.000000000000000000e+00 1.000000000000000021e-08 1.434755048179349735e-01 1.664075879945700720e+00
1.434755048179349735e-01 1.664075879945700720e+00 1.000000000000000000e+00 1.000000000000000021e-08 3.200328791003274054e-01 1.765573742823924430e+00
3.200328791003274054e-01 1.765573742823924430e+00 1.000000000000000000e+00 1.000000000000000021e-08 5.574510010104308799e-01 2.374181219101034301e+00
5.574510010104308799e-01 2.374181219101034301e+00 2.000000000000000000e+00 1.000000000000000021e-08 8.117723336804854029e-01 2.543213326700544563e+00
8.117723336804854029e-01 2.543213326700544563e+00 1.000000000000000000e+00 1.000000000000000021e-08 1.168931919018018739e+00 3.571595853375333363e+00
1.168931919018018739e+00 3.571595853375333363e+00 1.000000000000000000e+00 9.999000000000000110e-01 1.570796326794896558e+00 4.856594367157834213e+00
-4.558965527623069780e-02 8.541630320544153776e-02 2.000000000000000000e+00 1.000000000000000021e-08 -1.268695575392448927e-01 -8.127990226301418097e-01
-1.268695575392448927e-01 -8.127990226301418097e-01 2.000000000000000000e+00 1.000000000000000021e-08 -3.002663081836310921e-01 -1.733967506443861772e+00
-3.002663081836310921e-01 -1.733967506443861772e+00 0.000000000000000000e+00 1.000000000000000021e-08 -4.241151144434294751e-01 -1.238488062597983941e+00
-4.241151144434294751e-01 -1.238488062597983941e+00 1.000000000000000000e+00 1.000000000000000021e-08 -6.010743497597463847e-01 -1.769592353163168763e+00
-6.010743497597463847e-01 -1.769592353163168763e+00 0.000000000000000000e+00 1.000000000000000021e-08 -7.974081801179730977e-01 -1.963338303582267574e+00
-7.974081801179730977e-01 -1.963338303582267574e+00 0.000000000000000000e+00 1.000000000000000021e-08 -1.041111914004377859e+00 -2.437037338864048053e+00
-1.041111914004377859e+00 -2.437037338864048053e+00 1.000000000000000000e+00 1.000000000000000021e-08 -1.411166366449531973e+00 -3.700544524451540696e+00
-1.411166366449531973e+00 -3.700544524451540696e+00 0.000000000000000000e+00 9.999000000000000110e-01 -1.570796326794896558e+00 -5.000000000000000000e+00
2.373363394004773114e-02 6.411248494845536716e-02 0.000000000000000000e+00 1.000000000000000021e-08 1.214032769662898303e-01 9.766964302624208116e-01
1.214032769662898303e-01 9.766964302624208116e-01 2.000000000000000000e+00 1.000000000000000021e-08 1.579101433995103720e-01 3.650686643322053060e-01
1.579101433995103720e-01 3.650686643322053060e-01 2.000000000000000000e+00 1.000000000000000021e-08 1.445481386917600863e-01 -1.336200470775029681e-01
1.445481386917600863e-01 -1.336200470775029681e-01 2.000000000000000000e+00 1.000000000000000021e-08 6.110928430134066058e-02 -8.343885439041941465e-01
6.110928430134066058e-02 -8.343885439041941465e-01 0.000000000000000000e+00 1.000000000000000021e-08 7.023133902234801607e-02 9.122054721007355482e-02
7.023133902234801607e-02 9.122054721007355482e-02 0.000000000000000000e+00 1.000000000000000021e-08 1.862850048939639347e-01 1.160536658716159186e+00
1.862850048939639347e-01 1.160536658716159186e+00 2.000000000000000000e+00 1.000000000000000021e-08 2.644582897898488105e-01 7.817328489588486473e-01
2.644582897898488105e-01 7.817328489588486473e-01 0.000000000000000000e+00 1.000000000000000021e-08 4.549667288266406873e-01 1.905084390367918434e+00
4.549667288266406873e-01 1.905084390367918434e+00 0.000000000000000000e+00 1.000000000000000021e-08 8.051043787980913802e-01 3.501376499714506263e+00
8.051043787980913802e-01 3.501376499714506263e+00 0.000000000000000000e+00 1.000000000000000021e-08 1.323234898226580025e+00 5.000000000000000000e+00
1.323234898226580025e+00 5.000000000000000000e+00 0.000000000000000000e+00 9.999000000000000110e-01 1.570796326794896558e+00 5.000000000000000000e+00
9.750512630260048386e-03 -5.605688711137566532e-03 0.000000000000000000e+00 1.000000000000000021e-08 1.145934979769306084e-01 1.048429853466705586e+00
