1.916529729691328343e-03 -2.558402777631391123e-03 1.000000000000000000e+00 1.000000000000000021e-08 -7.859537368486999367e-04 -2.702483466540028106e-02
-7.859537368486999367e-04 -2.702483466540028106e-02 1.000000000000000000e+00 1.000000000000000021e-08 6.634961297888188926e-03 7.420915034736888516e-02
6.634961297888188926e-03 7.420915034736888516e-02 2.000000000000000000e+00 1.000000000000000021e-08 -6.739920791141708334e-02 -7.403416920930527834e-01
-6.739920791141708334e-02 -7.403416920930527834e-01 1.000000000000000000e+00 1.000000000000000021e-08 -1.556458953549845203e-01 -8.824668744356745087e-01
-1.556458953549845203e-01 -8.824668744356745087e-01 0.000000000000000000e+00 1.000000000000000021e-08 -1.664350239179184787e-01 -1.078912856293395839e-01
-1.664350239179184787e-01 -1.078912856293395839e-01 1.000000000000000000e+00 1.000000000000000021e-08 -2.220397274801929055e-01 -5.560470356227442679e-01
-2.220397274801929055e-01 -5.560470356227442679e-01 1.000000000000000000e+00 1.000000000000000021e-08 -3.088579161052161792e-01 -8.681818862502324041e-01
-3.088579161052161792e-01 -8.681818862502324041e-01 1.000000000000000000e+00 1.000000000000000021e-08 -4.346829044048701185e-01 -1.258249882996539393e+00
-4.346829044048701185e-01 -1.258249882996539393e+00 2.000000000000000000e+00 1.000000000000000021e-08 -7.073590601792048016e-01 -2.726761557743346387e+00
-7.073590601792048016e-01 -2.726761557743346387e+00 1.000000000000000000e+00 1.000000000000000021e-08 -1.075483656174855973e+00 -3.681245959956510383e+00
-1.075483656174855973e+00 -3.681245959956510383e+00 1.000000000000000000e+00 1.000000000000000021e-08 -1.566431109058984639e+00 -4.909474528841285768e+00
-1.566431109058984639e+00 -4.909474528841285768e+00 0.000000000000000000e+00 9.999000000000000110e-01 -1.570796326794896558e+00 -5.000000000000000000e+00
-1.202716825649399919e-02 -3.474588076839614514e-02 0.000000000000000000e+00 1.000000000000000021e-08 6.371296874330144300e-02 7.574013699979543768e-01
6.371296874330144300e-02 7.574013699979543768e-01 1.000000000000000000e+00 1.000000000000000021e-08 1.659879758392028837e-01 1.022750070959014268e+00
1.659879758392028837e-01 1.022750070959014268e+00 1.000000000000000000e+00 1.000000000000000021e-08 3.030525670796407889e-01 1.370645912404379052e+00
3.030525670796407889e-01 1.370645912404379052e+00 0.000000000000000000e+00 1.000000000000000021e-08 5.601307915872200116e-01 2.570782245075792005e+00
5.601307915872200116e-01 2.570782245075792005e+00 1.000000000000000000e+00 1.000000000000000021e-08 8.962679785671179289e-01 3.361371869798978729e+00
8.962679785671179289e-01 3.361371869798978729e+00 1.000000000000000000e+00 1.000000000000000021e-08 1.352116201601744505e+00 4.558482230346266206e+00
1.352116201601744505e+00 4.558482230346266206e+00 1.000000000000000000e+00 9.999000000000000110e-01 1.570796326794896558e+00 5.000000000000000000e+00
-2.773106347587411813e-02 -2.825144391480235301e-02 1.000000000000000000e+00 1.000000000000000021e-08 -3.531187678185332413e-02 -7.580813305979208772e-02
-3.531187678185332413e-02 -7.580813305979208772e-02 1.000000000000000000e+00 1.000000000000000021e-08 -5.187273489415548250e-02 -1.656085811230215699e-01
-5.187273489415548250e-02 -1.656085811230215699e-01 1.000000000000000000e+00 1.000000000000000021e-08 -9.428837319107483128e-02 -4.241563829691934462e-01
-9.428837319107483128e-02 -4.241563829691934462e-01 2.000000000000000000e+00 1.000000000000000021e-08 -2.481587743266478741e-01 -1.538704011355730206e+00
-2.481587743266478741e-01 -1.538704011355730206e+00 2.000000000000000000e+00 1.000000000000000021e-08 -5.248077164371970360e-01 -2.766489421105491342e+00
-5.248077164371970360e-01 -2.766489421105491342e+00 1.000000000000000000e+00 1.000000000000000021e-08 -8.651581772908264467e-01 -3.403504608536294107e+00
-8.651581772908264467e-01 -3.403504608536294107e+00 0.000000000000000000e+00 1.000000000000000021e-08 -1.255667242321088173e+00 -3.905090650302617039e+00
-1.255667242321088173e+00 -3.905090650302617039e+00 2.000000000000000000e+00 9.999000000000000110e-01 -1.570796326794896558e+00 -5.000000000000000000e+00
1.614929456760640786e-02 7.138579241617740156e-02 0.000000000000000000e+00 1.000000000000000021e-08 1.100954137542686784e-01 9.394611918666226913e-01
1.100954137542686784e-01 9.394611918666226913e-01 2.000000000000000000e+00 1.000000000000000021e-08 1.441377983247463523e-01 3.404238457047766842e-01
1.441377983247463523e-01 3.404238457047766842e-01 0.000000000000000000e+00 1.000000000000000021e-08 2.794601938097074356e-01 1.353223954849610777e+00
2.794601938097074356e-01 1.353223954849610777e+00 1.000000000000000000e+00 1.000000000000000021e-08 4.635449324431949458e-01 1.840847386334875102e+00
4.635449324431949458e-01 1.840847386334875102e+00 1.000000000000000000e+00 1.000000000000000021e-08 7.225051595697726814e-01 2.589602271265778022e+00
7.225051595697726814e-01 2.589602271265778022e+00 1.000000000000000000e+00 1.000000000000000021e-08 1.078152985206261016e+00 3.556478256364882906e+00
1.078152985206261016e+00 3.556478256364882906e+00 1.000000000000000000e+00 1.000000000000000021e-08 1.564407591924415364e+00 4.862546067181543918e+00
1.564407591924415364e+00 4.862546067181543918e+00 1.000000000000000000e+00 9.999000000000000110e-01 1.570796326794896558e+00 5.000000000000000000e+00
-7.721685062333777383e-02 8.309139236789593597e-02 1.000000000000000000e+00 1.000000000000000021e-08 -6.797340738366575152e-02 9.243443239672022305e-02
-6.797340738366575152e-02 9.243443239672022305e-02 2.000000000000000000e+00 1.000000000000000021e-08 -1.609917696225846573e-01 -9.301836223891889466e-01
-1.609917696225846573e-01 -9.301836223891889466e-01 2.000000000000000000e+00 1.000000000000000021e-08 -3.640004908046589049e-01 -2.030087211820742255e+00
-3.640004908046589049e-01 -2.030087211820742255e+00 0.000000000000000000e+00 1.000000000000000021e-08 -5.522324640834536114e-01 -1.882319732787946842e+00
-5.522324640834536114e-01 -1.882319732787946842e+00 1.000000000000000000e+00 1.000000000000000021e-08 -8.209689271735158833e-01 -2.687364630900622053e+00
-8.209689271735158833e-01 -2.687364630900622053e+00 1.000000000000000000e+00 1.000000000000000021e-08 -1.197010484536413122e+00 -3.760415573628972830e+00
-1.197010484536413122e+00 -3.760415573628972830e+00 1.000000000000000000e+00 9.999000000000000110e-01 -1.570796326794896558e+00 -5.000000000000000000e+00
5.328547853013843039e-02 -3.792051638327141594e-02 2.000000000000000000e+00 1.000000000000000021e-08 -1.498950701087183035e-02 -6.827498554101025796e-01
-1.498950701087183035e-02 -6.827498554101025796e-01 1.000000000000000000e+00 1.000000000000000021e-08 -6.881534197783971407e-02 -5.382583496696787817e-01
-6.881534197783971407e-02 -5.382583496696787817e-01 2.000000000000000000e+00 1.000000000000000021e-08 -2.099355830675780354e-01 -1.411202410897383075e+00
-2.099355830675780354e-01 -1.411202410897383075e+00 2.000000000000000000e+00 1.000000000000000021e-08 -4.591320962105915893e-01 -2.491965131430135649e+00
-4.591320962105915893e-01 -2.491965131430135649e+00 0.000000000000000000e+00 1.000000000000000021e-08 -7.027562978735217847e-01 -2.436242016629301510e+00
-7.027562978735217847e-01 -2.436242016629301510e+00 0.000000000000000000e+00 1.000000000000000021e-08 -9.720393926002666163e-01 -2.692830947267448316e+00
-9.720393926002666163e-01 -2.692830947267448316e+00 0.000000000000000000e+00 1.000000000000000021e-08 -1.321126798628417864e+00 -3.490874060281512037e+00
-1.321126798628417864e+00 -3.490874060281512037e+00 0.000000000000000000e+00 9.999000000000000110e-01 -1.570796326794896558e+00 -4.664912022874798225e+00
2.098622486731899217e-02 -7.592293254902521271e-02 1.000000000000000000e+00 1.000000000000000021e-08 3.395491389971960761e-02 1.296868903240061266e-01
3.395491389971960761e-02 1.296868903240061266e-01 2.000000000000000000e+00 1.000000000000000021e-08 -1.882957110676655721e-02 -5.278448500648615926e-01
-1.882957110676655721e-02 -5.278448500648615926e-01 1.000000000000000000e+00 1.000000000000000021e-08 -5.857852872889066087e-02 -3.974895762212410366e-01
-5.857852872889066087e-02 -3.974895762212410366e-01 2.000000000000000000e+00 1.000000000000000021e-08 -1.834964726438932658e-01 -1.249179439150025939e+00
-1.834964726438932658e-01 -1.249179439150025939e+00 1.000000000000000000e+00 1.000000000000000021e-08 -3.481835652002386872e-01 -1.646870925563454158e+00
-3.481835652002386872e-01 -1.646870925563454158e+00 0.000000000000000000e+00 1.000000000000000021e-08 -4.727130094105139735e-01 -1.245294442102752530e+00
-4.727130094105139735e-01 -1.245294442102752530e+00 1.000000000000000000e+00 1.000000000000000021e-08 -6.671299192124973132e-01 -1.944169098019832731e+00
-6.671299192124973132e-01 -1.944169098019832731e+00 1.000000000000000000e+00 1.000000000000000021e-08 -9.686221273249367991e-01 -3.014922081124394637e+00
-9.686221273249367991e-01 -3.014922081124394637e+00 1.000000000000000000e+00 1.000000000000000021e-08 -1.387802266100890858e+00 -4.191801387759539921e+00
-1.387802266100890858e+00 -4.191801387759539921e+00 1.000000000000000000e+00 9.999000000000000110e-01 -1.570796326794896558e+00 -5.000000000000000000e+00
4.609430151749114440e-02 6.211573920211205246e-02 0.000000000000000000e+00 1.000000000000000021e-08 1.444313100923434734e-01 9.833700857485232483e-01
1.444313100923434734e-01 9.833700857485232483e-01 1.000000000000000000e+00 1.000000000000000021e-08 2.721152818450501276e-01 1.276839717527066487e+00
2.721152818450501276e-01 1.276839717527066487e+00 1.000000000000000000e+00 1.000000000000000021e-08 4.496584197750663203e-01 1.775431379300161705e+00
4.496584197750663203e-01 1.775431379300161705e+00 0.000000000000000000e+00 1.000000000000000021e-08 7.711542767160166623e-01 3.214958569409503752e+00
7.711542767160166623e-01 3.214958569409503752e+00 1.000000000000000000e+00 1.000000000000000021e-08 1.184506814544300735e+00 4.133525378282839391e+00
1.184506814544300735e+00 4.133525378282839391e+00 2.000000000000000000e+00 9.999000000000000110e-01 1.570796326794896558e+00 5.000000000000000000e+00
-4.807348708498326850e-02 4.936233184117123918e-02 0.000000000000000000e+00 1.000000000000000021e-08 1.926656068817975132e-02 6.734004777316301427e-01
1.926656068817975132e-02 6.734004777316301427e-01 2.000000000000000000e+00 1.000000000000000021e-08 -7.567499605604294244e-03 -2.683406029378404556e-01
-7.567499605604294244e-03 -2.683406029378404556e-01 1.000000000000000000e+00 1.000000000000000021e-08 -2.437693227080923661e-02 -1.680943266520494306e-01
-2.437693227080923661e-02 -1.680943266520494306e-01 0.000000000000000000e+00 1.000000000000000021e-08 3.774850859908973622e-02 6.212544086989897352e-01
3.774850859908973622e-02 6.212544086989897352e-01 1.000000000000000000e+00 1.000000000000000021e-08 1.193355984964137861e-01 8.158708989732403882e-01
1.193355984964137861e-01 8.158708989732403882e-01 1.000000000000000000e+00 1.000000000000000021e-08 2.362548343766446013e-01 1.169192358802308096e+00
2.362548343766446013e-01 1.169192358802308096e+00 0.000000000000000000e+00 1.000000000000000021e-08 4.672658519091609231e-01 2.310110175325163162e+00
4.672658519091609231e-01 2.310110175325163162e+00 0.000000000000000000e+00 1.000000000000000021e-08 8.481013989411296805e-01 3.808355470319687797e+00
8.481013989411296805e-01 3.808355470319687797e+00 0.000000000000000000e+00 1.000000000000000021e-08 1.388584473908308858e+00 5.000000000000000000e+00
1.388584473908308858e+00 5.000000000000000000e+00 0.000000000000000000e+00 9.999000000000000110e-01 1.570796326794896558e+00 5.000000000000000000e+00
8.990762195116852595e-03 -1.022915324751949399e-02 2.000000000000000000e+00 1.000000000000000021e-08 -8.231571875659189630e-02 -9.130648095170874612e-01
-8.231571875659189630e-02 -9.130648095170874612e-01 2.000000000000000000e+00 1.000000000000000021e-08 -2.718851570620096636e-01 -1.895694383054177479e+00
-2.718851570620096636e-01 -1.895694383054177479e+00 0.000000000000000000e+00 1.000000000000000021e-08 -4.120781830351870623e-01 -1.401930259731773987e+00
-4.120781830351870623e-01 -1.401930259731773987e+00 1.000000000000000000e+00 1.000000000000000021e-08 -6.049874099953027606e-01 -1.929092269601156762e+00
-6.049874099953027606e-01 -1.929092269601156762e+00 1.000000000000000000e+00 1.000000000000000021e-08 -8.898146138166878050e-01 -2.848272038213849555e+00
-8.898146138166878050e-01 -2.848272038213849555e+00 0.000000000000000000e+00 1.000000000000000021e-08 -1.236302509888605794e+00 -3.464878960719178558e+00
-1.236302509888605794e+00 -3.464878960719178558e+00 2.000000000000000000e+00 9.999000000000000110e-01 -1.570796326794896558e+00 -5.000000000000000000e+00
8.027353267911664647e-02 -5.116285788598493034e-02 1.000000000000000000e+00 1.000000000000000021e-08 7.307686450453594607e-02 -7.196668174580705957e-02
7.307686450453594607e-02 -7.196668174580705957e-02 2.000000000000000000e+00 1.000000000000000021e-08 -4.832799478796515058e-03 -7.790966398333245557e-01
-4.832799478796515058e-03 -7.790966398333245557e-01 2.000000000000000000e+00 1.000000000000000021e-08 -1.763688488715154379e-01 -1.715360493927189145e+00
-1.763688488715154379e-01 -1.715360493927189145e+00 1.000000000000000000e+00 1.000000000000000021e-08 -3.794438374733499209e-01 -2.030749886018344608e+00
-3.794438374733499209e-01 -2.030749886018344608e+00 0.000000000000000000e+00 1.000000000000000021e-08 -5.681476989810836375e-01 -1.887038615077337278e+00
-5.681476989810836375e-01 -1.887038615077337278e+00 0.000000000000000000e+00 1.000000000000000021e-08 -7.660841941402667388e-01 -1.979364951591830568e+00
-7.660841941402667388e-01 -1.979364951591830568e+00 2.000000000000000000e+00 1.000000000000000021e-08 -1.123842666855447092e+00 -3.577584727151802202e+00
-1.123842666855447092e+00 -3.577584727151802202e+00 0.000000000000000000e+00 9.999000000000000110e-01 -1.570796326794896558e+00 -4.540909418370489448e+00
2.868168304104239119e-02 2.913589816661506932e-02 1.000000000000000000e+00 1.000000000000000021e-08 5.323195795134928743e-02 2.455027491030689901e-01
5.323195795134928743e-02 2.455027491030689901e-01 2.000000000000000000e+00 1.000000000000000021e-08 1.193603838627366187e-02 -4.129591956507562278e-01
1.193603838627366187e-02 -4.129591956507562278e-01 2.000000000000000000e+00 1.000000000000000021e-08 -1.234285339789952807e-01 -1.353645723652689314e+00
-1.234285339789952807e-01 -1.353645723652689314e+00 1.000000000000000000e+00 1.000000000000000021e-08 -2.780101070753916437e-01 -1.545815730963963519e+00
-2.780101070753916437e-01 -1.545815730963963519e+00 0.000000000000000000e+00 1.000000000000000021e-08 -4.010191694101777893e-01 -1.230090623347861678e+00
-4.010191694101777893e-01 -1.230090623347861678e+00 1.000000000000000000e+00 1.000000000000000021e-08 -6.022392800406598523e-01 -2.012201106304820186e+00
-6.022392800406598523e-01 -2.012201106304820186e+00 2.000000000000000000e+00 1.000000000000000021e-08 -9.710892703841846885e-01 -3.688499903435248584e+00
-9.710892703841846885e-01 -3.688499903435248584e+00 0.000000000000000000e+00 1.000000000000000021e-08 -1.413847375971621467e+00 -4.427581055874368232e+00
-1.413847375971621467e+00 -4.427581055874368232e+00 0.000000000000000000e+00 9.999000000000000110e-01 -1.570796326794896558e+00 -5.000000000000000000e+00
-5.977192006327933932e-03 -3.030003800419719256e-02 1.000000000000000000e+00 1.000000000000000021e-08 1.929990182623247605e-03 7.907182188951181190e-02
1.929990182623247605e-03 7.907182188951181190e-02 1.000000000000000000e+00 1.000000000000000021e-08 2.748449856088843943e-03 8.184596734655963379e-03
2.748449856088843943e-03 8.184596734655963379e-03 2.000000000000000000e+00 1.000000000000000021e-08 -7.253223342420241082e-02 -7.528068328029123846e-01
-7.253223342420241082e-02 -7.528068328029123846e-01 0.000000000000000000e+00 1.000000000000000021e-08 -7.537329783366149283e-02 -2.841064409459082007e-02
-7.537329783366149283e-02 -2.841064409459082007e-02 2.000000000000000000e+00 1.000000000000000021e-08 -1.776450984681555156e-01 -1.022718006344940145e+00
-1.776450984681555156e-01 -1.022718006344940145e+00 0.000000000000000000e+00 1.000000000000000021e-08 -2.214996078350161268e-01 -4.385450936686060563e-01
-2.214996078350161268e-01 -4.385450936686060563e-01 1.000000000000000000e+00 1.000000000000000021e-08 -3.078149804821844748e-01 -8.631537264716835356e-01
-3.078149804821844748e-01 -8.631537264716835356e-01 0.000000000000000000e+00 1.000000000000000021e-08 -3.588611681793151265e-01 -5.104618769713062942e-01
-3.588611681793151265e-01 -5.104618769713062942e-01 2.000000000000000000e+00 1.000000000000000021e-08 -5.415176749451233729e-01 -1.826565067658082686e+00
-5.415176749451233729e-01 -1.826565067658082686e+00 1.000000000000000000e+00 1.000000000000000021e-08 -7.957400105623935183e-01 -2.542223356172701454e+00
-7.957400105623935183e-01 -2.542223356172701454e+00 0.000000000000000000e+00 1.000000000000000021e-08 -1.102568729164982164e+00 -3.068287186025886015e+00
-1.102568729164982164e+00 -3.068287186025886015e+00 0.000000000000000000e+00 1.000000000000000021e-08 -1.499346409554026538e+00 -3.967776803890443738e+00
-1.499346409554026538e+00 -3.967776803890443738e+00 0.000000000000000000e+00 9.999000000000000110e-01 -1.570796326794896558e+00 -5.000000000000000000e+00
6.561779569606493445e-02 5.502805311011684658e-03 2.000000000000000000e+00 1.000000000000000021e-08 -1.994695230728149582e-03 -6.761249092679307848e-01
-1.994695230728149582e-03 -6.761249092679307848e-01 0.000000000000000000e+00 1.000000000000000021e-08 3.337582279381402783e-02 3.537051802454217464e-01
3.337582279381402783e-02 3.537051802454217464e-01 0.000000000000000000e+00 1.000000000000000021e-08 1.513940554212754863e-01 1.180182326274614724e+00
1.513940554212754863e-01 1.180182326274614724e+00 1.000000000000000000e+00 1.000000000000000021e-08 3.091241927555456459e-01 1.577301373342701485e+00
3.091241927555456459e-01 1.577301373342701485e+00 1.000000000000000000e+00 1.000000000000000021e-08 5.305960525664181748e-01 2.214718598108725622e+00
5.305960525664181748e-01 2.214718598108725622e+00 2.000000000000000000e+00 1.000000000000000021e-08 7.608943024833029201e-01 2.302982499168847674e+00
7.608943024833029201e-01 2.302982499168847674e+00 0.000000000000000000e+00 1.000000000000000021e-08 1.149550439264273916e+00 3.886561367809711065e+00
1.149550439264273916e+00 3.886561367809711065e+00 0.000000000000000000e+00 9.999000000000000110e-01 1.570796326794896558e+00 5.000000000000000000e+00
-1.767097663177493588e-02 -3.592910231210857952e-02 0.000000000000000000e+00 1.000000000000000021e-08 5.986797027531794851e-02 7.753894690709287607e-01
5.986797027531794851e-02 7.753894690709287607e-01 2.000000000000000000e+00 1.000000000000000021e-08 5.835624608614322500e-02 -1.511724189174723509e-02
5.835624608614322500e-02 -1.511724189174723509e-02 2.000000000000000000e+00 1.000000000000000021e-08 -3.696396774943986469e-02 -9.532021383558307859e-01
-3.696396774943986469e-02 -9.532021383558307859e-01 2.000000000000000000e+00 1.000000000000000021e-08 -2.109323765300294695e-01 -1.739684087805895896e+00
-2.109323765300294695e-01 -1.739684087805895896e+00 2.000000000000000000e+00 1.000000000000000021e-08 -5.141852438478293763e-01 -3.032528673177998346e+00
-5.141852438478293763e-01 -3.032528673177998346e+00 0.000000000000000000e+00 1.000000000000000021e-08 -8.316880658441612173e-01 -3.175028219963317522e+00
-8.316880658441612173e-01 -3.175028219963317522e+00 1.000000000000000000e+00 1.000000000000000021e-08 -1.259597231814032270e+00 -4.279091659698709194e+00
-1.259597231814032270e+00 -4.279091659698709194e+00 0.000000000000000000e+00 9.999000000000000110e-01 -1.570796326794896558e+00 -5.000000000000000000e+00
3.271414034626735773e-02 7.119395703528846875e-03 1.000000000000000000e+00 1.000000000000000021e-08 4.593120466931020079e-02 1.321706432304284307e-01
4.593120466931020079e-02 1.321706432304284307e-01 0.000000000000000000e+00 1.000000000000000021e-08 1.662904469959538001e-01 1.203592423266435896e+00
1.662904469959538001e-01 1.203592423266435896e+00 2.000000000000000000e+00 1.000000000000000021e-08 2.159327443587252260e-01 4.964229736277143701e-01
2.159327443587252260e-01 4.964229736277143701e-01 2.000000000000000000e+00 1.000000000000000021e-08 2.115528132485944290e-01 -4.379931110130785843e-02
2.115528132485944290e-01 -4.379931110130785843e-02 2.000000000000000000e+00 1.000000000000000021e-08 1.649421628613965962e-01 -4.661065038719783282e-01
1.649421628613965962e-01 -4.661065038719783282e-01 2.000000000000000000e+00 1.000000000000000021e-08 6.621591531796768015e-02 -9.872624754342891329e-01
6.621591531796768015e-02 -9.872624754342891329e-01 0.000000000000000000e+00 1.000000000000000021e-08 6.911935533762109118e-02 2.903440019653413806e-02
6.911935533762109118e-02 2.903440019653413806e-02 2.000000000000000000e+00 1.000000000000000021e-08 -6.501502769502454093e-03 -7.562085810712354528e-01
-6.501502769502454093e-03 -7.562085810712354528e-01 1.000000000000000000e+00 1.000000000000000021e-08 -9.123996007066159653e-02 -8.473845730115914243e-01
-9.123996007066159653e-02 -8.473845730115914243e-01 2.000000000000000000e+00 1.000000000000000021e-08 -2.719127927891022978e-01 -1.806728327184406790e+00
-2.719127927891022978e-01 -1.806728327184406790e+00 0.000000000000000000e+00 1.000000000000000021e-08 -4.285739351287974896e-01 -1.566611423396951697e+00
-4.285739351287974896e-01 -1.566611423396951697e+00 1.000000000000000000e+00 1.000000000000000021e-08 -6.468300451464875644e-01 -2.182561100176900304e+00
-6.468300451464875644e-01 -2.182561100176900304e+00 1.000000000000000000e+00 1.000000000000000021e-08 -9.663113065992243733e-01 -3.194812614527367423e+00
-9.663113065992243733e-01 -3.194812614527367423e+00 0.000000000000000000e+00 1.000000000000000021e-08 -1.365169458792569346e+00 -3.988581521933448837e+00
-1.365169458792569346e+00 -3.988581521933448837e+00 0.000000000000000000e+00 9.999000000000000110e-01 -1.570796326794896558e+00 -5.000000000000000000e+00
4.356209103227698387e-02 -7.610952928334488443e-02 2.000000000000000000e+00 1.000000000000000021e-08 -5.730641839483500977e-02 -1.008685094271119853e+00
-5.730641839483500977e-02 -1.008685094271119853e+00 0.000000000000000000e+00 1.000000000000000021e-08 -6.436933811363552971e-02 -7.062919718800519941e-02
-6.436933811363552971e-02 -7.062919718800519941e-02 1.000000000000000000e+00 1.000000000000000021e-08 -9.505835816462135379e-02 -3.068902005098581576e-01
-9.505835816462135379e-02 -3.068902005098581576e-01 1.000000000000000000e+00 1.000000000000000021e-08 -1.399120165061709109e-01 -4.485365834154954046e-01
-1.399120165061709109e-01 -4.485365834154954046e-01 1.000000000000000000e+00 1.000000000000000021e-08 -1.924584361093717999e-01 -5.254641960320087790e-01
-1.924584361093717999e-01 -5.254641960320087790e-01 1.000000000000000000e+00 1.000000000000000021e-08 -2.943238574944526675e-01 -1.018654213850808565e+00
-2.943238574944526675e-01 -1.018654213850808565e+00 1.000000000000000000e+00 1.000000000000000021e-08 -4.513250607349129639e-01 -1.570012032404602742e+00
-4.513250607349129639e-01 -1.570012032404602742e+00 2.000000000000000000e+00 1.000000000000000021e-08 -7.524258630703627437e-01 -3.011008023354497354e+00
-7.524258630703627437e-01 -3.011008023354497354e+00 0.000000000000000000e+00 1.000000000000000021e-08 -1.084039705124167030e+00 -3.316138420538043086e+00
-1.084039705124167030e+00 -3.316138420538043086e+00 0.000000000000000000e+00 1.000000000000000021e-08 -1.510524830148708642e+00 -4.264851250245415670e+00
-1.510524830148708642e+00 -4.264851250245415670e+00 0.000000000000000000e+00 9.999000000000000110e-01 -1.570796326794896558e+00 -5.000000000000000000e+00
6.918223510109357266e-02 -7.002376783597924481e-02 1.000000000000000000e+00 1.000000000000000021e-08 8.537261863934599015e-02 1.619038353825241194e-01
8.537261863934599015e-02 1.619038353825241194e-01 1.000000000000000000e+00 1.000000000000000021e-08 1.152506992100063021e-01 2.987808057066030365e-01
1.152506992100063021e-01 2.987808057066030365e-01 0.000000000000000000e+00 1.000000000000000021e-08 2.468446943621062928e-01 1.315939951520999962e+00
2.468446943621062928e-01 1.315939951520999962e+00 0.000000000000000000e+00 1.000000000000000021e-08 5.151671823943313466e-01 2.683224880322250705e+00
5.151671823943313466e-01 2.683224880322250705e+00 2.000000000000000000e+00 1.000000000000000021e-08 7.743744785884407733e-01 2.592072961941093823e+00
7.743744785884407733e-01 2.592072961941093823e+00 2.000000000000000000e+00 1.000000000000000021e-08 1.090814155945130537e+00 3.164396773566897192e+00
1.090814155945130537e+00 3.164396773566897192e+00 0.000000000000000000e+00 9.999000000000000110e-01 1.570796326794896558e+00 4.873473519863550152e+00
6.670941979542847899e-02 -7.951482517723379440e-02 1.000000000000000000e+00 1.000000000000000021e-08 6.886743823079784221e-02 2.158018435369365995e-02
6.886743823079784221e-02 2.158018435369365995e-02 0.000000000000000000e+00 1.000000000000000021e-08 1.555654839711874127e-01 8.669804574038956213e-01
1.555654839711874127e-01 8.669804574038956213e-01 1.000000000000000000e+00 1.000000000000000021e-08 2.608409256958221789e-01 1.052754417246347884e+00
2.608409256958221789e-01 1.052754417246347884e+00 2.000000000000000000e+00 1.000000000000000021e-08 3.209576636362148072e-01 6.011673794039265051e-01
3.209576636362148072e-01 6.011673794039265051e-01 0.000000000000000000e+00 1.000000000000000021e-08 5.191835603425429824e-01 1.982258967063281307e+00
5.191835603425429824e-01 1.982258967063281307e+00 0.000000000000000000e+00 1.000000000000000021e-08 8.843736273416349380e-01 3.651900669990920001e+00
8.843736273416349380e-01 3.651900669990920001e+00 0.000000000000000000e+00 1.000000000000000021e-08 1.414497834904907769e+00 5.000000000000000000e+00
1.414497834904907769e+00 5.000000000000000000e+00 0.000000000000000000e+00 9.999000000000000110e-01 1.570796326794896558e+00 5.000000000000000000e+00
-2.063383015340474608e-02 1.628377542182585583e-02 0.000000000000000000e+00 1.000000000000000021e-08 7.752058607346670738e-02 9.815441622687144374e-01
7.752058607346670738e-02 9.815441622687144374e-01 1.000000000000000000e+00 1.000000000000000021e-08 1.775655743845799273e-01 1.000449883111132143e+00
1.775655743845799273e-01 1.000449883111132143e+00 1.000000000000000000e+00 1.000000000000000021e-08 2.969152466250614131e-01 1.193496722404814969e+00
2.969152466250614131e-01 1.193496722404814969e+00 2.000000000000000000e+00 1.000000000000000021e-08 3.907705171783202314e-01 9.385527055325881829e-01
3.907705171783202314e-01 9.385527055325881829e-01 0.000000000000000000e+00 1.000000000000000021e-08 6.138994698181159393e-01 2.231289526397956635e+00
6.138994698181159393e-01 2.231289526397956635e+00 0.000000000000000000e+00 1.000000000000000021e-08 9.915512521772009702e-01 3.776517823590849865e+00
9.915512521772009702e-01 3.776517823590849865e+00 1.000000000000000000e+00 1.000000000000000021e-08 1.488682715495960984e+00 4.971314633187599696e+00
1.488682715495960984e+00 4.971314633187599696e+00 2.000000000000000000e+00 9.999000000000000110e-01 1.570796326794896558e+00 5.000000000000000000e+00
1.446823642490839903e-02 7.379384601976306246e-02 2.000000000000000000e+00 1.000000000000000021e-08 -4.707257779201505510e-02 -6.154081421692345621e-01
-4.707257779201505510e-02 -6.154081421692345621e-01 0.000000000000000000e+00 1.000000000000000021e-08 -2.680759706395874006e-02 2.026498072805631434e-01
-2.680759706395874006e-02 2.026498072805631434e-01 0.000000000000000000e+00 1.000000000000000021e-08 8.923110275746221065e-02 1.160386998214209431e+00
8.923110275746221065e-02 1.160386998214209431e+00 1.000000000000000000e+00 1.000000000000000021e-08 2.217837498907307414e-01 1.325526471332685308e+00
2.217837498907307414e-01 1.325526471332685308e+00 1.000000000000000000e+00 1.000000000000000021e-08 3.946893920623189000e-01 1.729056421715881697e+00
3.946893920623189000e-01 1.729056421715881697e+00 1.000000000000000000e+00 1.000000000000000021e-08 6.436888800705952152e-01 2.489994880082763373e+00
6.436888800705952152e-01 2.489994880082763373e+00 1.000000000000000000e+00 1.000000000000000021e-08 9.940501018067297023e-01 3.503612217361344428e+00
9.940501018067297023e-01 3.503612217361344428e+00 2.000000000000000000e+00 1.000000000000000021e-08 1.422918725502981374e+00 4.288686236962515608e+00
1.422918725502981374e+00 4.288686236962515608e+00 1.000000000000000000e+00 9.999000000000000110e-01 1.570796326794896558e+00 5.000000000000000000e+00
-4.432924121500333992e-02 7.142570488214232405e-02 2.000000000000000000e+00 1.000000000000000021e-08 -1.469900781471895068e-01 -1.026608369321861502e+00
-1.469900781471895068e-01 -1.026608369321861502e+00 0.000000000000000000e+00 1.000000000000000021e-08 -1.939821679185892156e-01 -4.699208977139971433e-01
-1.939821679185892156e-01 -4.699208977139971433e-01 2.000000000000000000e+00 1.000000000000000021e-08 -3.452922983666018020e-01 -1.513101304480125364e+00
-3.452922983666018020e-01 -1.513101304480125364e+00 2.000000000000000000e+00 1.000000000000000021e-08 -6.322713245652321623e-01 -2.869790261986303381e+00
-6.322713245652321623e-01 -2.869790261986303381e+00 1.000000000000000000e+00 1.000000000000000021e-08 -1.000157715394747848e+00 -3.678863908295156193e+00
-1.000157715394747848e+00 -3.678863908295156193e+00 2.000000000000000000e+00 1.000000000000000021e-08 -1.532755737648710870e+00 -5.000000000000000000e+00
-1.532755737648710870e+00 -5.000000000000000000e+00 0.000000000000000000e+00 9.999000000000000110e-01 -1.570796326794896558e+00 -5.000000000000000000e+00
-3.286083712723576050e-02 6.095875905701490099e-02 1.000000000000000000e+00 1.000000000000000021e-08 -2.649614003053698749e-02 6.364697096698773704e-02
-2.649614003053698749e-02 6.364697096698773704e-02 2.000000000000000000e+00 1.000000000000000021e-08 -1.254335219692342407e-01 -9.893738193869725528e-01
-1.254335219692342407e-01 -9.893738193869725528e-01 1.000000000000000000e+00 1.000000000000000021e-08 -2.313262820230321259e-01 -1.058927600537978631e+00
-2.313262820230321259e-01 -1.058927600537978631e+00 1.000000000000000000e+00 1.000000000000000021e-08 -3.827548271586359574e-01 -1.514285451356037981e+00
-3.827548271586359574e-01 -1.514285451356037981e+00 2.000000000000000000e+00 1.000000000000000021e-08 -6.867578920071152337e-01 -3.040030648484792763e+00
-6.867578920071152337e-01 -3.040030648484792763e+00 2.000000000000000000e+00 1.000000000000000021e-08 -1.145275678923092899e+00 -4.585177869159776876e+00
-1.145275678923092899e+00 -4.585177869159776876e+00 0.000000000000000000e+00 9.999000000000000110e-01 -1.570796326794896558e+00 -5.000000000000000000e+00
8.011657456077883599e-02 6.431544458659205210e-03 0.000000000000000000e+00 1.000000000000000021e-08 1.817561163846126981e-01 1.016395418238338566e+00
1.817561163846126981e-01 1.016395418238338566e+00 0.000000000000000000e+00 1.000000000000000021e-08 4.169925916100938879e-01 2.352364752254811897e+00
4.169925916100938879e-01 2.352364752254811897e+00 2.000000000000000000e+00 1.000000000000000021e-08 6.482754414945943733e-01 2.312828498845005409e+00
6.482754414945943733e-01 2.312828498845005409e+00 2.000000000000000000e+00 1.000000000000000021e-08 8.967999371923378593e-01 2.485244956977435304e+00
8.967999371923378593e-01 2.485244956977435304e+00 2.000000000000000000e+00 1.000000000000000021e-08 1.206045419514601313e+00 3.092454823222634985e+00
1.206045419514601313e+00 3.092454823222634985e+00 0.000000000000000000e+00 9.999000000000000110e-01 1.570796326794896558e+00 4.756672995183579999e+00
-3.699732604982453738e-02 6.057261528476862167e-02 2.000000000000000000e+00 1.000000000000000021e-08 -1.102162953234854248e-01 -7.321896927366087215e-01
-1.102162953234854248e-01 -7.321896927366087215e-01 0.000000000000000000e+00 1.000000000000000021e-08 -1.187003648181191029e-01 -8.484069494633683650e-02
-1.187003648181191029e-01 -8.484069494633683650e-02 2.000000000000000000e+00 1.000000000000000021e-08 -2.426312434680254482e-01 -1.239308786499063508e+00
-2.426312434680254482e-01 -1.239308786499063508e+00 1.000000000000000000e+00 1.000000000000000021e-08 -4.074146181574452852e-01 -1.647833746894198370e+00
-4.074146181574452852e-01 -1.647833746894198370e+00 2.000000000000000000e+00 1.000000000000000021e-08 -7.166104380915588878e-01 -3.091958199341136027e+00
-7.166104380915588878e-01 -3.091958199341136027e+00 1.000000000000000000e+00 1.000000000000000021e-08 -1.114084206327018212e+00 -3.974737682354591684e+00
-1.114084206327018212e+00 -3.974737682354591684e+00 0.000000000000000000e+00 9.999000000000000110e-01 -1.570796326794896558e+00 -4.836367677885403005e+00
1.128406072550634104e-03 -7.332729865282583415e-02 0.000000000000000000e+00 1.000000000000000021e-08 7.832469868601325824e-02 7.719629261346262483e-01
7.832469868601325824e-02 7.719629261346262483e-01 2.000000000000000000e+00 1.000000000000000021e-08 7.786161465525720526e-02 -4.630840307560557534e-03
7.786161465525720526e-02 -4.630840307560557534e-03 1.000000000000000000e+00 1.000000000000000021e-08 8.082586194131255453e-02 2.964247286055354119e-02
8.082586194131255453e-02 2.964247286055354119e-02 1.000000000000000000e+00 1.000000000000000021e-08 1.048211577645899173e-01 2.399529582327736554e-01
1.048211577645899173e-01 2.399529582327736554e-01 2.000000000000000000e+00 1.000000000000000021e-08 6.277293892658794561e-02 -4.204821883800197169e-01
6.277293892658794561e-02 -4.204821883800197169e-01 0.000000000000000000e+00 1.000000000000000021e-08 1.043672841647728944e-01 4.159434523818493767e-01
1.043672841647728944e-01 4.159434523818493767e-01 2.000000000000000000e+00 1.000000000000000021e-08 6.671236564809188141e-02 -3.765491851668100187e-01
6.671236564809188141e-02 -3.765491851668100187e-01 2.000000000000000000e+00 1.000000000000000021e-08 -3.578729400112877490e-02 -1.024996596492206535e+00
-3.578729400112877490e-02 -1.024996596492206535e+00 2.000000000000000000e+00 1.000000000000000021e-08 -2.273328597934210493e-01 -1.915455657922922494e+00
-2.273328597934210493e-01 -1.915455657922922494e+00 2.000000000000000000e+00 1.000000000000000021e-08 -5.331860372518150148e-01 -3.058531774583939544e+00
-5.331860372518150148e-01 -3.058531774583939544e+00 0.000000000000000000e+00 1.000000000000000021e-08 -8.349560323694449337e-01 -3.017699951176299411e+00
-8.349560323694449337e-01 -3.017699951176299411e+00 2.000000000000000000e+00 1.000000000000000021e-08 -1.302374770729118225e+00 -4.674187383596733802e+00
-1.302374770729118225e+00 -4.674187383596733802e+00 0.000000000000000000e+00 9.999000000000000110e-01 -1.570796326794896558e+00 -5.000000000000000000e+00
-1.518763811585466597e-02 5.137013382843946818e-02 1.000000000000000000e+00 1.000000000000000021e-08 -2.027655652311187787e-02 -5.088918407257210508e-02
-2.027655652311187787e-02 -5.088918407257210508e-02 1.000000000000000000e+00 1.000000000000000021e-08 -3.140242904763152626e-02 -1.112587252451964909e-01
-3.140242904763152626e-02 -1.112587252451964909e-01 1.000000000000000000e+00 1.000000000000000021e-08 -4.330556676079772710e-02 -1.190313771316620084e-01
-4.330556676079772710e-02 -1.190313771316620084e-01 2.000000000000000000e+00 1.000000000000000021e-08 -1.655067784799147401e-01 -1.222012117191170200e+00
-1.655067784799147401e-01 -1.222012117191170200e+00 1.000000000000000000e+00 1.000000000000000021e-08 -3.276542886790588249e-01 -1.621475101991440848e+00
-3.276542886790588249e-01 -1.621475101991440848e+00 2.000000000000000000e+00 1.000000000000000021e-08 -6.150562311031153584e-01 -2.874019424240564557e+00
-6.150562311031153584e-01 -2.874019424240564557e+00 1.000000000000000000e+00 1.000000000000000021e-08 -9.982311851338228070e-01 -3.831749540307074930e+00
-9.982311851338228070e-01 -3.831749540307074930e+00 1.000000000000000000e+00 1.000000000000000021e-08 -1.498923606486986415e+00 -5.000000000000000000e+00
-1.498923606486986415e+00 -5.000000000000000000e+00 1.000000000000000000e+00 9.999000000000000110e-01 -1.570796326794896558e+00 -5.000000000000000000e+00
-4.746097678206308290e-02 -6.744212328401290313e-02 1.000000000000000000e+00 1.000000000000000021e-08 -4.566560022301002775e-02 1.795376559053056542e-02
-4.566560022301002775e-02 1.795376559053056542e-02 0.000000000000000000e+00 1.000000000000000021e-08 3.218092151941925882e-02 7.784652174242927547e-01
3.218092151941925882e-02 7.784652174242927547e-01 1.000000000000000000e+00 1.000000000000000021e-08 1.217080197137815900e-01 8.952709819436233118e-01
1.217080197137815900e-01 8.952709819436233118e-01 0.000000000000000000e+00 1.000000000000000021e-08 3.186636910803775646e-01 1.969556713665959746e+00
3.186636910803775646e-01 1.969556713665959746e+00 1.000000000000000000e+00 1.000000000000000021e-08 5.531830437839386772e-01 2.345193527035611680e+00
5.531830437839386772e-01 2.345193527035611680e+00 0.000000000000000000e+00 1.000000000000000021e-08 9.402095397571790247e-01 3.870264959732403920e+00
9.402095397571790247e-01 3.870264959732403920e+00 2.000000000000000000e+00 1.000000000000000021e-08 1.399621947192372540e+00 4.594124074351935150e+00
1.399621947192372540e+00 4.594124074351935150e+00 2.000000000000000000e+00 9.999000000000000110e-01 1.570796326794896558e+00 5.000000000000000000e+00
-6.624065902664511007e-03 -7.578674264280492456e-02 1.000000000000000000e+00 1.000000000000000021e-08 -3.178898604017095508e-02 -2.516492013750644130e-01
-3.178898604017095508e-02 -2.516492013750644130e-01 1.000000000000000000e+00 1.000000000000000021e-08 -6.640295325856390707e-02 -3.461396721839294366e-01
-6.640295325856390707e-02 -3.461396721839294366e-01 1.000000000000000000e+00 1.000000000000000021e-08 -1.055619177475233816e-01 -3.915896448895946902e-01
-1.055619177475233816e-01 -3.915896448895946902e-01 1.000000000000000000e+00 1.000000000000000021e-08 -1.559983011173778633e-01 -5.043638336985447612e-01
-1.559983011173778633e-01 -5.043638336985447612e-01 2.000000000000000000e+00 1.000000000000000021e-08 -3.052278583656254929e-01 -1.492295572482476018e+00
-3.052278583656254929e-01 -1.492295572482476018e+00 1.000000000000000000e+00 1.000000000000000021e-08 -4.893822279677072506e-01 -1.841543696020817800e+00
-4.893822279677072506e-01 -1.841543696020817800e+00 1.000000000000000000e+00 1.000000000000000021e-08 -7.400259009154939172e-01 -2.506436729477866887e+00
-7.400259009154939172e-01 -2.506436729477866887e+00 1.000000000000000000e+00 1.000000000000000021e-08 -1.088745959121011797e+00 -3.487200582055177467e+00
-1.088745959121011797e+00 -3.487200582055177467e+00 2.000000000000000000e+00 9.999000000000000110e-01 -1.570796326794896558e+00 -5.000000000000000000e+00
6.772531745211446408e-02 -1.341784190753967689e-02 0.000000000000000000e+00 1.000000000000000021e-08 1.689816661889109173e-01 1.012563487367964532e+00
1.689816661889109173e-01 1.012563487367964532e+00 0.000000000000000000e+00 1.000000000000000021e-08 3.886349864440862278e-01 2.196533202551753217e+00
3.886349864440862278e-01 2.196533202551753217e+00 1.000000000000000000e+00 1.000000000000000021e-08 6.693771018292530295e-01 2.807421153851668016e+00
6.693771018292530295e-01 2.807421153851668016e+00 1.000000000000000000e+00 1.000000000000000021e-08 1.046479887340918902e+00 3.771027855116658500e+00
1.046479887340918902e+00 3.771027855116658500e+00 1.000000000000000000e+00 1.000000000000000021e-08 1.538701560996405870e+00 4.922216736554869243e+00
1.538701560996405870e+00 4.922216736554869243e+00 0.000000000000000000e+00 9.999000000000000110e-01 1.570796326794896558e+00 5.000000000000000000e+00
1.662137130620253492e-02 -6.240781868363260571e-02 2.000000000000000000e+00 1.000000000000000021e-08 -7.816942295672638097e-02 -9.479079426292890131e-01
-7.816942295672638097e-02 -9.479079426292890131e-01 2.000000000000000000e+00 1.000000000000000021e-08 -2.705670828188554422e-01 -1.923976598621290446e+00
-2.705670828188554422e-01 -1.923976598621290446e+00 0.000000000000000000e+00 1.000000000000000021e-08 -4.368704013275274134e-01 -1.663033185086719934e+00
-4.368704013275274134e-01 -1.663033185086719934e+00 0.000000000000000000e+00 1.000000000000000021e-08 -6.068297479042572551e-01 -1.699593465767297973e+00
-6.068297479042572551e-01 -1.699593465767297973e+00 2.000000000000000000e+00 1.000000000000000021e-08 -9.289080143429757630e-01 -3.220782664387184191e+00
-9.289080143429757630e-01 -3.220782664387184191e+00 2.000000000000000000e+00 1.000000000000000021e-08 -1.411579358910681758e+00 -4.826713445677058623e+00
-1.411579358910681758e+00 -4.826713445677058623e+00 2.000000000000000000e+00 9.999000000000000110e-01 -1.570796326794896558e+00 -5.000000000000000000e+00
6.858031754306357503e-03 1.331530775773772518e-02 1.000000000000000000e+00 1.000000000000000021e-08 -2.733192407033227175e-03 -9.591224161339584331e-02
-2.733192407033227175e-03 -9.591224161339584331e-02 2.000000000000000000e+00 1.000000000000000021e-08 -9.168593868576659089e-02 -8.895274627873336337e-01
-9.168593868576659089e-02 -8.895274627873336337e-01 2.000000000000000000e+00 1.000000000000000021e-08 -2.828269707455567383e-01 -1.911410320597901169e+00
-2.828269707455567383e-01 -1.911410320597901169e+00 0.000000000000000000e+00 1.000000000000000021e-08 -4.211807804369303021e-01 -1.383538096913735638e+00
-4.211807804369303021e-01 -1.383538096913735638e+00 1.000000000000000000e+00 1.000000000000000021e-08 -6.420986483838410086e-01 -2.209178679469107287e+00
-6.420986483838410086e-01 -2.209178679469107287e+00 0.000000000000000000e+00 1.000000000000000021e-08 -8.906627506985189680e-01 -2.485641023146779371e+00
-8.906627506985189680e-01 -2.485641023146779371e+00 0.000000000000000000e+00 1.000000000000000021e-08 -1.204212279241712036e+00 -3.135495285431930235e+00
-1.204212279241712036e+00 -3.135495285431930235e+00 1.000000000000000000e+00 9.999000000000000110e-01 -1.570796326794896558e+00 -4.463480582358177351e+00
1.453876003169280590e-02 -6.901248263851056386e-02 0.000000000000000000e+00 1.000000000000000021e-08 1.127023111059415883e-01 9.816355107424876714e-01
1.127023111059415883e-01 9.816355107424876714e-01 0.000000000000000000e+00 1.000000000000000021e-08 3.138095724668487629e-01 2.011072613609071524e+00
3.138095724668487629e-01 2.011072613609071524e+00 1.000000000000000000e+00 1.000000000000000021e-08 5.696141512316631461e-01 2.558045787648143499e+00
5.696141512316631461e-01 2.558045787648143499e+00 1.000000000000000000e+00 1.000000000000000021e-08 9.064957192504972117e-01 3.368815680188340878e+00
9.064957192504972117e-01 3.368815680188340878e+00 1.000000000000000000e+00 1.000000000000000021e-08 1.361988007575676951e+00 4.554922883251797394e+00
1.361988007575676951e+00 4.554922883251797394e+00 1.000000000000000000e+00 9.999000000000000110e-01 1.570796326794896558e+00 5.000000000000000000e+00
-8.624417528125027932e-02 -6.764867546283290234e-03 1.000000000000000000e+00 1.000000000000000021e-08 -9.246841883987114152e-02 -6.224243558620860123e-02
-9.246841883987114152e-02 -6.224243558620860123e-02 2.000000000000000000e+00 1.000000000000000021e-08 -1.950585103354640637e-01 -1.025900914955929277e+00
-1.950585103354640637e-01 -1.025900914955929277e+00 0.000000000000000000e+00 1.000000000000000021e-08 -2.422031440923483880e-01 -4.714463375688431324e-01
-2.422031440923483880e-01 -4.714463375688431324e-01 2.000000000000000000e+00 1.000000000000000021e-08 -4.260234003745143050e-01 -1.838202562821659170e+00
-4.260234003745143050e-01 -1.838202562821659170e+00 2.000000000000000000e+00 1.000000000000000021e-08 -7.584415105958062231e-01 -3.324181102212918404e+00
-7.584415105958062231e-01 -3.324181102212918404e+00 0.000000000000000000e+00 1.000000000000000021e-08 -1.134367594927438327e+00 -3.759260843316320599e+00
-1.134367594927438327e+00 -3.759260843316320599e+00 0.000000000000000000e+00 9.999000000000000110e-01 -1.570796326794896558e+00 -4.669347211373224837e+00
-7.735308941718632703e-02 3.872085866551130268e-02 0.000000000000000000e+00 1.000000000000000021e-08 1.034817014753748599e-02 8.770125956472381024e-01
1.034817014753748599e-02 8.770125956472381024e-01 2.000000000000000000e+00 1.000000000000000021e-08 -7.542738563829452098e-04 -1.110244400392043085e-01
-7.542738563829452098e-04 -1.110244400392043085e-01 0.000000000000000000e+00 1.000000000000000021e-08 8.318784885198027279e-02 8.394212270836322043e-01
8.318784885198027279e-02 8.394212270836322043e-01 1.000000000000000000e+00 1.000000000000000021e-08 1.928061588835372764e-01 1.096183100315569980e+00
1.928061588835372764e-01 1.096183100315569980e+00 0.000000000000000000e+00 1.000000000000000021e-08 4.213183182004061056e-01 2.285121593168688570e+00
4.213183182004061056e-01 2.285121593168688570e+00 1.000000000000000000e+00 1.000000000000000021e-08 7.103324520075022797e-01 2.890141338070962185e+00
7.103324520075022797e-01 2.890141338070962185e+00 0.000000000000000000e+00 1.000000000000000021e-08 1.157198753001520641e+00 4.468663009940184061e+00
1.157198753001520641e+00 4.468663009940184061e+00 1.000000000000000000e+00 9.999000000000000110e-01 1.570796326794896558e+00 5.000000000000000000e+00
-2.103708136624473160e-02 8.223738484477111088e-02 1.000000000000000000e+00 1.000000000000000021e-08 -4.837957938410557962e-03 1.619912342783417225e-01
-4.837957938410557962e-03 1.619912342783417225e-01 0.000000000000000000e+00 1.000000000000000021e-08 1.093655575294164572e-01 1.142035154678270104e+00
1.093655575294164572e-01 1.142035154678270104e+00 0.000000000000000000e+00 1.000000000000000021e-08 3.302162518029466698e-01 2.208506942735302125e+00
3.302162518029466698e-01 2.208506942735302125e+00 1.000000000000000000e+00 1.000000000000000021e-08 6.018832474015296530e-01 2.716669955985830498e+00
6.018832474015296530e-01 2.716669955985830498e+00 1.000000000000000000e+00 1.000000000000000021e-08 9.475034908189257088e-01 3.456202434173961002e+00
9.475034908189257088e-01 3.456202434173961002e+00 0.000000000000000000e+00 1.000000000000000021e-08 1.462608079873863876e+00 5.000000000000000000e+00
1.462608079873863876e+00 5.000000000000000000e+00 1.000000000000000000e+00 9.999000000000000110e-01 1.570796326794896558e+00 5.000000000000000000e+00
3.063717393083569690e-02 6.207438288932590198e-02 1.000000000000000000e+00 1.000000000000000021e-08 4.176511578129371571e-02 1.112794185045802159e-01
4.176511578129371571e-02 1.112794185045802159e-01 2.000000000000000000e+00 1.000000000000000021e-08 -2.562346076983755550e-02 -6.738857655113127398e-01
-2.562346076983755550e-02 -6.738857655113127398e-01 0.000000000000000000e+00 1.000000000000000021e-08 7.461723202028432145e-03 3.308518397186598348e-01
7.461723202028432145e-03 3.308518397186598348e-01 1.000000000000000000e+00 1.000000000000000021e-08 3.685865708905042976e-02 2.939693388702199761e-01
3.685865708905042976e-02 2.939693388702199761e-01 1.000000000000000000e+00 1.000000000000000021e-08 7.626371191115788317e-02 3.940505482210745480e-01
7.626371191115788317e-02 3.940505482210745480e-01 2.000000000000000000e+00 1.000000000000000021e-08 5.347343286445144228e-02 -2.279027904670644089e-01
5.347343286445144228e-02 -2.279027904670644089e-01 1.000000000000000000e+00 1.000000000000000021e-08 4.851686935067548584e-02 -4.956563513775955054e-02
4.851686935067548584e-02 -4.956563513775955054e-02 2.000000000000000000e+00 1.000000000000000021e-08 -3.503242720741474997e-02 -8.354929655809022471e-01
-3.503242720741474997e-02 -8.354929655809022471e-01 0.000000000000000000e+00 1.000000000000000021e-08 -3.536324151660925202e-02 -3.308143091945048297e-03
-3.536324151660925202e-02 -3.308143091945048297e-03 2.000000000000000000e+00 1.000000000000000021e-08 -1.362503362983272792e-01 -1.008870947817180230e+00
-1.362503362983272792e-01 -1.008870947817180230e+00 0.000000000000000000e+00 1.000000000000000021e-08 -1.905170559183427814e-01 -5.426671962001550220e-01
-1.905170559183427814e-01 -5.426671962001550220e-01 0.000000000000000000e+00 1.000000000000000021e-08 -1.755322189363092700e-01 1.498483698203351144e-01
-1.755322189363092700e-01 1.498483698203351144e-01 0.000000000000000000e+00 1.000000000000000021e-08 -1.109941347864443206e-01 6.453808414986494935e-01
-1.109941347864443206e-01 6.453808414986494935e-01 2.000000000000000000e+00 1.000000000000000021e-08 -1.400777977271824015e-01 -2.908366294073808644e-01
-1.400777977271824015e-01 -2.908366294073808644e-01 2.000000000000000000e+00 1.000000000000000021e-08 -2.669732375568182325e-01 -1.268954398296358477e+00
-2.669732375568182325e-01 -1.268954398296358477e+00 2.000000000000000000e+00 1.000000000000000021e-08 -5.245408673698638280e-01 -2.575676298130455955e+00
-5.245408673698638280e-01 -2.575676298130455955e+00 2.000000000000000000e+00 1.000000000000000021e-08 -9.469379111853368780e-01 -4.223970438154729834e+00
-9.469379111853368780e-01 -4.223970438154729834e+00 1.000000000000000000e+00 1.000000000000000021e-08 -1.473679941841646857e+00 -5.000000000000000000e+00
-1.473679941841646857e+00 -5.000000000000000000e+00 2.000000000000000000e+00 9.999000000000000110e-01 -1.570796326794896558e+00 -5.000000000000000000e+00
3.745349349705051623e-02 -3.684312357515907160e-02 2.000000000000000000e+00 1.000000000000000021e-08 -4.673839501916096650e-02 -8.419188851621147718e-01
-4.673839501916096650e-02 -8.419188851621147718e-01 1.000000000000000000e+00 1.000000000000000021e-08 -1.506908159065960262e-01 -1.039524208874350597e+00
-1.506908159065960262e-01 -1.039524208874350597e+00 1.000000000000000000e+00 1.000000000000000021e-08 -2.966688541340105623e-01 -1.459780382274145083e+00
-2.966688541340105623e-01 -1.459780382274145083e+00 1.000000000000000000e+00 1.000000000000000021e-08 -4.945073107524030620e-01 -1.978384566183925219e+00
-4.945073107524030620e-01 -1.978384566183925219e+00 2.000000000000000000e+00 1.000000000000000021e-08 -8.322816029805816251e-01 -3.377742922281785631e+00
-8.322816029805816251e-01 -3.377742922281785631e+00 2.000000000000000000e+00 1.000000000000000021e-08 -1.332462467382454108e+00 -5.000000000000000000e+00
-1.332462467382454108e+00 -5.000000000000000000e+00 1.000000000000000000e+00 9.999000000000000110e-01 -1.570796326794896558e+00 -5.000000000000000000e+00
6.444805593116746667e-02 -2.761106017370566074e-02 2.000000000000000000e+00 1.000000000000000021e-08 -1.017155024077917580e-02 -7.461960617194663969e-01
-1.017155024077917580e-02 -7.461960617194663969e-01 1.000000000000000000e+00 1.000000000000000021e-08 -7.553750291280600382e-02 -6.536595267202682802e-01
-7.553750291280600382e-02 -6.536595267202682802e-01 2.000000000000000000e+00 1.000000000000000021e-08 -2.257689194093032148e-01 -1.502314164964972054e+00
-2.257689194093032148e-01 -1.502314164964972054e+00 1.000000000000000000e+00 1.000000000000000021e-08 -4.281718369340888897e-01 -2.024029175247856305e+00
-4.281718369340888897e-01 -2.024029175247856305e+00 0.000000000000000000e+00 1.000000000000000021e-08 -6.167625284085652693e-01 -1.885906914744763796e+00
-6.167625284085652693e-01 -1.885906914744763796e+00 0.000000000000000000e+00 1.000000000000000021e-08 -8.159940447287715726e-01 -1.992315163202063033e+00
-8.159940447287715726e-01 -1.992315163202063033e+00 2.000000000000000000e+00 1.000000000000000021e-08 -1.174319820281044535e+00 -3.583257755522729848e+00
-1.174319820281044535e+00 -3.583257755522729848e+00 1.000000000000000000e+00 9.999000000000000110e-01 -1.570796326794896558e+00 -4.847618223367692991e+00
-2.526890676026304766e-02 4.263099615475853671e-02 0.000000000000000000e+00 1.000000000000000021e-08 6.333371143975968787e-02 8.860261820002273137e-01
6.333371143975968787e-02 8.860261820002273137e-01 0.000000000000000000e+00 1.000000000000000021e-08 2.648525145528010660e-01 2.015188031130413560e+00
2.648525145528010660e-01 2.015188031130413560e+00 0.000000000000000000e+00 1.000000000000000021e-08 5.986714531130052919e-01 3.338189385602042147e+00
5.986714531130052919e-01 3.338189385602042147e+00 1.000000000000000000e+00 1.000000000000000021e-08 1.016530681790030366e+00 4.178592286770250297e+00
1.016530681790030366e+00 4.178592286770250297e+00 2.000000000000000000e+00 1.000000000000000021e-08 1.516254682480360438e+00 4.997240006903299836e+00
1.516254682480360438e+00 4.997240006903299836e+00 1.000000000000000000e+00 9.999000000000000110e-01 1.570796326794896558e+00 5.000000000000000000e+00
5.655663173389251230e-02 -2.608281083255970315e-02 0.000000000000000000e+00 1.000000000000000021e-08 1.674560931165871569e-01 1.108994613826946196e+00
1.674560931165871569e-01 1.108994613826946196e+00 0.000000000000000000e+00 1.000000000000000021e-08 3.842301069842644079e-01 2.167740138676772510e+00
3.842301069842644079e-01 2.167740138676772510e+00 0.000000000000000000e+00 1.000000000000000021e-08 7.313102224417263875e-01 3.470801154574619574e+00
7.313102224417263875e-01 3.470801154574619574e+00 2.000000000000000000e+00 1.000000000000000021e-08 1.119102596450814335e+00 3.877923740090878368e+00
1.119102596450814335e+00 3.877923740090878368e+00 0.000000000000000000e+00 9.999000000000000110e-01 1.570796326794896558e+00 5.000000000000000000e+00
-2.224445727267888515e-02 1.228661281894652402e-02 0.000000000000000000e+00 1.000000000000000021e-08 4.871163347137086319e-02 7.095609074404974903e-01
4.871163347137086319e-02 7.095609074404974903e-01 0.000000000000000000e+00 1.000000000000000021e-08 1.986544347448747916e-01 1.499428012735039228e+00
1.986544347448747916e-01 1.499428012735039228e+00 1.000000000000000000e+00 1.000000000000000021e-08 3.973422640074044665e-01 1.986878292625296805e+00
3.973422640074044665e-01 1.986878292625296805e+00 1.000000000000000000e+00 1.000000000000000021e-08 6.642321221426384925e-01 2.668898581352340038e+00
6.642321221426384925e-01 2.668898581352340038e+00 1.000000000000000000e+00 1.000000000000000021e-08 1.029680585894634071e+00 3.654484637519956003e+00
1.029680585894634071e+00 3.654484637519956003e+00 0.000000000000000000e+00 1.000000000000000021e-08 1.562563618016667988e+00 5.000000000000000000e+00
1.562563618016667988e+00 5.000000000000000000e+00 0.000000000000000000e+00 9.999000000000000110e-01 1.570796326794896558e+00 5.000000000000000000e+00
8.261444451813962364e-02 -4.473612601429335228e-02 0.000000000000000000e+00 1.000000000000000021e-08 1.975360504594180500e-01 1.149216059412784263e+00
1.975360504594180500e-01 1.149216059412784263e+00 0.000000000000000000e+00 1.000000000000000021e-08 4.194563250289085055e-01 2.219202745694904610e+00
4.194563250289085055e-01 2.219202745694904610e+00 0.000000000000000000e+00 1.000000000000000021e-08 7.908934289703044573e-01 3.714371039413958631e+00
7.908934289703044573e-01 3.714371039413958631e+00 2.000000000000000000e+00 1.000000000000000021e-08 1.209941549937631589e+00 4.190481209673270868e+00
1.209941549937631589e+00 4.190481209673270868e+00 0.000000000000000000e+00 9.999000000000000110e-01 1.570796326794896558e+00 5.000000000000000000e+00
-7.681232636490546717e-02 -3.342136224065740679e-02 1.000000000000000000e+00 1.000000000000000021e-08 -8.649398082564353774e-02 -9.681654460738065016e-02
-8.649398082564353774e-02 -9.681654460738065016e-02 1.000000000000000000e+00 1.000000000000000021e-08 -9.787595925852102252e-02 -1.138197843287748479e-01
-9.787595925852102252e-02 -1.138197843287748479e-01 0.000000000000000000e+00 1.000000000000000021e-08 -3.891874506730426397e-02 5.895721419121675577e-01
-3.891874506730426397e-02 5.895721419121675577e-01 1.000000000000000000e+00 1.000000000000000021e-08 1.771328338576331346e-02 5.663202845306757327e-01
1.771328338576331346e-02 5.663202845306757327e-01 2.000000000000000000e+00 1.000000000000000021e-08 4.709238431451568188e-03 -1.300404495431174423e-01
4.709238431451568188e-03 -1.300404495431174423e-01 0.000000000000000000e+00 1.000000000000000021e-08 6.706620863412275646e-02 6.235697020267118029e-01
6.706620863412275646e-02 6.235697020267118029e-01 1.000000000000000000e+00 1.000000000000000021e-08 1.565372490772433678e-01 8.947104044312059745e-01
1.565372490772433678e-01 8.947104044312059745e-01 1.000000000000000000e+00 1.000000000000000021e-08 2.784053915577465732e-01 1.218681424805031943e+00
2.784053915577465732e-01 1.218681424805031943e+00 2.000000000000000000e+00 1.000000000000000021e-08 3.608227135952319364e-01 8.241732203748535213e-01
3.608227135952319364e-01 8.241732203748535213e-01 2.000000000000000000e+00 1.000000000000000021e-08 4.104651064183759135e-01 4.964239282314395485e-01
4.104651064183759135e-01 4.964239282314395485e-01 2.000000000000000000e+00 1.000000000000000021e-08 4.462447061822771288e-01 3.577959976390119867e-01
4.462447061822771288e-01 3.577959976390119867e-01 1.000000000000000000e+00 1.000000000000000021e-08 5.396381027028914756e-01 9.339339652061433572e-01
5.396381027028914756e-01 9.339339652061433572e-01 2.000000000000000000e+00 1.000000000000000021e-08 6.453949438456832999e-01 1.057568411427918242e+00
6.453949438456832999e-01 1.057568411427918242e+00 0.000000000000000000e+00 1.000000000000000021e-08 9.099953929444527523e-01 2.646004490987694524e+00
9.099953929444527523e-01 2.646004490987694524e+00 0.000000000000000000e+00 1.000000000000000021e-08 1.341472351562697840e+00 4.314769586182450212e+00
1.341472351562697840e+00 4.314769586182450212e+00 1.000000000000000000e+00 9.999000000000000110e-01 1.570796326794896558e+00 5.000000000000000000e+00
6.118912113917806400e-02 8.649409488621014053e-02 0.000000000000000000e+00 1.000000000000000021e-08 1.538796266114051958e-01 9.269050547222713599e-01
1.538796266114051958e-01 9.269050547222713599e-01 0.000000000000000000e+00 1.000000000000000021e-08 3.670655569224169357e-01 2.131859303110117398e+00
3.670655569224169357e-01 2.131859303110117398e+00 0.000000000000000000e+00 1.000000000000000021e-08 7.240534517694415806e-01 3.569878948470246449e+00
7.240534517694415806e-01 3.569878948470246449e+00 1.000000000000000000e+00 1.000000000000000021e-08 1.178053043140184108e+00 4.539995913707426389e+00
1.178053043140184108e+00 4.539995913707426389e+00 2.000000000000000000e+00 9.999000000000000110e-01 1.570796326794896558e+00 5.000000000000000000e+00
6.092026926414124965e-02 4.541978160350318428e-02 2.000000000000000000e+00 1.000000000000000021e-08 -5.347493333624053768e-03 -6.626776259776530065e-01
-5.347493333624053768e-03 -6.626776259776530065e-01 0.000000000000000000e+00 1.000000000000000021e-08 3.399814783352052630e-04 5.687474811959258858e-02
3.399814783352052630e-04 5.687474811959258858e-02 0.000000000000000000e+00 1.000000000000000021e-08 8.572578733220902192e-02 8.538580585387380850e-01
8.572578733220902192e-02 8.538580585387380850e-01 1.000000000000000000e+00 1.000000000000000021e-08 1.744524874284470450e-01 8.872670009623799814e-01
1.744524874284470450e-01 8.872670009623799814e-01 1.000000000000000000e+00 1.000000000000000021e-08 3.063018214955258722e-01 1.318493340670788161e+00
3.063018214955258722e-01 1.318493340670788161e+00 0.000000000000000000e+00 1.000000000000000021e-08 5.740757027975457172e-01 2.677738813020198450e+00
5.740757027975457172e-01 2.677738813020198450e+00 0.000000000000000000e+00 1.000000000000000021e-08 1.003557337281018480e+00 4.294816344834728739e+00
1.003557337281018480e+00 4.294816344834728739e+00 2.000000000000000000e+00 1.000000000000000021e-08 1.499625897783451345e+00 4.960685605024329092e+00
1.499625897783451345e+00 4.960685605024329092e+00 1.000000000000000000e+00 9.999000000000000110e-01 1.570796326794896558e+00 5.000000000000000000e+00
-3.837522909993321130e-02 -5.077164470148261277e-02 0.000000000000000000e+00 1.000000000000000021e-08 2.726496175604353756e-02 6.564019085597674330e-01
2.726496175604353756e-02 6.564019085597674330e-01 0.000000000000000000e+00 1.000000000000000021e-08 1.899910502619328589e-01 1.627260885058892992e+00
1.899910502619328589e-01 1.627260885058892992e+00 1.000000000000000000e+00 1.000000000000000021e-08 3.702818855499669937e-01 1.802908352880340903e+00
3.702818855499669937e-01 1.802908352880340903e+00 1.000000000000000000e+00 1.000000000000000021e-08 6.160765184945773409e-01 2.457946329446103473e+00
6.160765184945773409e-01 2.457946329446103473e+00 1.000000000000000000e+00 1.000000000000000021e-08 9.557492446810063047e-01 3.396727261864289193e+00
9.557492446810063047e-01 3.396727261864289193e+00 1.000000000000000000e+00 1.000000000000000021e-08 1.419877196406133635e+00 4.641279517251272857e+00
1.419877196406133635e+00 4.641279517251272857e+00 0.000000000000000000e+00 9.999000000000000110e-01 1.570796326794896558e+00 5.000000000000000000e+00
8.403262209813121275e-02 3.669946155177157554e-02 0.000000000000000000e+00 1.000000000000000021e-08 1.768474767693108962e-01 9.281485467117969179e-01
1.768474767693108962e-01 9.281485467117969179e-01 0.000000000000000000e+00 1.000000000000000021e-08 3.855735575338248844e-01 2.087260807645139771e+00
3.855735575338248844e-01 2.087260807645139771e+00 1.000000000000000000e+00 1.000000000000000021e-08 6.709516199638172473e-01 2.853780624299923740e+00
6.709516199638172473e-01 2.853780624299923740e+00 0.000000000000000000e+00 1.000000000000000021e-08 1.118361438235380145e+00 4.474098182715629868e+00
1.118361438235380145e+00 4.474098182715629868e+00 1.000000000000000000e+00 9.999000000000000110e-01 1.570796326794896558e+00 5.000000000000000000e+00
-7.374148535471101995e-02 8.405775480637601993e-02 1.000000000000000000e+00 1.000000000000000021e-08 -7.099189132225967869e-02 2.749594032451341263e-02
-7.099189132225967869e-02 2.749594032451341263e-02 2.000000000000000000e+00 1.000000000000000021e-08 -1.825412512594173919e-01 -1.115493599371576883e+00
-1.825412512594173919e-01 -1.115493599371576883e+00 1.000000000000000000e+00 1.000000000000000021e-08 -3.295646504616553951e-01 -1.470233992022379921e+00
-3.295646504616553951e-01 -1.470233992022379921e+00 1.000000000000000000e+00 1.000000000000000021e-08 -5.282761346210057551e-01 -1.987114841593503378e+00
-5.282761346210057551e-01 -1.987114841593503378e+00 0.000000000000000000e+00 1.000000000000000021e-08 -7.336489956163503301e-01 -2.053728609953445972e+00
-7.336489956163503301e-01 -2.053728609953445972e+00 1.000000000000000000e+00 1.000000000000000021e-08 -1.051416373328572407e+00 -3.177673777122220766e+00
-1.051416373328572407e+00 -3.177673777122220766e+00 2.000000000000000000e+00 1.000000000000000021e-08 -1.532889226279497974e+00 -4.814728529509255672e+00
-1.532889226279497974e+00 -4.814728529509255672e+00 1.000000000000000000e+00 9.999000000000000110e-01 -1.570796326794896558e+00 -5.000000000000000000e+00
3.092487345005702493e-02 7.849019331332586502e-02 0.000000000000000000e+00 1.000000000000000021e-08 1.488383399771410764e-01 1.179134665270840543e+00
1.488383399771410764e-01 1.179134665270840543e+00 1.000000000000000000e+00 1.000000000000000021e-08 2.968622166479695235e-01 1.480238766708284803e+00
2.968622166479695235e-01 1.480238766708284803e+00 2.000000000000000000e+00 1.000000000000000021e-08 4.210583283591375903e-01 1.241961117111680668e+00
4.210583283591375903e-01 1.241961117111680668e+00 1.000000000000000000e+00 1.000000000000000021e-08 6.278283881467807692e-01 2.067700597876432234e+00
6.278283881467807692e-01 2.067700597876432234e+00 1.000000000000000000e+00 1.000000000000000021e-08 9.365484822291578748e-01 3.087200940823771056e+00
9.365484822291578748e-01 3.087200940823771056e+00 2.000000000000000000e+00 1.000000000000000021e-08 1.313863323972244368e+00 3.773148417430864043e+00
1.313863323972244368e+00 3.773148417430864043e+00 0.000000000000000000e+00 9.999000000000000110e-01 1.570796326794896558e+00 5.000000000000000000e+00
-8.108975255081556088e-02 2.563498183455491242e-02 2.000000000000000000e+00 1.000000000000000021e-08 -1.649564324025754036e-01 -8.386667985175981777e-01
-1.649564324025754036e-01 -8.386667985175981777e-01 2.000000000000000000e+00 1.000000000000000021e-08 -3.771489194823967050e-01 -2.121924870798213014e+00
-3.771489194823967050e-01 -2.121924870798213014e+00 1.000000000000000000e+00 1.000000000000000021e-08 -6.430517030836067072e-01 -2.659027836012099577e+00
-6.430517030836067072e-01 -2.659027836012099577e+00 2.000000000000000000e+00 1.000000000000000021e-08 -1.069798819224444753e+00 -4.267471161408380453e+00
-1.069798819224444753e+00 -4.267471161408380453e+00 0.000000000000000000e+00 9.999000000000000110e-01 -1.570796326794896558e+00 -5.000000000000000000e+00
-7.229357936744525148e-02 8.632834101507612379e-02 1.000000000000000000e+00 1.000000000000000021e-08 -6.518942405875123580e-02 7.104155308694010129e-02
-6.518942405875123580e-02 7.104155308694010129e-02 0.000000000000000000e+00 1.000000000000000021e-08 3.291240521118195261e-02 9.810182926993318286e-01
3.291240521118195261e-02 9.810182926993318286e-01 1.000000000000000000e+00 1.000000000000000021e-08 1.511529718647450227e-01 1.182405666535630839e+00
1.511529718647450227e-01 1.182405666535630839e+00 1.000000000000000000e+00 1.000000000000000021e-08 2.876546886643890355e-01 1.365017167996439795e+00
2.876546886643890355e-01 1.365017167996439795e+00 2.000000000000000000e+00 1.000000000000000021e-08 3.972823545205985685e-01 1.096276658562095552e+00
3.972823545205985685e-01 1.096276658562095552e+00 1.000000000000000000e+00 1.000000000000000021e-08 5.797212675879749311e-01 1.824389130673763182e+00
5.797212675879749311e-01 1.824389130673763182e+00 1.000000000000000000e+00 1.000000000000000021e-08 8.497692332319197739e-01 2.700479656439448206e+00
8.497692332319197739e-01 2.700479656439448206e+00 0.000000000000000000e+00 1.000000000000000021e-08 1.278117034608031943e+00 4.283478013761120806e+00
1.278117034608031943e+00 4.283478013761120806e+00 1.000000000000000000e+00 9.999000000000000110e-01 1.570796326794896558e+00 5.000000000000000000e+00
-7.372131740316248405e-02 -5.369463390978991557e-02 1.000000000000000000e+00 1.000000000000000021e-08 -7.558826391259357291e-02 -1.866946509431087475e-02
-7.558826391259357291e-02 -1.866946509431087475e-02 0.000000000000000000e+00 1.000000000000000021e-08 8.745048579776829034e-03 8.433331249237039362e-01
8.745048579776829034e-03 8.433331249237039362e-01 2.000000000000000000e+00 1.000000000000000021e-08 -8.553755867378984301e-03 -1.729880444715581334e-01
-8.553755867378984301e-03 -1.729880444715581334e-01 2.000000000000000000e+00 1.000000000000000021e-08 -1.199597904033479628e-01 -1.114060345359689785e+00
-1.199597904033479628e-01 -1.114060345359689785e+00 2.000000000000000000e+00 1.000000000000000021e-08 -3.560776137955872223e-01 -2.361178233922392344e+00
-3.560776137955872223e-01 -2.361178233922392344e+00 0.000000000000000000e+00 1.000000000000000021e-08 -5.510905552553266862e-01 -1.950129414597395083e+00
-5.510905552553266862e-01 -1.950129414597395083e+00 1.000000000000000000e+00 1.000000000000000021e-08 -8.213899758216469671e-01 -2.702994205663203253e+00
-8.213899758216469671e-01 -2.702994205663203253e+00 2.000000000000000000e+00 1.000000000000000021e-08 -1.245815665123705340e+00 -4.244256893020583732e+00
-1.245815665123705340e+00 -4.244256893020583732e+00 1.000000000000000000e+00 9.999000000000000110e-01 -1.570796326794896558e+00 -5.000000000000000000e+00
1.291796651629623094e-02 -4.789057927351049460e-02 0.000000000000000000e+00 1.000000000000000021e-08 1.031010610160113944e-01 9.018309449971515512e-01
1.031010610160113944e-01 9.018309449971515512e-01 1.000000000000000000e+00 1.000000000000000021e-08 1.940638157785154194e-01 9.096275476250401670e-01
1.940638157785154194e-01 9.096275476250401670e-01 1.000000000000000000e+00 1.000000000000000021e-08 3.042761300754664999e-01 1.102123142969510861e+00
3.042761300754664999e-01 1.102123142969510861e+00 1.000000000000000000e+00 1.000000000000000021e-08 4.650285292823867489e-01 1.607523992069202379e+00
4.650285292823867489e-01 1.607523992069202379e+00 1.000000000000000000e+00 1.000000000000000021e-08 6.996908427443119249e-01 2.346623134619251871e+00
6.996908427443119249e-01 2.346623134619251871e+00 0.000000000000000000e+00 1.000000000000000021e-08 1.093885370640810706e+00 3.941945278964988475e+00
1.093885370640810706e+00 3.941945278964988475e+00 1.000000000000000000e+00 9.999000000000000110e-01 1.570796326794896558e+00 5.000000000000000000e+00
-1.001892059311559890e-02 4.289672068297423202e-02 2.000000000000000000e+00 1.000000000000000021e-08 -9.347620406949685989e-02 -8.345728347638126099e-01
-9.347620406949685989e-02 -8.345728347638126099e-01 1.000000000000000000e+00 1.000000000000000021e-08 -2.069153692777643272e-01 -1.134391652082674673e+00
-2.069153692777643272e-01 -1.134391652082674673e+00 0.000000000000000000e+00 1.000000000000000021e-08 -2.523549210421175415e-01 -4.543955176435318100e-01
-2.523549210421175415e-01 -4.543955176435318100e-01 1.000000000000000000e+00 1.000000000000000021e-08 -3.538342766223999680e-01 -1.014793555802824487e+00
-3.538342766223999680e-01 -1.014793555802824487e+00 0.000000000000000000e+00 1.000000000000000021e-08 -4.372649434431495341e-01 -8.343066682074957718e-01
-4.372649434431495341e-01 -8.343066682074957718e-01 1.000000000000000000e+00 1.000000000000000021e-08 -5.912249423852633523e-01 -1.539599989421137849e+00
-5.912249423852633523e-01 -1.539599989421137849e+00 2.000000000000000000e+00 1.000000000000000021e-08 -8.949110145760628132e-01 -3.036860721907993721e+00
-8.949110145760628132e-01 -3.036860721907993721e+00 2.000000000000000000e+00 1.000000000000000021e-08 -1.355861663480224522e+00 -4.609506489041616639e+00
-1.355861663480224522e+00 -4.609506489041616639e+00 2.000000000000000000e+00 9.999000000000000110e-01 -1.570796326794896558e+00 -5.000000000000000000e+00
-1.841503162390827064e-02 -6.178540019709764797e-04 2.000000000000000000e+00 1.000000000000000021e-08 -1.170123678261118377e-01 -9.859733620220356709e-01
-1.170123678261118377e-01 -9.859733620220356709e-01 2.000000000000000000e+00 1.000000000000000021e-08 -3.380504436628655740e-01 -2.210380758367537446e+00
-3.380504436628655740e-01 -2.210380758367537446e+00 0.000000000000000000e+00 1.000000000000000021e-08 -5.211592823247448436e-01 -1.831088386618792363e+00
-5.211592823247448436e-01 -1.831088386618792363e+00 2.000000000000000000e+00 1.000000000000000021e-08 -8.443458347548634668e-01 -3.231865524301186010e+00
-8.443458347548634668e-01 -3.231865524301186010e+00 1.000000000000000000e+00 1.000000000000000021e-08 -1.283693665259777239e+00 -4.393478305049137056e+00
-1.283693665259777239e+00 -4.393478305049137056e+00 1.000000000000000000e+00 9.999000000000000110e-01 -1.570796326794896558e+00 -5.000000000000000000e+00
5.258781252029059994e-02 -3.602585797818445845e-02 2.000000000000000000e+00 1.000000000000000021e-08 -3.937759888804376329e-02 -9.196541140833436323e-01
-3.937759888804376329e-02 -9.196541140833436323e-01 1.000000000000000000e+00 1.000000000000000021e-08 -1.235895490744529646e-01 -8.421195018640919017e-01
-1.235895490744529646e-01 -8.421195018640919017e-01 1.000000000000000000e+00 1.000000000000000021e-08 -2.338218214248071192e-01 -1.102322723503541546e+00
-2.338218214248071192e-01 -1.102322723503541546e+00 2.000000000000000000e+00 1.000000000000000021e-08 -4.596674474518334108e-01 -2.258456260270262916e+00
-4.596674474518334108e-01 -2.258456260270262916e+00 2.000000000000000000e+00 1.000000000000000021e-08 -8.421173933645367260e-01 -3.824499459127033152e+00
-8.421173933645367260e-01 -3.824499459127033152e+00 0.000000000000000000e+00 1.000000000000000021e-08 -1.275292011962131378e+00 -4.331746185975946517e+00
-1.275292011962131378e+00 -4.331746185975946517e+00 1.000000000000000000e+00 9.999000000000000110e-01 -1.570796326794896558e+00 -5.000000000000000000e+00
3.092447288519836399e-02 7.450680193038050625e-02 2.000000000000000000e+00 1.000000000000000021e-08 -3.473743282854951930e-02 -6.566190571374788121e-01
-3.473743282854951930e-02 -6.566190571374788121e-01 1.000000000000000000e+00 1.000000000000000021e-08 -1.049705424387678415e-01 -7.023310961021832499e-01
-1.049705424387678415e-01 -7.023310961021832499e-01 2.000000000000000000e+00 1.000000000000000021e-08 -2.716791236370366125e-01 -1.667085811982687460e+00
-2.716791236370366125e-01 -1.667085811982687460e+00 0.000000000000000000e+00 1.000000000000000021e-08 -3.979167706953974371e-01 -1.262376470583608246e+00
-3.979167706953974371e-01 -1.262376470583608246e+00 0.000000000000000000e+00 1.000000000000000021e-08 -5.037709976972689629e-01 -1.058542270018715481e+00
-5.037709976972689629e-01 -1.058542270018715481e+00 0.000000000000000000e+00 1.000000000000000021e-08 -6.062354864467893734e-01 -1.024644887495203660e+00
-6.062354864467893734e-01 -1.024644887495203660e+00 2.000000000000000000e+00 1.000000000000000021e-08 -8.671480593688830618e-01 -2.609125729220936663e+00
-8.671480593688830618e-01 -2.609125729220936663e+00 0.000000000000000000e+00 1.000000000000000021e-08 -1.190188125136718345e+00 -3.230400657678351273e+00
-1.190188125136718345e+00 -3.230400657678351273e+00 1.000000000000000000e+00 9.999000000000000110e-01 -1.570796326794896558e+00 -4.518496475517554067e+00
-7.625176780871439908e-02 4.168281741222518155e-02 2.000000000000000000e+00 1.000000000000000021e-08 -1.897609603664617839e-01 -1.135091925577473626e+00
-1.897609603664617839e-01 -1.135091925577473626e+00 0.000000000000000000e+00 1.000000000000000021e-08 -2.324381684851915542e-01 -4.267720811872978137e-01
-2.324381684851915542e-01 -4.267720811872978137e-01 1.000000000000000000e+00 1.000000000000000021e-08 -3.089231058719990597e-01 -7.648493738680748333e-01
-3.089231058719990597e-01 -7.648493738680748333e-01 2.000000000000000000e+00 1.000000000000000021e-08 -5.112483299913483936e-01 -2.023252241193493006e+00
-5.112483299913483936e-01 -2.023252241193493006e+00 2.000000000000000000e+00 1.000000000000000021e-08 -8.585808384921760350e-01 -3.473325085008276858e+00
-8.585808384921760350e-01 -3.473325085008276858e+00 0.000000000000000000e+00 1.000000000000000021e-08 -1.263525345426099289e+00 -4.049445069339232539e+00
-1.263525345426099289e+00 -4.049445069339232539e+00 2.000000000000000000e+00 9.999000000000000110e-01 -1.570796326794896558e+00 -5.000000000000000000e+00
1.495880145251642090e-02 -1.321079265122918588e-02 2.000000000000000000e+00 1.000000000000000021e-08 -6.455908329617136843e-02 -7.951788474868778378e-01
-6.455908329617136843e-02 -7.951788474868778378e-01 0.000000000000000000e+00 1.000000000000000021e-08 -8.008488515565363730e-02 -1.552580185948226887e-01
-8.008488515565363730e-02 -1.552580185948226887e-01 1.000000000000000000e+00 1.000000000000000021e-08 -1.162426957185198895e-01 -3.615781056286624939e-01
-1.162426957185198895e-01 -3.615781056286624939e-01 0.000000000000000000e+00 1.000000000000000021e-08 -8.818371751743775411e-02 2.805897820108213536e-01
-8.818371751743775411e-02 2.805897820108213536e-01 0.000000000000000000e+00 1.000000000000000021e-08 1.337445447525317799e-02 1.015581719926909265e+00
1.337445447525317799e-02 1.015581719926909265e+00 0.000000000000000000e+00 1.000000000000000021e-08 2.056312156919727074e-01 1.922567612167195072e+00
2.056312156919727074e-01 1.922567612167195072e+00 2.000000000000000000e+00 1.000000000000000021e-08 3.388205386667718089e-01 1.331893229747991070e+00
3.388205386667718089e-01 1.331893229747991070e+00 2.000000000000000000e+00 1.000000000000000021e-08 4.366102286180402747e-01 9.778968995126844366e-01
4.366102286180402747e-01 9.778968995126844366e-01 2.000000000000000000e+00 1.000000000000000021e-08 5.202372124607902437e-01 8.362698384274992458e-01
5.202372124607902437e-01 8.362698384274992458e-01 2.000000000000000000e+00 1.000000000000000021e-08 6.053796427436398675e-01 8.514243028284962378e-01
6.053796427436398675e-01 8.514243028284962378e-01 1.000000000000000000e+00 1.000000000000000021e-08 7.749181777918217051e-01 1.695385350481818154e+00
7.749181777918217051e-01 1.695385350481818154e+00 0.000000000000000000e+00 1.000000000000000021e-08 1.121611987941278255e+00 3.466938101494566382e+00
1.121611987941278255e+00 3.466938101494566382e+00 1.000000000000000000e+00 9.999000000000000110e-01 1.570796326794896558e+00 4.776891178978440955e+00
-2.191451120281134521e-02 8.274297520473142264e-02 2.000000000000000000e+00 1.000000000000000021e-08 -8.872684044940287729e-02 -6.681232924659152861e-01
-8.872684044940287729e-02 -6.681232924659152861e-01 0.000000000000000000e+00 1.000000000000000021e-08 -9.867673351663981685e-02 -9.949893067236936783e-02
-9.867673351663981685e-02 -9.949893067236936783e-02 0.000000000000000000e+00 1.000000000000000021e-08 -3.340714322379034762e-02 6.526959029284946645e-01
