7.220353414635777289e-02 6.358018912590096550e-02 2.000000000000000000e+00 1.000000000000000021e-08 -1.034864623639113190e-02 -8.255218038274889647e-01
-1.034864623639113190e-02 -8.255218038274889647e-01 0.000000000000000000e+00 1.000000000000000021e-08 -2.332396020915392457e-02 -1.297531397276279197e-01
-2.332396020915392457e-02 -1.297531397276279197e-01 2.000000000000000000e+00 1.000000000000000021e-08 -1.243181004233944592e-01 -1.009941402142405353e+00
-1.243181004233944592e-01 -1.009941402142405353e+00 1.000000000000000000e+00 1.000000000000000021e-08 -2.561108243579900412e-01 -1.317927239345956014e+00
-2.561108243579900412e-01 -1.317927239345956014e+00 1.000000000000000000e+00 1.000000000000000021e-08 -4.264182748842766935e-01 -1.703074505262866412e+00
-4.264182748842766935e-01 -1.703074505262866412e+00 1.000000000000000000e+00 1.000000000000000021e-08 -6.494706148812110502e-01 -2.230523399969343235e+00
-6.494706148812110502e-01 -2.230523399969343235e+00 1.000000000000000000e+00 1.000000000000000021e-08 -9.674740942169187674e-01 -3.180034793357076950e+00
-9.674740942169187674e-01 -3.180034793357076950e+00 0.000000000000000000e+00 1.000000000000000021e-08 -1.361602446773174435e+00 -3.941283525562556012e+00
-1.361602446773174435e+00 -3.941283525562556012e+00 2.000000000000000000e+00 9.999000000000000110e-01 -1.570796326794896558e+00 -5.000000000000000000e+00
6.705653576377305913e-02 -6.980035998908491746e-02 2.000000000000000000e+00 1.000000000000000021e-08 -1.052865256411911199e-02 -7.758518832789216280e-01
-1.052865256411911199e-02 -7.758518832789216280e-01 1.000000000000000000e+00 1.000000000000000021e-08 -9.668444643480073042e-02 -8.615579387068161843e-01
-9.668444643480073042e-02 -8.615579387068161843e-01 1.000000000000000000e+00 1.000000000000000021e-08 -1.863682829643839023e-01 -8.968383652958318297e-01
-1.863682829643839023e-01 -8.968383652958318297e-01 2.000000000000000000e+00 1.000000000000000021e-08 -3.942162554174840627e-01 -2.078479724531001160e+00
-3.942162554174840627e-01 -2.078479724531001160e+00 2.000000000000000000e+00 1.000000000000000021e-08 -7.381533333693688359e-01 -3.439370779518847954e+00
-7.381533333693688359e-01 -3.439370779518847954e+00 2.000000000000000000e+00 1.000000000000000021e-08 -1.245076499618091859e+00 -5.000000000000000000e+00
-1.245076499618091859e+00 -5.000000000000000000e+00 0.000000000000000000e+00 9.999000000000000110e-01 -1.570796326794896558e+00 -5.000000000000000000e+00
-8.092233421141543925e-02 5.626988805375722491e-02 2.000000000000000000e+00 1.000000000000000021e-08 -1.803727160119637518e-01 -9.945038180054831534e-01
-1.803727160119637518e-01 -9.945038180054831534e-01 2.000000000000000000e+00 1.000000000000000021e-08 -4.099720715554678319e-01 -2.295993555435040800e+00
-4.099720715554678319e-01 -2.295993555435040800e+00 2.000000000000000000e+00 1.000000000000000021e-08 -7.853570086311387755e-01 -3.753849370756709991e+00
-7.853570086311387755e-01 -3.753849370756709991e+00 0.000000000000000000e+00 1.000000000000000021e-08 -1.197822631406947114e+00 -4.124656227758084270e+00
-1.197822631406947114e+00 -4.124656227758084270e+00 1.000000000000000000e+00 9.999000000000000110e-01 -1.570796326794896558e+00 -5.000000000000000000e+00
2.478338418018012634e-03 7.400109768222687401e-02 1.000000000000000000e+00 1.000000000000000021e-08 1.550737396526247897e-02 1.302903554724446633e-01
1.550737396526247897e-02 1.302903554724446633e-01 2.000000000000000000e+00 1.000000000000000021e-08 -5.107493704088360981e-02 -6.658231100614608877e-01
-5.107493704088360981e-02 -6.658231100614608877e-01 2.000000000000000000e+00 1.000000000000000021e-08 -2.102657151943475022e-01 -1.591907781534638744e+00
-2.102657151943475022e-01 -1.591907781534638744e+00 1.000000000000000000e+00 1.000000000000000021e-08 -4.032207137909599726e-01 -1.929549985966124481e+00
-4.032207137909599726e-01 -1.929549985966124481e+00 2.000000000000000000e+00 1.000000000000000021e-08 -7.477968797231093756e-01 -3.445761659321494363e+00
-7.477968797231093756e-01 -3.445761659321494363e+00 1.000000000000000000e+00 1.000000000000000021e-08 -1.181152726491251803e+00 -4.333558467681424275e+00
-1.181152726491251803e+00 -4.333558467681424275e+00 2.000000000000000000e+00 9.999000000000000110e-01 -1.570796326794896558e+00 -5.000000000000000000e+00
-3.591002335065381079e-02 2.454675506987087641e-02 1.000000000000000000e+00 1.000000000000000021e-08 -4.370542124467942380e-02 -7.795397894025608843e-02
-4.370542124467942380e-02 -7.795397894025608843e-02 1.000000000000000000e+00 1.000000000000000021e-08 -5.808375937278417722e-02 -1.437833812810475065e-01
-5.808375937278417722e-02 -1.437833812810475065e-01 2.000000000000000000e+00 1.000000000000000021e-08 -1.677032667623669648e-01 -1.096195073895827932e+00
-1.677032667623669648e-01 -1.096195073895827932e+00 2.000000000000000000e+00 1.000000000000000021e-08 -3.801259480320524631e-01 -2.124226812696854871e+00
-3.801259480320524631e-01 -2.124226812696854871e+00 1.000000000000000000e+00 1.000000000000000021e-08 -6.444369134728628046e-01 -2.643109654408103193e+00
-6.444369134728628046e-01 -2.643109654408103193e+00 0.000000000000000000e+00 1.000000000000000021e-08 -9.223936408601369763e-01 -2.779567273872742383e+00
-9.223936408601369763e-01 -2.779567273872742383e+00 1.000000000000000000e+00 1.000000000000000021e-08 -1.310060248988389464e+00 -3.876666081282525322e+00
-1.310060248988389464e+00 -3.876666081282525322e+00 0.000000000000000000e+00 9.999000000000000110e-01 -1.570796326794896558e+00 -5.000000000000000000e+00
-6.336444983208958798e-03 -2.743122294426056373e-02 0.000000000000000000e+00 1.000000000000000021e-08 8.525621590138673933e-02 9.159266088459568911e-01
8.525621590138673933e-02 9.159266088459568911e-01 2.000000000000000000e+00 1.000000000000000021e-08 1.063067497685734192e-01 2.105053386718668262e-01
1.063067497685734192e-01 2.105053386718668262e-01 1.000000000000000000e+00 1.000000000000000021e-08 1.559286375234827104e-01 4.962188775490928294e-01
1.559286375234827104e-01 4.962188775490928294e-01 2.000000000000000000e+00 1.000000000000000021e-08 1.397787209686721932e-01 -1.614991655481052280e-01
1.397787209686721932e-01 -1.614991655481052280e-01 2.000000000000000000e+00 1.000000000000000021e-08 4.844483403817803624e-02 -9.133388693049415696e-01
4.844483403817803624e-02 -9.133388693049415696e-01 2.000000000000000000e+00 1.000000000000000021e-08 -1.402659343437891171e-01 -1.887107683819671422e+00
-1.402659343437891171e-01 -1.887107683819671422e+00 0.000000000000000000e+00 1.000000000000000021e-08 -2.768656597553748600e-01 -1.365997254115857373e+00
-2.768656597553748600e-01 -1.365997254115857373e+00 0.000000000000000000e+00 1.000000000000000021e-08 -3.770228938962917886e-01 -1.001572341409169065e+00
-3.770228938962917886e-01 -1.001572341409169065e+00 2.000000000000000000e+00 1.000000000000000021e-08 -6.162663266922763228e-01 -2.392434327959845675e+00
-6.162663266922763228e-01 -2.392434327959845675e+00 0.000000000000000000e+00 1.000000000000000021e-08 -8.825511868287817530e-01 -2.662848601365054080e+00
-8.825511868287817530e-01 -2.662848601365054080e+00 0.000000000000000000e+00 1.000000000000000021e-08 -1.222219976670699815e+00 -3.396687898419181728e+00
-1.222219976670699815e+00 -3.396687898419181728e+00 2.000000000000000000e+00 9.999000000000000110e-01 -1.570796326794896558e+00 -4.967000277493518468e+00
-8.412266633265833016e-02 -1.047647120971766099e-04 0.000000000000000000e+00 1.000000000000000021e-08 -2.002040329733770219e-02 6.410226303532062797e-01
-2.002040329733770219e-02 6.410226303532062797e-01 1.000000000000000000e+00 1.000000000000000021e-08 5.663519465190561264e-02 7.665559794924331483e-01
5.663519465190561264e-02 7.665559794924331483e-01 1.000000000000000000e+00 1.000000000000000021e-08 1.421952244080371131e-01 8.556002975613150596e-01
1.421952244080371131e-01 8.556002975613150596e-01 2.000000000000000000e+00 1.000000000000000021e-08 1.593146421327500395e-01 1.711941772471291534e-01
1.593146421327500395e-01 1.711941772471291534e-01 1.000000000000000000e+00 1.000000000000000021e-08 2.118653750392215651e-01 5.255073290647153117e-01
2.118653750392215651e-01 5.255073290647153117e-01 1.000000000000000000e+00 1.000000000000000021e-08 3.130864416842870090e-01 1.012210666450654717e+00
3.130864416842870090e-01 1.012210666450654717e+00 1.000000000000000000e+00 1.000000000000000021e-08 4.661532779212562705e-01 1.530668362369692392e+00
4.661532779212562705e-01 1.530668362369692392e+00 2.000000000000000000e+00 1.000000000000000021e-08 6.176683585071188753e-01 1.515150805858625604e+00
6.176683585071188753e-01 1.515150805858625604e+00 0.000000000000000000e+00 1.000000000000000021e-08 9.322950081263146060e-01 3.146266496191956641e+00
9.322950081263146060e-01 3.146266496191956641e+00 2.000000000000000000e+00 1.000000000000000021e-08 1.309210837376701964e+00 3.769158292503874463e+00
1.309210837376701964e+00 3.769158292503874463e+00 1.000000000000000000e+00 9.999000000000000110e-01 1.570796326794896558e+00 5.000000000000000000e+00
3.520744810855611084e-02 -5.619325378915147190e-02 2.000000000000000000e+00 1.000000000000000021e-08 -4.542102237608088011e-02 -8.062847048463698263e-01
-4.542102237608088011e-02 -8.062847048463698263e-01 1.000000000000000000e+00 1.000000000000000021e-08 -1.407129232146648867e-01 -9.529190083858398719e-01
-1.407129232146648867e-01 -9.529190083858398719e-01 2.000000000000000000e+00 1.000000000000000021e-08 -3.311807387625510524e-01 -1.904678155478861878e+00
-3.311807387625510524e-01 -1.904678155478861878e+00 0.000000000000000000e+00 1.000000000000000021e-08 -5.037649686276353123e-01 -1.725842298650842821e+00
-5.037649686276353123e-01 -1.725842298650842821e+00 0.000000000000000000e+00 1.000000000000000021e-08 -6.779183897198994835e-01 -1.741534210922641490e+00
-6.779183897198994835e-01 -1.741534210922641490e+00 0.000000000000000000e+00 1.000000000000000021e-08 -8.751698353238879236e-01 -1.972514456039883957e+00
-8.751698353238879236e-01 -1.972514456039883957e+00 2.000000000000000000e+00 1.000000000000000021e-08 -1.243428929197523569e+00 -3.682590938736357344e+00
-1.243428929197523569e+00 -3.682590938736357344e+00 1.000000000000000000e+00 9.999000000000000110e-01 -1.570796326794896558e+00 -4.986658022807203494e+00
2.540533381139681648e-02 -6.952339794799762551e-04 2.000000000000000000e+00 1.000000000000000021e-08 -4.225463674898310984e-02 -6.765997056037992285e-01
-4.225463674898310984e-02 -6.765997056037992285e-01 0.000000000000000000e+00 1.000000000000000021e-08 -4.274773314035673621e-02 -4.930963913736263748e-03
-4.274773314035673621e-02 -4.930963913736263748e-03 2.000000000000000000e+00 1.000000000000000021e-08 -1.297912728629714851e-01 -8.704353972261472672e-01
-1.297912728629714851e-01 -8.704353972261472672e-01 1.000000000000000000e+00 1.000000000000000021e-08 -2.351004908360814771e-01 -1.053092179731099698e+00
-2.351004908360814771e-01 -1.053092179731099698e+00 2.000000000000000000e+00 1.000000000000000021e-08 -4.653842005160723772e-01 -2.302837096799908778e+00
-4.653842005160723772e-01 -2.302837096799908778e+00 2.000000000000000000e+00 1.000000000000000021e-08 -8.433529865131321746e-01 -3.779687859970597863e+00
-8.433529865131321746e-01 -3.779687859970597863e+00 1.000000000000000000e+00 1.000000000000000021e-08 -1.335672636332515539e+00 -4.923196498193832760e+00
-1.335672636332515539e+00 -4.923196498193832760e+00 1.000000000000000000e+00 9.999000000000000110e-01 -1.570796326794896558e+00 -5.000000000000000000e+00
-6.005776658212207825e-02 6.770231181983464575e-02 2.000000000000000000e+00 1.000000000000000021e-08 -1.352610332582528940e-01 -7.520326667613080884e-01
-1.352610332582528940e-01 -7.520326667613080884e-01 1.000000000000000000e+00 1.000000000000000021e-08 -2.441824503912758682e-01 -1.089214171330229686e+00
-2.441824503912758682e-01 -1.089214171330229686e+00 0.000000000000000000e+00 1.000000000000000021e-08 -3.253626723449631886e-01 -8.118022195368732596e-01
-3.253626723449631886e-01 -8.118022195368732596e-01 0.000000000000000000e+00 1.000000000000000021e-08 -3.846652192371373125e-01 -5.930254689217412389e-01
-3.846652192371373125e-01 -5.930254689217412389e-01 1.000000000000000000e+00 1.000000000000000021e-08 -5.176930853217244222e-01 -1.330278660845871208e+00
-5.176930853217244222e-01 -1.330278660845871208e+00 1.000000000000000000e+00 1.000000000000000021e-08 -7.344766995117530950e-01 -2.167836141900286506e+00
-7.344766995117530950e-01 -2.167836141900286506e+00 2.000000000000000000e+00 1.000000000000000021e-08 -1.122966704765802737e+00 -3.884900052540496862e+00
-1.122966704765802737e+00 -3.884900052540496862e+00 2.000000000000000000e+00 9.999000000000000110e-01 -1.570796326794896558e+00 -5.000000000000000000e+00
2.913587265705865764e-02 8.142628995462994346e-02 1.000000000000000000e+00 1.000000000000000021e-08 5.169279295845764094e-02 2.255692030139898052e-01
5.169279295845764094e-02 2.255692030139898052e-01 1.000000000000000000e+00 1.000000000000000021e-08 7.371941982678752170e-02 2.202662686832988215e-01
7.371941982678752170e-02 2.202662686832988215e-01 1.000000000000000000e+00 1.000000000000000021e-08 1.233567342862705585e-01 4.963731445948302845e-01
1.233567342862705585e-01 4.963731445948302845e-01 0.000000000000000000e+00 1.000000000000000021e-08 2.958765922428915895e-01 1.725198579566210144e+00
2.958765922428915895e-01 1.725198579566210144e+00 2.000000000000000000e+00 1.000000000000000021e-08 4.347904575062607746e-01 1.389138652633691962e+00
4.347904575062607746e-01 1.389138652633691962e+00 0.000000000000000000e+00 1.000000000000000021e-08 7.182115363378527295e-01 2.834210788315918883e+00
7.182115363378527295e-01 2.834210788315918883e+00 0.000000000000000000e+00 1.000000000000000021e-08 1.151818763292524972e+00 4.336072269546721536e+00
1.151818763292524972e+00 4.336072269546721536e+00 0.000000000000000000e+00 9.999000000000000110e-01 1.570796326794896558e+00 5.000000000000000000e+00
4.769755616117074548e-02 -5.697540693623601160e-02 2.000000000000000000e+00 1.000000000000000021e-08 -3.726291290685238011e-02 -8.496046906802312559e-01
-3.726291290685238011e-02 -8.496046906802312559e-01 0.000000000000000000e+00 1.000000000000000021e-08 -5.211421481081156271e-02 -1.485130190395917982e-01
-5.211421481081156271e-02 -1.485130190395917982e-01 2.000000000000000000e+00 1.000000000000000021e-08 -1.546675682045337563e-01 -1.025533533937221797e+00
-1.546675682045337563e-01 -1.025533533937221797e+00 1.000000000000000000e+00 1.000000000000000021e-08 -2.860241376511869493e-01 -1.313565694466531930e+00
-2.860241376511869493e-01 -1.313565694466531930e+00 1.000000000000000000e+00 1.000000000000000021e-08 -4.674671966562229386e-01 -1.814430590050359449e+00
-4.674671966562229386e-01 -1.814430590050359449e+00 1.000000000000000000e+00 1.000000000000000021e-08 -7.178262476026493477e-01 -2.503590509464263203e+00
-7.178262476026493477e-01 -2.503590509464263203e+00 2.000000000000000000e+00 1.000000000000000021e-08 -1.128063338149249972e+00 -4.102370905466006690e+00
-1.128063338149249972e+00 -4.102370905466006690e+00 2.000000000000000000e+00 9.999000000000000110e-01 -1.570796326794896558e+00 -5.000000000000000000e+00
-7.729126206304462454e-02 -7.017838193839739946e-02 2.000000000000000000e+00 1.000000000000000021e-08 -1.859752591039869063e-01 -1.086839970409422707e+00
-1.859752591039869063e-01 -1.086839970409422707e+00 0.000000000000000000e+00 1.000000000000000021e-08 -2.258212927831421135e-01 -3.984603367915521277e-01
-2.258212927831421135e-01 -3.984603367915521277e-01 2.000000000000000000e+00 1.000000000000000021e-08 -3.765559325053788875e-01 -1.507346397222367962e+00
-3.765559325053788875e-01 -1.507346397222367962e+00 0.000000000000000000e+00 1.000000000000000021e-08 -5.118360298184658763e-01 -1.352800973130869888e+00
-5.118360298184658763e-01 -1.352800973130869888e+00 2.000000000000000000e+00 1.000000000000000021e-08 -8.039993062484682707e-01 -2.921632764300023943e+00
-8.039993062484682707e-01 -2.921632764300023943e+00 1.000000000000000000e+00 1.000000000000000021e-08 -1.197493771899391435e+00 -3.934944656509231642e+00
-1.197493771899391435e+00 -3.934944656509231642e+00 0.000000000000000000e+00 9.999000000000000110e-01 -1.570796326794896558e+00 -4.926915117952198386e+00
5.520559150561731021e-02 6.331871048771010868e-02 0.000000000000000000e+00 1.000000000000000021e-08 1.643830438268064353e-01 1.091774523211891168e+00
1.643830438268064353e-01 1.091774523211891168e+00 0.000000000000000000e+00 1.000000000000000021e-08 4.020716869324386655e-01 2.376886431056322024e+00
4.020716869324386655e-01 2.376886431056322024e+00 0.000000000000000000e+00 1.000000000000000021e-08 7.797115744768912116e-01 3.776398875444525238e+00
7.797115744768912116e-01 3.776398875444525238e+00 2.000000000000000000e+00 1.000000000000000021e-08 1.202136740466733578e+00 4.224251659898423661e+00
1.202136740466733578e+00 4.224251659898423661e+00 0.000000000000000000e+00 9.999000000000000110e-01 1.570796326794896558e+00 5.000000000000000000e+00
3.613185950202305041e-02 2.846117417951876671e-02 0.000000000000000000e+00 1.000000000000000021e-08 1.188162439899764500e-01 8.268438448795339957e-01
1.188162439899764500e-01 8.268438448795339957e-01 1.000000000000000000e+00 1.000000000000000021e-08 2.174435814513894505e-01 9.862733746141298941e-01
2.174435814513894505e-01 9.862733746141298941e-01 1.000000000000000000e+00 1.000000000000000021e-08 3.414311726160264016e-01 1.239875911646369566e+00
3.414311726160264016e-01 1.239875911646369566e+00 1.000000000000000000e+00 1.000000000000000021e-08 5.231420855034871753e-01 1.817109128874608182e+00
5.231420855034871753e-01 1.817109128874608182e+00 1.000000000000000000e+00 1.000000000000000021e-08 7.793645178566297460e-01 2.562224323531424819e+00
7.793645178566297460e-01 2.562224323531424819e+00 2.000000000000000000e+00 1.000000000000000021e-08 1.094315325262630312e+00 3.149508074060006102e+00
1.094315325262630312e+00 3.149508074060006102e+00 2.000000000000000000e+00 1.000000000000000021e-08 1.506182015408445540e+00 4.118666901458150953e+00
1.506182015408445540e+00 4.118666901458150953e+00 1.000000000000000000e+00 9.999000000000000110e-01 1.570796326794896558e+00 5.000000000000000000e+00
7.331201988491685417e-02 -3.273823233206052397e-02 2.000000000000000000e+00 1.000000000000000021e-08 -2.036558482881058174e-02 -9.367760471372742481e-01
-2.036558482881058174e-02 -9.367760471372742481e-01 0.000000000000000000e+00 1.000000000000000021e-08 -3.507390106015229048e-02 -1.470831623134171151e-01
-3.507390106015229048e-02 -1.470831623134171151e-01 0.000000000000000000e+00 1.000000000000000021e-08 3.679594708052447150e-02 7.186984814067676197e-01
3.679594708052447150e-02 7.186984814067676197e-01 0.000000000000000000e+00 1.000000000000000021e-08 1.929410056995562728e-01 1.561450586190317846e+00
1.929410056995562728e-01 1.561450586190317846e+00 1.000000000000000000e+00 1.000000000000000021e-08 3.926319974841879779e-01 1.996909917846316995e+00
3.926319974841879779e-01 1.996909917846316995e+00 1.000000000000000000e+00 1.000000000000000021e-08 6.514121676120729898e-01 2.587801701278849897e+00
6.514121676120729898e-01 2.587801701278849897e+00 2.000000000000000000e+00 1.000000000000000021e-08 9.375335669247724102e-01 2.861213993126993316e+00
9.375335669247724102e-01 2.861213993126993316e+00 1.000000000000000000e+00 1.000000000000000021e-08 1.350042091815119472e+00 4.125085248903470614e+00
1.350042091815119472e+00 4.125085248903470614e+00 1.000000000000000000e+00 9.999000000000000110e-01 1.570796326794896558e+00 5.000000000000000000e+00
-4.745353993930705866e-02 -4.687214440699257606e-02 0.000000000000000000e+00 1.000000000000000021e-08 1.098328624578170931e-02 5.843682618508876381e-01
1.098328624578170931e-02 5.843682618508876381e-01 0.000000000000000000e+00 1.000000000000000021e-08 1.731610788018856928e-01 1.621777925561039835e+00
1.731610788018856928e-01 1.621777925561039835e+00 2.000000000000000000e+00 1.000000000000000021e-08 2.684382072739985303e-01 9.527712847211281533e-01
2.684382072739985303e-01 9.527712847211281533e-01 1.000000000000000000e+00 1.000000000000000021e-08 4.153228099435420928e-01 1.468846026695435736e+00
4.153228099435420928e-01 1.468846026695435736e+00 0.000000000000000000e+00 1.000000000000000021e-08 7.204762061264150530e-01 3.051533961828729158e+00
7.204762061264150530e-01 3.051533961828729158e+00 1.000000000000000000e+00 1.000000000000000021e-08 1.123211051234391133e+00 4.027348451079760139e+00
1.123211051234391133e+00 4.027348451079760139e+00 1.000000000000000000e+00 9.999000000000000110e-01 1.570796326794896558e+00 5.000000000000000000e+00
4.263597214570678112e-02 -8.165654653645210148e-02 0.000000000000000000e+00 1.000000000000000021e-08 1.214320427921723178e-01 7.879607064646554360e-01
1.214320427921723178e-01 7.879607064646554360e-01 2.000000000000000000e+00 1.000000000000000021e-08 1.452542469523281088e-01 2.382220416015577991e-01
1.452542469523281088e-01 2.382220416015577991e-01 1.000000000000000000e+00 1.000000000000000021e-08 1.980782686446126983e-01 5.282402169228457289e-01
1.980782686446126983e-01 5.282402169228457289e-01 0.000000000000000000e+00 1.000000000000000021e-08 3.686237493985849989e-01 1.705454807539722895e+00
3.686237493985849989e-01 1.705454807539722895e+00 1.000000000000000000e+00 1.000000000000000021e-08 6.134999496706281530e-01 2.448762002720431319e+00
6.134999496706281530e-01 2.448762002720431319e+00 1.000000000000000000e+00 1.000000000000000021e-08 9.345630556148610824e-01 3.210631059442329072e+00
9.345630556148610824e-01 3.210631059442329072e+00 2.000000000000000000e+00 1.000000000000000021e-08 1.330415714263796234e+00 3.958526586489351295e+00
1.330415714263796234e+00 3.958526586489351295e+00 2.000000000000000000e+00 9.999000000000000110e-01 1.570796326794896558e+00 5.000000000000000000e+00
-3.143676333935099126e-02 -5.510963462260502765e-02 1.000000000000000000e+00 1.000000000000000021e-08 -5.070783118290277114e-02 -1.927106784355177571e-01
-5.070783118290277114e-02 -1.927106784355177571e-01 0.000000000000000000e+00 1.000000000000000021e-08 2.469456993280161328e-02 7.540240111570437609e-01
2.469456993280161328e-02 7.540240111570437609e-01 0.000000000000000000e+00 1.000000000000000021e-08 1.761404490851228577e-01 1.514458791523212389e+00
1.761404490851228577e-01 1.514458791523212389e+00 2.000000000000000000e+00 1.000000000000000021e-08 2.768281705286843586e-01 1.006877214435614842e+00
2.768281705286843586e-01 1.006877214435614842e+00 2.000000000000000000e+00 1.000000000000000021e-08 3.458332606229557182e-01 6.900509009427133744e-01
3.458332606229557182e-01 6.900509009427133744e-01 0.000000000000000000e+00 1.000000000000000021e-08 5.680477757590074450e-01 2.222145151360517268e+00
5.680477757590074450e-01 2.222145151360517268e+00 0.000000000000000000e+00 1.000000000000000021e-08 9.513435325031207590e-01 3.832957567441132696e+00
9.513435325031207590e-01 3.832957567441132696e+00 0.000000000000000000e+00 1.000000000000000021e-08 1.492258560204409168e+00 5.000000000000000000e+00
1.492258560204409168e+00 5.000000000000000000e+00 1.000000000000000000e+00 9.999000000000000110e-01 1.570796326794896558e+00 5.000000000000000000e+00
8.497753563485310746e-03 -5.731836025584099992e-02 0.000000000000000000e+00 1.000000000000000021e-08 9.445376429302954069e-02 8.595601072954421884e-01
9.445376429302954069e-02 8.595601072954421884e-01 0.000000000000000000e+00 1.000000000000000021e-08 2.954374303238251898e-01 2.009836660307956269e+00
2.954374303238251898e-01 2.009836660307956269e+00 2.000000000000000000e+00 1.000000000000000021e-08 4.718347878773520576e-01 1.763973575535268568e+00
4.718347878773520576e-01 1.763973575535268568e+00 0.000000000000000000e+00 1.000000000000000021e-08 8.041874192213185335e-01 3.323526313439663760e+00
8.041874192213185335e-01 3.323526313439663760e+00 0.000000000000000000e+00 1.000000000000000021e-08 1.305092873509368978e+00 5.000000000000000000e+00
1.305092873509368978e+00 5.000000000000000000e+00 2.000000000000000000e+00 9.999000000000000110e-01 1.570796326794896558e+00 5.000000000000000000e+00
-2.506802676104201086e-02 1.242117781142044325e-02 0.000000000000000000e+00 1.000000000000000021e-08 6.361720729638205285e-02 8.868523405742405608e-01
6.361720729638205285e-02 8.868523405742405608e-01 2.000000000000000000e+00 1.000000000000000021e-08 6.670918059101969833e-02 3.091973294637639924e-02
6.670918059101969833e-02 3.091973294637639924e-02 0.000000000000000000e+00 1.000000000000000021e-08 1.653408404153393074e-01 9.863165982431958412e-01
1.653408404153393074e-01 9.863165982431958412e-01 1.000000000000000000e+00 1.000000000000000021e-08 3.086617554075237191e-01 1.433209149921844450e+00
3.086617554075237191e-01 1.433209149921844450e+00 1.000000000000000000e+00 1.000000000000000021e-08 5.110583116232967349e-01 2.023965562157729714e+00
5.110583116232967349e-01 2.023965562157729714e+00 1.000000000000000000e+00 1.000000000000000021e-08 7.886655735422072322e-01 2.776072619189104529e+00
7.886655735422072322e-01 2.776072619189104529e+00 0.000000000000000000e+00 1.000000000000000021e-08 1.239733877911826099e+00 4.510683043696188221e+00
1.239733877911826099e+00 4.510683043696188221e+00 0.000000000000000000e+00 9.999000000000000110e-01 1.570796326794896558e+00 5.000000000000000000e+00
7.240004908570311926e-02 6.288572019686335113e-02 1.000000000000000000e+00 1.000000000000000021e-08 9.912916488359484191e-02 2.672911579789172265e-01
9.912916488359484191e-02 2.672911579789172265e-01 0.000000000000000000e+00 1.000000000000000021e-08 2.230071687362648047e-01 1.238780038526699379e+00
2.230071687362648047e-01 1.238780038526699379e+00 2.000000000000000000e+00 1.000000000000000021e-08 3.123294953746533764e-01 8.932232663838854947e-01
3.123294953746533764e-01 8.932232663838854947e-01 2.000000000000000000e+00 1.000000000000000021e-08 3.579246377916965316e-01 4.559514241704314408e-01
3.579246377916965316e-01 4.559514241704314408e-01 2.000000000000000000e+00 1.000000000000000021e-08 3.908703676825969198e-01 3.294572989090036597e-01
3.908703676825969198e-01 3.294572989090036597e-01 0.000000000000000000e+00 1.000000000000000021e-08 5.659198931275788436e-01 1.750495254449818683e+00
5.659198931275788436e-01 1.750495254449818683e+00 2.000000000000000000e+00 1.000000000000000021e-08 7.583205518045967874e-01 1.924006586770179661e+00
7.583205518045967874e-01 1.924006586770179661e+00 1.000000000000000000e+00 1.000000000000000021e-08 1.063545395099485980e+00 3.052248432948890589e+00
1.063545395099485980e+00 3.052248432948890589e+00 2.000000000000000000e+00 1.000000000000000021e-08 1.462232985463653545e+00 3.986875903641676544e+00
1.462232985463653545e+00 3.986875903641676544e+00 2.000000000000000000e+00 9.999000000000000110e-01 1.570796326794896558e+00 5.000000000000000000e+00
5.255080076829315994e-02 -7.923307284517773497e-02 1.000000000000000000e+00 1.000000000000000021e-08 4.638947180098598744e-02 -6.161328967307175969e-02
4.638947180098598744e-02 -6.161328967307175969e-02 2.000000000000000000e+00 1.000000000000000021e-08 -2.960983610173312242e-02 -7.599930790271910430e-01
-2.960983610173312242e-02 -7.599930790271910430e-01 2.000000000000000000e+00 1.000000000000000021e-08 -1.903806411934826082e-01 -1.607708050917494802e+00
-1.903806411934826082e-01 -1.607708050917494802e+00 2.000000000000000000e+00 1.000000000000000021e-08 -4.758974540936915520e-01 -2.855168129002089827e+00
-4.758974540936915520e-01 -2.855168129002089827e+00 2.000000000000000000e+00 1.000000000000000021e-08 -9.055746428260713632e-01 -4.296771887323797223e+00
-9.055746428260713632e-01 -4.296771887323797223e+00 2.000000000000000000e+00 1.000000000000000021e-08 -1.497312219574831627e+00 -5.000000000000000000e+00
-1.497312219574831627e+00 -5.000000000000000000e+00 2.000000000000000000e+00 9.999000000000000110e-01 -1.570796326794896558e+00 -5.000000000000000000e+00
-3.402542478099163104e-02 1.213663683868526286e-02 2.000000000000000000e+00 1.000000000000000021e-08 -1.138387878827394756e-01 -7.981336310174783621e-01
-1.138387878827394756e-01 -7.981336310174783621e-01 1.000000000000000000e+00 1.000000000000000021e-08 -2.177368065596069768e-01 -1.038980186768674763e+00
-2.177368065596069768e-01 -1.038980186768674763e+00 1.000000000000000000e+00 1.000000000000000021e-08 -3.460467244949231302e-01 -1.283099179353161201e+00
-3.460467244949231302e-01 -1.283099179353161201e+00 2.000000000000000000e+00 1.000000000000000021e-08 -6.055331147693369109e-01 -2.594863902744137807e+00
-6.055331147693369109e-01 -2.594863902744137807e+00 2.000000000000000000e+00 1.000000000000000021e-08 -1.023147092803003533e+00 -4.176139780336666441e+00
-1.023147092803003533e+00 -4.176139780336666441e+00 0.000000000000000000e+00 1.000000000000000021e-08 -1.513481934159640829e+00 -4.903348413566373409e+00
-1.513481934159640829e+00 -4.903348413566373409e+00 2.000000000000000000e+00 9.999000000000000110e-01 -1.570796326794896558e+00 -5.000000000000000000e+00
4.708158689719252332e-02 -6.529456198822183866e-02 0.000000000000000000e+00 1.000000000000000021e-08 1.496389269971646896e-01 1.025573400999721718e+00
1.496389269971646896e-01 1.025573400999721718e+00 2.000000000000000000e+00 1.000000000000000021e-08 1.835548467217244240e-01 3.391591972455973991e-01
1.835548467217244240e-01 3.391591972455973991e-01 0.000000000000000000e+00 1.000000000000000021e-08 3.311784441610048368e-01 1.476235974392804406e+00
3.311784441610048368e-01 1.476235974392804406e+00 0.000000000000000000e+00 1.000000000000000021e-08 6.000754692082573838e-01 2.688970250472525247e+00
6.000754692082573838e-01 2.688970250472525247e+00 1.000000000000000000e+00 1.000000000000000021e-08 9.674142239374259322e-01 3.673387547291685706e+00
9.674142239374259322e-01 3.673387547291685706e+00 0.000000000000000000e+00 1.000000000000000021e-08 1.489651239660301218e+00 5.000000000000000000e+00
1.489651239660301218e+00 5.000000000000000000e+00 1.000000000000000000e+00 9.999000000000000110e-01 1.570796326794896558e+00 5.000000000000000000e+00
-1.718939069765904742e-02 -3.436211526227693491e-02 1.000000000000000000e+00 1.000000000000000021e-08 -1.099487866017104069e-02 6.194512037488006384e-02
-1.099487866017104069e-02 6.194512037488006384e-02 1.000000000000000000e+00 1.000000000000000021e-08 4.299795686634050318e-04 1.142485822883444468e-01
4.299795686634050318e-04 1.142485822883444468e-01 2.000000000000000000e+00 1.000000000000000021e-08 -7.279737418581931629e-02 -7.322735375448271578e-01
-7.279737418581931629e-02 -7.322735375448271578e-01 0.000000000000000000e+00 1.000000000000000021e-08 -7.841267605766606696e-02 -5.615301871846745119e-02
-7.841267605766606696e-02 -5.615301871846745119e-02 1.000000000000000000e+00 1.000000000000000021e-08 -1.106745617502017942e-01 -3.226188569253573002e-01
-1.106745617502017942e-01 -3.226188569253573002e-01 1.000000000000000000e+00 1.000000000000000021e-08 -1.668835662481357729e-01 -5.620900449793397868e-01
-1.668835662481357729e-01 -5.620900449793397868e-01 0.000000000000000000e+00 1.000000000000000021e-08 -1.540610422073379615e-01 1.282252404079780028e-01
-1.540610422073379615e-01 1.282252404079780028e-01 2.000000000000000000e+00 1.000000000000000021e-08 -2.431778439663597746e-01 -8.911680175902179091e-01
-2.431778439663597746e-01 -8.911680175902179091e-01 2.000000000000000000e+00 1.000000000000000021e-08 -4.525335331777204373e-01 -2.093556892113606516e+00
-4.525335331777204373e-01 -2.093556892113606516e+00 1.000000000000000000e+00 1.000000000000000021e-08 -7.323037678990285126e-01 -2.797702347213080198e+00
-7.323037678990285126e-01 -2.797702347213080198e+00 0.000000000000000000e+00 1.000000000000000021e-08 -1.059709490103501128e+00 -3.274057222044725268e+00
-1.059709490103501128e+00 -3.274057222044725268e+00 2.000000000000000000e+00 1.000000000000000021e-08 -1.544919349627159155e+00 -4.852098595236579825e+00
-1.544919349627159155e+00 -4.852098595236579825e+00 2.000000000000000000e+00 9.999000000000000110e-01 -1.570796326794896558e+00 -5.000000000000000000e+00
-6.235310586161767199e-02 4.958473632370868911e-02 2.000000000000000000e+00 1.000000000000000021e-08 -1.707692557875766792e-01 -1.084161499259590045e+00
-1.707692557875766792e-01 -1.084161499259590045e+00 0.000000000000000000e+00 1.000000000000000021e-08 -2.138974646573264526e-01 -4.312820886974977341e-01
-2.138974646573264526e-01 -4.312820886974977341e-01 2.000000000000000000e+00 1.000000000000000021e-08 -3.661643958916295238e-01 -1.522669312343030823e+00
-3.661643958916295238e-01 -1.522669312343030823e+00 1.000000000000000000e+00 1.000000000000000021e-08 -5.688190211983799038e-01 -2.026546253067503578e+00
-5.688190211983799038e-01 -2.026546253067503578e+00 2.000000000000000000e+00 1.000000000000000021e-08 -9.263121239924396733e-01 -3.574931027940596806e+00
-9.263121239924396733e-01 -3.574931027940596806e+00 2.000000000000000000e+00 1.000000000000000021e-08 -1.451616319742108363e+00 -5.000000000000000000e+00
-1.451616319742108363e+00 -5.000000000000000000e+00 0.000000000000000000e+00 9.999000000000000110e-01 -1.570796326794896558e+00 -5.000000000000000000e+00
7.204109639613095334e-03 -5.972642880175751956e-02 1.000000000000000000e+00 1.000000000000000021e-08 9.232276056558470778e-04 -6.280882033957248256e-02
9.232276056558470778e-04 -6.280882033957248256e-02 1.000000000000000000e+00 1.000000000000000021e-08 -4.797712367903995013e-04 -1.402998842446246536e-02
-4.797712367903995013e-04 -1.402998842446246536e-02 1.000000000000000000e+00 1.000000000000000021e-08 -2.089746781032588395e-03 -1.609975544242189111e-02
-2.089746781032588395e-03 -1.609975544242189111e-02 0.000000000000000000e+00 1.000000000000000021e-08 9.158696580707571810e-02 9.367671258810830182e-01
9.158696580707571810e-02 9.367671258810830182e-01 0.000000000000000000e+00 1.000000000000000021e-08 2.981924100435526803e-01 2.066054442364769539e+00
2.981924100435526803e-01 2.066054442364769539e+00 0.000000000000000000e+00 1.000000000000000021e-08 6.204895423747243122e-01 3.222971323311715430e+00
6.204895423747243122e-01 3.222971323311715430e+00 1.000000000000000000e+00 1.000000000000000021e-08 1.031709421803490789e+00 4.112198794287664327e+00
1.031709421803490789e+00 4.112198794287664327e+00 0.000000000000000000e+00 9.999000000000000110e-01 1.570796326794896558e+00 5.000000000000000000e+00
1.431972445596478224e-02 -5.470920714260640166e-02 0.000000000000000000e+00 1.000000000000000021e-08 9.768153703124229925e-02 8.336181257527750521e-01
9.768153703124229925e-02 8.336181257527750521e-01 2.000000000000000000e+00 1.000000000000000021e-08 1.202539214505540799e-01 2.257238441931177508e-01
1.202539214505540799e-01 2.257238441931177508e-01 0.000000000000000000e+00 1.000000000000000021e-08 2.616033526812728827e-01 1.413494312307187917e+00
2.616033526812728827e-01 1.413494312307187917e+00 0.000000000000000000e+00 1.000000000000000021e-08 5.463304801139801103e-01 2.847271274327072277e+00
5.463304801139801103e-01 2.847271274327072277e+00 0.000000000000000000e+00 1.000000000000000021e-08 9.703900757583947545e-01 4.240595956444145997e+00
9.703900757583947545e-01 4.240595956444145997e+00 2.000000000000000000e+00 1.000000000000000021e-08 1.458174942958552212e+00 4.877848672001575459e+00
1.458174942958552212e+00 4.877848672001575459e+00 1.000000000000000000e+00 9.999000000000000110e-01 1.570796326794896558e+00 5.000000000000000000e+00
1.079375901829980958e-02 -3.494069814825435244e-02 0.000000000000000000e+00 1.000000000000000021e-08 9.908237276150426431e-02 8.828861374320445821e-01
9.908237276150426431e-02 8.828861374320445821e-01 2.000000000000000000e+00 1.000000000000000021e-08 1.231008416283155688e-01 2.401846886681130444e-01
1.231008416283155688e-01 2.401846886681130444e-01 1.000000000000000000e+00 1.000000000000000021e-08 1.846578484686992594e-01 6.155700684038369896e-01
1.846578484686992594e-01 6.155700684038369896e-01 0.000000000000000000e+00 1.000000000000000021e-08 3.508678979076668147e-01 1.662100494389675331e+00
3.508678979076668147e-01 1.662100494389675331e+00 0.000000000000000000e+00 1.000000000000000021e-08 6.705311643783208320e-01 3.196632664706539728e+00
6.705311643783208320e-01 3.196632664706539728e+00 0.000000000000000000e+00 1.000000000000000021e-08 1.150932758226014485e+00 4.804015938476935865e+00
1.150932758226014485e+00 4.804015938476935865e+00 0.000000000000000000e+00 9.999000000000000110e-01 1.570796326794896558e+00 5.000000000000000000e+00
8.116959782274577040e-02 -1.889455649058697367e-03 1.000000000000000000e+00 1.000000000000000021e-08 8.728796321093716670e-02 6.118365388191394916e-02
8.728796321093716670e-02 6.118365388191394916e-02 0.000000000000000000e+00 1.000000000000000021e-08 1.854929545646885058e-01 9.820499135375132527e-01
1.854929545646885058e-01 9.820499135375132527e-01 0.000000000000000000e+00 1.000000000000000021e-08 3.910601923572098459e-01 2.055672377925213290e+00
3.910601923572098459e-01 2.055672377925213290e+00 1.000000000000000000e+00 1.000000000000000021e-08 6.524341120010843653e-01 2.613739196438745083e+00
6.524341120010843653e-01 2.613739196438745083e+00 0.000000000000000000e+00 1.000000000000000021e-08 1.059835938647874176e+00 4.074018266467898108e+00
1.059835938647874176e+00 4.074018266467898108e+00 1.000000000000000000e+00 9.999000000000000110e-01 1.570796326794896558e+00 5.000000000000000000e+00
3.570069714171144465e-02 -1.063438926597343875e-02 2.000000000000000000e+00 1.000000000000000021e-08 -4.418176725886708428e-02 -7.988246440057852338e-01
-4.418176725886708428e-02 -7.988246440057852338e-01 0.000000000000000000e+00 1.000000000000000021e-08 -5.993901319488938173e-02 -1.575724593602230161e-01
-5.993901319488938173e-02 -1.575724593602230161e-01 1.000000000000000000e+00 1.000000000000000021e-08 -8.548725853550473430e-02 -2.554824534061534980e-01
-8.548725853550473430e-02 -2.554824534061534980e-01 0.000000000000000000e+00 1.000000000000000021e-08 -2.666950404823295595e-02 5.881775448727177835e-01
-2.666950404823295595e-02 5.881775448727177835e-01 0.000000000000000000e+00 1.000000000000000021e-08 1.080751853890771219e-01 1.347446894373100834e+00
1.080751853890771219e-01 1.347446894373100834e+00 2.000000000000000000e+00 1.000000000000000021e-08 1.870230804068063746e-01 7.894789501772923046e-01
1.870230804068063746e-01 7.894789501772923046e-01 1.000000000000000000e+00 1.000000000000000021e-08 2.911207020291601277e-01 1.040976216223537421e+00
2.911207020291601277e-01 1.040976216223537421e+00 0.000000000000000000e+00 1.000000000000000021e-08 5.375394354404603448e-01 2.464187334113002059e+00
5.375394354404603448e-01 2.464187334113002059e+00 2.000000000000000000e+00 1.000000000000000021e-08 7.779351298352312760e-01 2.403956943947709757e+00
7.779351298352312760e-01 2.403956943947709757e+00 1.000000000000000000e+00 1.000000000000000021e-08 1.130474099703390634e+00 3.525389698681593131e+00
1.130474099703390634e+00 3.525389698681593131e+00 1.000000000000000000e+00 9.999000000000000110e-01 1.570796326794896558e+00 4.871649003110107401e+00
2.368802152907302852e-02 -6.331338371115596830e-02 0.000000000000000000e+00 1.000000000000000021e-08 9.206169162945318507e-02 6.837367010038015724e-01
9.206169162945318507e-02 6.837367010038015724e-01 2.000000000000000000e+00 1.000000000000000021e-08 1.046522055998015122e-01 1.259051397034832709e-01
1.046522055998015122e-01 1.259051397034832709e-01 2.000000000000000000e+00 1.000000000000000021e-08 5.953097508635516594e-02 -4.512123051344634206e-01
5.953097508635516594e-02 -4.512123051344634206e-01 0.000000000000000000e+00 1.000000000000000021e-08 1.153180802696702478e-01 5.578710518331508883e-01
1.153180802696702478e-01 5.578710518331508883e-01 1.000000000000000000e+00 1.000000000000000021e-08 1.850527268547564885e-01 6.973464658508623515e-01
1.850527268547564885e-01 6.973464658508623515e-01 2.000000000000000000e+00 1.000000000000000021e-08 2.007067681808152315e-01 1.565404132605875409e-01
2.007067681808152315e-01 1.565404132605875409e-01 0.000000000000000000e+00 1.000000000000000021e-08 3.234008444233288371e-01 1.226940762425136278e+00
3.234008444233288371e-01 1.226940762425136278e+00 2.000000000000000000e+00 1.000000000000000021e-08 4.085327171261886603e-01 8.513187270285984543e-01
4.085327171261886603e-01 8.513187270285984543e-01 0.000000000000000000e+00 1.000000000000000021e-08 6.470078269310105545e-01 2.384751098048218942e+00
6.470078269310105545e-01 2.384751098048218942e+00 1.000000000000000000e+00 1.000000000000000021e-08 9.753614067253435493e-01 3.283535797943329726e+00
9.753614067253435493e-01 3.283535797943329726e+00 2.000000000000000000e+00 1.000000000000000021e-08 1.380220868686588442e+00 4.048594619612448930e+00
1.380220868686588442e+00 4.048594619612448930e+00 0.000000000000000000e+00 9.999000000000000110e-01 1.570796326794896558e+00 5.000000000000000000e+00
7.057382765164132987e-02 -3.742380201065077100e-02 0.000000000000000000e+00 1.000000000000000021e-08 1.503840362638229067e-01 7.981020861218156570e-01
1.503840362638229067e-01 7.981020861218156570e-01 2.000000000000000000e+00 1.000000000000000021e-08 1.829114807396298725e-01 3.252744447580696030e-01
1.829114807396298725e-01 3.252744447580696030e-01 0.000000000000000000e+00 1.000000000000000021e-08 3.282971598860835449e-01 1.453856791464536391e+00
3.282971598860835449e-01 1.453856791464536391e+00 1.000000000000000000e+00 1.000000000000000021e-08 5.139225727836223001e-01 1.856254128975386886e+00
5.139225727836223001e-01 1.856254128975386886e+00 1.000000000000000000e+00 1.000000000000000021e-08 7.861077344582871884e-01 2.721851616746648883e+00
7.861077344582871884e-01 2.721851616746648883e+00 1.000000000000000000e+00 1.000000000000000021e-08 1.164151054915506078e+00 3.780433204572188455e+00
1.164151054915506078e+00 3.780433204572188455e+00 0.000000000000000000e+00 9.999000000000000110e-01 1.570796326794896558e+00 5.000000000000000000e+00
-8.198009662974405087e-02 -5.730528621000757772e-02 1.000000000000000000e+00 1.000000000000000021e-08 -1.018665148468631820e-01 -1.988641821711913393e-01
-1.018665148468631820e-01 -1.988641821711913393e-01 2.000000000000000000e+00 1.000000000000000021e-08 -2.439355629707145590e-01 -1.420690481238513714e+00
-2.439355629707145590e-01 -1.420690481238513714e+00 0.000000000000000000e+00 1.000000000000000021e-08 -3.573216519870275332e-01 -1.133860890163129520e+00
-3.573216519870275332e-01 -1.133860890163129520e+00 2.000000000000000000e+00 1.000000000000000021e-08 -6.104065054860383643e-01 -2.530848534990107979e+00
-6.104065054860383643e-01 -2.530848534990107979e+00 1.000000000000000000e+00 1.000000000000000021e-08 -9.604884073255249843e-01 -3.500819018394865978e+00
-9.604884073255249843e-01 -3.500819018394865978e+00 1.000000000000000000e+00 1.000000000000000021e-08 -1.420189267962102875e+00 -4.597008606365779571e+00
-1.420189267962102875e+00 -4.597008606365779571e+00 0.000000000000000000e+00 9.999000000000000110e-01 -1.570796326794896558e+00 -5.000000000000000000e+00
-7.794109128820483900e-02 1.542105803683854054e-03 1.000000000000000000e+00 1.000000000000000021e-08 -1.015535902625395587e-01 -2.361249897433471412e-01
-1.015535902625395587e-01 -2.361249897433471412e-01 1.000000000000000000e+00 1.000000000000000021e-08 -1.261677836101653682e-01 -2.461419334762581790e-01
-1.261677836101653682e-01 -2.461419334762581790e-01 1.000000000000000000e+00 1.000000000000000021e-08 -1.579797836789544052e-01 -3.181200006878903142e-01
-1.579797836789544052e-01 -3.181200006878903142e-01 1.000000000000000000e+00 1.000000000000000021e-08 -2.184667208390491666e-01 -6.048693716009476695e-01
-2.184667208390491666e-01 -6.048693716009476695e-01 2.000000000000000000e+00 1.000000000000000021e-08 -3.901581486953464850e-01 -1.716914278562972962e+00
-3.901581486953464850e-01 -1.716914278562972962e+00 1.000000000000000000e+00 1.000000000000000021e-08 -6.097929256297077716e-01 -2.196347769343613088e+00
-6.097929256297077716e-01 -2.196347769343613088e+00 2.000000000000000000e+00 1.000000000000000021e-08 -9.913876548256630450e-01 -3.815947291959552068e+00
-9.913876548256630450e-01 -3.815947291959552068e+00 2.000000000000000000e+00 1.000000000000000021e-08 -1.527028713678057148e+00 -5.000000000000000000e+00
-1.527028713678057148e+00 -5.000000000000000000e+00 1.000000000000000000e+00 9.999000000000000110e-01 -1.570796326794896558e+00 -5.000000000000000000e+00
2.055919241892892671e-02 7.231343891670903579e-02 2.000000000000000000e+00 1.000000000000000021e-08 -4.824989201019524998e-02 -6.880908442912416767e-01
-4.824989201019524998e-02 -6.880908442912416767e-01 1.000000000000000000e+00 1.000000000000000021e-08 -1.356903617431329256e-01 -8.744046973293766456e-01
-1.356903617431329256e-01 -8.744046973293766456e-01 0.000000000000000000e+00 1.000000000000000021e-08 -1.680569936446136559e-01 -3.236663190148072466e-01
-1.680569936446136559e-01 -3.236663190148072466e-01 1.000000000000000000e+00 1.000000000000000021e-08 -2.338193480631353127e-01 -6.576235441852165131e-01
-2.338193480631353127e-01 -6.576235441852165131e-01 0.000000000000000000e+00 1.000000000000000021e-08 -2.442408488885115803e-01 -1.042150082537626199e-01
-2.442408488885115803e-01 -1.042150082537626199e-01 0.000000000000000000e+00 1.000000000000000021e-08 -2.185765192599509743e-01 2.566432962856058930e-01
-2.185765192599509743e-01 2.566432962856058930e-01 2.000000000000000000e+00 1.000000000000000021e-08 -3.055118149947859685e-01 -8.693529573483497197e-01
-3.055118149947859685e-01 -8.693529573483497197e-01 1.000000000000000000e+00 1.000000000000000021e-08 -4.481644142852878043e-01 -1.426525992905018247e+00
-4.481644142852878043e-01 -1.426525992905018247e+00 1.000000000000000000e+00 1.000000000000000021e-08 -6.692840713483032555e-01 -2.211196570630153957e+00
-6.692840713483032555e-01 -2.211196570630153957e+00 2.000000000000000000e+00 1.000000000000000021e-08 -1.045435845383354101e+00 -3.761517740350507566e+00
-1.045435845383354101e+00 -3.761517740350507566e+00 0.000000000000000000e+00 1.000000000000000021e-08 -1.510783943377250527e+00 -4.653480979938962925e+00
-1.510783943377250527e+00 -4.653480979938962925e+00 1.000000000000000000e+00 9.999000000000000110e-01 -1.570796326794896558e+00 -5.000000000000000000e+00
8.166308490241488971e-02 -7.496132566254919138e-02 1.000000000000000000e+00 1.000000000000000021e-08 7.273674259091093830e-02 -8.926342311503945859e-02
7.273674259091093830e-02 -8.926342311503945859e-02 2.000000000000000000e+00 1.000000000000000021e-08 -9.960063125193110989e-03 -8.269680571610404929e-01
-9.960063125193110989e-03 -8.269680571610404929e-01 0.000000000000000000e+00 1.000000000000000021e-08 1.365581592348216744e-03 1.132564471754132773e-01
1.365581592348216744e-03 1.132564471754132773e-01 0.000000000000000000e+00 1.000000000000000021e-08 8.617602501900176182e-02 8.481044342665353675e-01
8.617602501900176182e-02 8.481044342665353675e-01 1.000000000000000000e+00 1.000000000000000021e-08 1.794007268649296383e-01 9.322470184592788200e-01
1.794007268649296383e-01 9.322470184592788200e-01 1.000000000000000000e+00 1.000000000000000021e-08 3.185969717206065255e-01 1.391962448556768983e+00
3.185969717206065255e-01 1.391962448556768983e+00 2.000000000000000000e+00 1.000000000000000021e-08 4.320359714750483526e-01 1.134389997544418049e+00
4.320359714750483526e-01 1.134389997544418049e+00 0.000000000000000000e+00 1.000000000000000021e-08 6.906044322094332388e-01 2.585684607343848640e+00
6.906044322094332388e-01 2.585684607343848640e+00 2.000000000000000000e+00 1.000000000000000021e-08 9.912204613238910778e-01 3.006160291144578611e+00
9.912204613238910778e-01 3.006160291144578611e+00 2.000000000000000000e+00 1.000000000000000021e-08 1.367712868717458008e+00 3.764924073935668414e+00
1.367712868717458008e+00 3.764924073935668414e+00 0.000000000000000000e+00 9.999000000000000110e-01 1.570796326794896558e+00 5.000000000000000000e+00
-6.597081179325543776e-02 7.789440944654368870e-02 2.000000000000000000e+00 1.000000000000000021e-08 -1.727579223391498275e-01 -1.067871105458944037e+00
-1.727579223391498275e-01 -1.067871105458944037e+00 2.000000000000000000e+00 1.000000000000000021e-08 -3.894644315953521563e-01 -2.167065092562022954e+00
-3.894644315953521563e-01 -2.167065092562022954e+00 0.000000000000000000e+00 1.000000000000000021e-08 -5.726339972097735931e-01 -1.831695656144213924e+00
-5.726339972097735931e-01 -1.831695656144213924e+00 2.000000000000000000e+00 1.000000000000000021e-08 -9.143301472490408255e-01 -3.416961500392672768e+00
-9.143301472490408255e-01 -3.416961500392672768e+00 0.000000000000000000e+00 1.000000000000000021e-08 -1.323125160941038381e+00 -4.087950136919975108e+00
-1.323125160941038381e+00 -4.087950136919975108e+00 0.000000000000000000e+00 9.999000000000000110e-01 -1.570796326794896558e+00 -5.000000000000000000e+00
7.930548186366544183e-02 2.120493995763096315e-02 0.000000000000000000e+00 1.000000000000000021e-08 1.827255084537879881e-01 1.034200265901225491e+00
1.827255084537879881e-01 1.034200265901225491e+00 0.000000000000000000e+00 1.000000000000000021e-08 4.191162197590337368e-01 2.363907113052457376e+00
4.191162197590337368e-01 2.363907113052457376e+00 0.000000000000000000e+00 1.000000000000000021e-08 7.930577869399693114e-01 3.739415671809355857e+00
7.930577869399693114e-01 3.739415671809355857e+00 1.000000000000000000e+00 1.000000000000000021e-08 1.266333893865523308e+00 4.732761069255539965e+00
1.266333893865523308e+00 4.732761069255539965e+00 0.000000000000000000e+00 9.999000000000000110e-01 1.570796326794896558e+00 5.000000000000000000e+00
-1.747594459535864106e-02 -4.408399805932031179e-02 0.000000000000000000e+00 1.000000000000000021e-08 7.876411569437415106e-02 9.624006028973278726e-01
7.876411569437415106e-02 9.624006028973278726e-01 1.000000000000000000e+00 1.000000000000000021e-08 1.953973101951977931e-01 1.166331945008236559e+00
1.953973101951977931e-01 1.166331945008236559e+00 2.000000000000000000e+00 1.000000000000000021e-08 2.666081413611808282e-01 7.121083116598303508e-01
2.666081413611808282e-01 7.121083116598303508e-01 2.000000000000000000e+00 1.000000000000000021e-08 3.124215128247958551e-01 4.581337146361503243e-01
3.124215128247958551e-01 4.581337146361503243e-01 0.000000000000000000e+00 1.000000000000000021e-08 4.910224271831538090e-01 1.786009143583579428e+00
4.910224271831538090e-01 1.786009143583579428e+00 2.000000000000000000e+00 1.000000000000000021e-08 6.716308751009268940e-01 1.806084479177731072e+00
6.716308751009268940e-01 1.806084479177731072e+00 0.000000000000000000e+00 1.000000000000000021e-08 1.013746205768522035e+00 3.421153306675952077e+00
1.013746205768522035e+00 3.421153306675952077e+00 2.000000000000000000e+00 1.000000000000000021e-08 1.441120610520442380e+00 4.273744047519203448e+00
1.441120610520442380e+00 4.273744047519203448e+00 0.000000000000000000e+00 9.999000000000000110e-01 1.570796326794896558e+00 5.000000000000000000e+00
-3.533581369387980148e-02 6.957560215928823566e-02 2.000000000000000000e+00 1.000000000000000021e-08 -1.287642339138836689e-01 -9.342842022000387159e-01
-1.287642339138836689e-01 -9.342842022000387159e-01 2.000000000000000000e+00 1.000000000000000021e-08 -3.322974759394878852e-01 -2.035332420256042329e+00
-3.322974759394878852e-01 -2.035332420256042329e+00 0.000000000000000000e+00 1.000000000000000021e-08 -4.907654178737611561e-01 -1.584679419342732265e+00
-4.907654178737611561e-01 -1.584679419342732265e+00 2.000000000000000000e+00 1.000000000000000021e-08 -8.079098609130963560e-01 -3.171444430393351332e+00
-8.079098609130963560e-01 -3.171444430393351332e+00 2.000000000000000000e+00 1.000000000000000021e-08 -1.294604444982451419e+00 -4.866945840693549741e+00
-1.294604444982451419e+00 -4.866945840693549741e+00 2.000000000000000000e+00 9.999000000000000110e-01 -1.570796326794896558e+00 -5.000000000000000000e+00
-3.055464643830212851e-02 6.080569026798139654e-02 2.000000000000000000e+00 1.000000000000000021e-08 -1.325091793253893313e-01 -1.019545328870872014e+00
-1.325091793253893313e-01 -1.019545328870872014e+00 0.000000000000000000e+00 1.000000000000000021e-08 -1.624069873763075433e-01 -2.989780805091820648e-01
-1.624069873763075433e-01 -2.989780805091820648e-01 2.000000000000000000e+00 1.000000000000000021e-08 -2.994117477085107004e-01 -1.370047603322031460e+00
-2.994117477085107004e-01 -1.370047603322031460e+00 0.000000000000000000e+00 1.000000000000000021e-08 -4.057317657643604303e-01 -1.063200180558497188e+00
-4.057317657643604303e-01 -1.063200180558497188e+00 0.000000000000000000e+00 1.000000000000000021e-08 -5.066872779683806449e-01 -1.009555122040202590e+00
-5.066872779683806449e-01 -1.009555122040202590e+00 0.000000000000000000e+00 1.000000000000000021e-08 -6.191217646939305430e-01 -1.124344867255498759e+00
-6.191217646939305430e-01 -1.124344867255498759e+00 2.000000000000000000e+00 1.000000000000000021e-08 -8.830336133250277220e-01 -2.639118486310971790e+00
-8.830336133250277220e-01 -2.639118486310971790e+00 0.000000000000000000e+00 1.000000000000000021e-08 -1.208449057181657071e+00 -3.254154438566292828e+00
-1.208449057181657071e+00 -3.254154438566292828e+00 1.000000000000000000e+00 9.999000000000000110e-01 -1.570796326794896558e+00 -4.592427864705441287e+00
-6.130409076550828035e-02 -5.810633012923603624e-02 0.000000000000000000e+00 1.000000000000000021e-08 1.642339574316390577e-02 7.772748650867218334e-01
1.642339574316390577e-02 7.772748650867218334e-01 2.000000000000000000e+00 1.000000000000000021e-08 1.107571129281267538e-02 -5.347684450351231078e-02
1.107571129281267538e-02 -5.347684450351231078e-02 1.000000000000000000e+00 1.000000000000000021e-08 1.455417647916460583e-02 3.478465186351931138e-02
1.455417647916460583e-02 3.478465186351931138e-02 0.000000000000000000e+00 1.000000000000000021e-08 9.680503070331816784e-02 8.225085422415355785e-01
9.680503070331816784e-02 8.225085422415355785e-01 2.000000000000000000e+00 1.000000000000000021e-08 9.392616548068516424e-02 -2.878865222632998044e-02
9.392616548068516424e-02 -2.878865222632998044e-02 2.000000000000000000e+00 1.000000000000000021e-08 1.071324831740913530e-02 -8.321291716327602339e-01
1.071324831740913530e-02 -8.321291716327602339e-01 2.000000000000000000e+00 1.000000000000000021e-08 -1.506057809703542916e-01 -1.613190292877634269e+00
-1.506057809703542916e-01 -1.613190292877634269e+00 2.000000000000000000e+00 1.000000000000000021e-08 -4.219364429028088503e-01 -2.713306619324545643e+00
-4.219364429028088503e-01 -2.713306619324545643e+00 1.000000000000000000e+00 1.000000000000000021e-08 -7.592645758586287208e-01 -3.373281329558198482e+00
-7.592645758586287208e-01 -3.373281329558198482e+00 1.000000000000000000e+00 1.000000000000000021e-08 -1.188587507553804823e+00 -4.293229316951760133e+00
-1.188587507553804823e+00 -4.293229316951760133e+00 1.000000000000000000e+00 9.999000000000000110e-01 -1.570796326794896558e+00 -5.000000000000000000e+00
6.960506128298625528e-02 -1.828015810205995545e-02 1.000000000000000000e+00 1.000000000000000021e-08 7.532959886569604024e-02 5.724537582709784272e-02
7.532959886569604024e-02 5.724537582709784272e-02 2.000000000000000000e+00 1.000000000000000021e-08 -7.658265213636231139e-03 -8.298786407933226306e-01
-7.658265213636231139e-03 -8.298786407933226306e-01 2.000000000000000000e+00 1.000000000000000021e-08 -1.699233923391069712e-01 -1.622651271254707428e+00
-1.699233923391069712e-01 -1.622651271254707428e+00 0.000000000000000000e+00 1.000000000000000021e-08 -2.669086135847303920e-01 -9.698522124562342084e-01
-2.669086135847303920e-01 -9.698522124562342084e-01 1.000000000000000000e+00 1.000000000000000021e-08 -3.983048294341269280e-01 -1.313962158493965138e+00
-3.983048294341269280e-01 -1.313962158493965138e+00 2.000000000000000000e+00 1.000000000000000021e-08 -6.613052409390286490e-01 -2.630004115049016988e+00
-6.613052409390286490e-01 -2.630004115049016988e+00 1.000000000000000000e+00 1.000000000000000021e-08 -1.016063431616146762e+00 -3.547581906771180016e+00
-1.016063431616146762e+00 -3.547581906771180016e+00 1.000000000000000000e+00 1.000000000000000021e-08 -1.497498260019704652e+00 -4.814348284035579795e+00
-1.497498260019704652e+00 -4.814348284035579795e+00 2.000000000000000000e+00 9.999000000000000110e-01 -1.570796326794896558e+00 -5.000000000000000000e+00
-4.007120175066755663e-02 4.820076187946073509e-02 2.000000000000000000e+00 1.000000000000000021e-08 -1.355274089243236613e-01 -9.545620717365609353e-01
-1.355274089243236613e-01 -9.545620717365609353e-01 1.000000000000000000e+00 1.000000000000000021e-08 -2.594257695947762565e-01 -1.238983606704526119e+00
-2.594257695947762565e-01 -1.238983606704526119e+00 2.000000000000000000e+00 1.000000000000000021e-08 -5.267335311464877989e-01 -2.673077615517116090e+00
-5.267335311464877989e-01 -2.673077615517116090e+00 2.000000000000000000e+00 1.000000000000000021e-08 -9.445366953135843069e-01 -4.178031641670964191e+00
-9.445366953135843069e-01 -4.178031641670964191e+00 0.000000000000000000e+00 1.000000000000000021e-08 -1.426011768250229350e+00 -4.814750729366449988e+00
-1.426011768250229350e+00 -4.814750729366449988e+00 1.000000000000000000e+00 9.999000000000000110e-01 -1.570796326794896558e+00 -5.000000000000000000e+00
8.556973909867587880e-02 6.696086853493653235e-02 0.000000000000000000e+00 1.000000000000000021e-08 2.085822176789901006e-01 1.230124785803142107e+00
2.085822176789901006e-01 1.230124785803142107e+00 0.000000000000000000e+00 1.000000000000000021e-08 4.652760504215277537e-01 2.566938327425376531e+00
4.652760504215277537e-01 2.566938327425376531e+00 1.000000000000000000e+00 1.000000000000000021e-08 7.868706404343425165e-01 3.215945900128147628e+00
7.868706404343425165e-01 3.215945900128147628e+00 1.000000000000000000e+00 1.000000000000000021e-08 1.217927400606291233e+00 4.310567601719487385e+00
1.217927400606291233e+00 4.310567601719487385e+00 0.000000000000000000e+00 9.999000000000000110e-01 1.570796326794896558e+00 5.000000000000000000e+00
-4.201726199148837770e-02 -3.511340934086587540e-03 0.000000000000000000e+00 1.000000000000000021e-08 2.574395929425601914e-02 6.776122128574439962e-01
2.574395929425601914e-02 6.776122128574439962e-01 2.000000000000000000e+00 1.000000000000000021e-08 2.300209382010804521e-02 -2.741865474147975323e-02
2.300209382010804521e-02 -2.741865474147975323e-02 0.000000000000000000e+00 1.000000000000000021e-08 1.081991977105705438e-01 8.519710389046248888e-01
1.081991977105705438e-01 8.519710389046248888e-01 1.000000000000000000e+00 1.000000000000000021e-08 2.012844855824346135e-01 9.308528787186407527e-01
2.012844855824346135e-01 9.308528787186407527e-01 2.000000000000000000e+00 1.000000000000000021e-08 2.271926903110195739e-01 2.590820472858496037e-01
2.271926903110195739e-01 2.590820472858496037e-01 0.000000000000000000e+00 1.000000000000000021e-08 3.627086342473322400e-01 1.355159439363126328e+00
3.627086342473322400e-01 1.355159439363126328e+00 2.000000000000000000e+00 1.000000000000000021e-08 4.710757136362335729e-01 1.083670793889013551e+00
4.710757136362335729e-01 1.083670793889013551e+00 2.000000000000000000e+00 1.000000000000000021e-08 5.781569642495664185e-01 1.070812506133328013e+00
5.781569642495664185e-01 1.070812506133328013e+00 0.000000000000000000e+00 1.000000000000000021e-08 8.570314436239514500e-01 2.788744793743850980e+00
8.570314436239514500e-01 2.788744793743850980e+00 1.000000000000000000e+00 1.000000000000000021e-08 1.241108405669654857e+00 3.840769620457034961e+00
1.241108405669654857e+00 3.840769620457034961e+00 2.000000000000000000e+00 9.999000000000000110e-01 1.570796326794896558e+00 4.978446150315808616e+00
-1.041803871201014975e-02 -2.924298556512379410e-02 1.000000000000000000e+00 1.000000000000000021e-08 -5.689524300231143389e-03 4.728514411779005666e-02
-5.689524300231143389e-03 4.728514411779005666e-02 2.000000000000000000e+00 1.000000000000000021e-08 -7.512625149005321135e-02 -6.943672718982206726e-01
-7.512625149005321135e-02 -6.943672718982206726e-01 2.000000000000000000e+00 1.000000000000000021e-08 -2.373106921774790212e-01 -1.621844406874258127e+00
-2.373106921774790212e-01 -1.621844406874258127e+00 0.000000000000000000e+00 1.000000000000000021e-08 -3.498049544856510762e-01 -1.124942623081720328e+00
-3.498049544856510762e-01 -1.124942623081720328e+00 2.000000000000000000e+00 1.000000000000000021e-08 -5.858158081217366142e-01 -2.360108536360854714e+00
-5.858158081217366142e-01 -2.360108536360854714e+00 2.000000000000000000e+00 1.000000000000000021e-08 -9.653021677076286666e-01 -3.794863595858920302e+00
-9.653021677076286666e-01 -3.794863595858920302e+00 1.000000000000000000e+00 1.000000000000000021e-08 -1.453914557656567963e+00 -4.886123899489392741e+00
-1.453914557656567963e+00 -4.886123899489392741e+00 2.000000000000000000e+00 9.999000000000000110e-01 -1.570796326794896558e+00 -5.000000000000000000e+00
7.483268123437977759e-02 2.553668318895953304e-02 1.000000000000000000e+00 1.000000000000000021e-08 7.649397445382290217e-02 1.661293219443125968e-02
7.649397445382290217e-02 1.661293219443125968e-02 0.000000000000000000e+00 1.000000000000000021e-08 1.704462580632405966e-01 9.395228360941767498e-01
1.704462580632405966e-01 9.395228360941767498e-01 2.000000000000000000e+00 1.000000000000000021e-08 1.961352783032557501e-01 2.568902024001514794e-01
1.961352783032557501e-01 2.568902024001514794e-01 1.000000000000000000e+00 1.000000000000000021e-08 2.526202236145141389e-01 5.648494531125839435e-01
2.526202236145141389e-01 5.648494531125839435e-01 0.000000000000000000e+00 1.000000000000000021e-08 4.517051568938914019e-01 1.990849332793772408e+00
4.517051568938914019e-01 1.990849332793772408e+00 1.000000000000000000e+00 1.000000000000000021e-08 7.335619364619931915e-01 2.818567795681017785e+00
7.335619364619931915e-01 2.818567795681017785e+00 1.000000000000000000e+00 1.000000000000000021e-08 1.106366088927994928e+00 3.728041524660017814e+00
1.106366088927994928e+00 3.728041524660017814e+00 1.000000000000000000e+00 9.999000000000000110e-01 1.570796326794896558e+00 4.964930437523911166e+00
5.894215762195093022e-03 -2.910708977021606719e-02 1.000000000000000000e+00 1.000000000000000021e-08 1.916423111247980010e-02 1.327001535028470847e-01
1.916423111247980010e-02 1.327001535028470847e-01 2.000000000000000000e+00 1.000000000000000021e-08 -5.438076664871473870e-02 -7.354499776119454157e-01
-5.438076664871473870e-02 -7.354499776119454157e-01 1.000000000000000000e+00 1.000000000000000021e-08 -1.463367019557700877e-01 -9.195593530705534757e-01
-1.463367019557700877e-01 -9.195593530705534757e-01 0.000000000000000000e+00 1.000000000000000021e-08 -1.865783658601677386e-01 -4.024166390439765095e-01
-1.865783658601677386e-01 -4.024166390439765095e-01 2.000000000000000000e+00 1.000000000000000021e-08 -3.571952726035122483e-01 -1.706169067433444653e+00
-3.571952726035122483e-01 -1.706169067433444653e+00 2.000000000000000000e+00 1.000000000000000021e-08 -6.536062630354546599e-01 -2.964109904319423450e+00
-6.536062630354546599e-01 -2.964109904319423450e+00 2.000000000000000000e+00 1.000000000000000021e-08 -1.110701528160157547e+00 -4.570952651247028875e+00
-1.110701528160157547e+00 -4.570952651247028875e+00 1.000000000000000000e+00 9.999000000000000110e-01 -1.570796326794896558e+00 -5.000000000000000000e+00
1.979666172928783857e-02 5.176844902292317141e-02 1.000000000000000000e+00 1.000000000000000021e-08 2.093330536645530288e-02 1.136643637167465692e-02
2.093330536645530288e-02 1.136643637167465692e-02 2.000000000000000000e+00 1.000000000000000021e-08 -7.628017507627460336e-02 -9.721348044272990485e-01
-7.628017507627460336e-02 -9.721348044272990485e-01 0.000000000000000000e+00 1.000000000000000021e-08 -9.076034196673575527e-02 -1.448016689046115468e-01
-9.076034196673575527e-02 -1.448016689046115468e-01 1.000000000000000000e+00 1.000000000000000021e-08 -1.111804198742026989e-01 -2.042007790746694085e-01
-1.111804198742026989e-01 -2.042007790746694085e-01 2.000000000000000000e+00 1.000000000000000021e-08 -2.389601979631594819e-01 -1.277797780889567747e+00
-2.389601979631594819e-01 -1.277797780889567747e+00 0.000000000000000000e+00 1.000000000000000021e-08 -3.356930597941487626e-01 -9.673286183098928070e-01
-3.356930597941487626e-01 -9.673286183098928070e-01 1.000000000000000000e+00 1.000000000000000021e-08 -4.886431407104492863e-01 -1.529500809163005126e+00
-4.886431407104492863e-01 -1.529500809163005126e+00 2.000000000000000000e+00 1.000000000000000021e-08 -8.080567939271557920e-01 -3.194136532167064946e+00
-8.080567939271557920e-01 -3.194136532167064946e+00 2.000000000000000000e+00 1.000000000000000021e-08 -1.298944331133184082e+00 -4.908875372060281350e+00
-1.298944331133184082e+00 -4.908875372060281350e+00 1.000000000000000000e+00 9.999000000000000110e-01 -1.570796326794896558e+00 -5.000000000000000000e+00
8.986924389779542277e-03 -6.550273979894907783e-02 0.000000000000000000e+00 1.000000000000000021e-08 8.335595290510514066e-02 7.436902851532558589e-01
8.335595290510514066e-02 7.436902851532558589e-01 1.000000000000000000e+00 1.000000000000000021e-08 1.572897368462187750e-01 7.393378394111362883e-01
1.572897368462187750e-01 7.393378394111362883e-01 2.000000000000000000e+00 1.000000000000000021e-08 1.767321009453397540e-01 1.944236409912096786e-01
1.767321009453397540e-01 1.944236409912096786e-01 2.000000000000000000e+00 1.000000000000000021e-08 1.470636692516618382e-01 -2.966843169367792132e-01
1.470636692516618382e-01 -2.966843169367792132e-01 2.000000000000000000e+00 1.000000000000000021e-08 4.107231281286935487e-02 -1.059913564387924723e+00
4.107231281286935487e-02 -1.059913564387924723e+00 2.000000000000000000e+00 1.000000000000000021e-08 -1.407332612478422729e-01 -1.818055740607116277e+00
-1.407332612478422729e-01 -1.818055740607116277e+00 1.000000000000000000e+00 1.000000000000000021e-08 -3.349793341537595781e-01 -1.942460729059172886e+00
-3.349793341537595781e-01 -1.942460729059172886e+00 2.000000000000000000e+00 1.000000000000000021e-08 -6.669263039943644777e-01 -3.319469698406048330e+00
-6.669263039943644777e-01 -3.319469698406048330e+00 2.000000000000000000e+00 1.000000000000000021e-08 -1.147159807859393199e+00 -4.802335038650286769e+00
-1.147159807859393199e+00 -4.802335038650286769e+00 1.000000000000000000e+00 9.999000000000000110e-01 -1.570796326794896558e+00 -5.000000000000000000e+00
-2.396613833004517663e-02 -2.302022222067049567e-03 2.000000000000000000e+00 1.000000000000000021e-08 -1.207206690768622415e-01 -9.675453074681705790e-01
-1.207206690768622415e-01 -9.675453074681705790e-01 2.000000000000000000e+00 1.000000000000000021e-08 -3.333047735874420381e-01 -2.125841045105797633e+00
-3.333047735874420381e-01 -2.125841045105797633e+00 1.000000000000000000e+00 1.000000000000000021e-08 -6.019787157262299626e-01 -2.686739421387879023e+00
-6.019787157262299626e-01 -2.686739421387879023e+00 1.000000000000000000e+00 1.000000000000000021e-08 -9.494228800851054473e-01 -3.474441643588755291e+00
-9.494228800851054473e-01 -3.474441643588755291e+00 2.000000000000000000e+00 1.000000000000000021e-08 -1.468803488040941740e+00 -5.000000000000000000e+00
-1.468803488040941740e+00 -5.000000000000000000e+00 2.000000000000000000e+00 9.999000000000000110e-01 -1.570796326794896558e+00 -5.000000000000000000e+00
2.924450375427859253e-02 6.829101658749903159e-02 1.000000000000000000e+00 1.000000000000000021e-08 2.582250815903697205e-02 -3.421995595241621169e-02
2.582250815903697205e-02 -3.421995595241621169e-02 2.000000000000000000e+00 1.000000000000000021e-08 -6.732420991755294626e-02 -9.314671807658990721e-01
-6.732420991755294626e-02 -9.314671807658990721e-01 1.000000000000000000e+00 1.000000000000000021e-08 -1.786706462154599717e-01 -1.113464362979070144e+00
-1.786706462154599717e-01 -1.113464362979070144e+00 2.000000000000000000e+00 1.000000000000000021e-08 -4.082598204559923505e-01 -2.295891742405323566e+00
-4.082598204559923505e-01 -2.295891742405323566e+00 1.000000000000000000e+00 1.000000000000000021e-08 -6.873090769166672054e-01 -2.790492564606748438e+00
-6.873090769166672054e-01 -2.790492564606748438e+00 0.000000000000000000e+00 1.000000000000000021e-08 -9.871114805772840395e-01 -2.998024036606168785e+00
-9.871114805772840395e-01 -2.998024036606168785e+00 2.000000000000000000e+00 1.000000000000000021e-08 -1.445613956831985458e+00 -4.585024762547013744e+00
-1.445613956831985458e+00 -4.585024762547013744e+00 2.000000000000000000e+00 9.999000000000000110e-01 -1.570796326794896558e+00 -5.000000000000000000e+00
-5.084670033315141779e-03 4.988775524434815867e-03 2.000000000000000000e+00 1.000000000000000021e-08 -9.889943963829428419e-02 -9.381476960497913131e-01
-9.889943963829428419e-02 -9.381476960497913131e-01 1.000000000000000000e+00 1.000000000000000021e-08 -2.088245549625190600e-01 -1.099251153242247536e+00
-2.088245549625190600e-01 -1.099251153242247536e+00 1.000000000000000000e+00 1.000000000000000021e-08 -3.432297797395195138e-01 -1.344052247770004538e+00
-3.432297797395195138e-01 -1.344052247770004538e+00 1.000000000000000000e+00 1.000000000000000021e-08 -5.315463672010019014e-01 -1.883165874614823654e+00
-5.315463672010019014e-01 -1.883165874614823654e+00 2.000000000000000000e+00 1.000000000000000021e-08 -8.860716621204243193e-01 -3.545252949194223291e+00
-8.860716621204243193e-01 -3.545252949194223291e+00 0.000000000000000000e+00 1.000000000000000021e-08 -1.294564264669759046e+00 -4.084926025493346380e+00
-1.294564264669759046e+00 -4.084926025493346380e+00 2.000000000000000000e+00 9.999000000000000110e-01 -1.570796326794896558e+00 -5.000000000000000000e+00
-1.623632758866156572e-02 -2.924281720987093741e-03 0.000000000000000000e+00 1.000000000000000021e-08 7.491995740731793862e-02 9.115628499597948631e-01
7.491995740731793862e-02 9.115628499597948631e-01 2.000000000000000000e+00 1.000000000000000021e-08 8.135203013297345742e-02 6.432072725655513246e-02
8.135203013297345742e-02 6.432072725655513246e-02 0.000000000000000000e+00 1.000000000000000021e-08 1.960611968943414274e-01 1.147091667613679533e+00
1.960611968943414274e-01 1.147091667613679533e+00 1.000000000000000000e+00 1.000000000000000021e-08 3.336382286358406946e-01 1.375770317414992228e+00
3.336382286358406946e-01 1.375770317414992228e+00 0.000000000000000000e+00 1.000000000000000021e-08 5.941639635667966823e-01 2.605257349309559878e+00
5.941639635667966823e-01 2.605257349309559878e+00 1.000000000000000000e+00 1.000000000000000021e-08 9.286440807441539436e-01 3.344801171773572612e+00
9.286440807441539436e-01 3.344801171773572612e+00 2.000000000000000000e+00 1.000000000000000021e-08 1.332818024788899214e+00 4.041739440447452480e+00
1.332818024788899214e+00 4.041739440447452480e+00 2.000000000000000000e+00 9.999000000000000110e-01 1.570796326794896558e+00 5.000000000000000000e+00
3.932404940568323681e-02 4.732425149433710371e-02 2.000000000000000000e+00 1.000000000000000021e-08 -5.168848980281408323e-02 -9.101253920849731172e-01
-5.168848980281408323e-02 -9.101253920849731172e-01 1.000000000000000000e+00 1.000000000000000021e-08 -1.625306671053108332e-01 -1.108421773024967472e+00
-1.625306671053108332e-01 -1.108421773024967472e+00 2.000000000000000000e+00 1.000000000000000021e-08 -4.022931867181149812e-01 -2.397625196128041480e+00
-4.022931867181149812e-01 -2.397625196128041480e+00 0.000000000000000000e+00 1.000000000000000021e-08 -6.369102964470606532e-01 -2.346171097289456497e+00
-6.369102964470606532e-01 -2.346171097289456497e+00 1.000000000000000000e+00 1.000000000000000021e-08 -9.605545163809251497e-01 -3.236442199338644965e+00
-9.605545163809251497e-01 -3.236442199338644965e+00 0.000000000000000000e+00 1.000000000000000021e-08 -1.352217501723102400e+00 -3.916629853421772722e+00
-1.352217501723102400e+00 -3.916629853421772722e+00 0.000000000000000000e+00 9.999000000000000110e-01 -1.570796326794896558e+00 -5.000000000000000000e+00
-7.797654603947443142e-02 -6.624569131029764413e-02 0.000000000000000000e+00 1.000000000000000021e-08 -4.085864140384615206e-03 7.389068189908981621e-01
-4.085864140384615206e-03 7.389068189908981621e-01 0.000000000000000000e+00 1.000000000000000021e-08 1.676952280330486766e-01 1.717810921734332918e+00
1.676952280330486766e-01 1.717810921734332918e+00 1.000000000000000000e+00 1.000000000000000021e-08 3.656908406374708154e-01 1.979956126044221110e+00
3.656908406374708154e-01 1.979956126044221110e+00 0.000000000000000000e+00 1.000000000000000021e-08 7.048719723500311840e-01 3.391811317125603686e+00
7.048719723500311840e-01 3.391811317125603686e+00 0.000000000000000000e+00 1.000000000000000021e-08 1.193379344797485420e+00 4.885073724474542800e+00
1.193379344797485420e+00 4.885073724474542800e+00 2.000000000000000000e+00 9.999000000000000110e-01 1.570796326794896558e+00 5.000000000000000000e+00
-8.200257129651220001e-02 -5.576072637254043951e-02 1.000000000000000000e+00 1.000000000000000021e-08 -1.110827958558265743e-01 -2.908022455931437156e-01
-1.110827958558265743e-01 -2.908022455931437156e-01 2.000000000000000000e+00 1.000000000000000021e-08 -2.522688718379709205e-01 -1.411860759821443434e+00
-2.522688718379709205e-01 -1.411860759821443434e+00 1.000000000000000000e+00 1.000000000000000021e-08 -4.236124652343013497e-01 -1.713435933963304292e+00
-4.236124652343013497e-01 -1.713435933963304292e+00 1.000000000000000000e+00 1.000000000000000021e-08 -6.744626135962450419e-01 -2.508501483619436812e+00
-6.744626135962450419e-01 -2.508501483619436812e+00 0.000000000000000000e+00 1.000000000000000021e-08 -9.589463146495651458e-01 -2.844837010533200150e+00
-9.589463146495651458e-01 -2.844837010533200150e+00 1.000000000000000000e+00 1.000000000000000021e-08 -1.369488829629420090e+00 -4.105425149798549000e+00
-1.369488829629420090e+00 -4.105425149798549000e+00 2.000000000000000000e+00 9.999000000000000110e-01 -1.570796326794896558e+00 -5.000000000000000000e+00
-7.354585411740237333e-02 1.727440680862505490e-02 0.000000000000000000e+00 1.000000000000000021e-08 -8.697481355234473743e-03 6.484837276216789403e-01
-8.697481355234473743e-03 6.484837276216789403e-01 2.000000000000000000e+00 1.000000000000000021e-08 -3.626445304234959810e-02 -2.756697168711512713e-01
-3.626445304234959810e-02 -2.756697168711512713e-01 0.000000000000000000e+00 1.000000000000000021e-08 2.713593963537722087e-03 3.897804700588731741e-01
2.713593963537722087e-03 3.897804700588731741e-01 0.000000000000000000e+00 1.000000000000000021e-08 1.315509973689965584e-01 1.288374034054588391e+00
1.315509973689965584e-01 1.288374034054588391e+00 0.000000000000000000e+00 1.000000000000000021e-08 3.803595964352705083e-01 2.488085990662739277e+00
3.803595964352705083e-01 2.488085990662739277e+00 0.000000000000000000e+00 1.000000000000000021e-08 7.604723471881091879e-01 3.801127507528386573e+00
7.604723471881091879e-01 3.801127507528386573e+00 1.000000000000000000e+00 1.000000000000000021e-08 1.238864420984396197e+00 4.783920737962869651e+00
1.238864420984396197e+00 4.783920737962869651e+00 0.000000000000000000e+00 9.999000000000000110e-01 1.570796326794896558e+00 5.000000000000000000e+00
7.487340439744195886e-02 -4.462393486814452553e-02 2.000000000000000000e+00 1.000000000000000021e-08 2.614305210668077528e-04 -7.461197387637514833e-01
2.614305210668077528e-04 -7.461197387637514833e-01 2.000000000000000000e+00 1.000000000000000021e-08 -1.677052503525594818e-01 -1.679666808736262729e+00
-1.677052503525594818e-01 -1.679666808736262729e+00 1.000000000000000000e+00 1.000000000000000021e-08 -3.717436659137921540e-01 -2.040384155612327000e+00
-3.717436659137921540e-01 -2.040384155612327000e+00 0.000000000000000000e+00 1.000000000000000021e-08 -5.492827696024521478e-01 -1.775391036886599938e+00
-5.492827696024521478e-01 -1.775391036886599938e+00 1.000000000000000000e+00 1.000000000000000021e-08 -8.092757366006506636e-01 -2.599929669981984937e+00
-8.092757366006506636e-01 -2.599929669981984937e+00 1.000000000000000000e+00 1.000000000000000021e-08 -1.168421050387639548e+00 -3.591453137869887957e+00
-1.168421050387639548e+00 -3.591453137869887957e+00 1.000000000000000000e+00 9.999000000000000110e-01 -1.570796326794896558e+00 -4.954066690991981048e+00
1.537251886148458327e-02 5.872290750804521481e-02 0.000000000000000000e+00 1.000000000000000021e-08 1.285831131579675546e-01 1.132105942964829692e+00
