-1.855587742615642105e-02 -5.146233922125990207e-02 2.000000000000000000e+00 1.000000000000000021e-08 -1.292420641187497221e-01 -1.106861866925932913e+00
-1.292420641187497221e-01 -1.106861866925932913e+00 1.000000000000000000e+00 1.000000000000000021e-08 -2.777243212843732989e-01 -1.484822571656235546e+00
-2.777243212843732989e-01 -1.484822571656235546e+00 0.000000000000000000e+00 1.000000000000000021e-08 -3.874035067745205119e-01 -1.096791854901471908e+00
-3.874035067745205119e-01 -1.096791854901471908e+00 1.000000000000000000e+00 1.000000000000000021e-08 -5.497917735666574268e-01 -1.623882667921368927e+00
-5.497917735666574268e-01 -1.623882667921368927e+00 1.000000000000000000e+00 1.000000000000000021e-08 -8.053460584570120151e-01 -2.555542848903545217e+00
-8.053460584570120151e-01 -2.555542848903545217e+00 1.000000000000000000e+00 1.000000000000000021e-08 -1.176599254619845158e+00 -3.712531961628330990e+00
-1.176599254619845158e+00 -3.712531961628330990e+00 1.000000000000000000e+00 9.999000000000000110e-01 -1.570796326794896558e+00 -4.992736008446327922e+00
4.682922420552745879e-02 2.983058966934459821e-02 0.000000000000000000e+00 1.000000000000000021e-08 1.594909719227891043e-01 1.126617477172616510e+00
1.594909719227891043e-01 1.126617477172616510e+00 0.000000000000000000e+00 1.000000000000000021e-08 3.975034656266815403e-01 2.380124937038924138e+00
3.975034656266815403e-01 2.380124937038924138e+00 2.000000000000000000e+00 1.000000000000000021e-08 6.330118641096597054e-01 2.355083984829781318e+00
6.330118641096597054e-01 2.355083984829781318e+00 1.000000000000000000e+00 1.000000000000000021e-08 9.556228924926793988e-01 3.226110283830196490e+00
9.556228924926793988e-01 3.226110283830196490e+00 0.000000000000000000e+00 1.000000000000000021e-08 1.440576570934953171e+00 4.849536784422738833e+00
1.440576570934953171e+00 4.849536784422738833e+00 1.000000000000000000e+00 9.999000000000000110e-01 1.570796326794896558e+00 5.000000000000000000e+00
-3.556732525633506115e-02 1.759877783348970728e-02 0.000000000000000000e+00 1.000000000000000021e-08 5.857388917266269368e-02 9.414121442899775483e-01
5.857388917266269368e-02 9.414121442899775483e-01 1.000000000000000000e+00 1.000000000000000021e-08 1.647111590715764906e-01 1.061372698989137886e+00
1.647111590715764906e-01 1.061372698989137886e+00 1.000000000000000000e+00 1.000000000000000021e-08 2.952084180245767020e-01 1.304972589530002169e+00
2.952084180245767020e-01 1.304972589530002169e+00 1.000000000000000000e+00 1.000000000000000021e-08 4.827060315380186650e-01 1.874976135134419408e+00
4.827060315380186650e-01 1.874976135134419408e+00 2.000000000000000000e+00 1.000000000000000021e-08 6.693072658058702995e-01 1.866012342678516234e+00
6.693072658058702995e-01 1.866012342678516234e+00 2.000000000000000000e+00 1.000000000000000021e-08 8.849095189930129557e-01 2.156022531871426562e+00
8.849095189930129557e-01 2.156022531871426562e+00 0.000000000000000000e+00 1.000000000000000021e-08 1.268131595813216883e+00 3.832220768202038386e+00
1.268131595813216883e+00 3.832220768202038386e+00 1.000000000000000000e+00 9.999000000000000110e-01 1.570796326794896558e+00 5.000000000000000000e+00
6.866375114353587272e-02 -2.755973681510172357e-02 1.000000000000000000e+00 1.000000000000000021e-08 7.635221687263328560e-02 7.688465729097412882e-02
7.635221687263328560e-02 7.688465729097412882e-02 0.000000000000000000e+00 1.000000000000000021e-08 1.830187031861729707e-01 1.066664863135396768e+00
1.830187031861729707e-01 1.066664863135396768e+00 2.000000000000000000e+00 1.000000000000000021e-08 2.444532715523295430e-01 6.143456836615657224e-01
2.444532715523295430e-01 6.143456836615657224e-01 2.000000000000000000e+00 1.000000000000000021e-08 2.750475842478731781e-01 3.059431269554364619e-01
2.750475842478731781e-01 3.059431269554364619e-01 2.000000000000000000e+00 1.000000000000000021e-08 2.514844418356557698e-01 -2.356314241221743044e-01
2.514844418356557698e-01 -2.356314241221743044e-01 1.000000000000000000e+00 1.000000000000000021e-08 2.754805525261525556e-01 2.399611069049678580e-01
2.754805525261525556e-01 2.399611069049678580e-01 1.000000000000000000e+00 1.000000000000000021e-08 3.306432637919979323e-01 5.516271126584535445e-01
3.306432637919979323e-01 5.516271126584535445e-01 1.000000000000000000e+00 1.000000000000000021e-08 4.352585005316291777e-01 1.046152367396312455e+00
4.352585005316291777e-01 1.046152367396312455e+00 1.000000000000000000e+00 1.000000000000000021e-08 6.037263129852914467e-01 1.684678124536622690e+00
6.037263129852914467e-01 1.684678124536622690e+00 0.000000000000000000e+00 1.000000000000000021e-08 9.409124012761130862e-01 3.371860882908216173e+00
9.409124012761130862e-01 3.371860882908216173e+00 0.000000000000000000e+00 1.000000000000000021e-08 1.442023686935862026e+00 5.000000000000000000e+00
1.442023686935862026e+00 5.000000000000000000e+00 2.000000000000000000e+00 9.999000000000000110e-01 1.570796326794896558e+00 5.000000000000000000e+00
-7.629235581435024616e-02 -7.726290973495975045e-02 1.000000000000000000e+00 1.000000000000000021e-08 -9.443023085838690711e-02 -1.813787504403666095e-01
-9.443023085838690711e-02 -1.813787504403666095e-01 1.000000000000000000e+00 1.000000000000000021e-08 -1.149472060939700085e-01 -2.051697523558309588e-01
-1.149472060939700085e-01 -2.051697523558309588e-01 2.000000000000000000e+00 1.000000000000000021e-08 -2.538622374218100775e-01 -1.389150313278400883e+00
-2.538622374218100775e-01 -1.389150313278400883e+00 1.000000000000000000e+00 1.000000000000000021e-08 -4.354504164509843678e-01 -1.815881790291743014e+00
-4.354504164509843678e-01 -1.815881790291743014e+00 1.000000000000000000e+00 1.000000000000000021e-08 -6.965104599665202789e-01 -2.610600435155359111e+00
-6.965104599665202789e-01 -2.610600435155359111e+00 0.000000000000000000e+00 1.000000000000000021e-08 -9.943651958777827149e-01 -2.978547359112624360e+00
-9.943651958777827149e-01 -2.978547359112624360e+00 2.000000000000000000e+00 1.000000000000000021e-08 -1.451348102349868885e+00 -4.569829064720860146e+00
-1.451348102349868885e+00 -4.569829064720860146e+00 2.000000000000000000e+00 9.999000000000000110e-01 -1.570796326794896558e+00 -5.000000000000000000e+00
1.331679015798356222e-02 -8.378877608220033912e-02 2.000000000000000000e+00 1.000000000000000021e-08 -7.890290917718986718e-02 -9.221969933517342177e-01
-7.890290917718986718e-02 -9.221969933517342177e-01 0.000000000000000000e+00 1.000000000000000021e-08 -1.080516839135280405e-01 -2.914877473633817884e-01
-1.080516839135280405e-01 -2.914877473633817884e-01 1.000000000000000000e+00 1.000000000000000021e-08 -1.725465883509781917e-01 -6.449490443745014012e-01
-1.725465883509781917e-01 -6.449490443745014012e-01 1.000000000000000000e+00 1.000000000000000021e-08 -2.680840036291968209e-01 -9.553741527821864032e-01
-2.680840036291968209e-01 -9.553741527821864032e-01 0.000000000000000000e+00 1.000000000000000021e-08 -3.183433825090634661e-01 -5.025937887986662300e-01
-3.183433825090634661e-01 -5.025937887986662300e-01 1.000000000000000000e+00 1.000000000000000021e-08 -4.219251324135643855e-01 -1.035817499045009304e+00
-4.219251324135643855e-01 -1.035817499045009304e+00 0.000000000000000000e+00 1.000000000000000021e-08 -5.102352997646478761e-01 -8.831016735108351279e-01
-5.102352997646478761e-01 -8.831016735108351279e-01 0.000000000000000000e+00 1.000000000000000021e-08 -6.112539704700294951e-01 -1.010186707053815525e+00
-6.112539704700294951e-01 -1.010186707053815525e+00 2.000000000000000000e+00 1.000000000000000021e-08 -8.824048570553335580e-01 -2.711508865853041073e+00
-8.824048570553335580e-01 -2.711508865853041073e+00 0.000000000000000000e+00 1.000000000000000021e-08 -1.226419839069706086e+00 -3.440149820143725279e+00
-1.226419839069706086e+00 -3.440149820143725279e+00 2.000000000000000000e+00 9.999000000000000110e-01 -1.570796326794896558e+00 -5.000000000000000000e+00
1.601581971792838399e-03 -6.160131609701804956e-02 2.000000000000000000e+00 1.000000000000000021e-08 -8.435586436727268711e-02 -8.595744633906551302e-01
-8.435586436727268711e-02 -8.595744633906551302e-01 0.000000000000000000e+00 1.000000000000000021e-08 -9.265685942971854661e-02 -8.300995062445859496e-02
-9.265685942971854661e-02 -8.300995062445859496e-02 0.000000000000000000e+00 1.000000000000000021e-08 -1.267346441929388667e-02 7.998339501042465161e-01
-1.267346441929388667e-02 7.998339501042465161e-01 1.000000000000000000e+00 1.000000000000000021e-08 7.261443429020421336e-02 8.528789870949810004e-01
7.261443429020421336e-02 8.528789870949810004e-01 0.000000000000000000e+00 1.000000000000000021e-08 2.642593748320127833e-01 1.916449405418085838e+00
2.642593748320127833e-01 1.916449405418085838e+00 0.000000000000000000e+00 1.000000000000000021e-08 5.888023900770312791e-01 3.245430152450184735e+00
5.888023900770312791e-01 3.245430152450184735e+00 0.000000000000000000e+00 1.000000000000000021e-08 1.075537415375558137e+00 4.867350252985269243e+00
1.075537415375558137e+00 4.867350252985269243e+00 2.000000000000000000e+00 9.999000000000000110e-01 1.570796326794896558e+00 5.000000000000000000e+00
-8.276019474537910092e-02 -2.292462074676721723e-02 0.000000000000000000e+00 1.000000000000000021e-08 -8.462632210646414688e-03 7.429756253473268623e-01
-8.462632210646414688e-03 7.429756253473268623e-01 2.000000000000000000e+00 1.000000000000000021e-08 -2.234901567409981749e-02 -1.388638346345340002e-01
-2.234901567409981749e-02 -1.388638346345340002e-01 0.000000000000000000e+00 1.000000000000000021e-08 3.077395016616910756e-02 5.312296584026892088e-01
3.077395016616910756e-02 5.312296584026892088e-01 2.000000000000000000e+00 1.000000000000000021e-08 1.826201005756879908e-02 -1.251194010860030570e-01
1.826201005756879908e-02 -1.251194010860030570e-01 1.000000000000000000e+00 1.000000000000000021e-08 2.288384059846921767e-02 4.621830540900417894e-02
2.288384059846921767e-02 4.621830540900417894e-02 2.000000000000000000e+00 1.000000000000000021e-08 -7.220788510860758069e-02 -9.509172570707679073e-01
-7.220788510860758069e-02 -9.509172570707679073e-01 0.000000000000000000e+00 1.000000000000000021e-08 -1.038932432113266330e-01 -3.168535810271905229e-01
-1.038932432113266330e-01 -3.168535810271905229e-01 1.000000000000000000e+00 1.000000000000000021e-08 -1.687040221859429368e-01 -6.481077897461628989e-01
-1.687040221859429368e-01 -6.481077897461628989e-01 2.000000000000000000e+00 1.000000000000000021e-08 -3.371963698085039818e-01 -1.684923476225610450e+00
-3.371963698085039818e-01 -1.684923476225610450e+00 2.000000000000000000e+00 1.000000000000000021e-08 -6.297683745622527640e-01 -2.925720047537487822e+00
-6.297683745622527640e-01 -2.925720047537487822e+00 1.000000000000000000e+00 1.000000000000000021e-08 -1.019704911809226733e+00 -3.899365372469739022e+00
-1.019704911809226733e+00 -3.899365372469739022e+00 0.000000000000000000e+00 1.000000000000000021e-08 -1.488631590479182032e+00 -4.689266786699552547e+00
-1.488631590479182032e+00 -4.689266786699552547e+00 2.000000000000000000e+00 9.999000000000000110e-01 -1.570796326794896558e+00 -5.000000000000000000e+00
-1.951667807108418973e-02 -2.239219062318970055e-03 2.000000000000000000e+00 1.000000000000000021e-08 -1.076128179040704153e-01 -8.809613983298621998e-01
-1.076128179040704153e-01 -8.809613983298621998e-01 2.000000000000000000e+00 1.000000000000000021e-08 -3.070179131158918273e-01 -1.994050952118214148e+00
-3.070179131158918273e-01 -1.994050952118214148e+00 0.000000000000000000e+00 1.000000000000000021e-08 -4.666599964703088688e-01 -1.596420833544170303e+00
-4.666599964703088688e-01 -1.596420833544170303e+00 1.000000000000000000e+00 1.000000000000000021e-08 -6.880724376402848064e-01 -2.214124411699759598e+00
-6.880724376402848064e-01 -2.214124411699759598e+00 1.000000000000000000e+00 1.000000000000000021e-08 -9.976423556399363068e-01 -3.095699179996514783e+00
-9.976423556399363068e-01 -3.095699179996514783e+00 0.000000000000000000e+00 1.000000000000000021e-08 -1.380165314915946295e+00 -3.825229592760099884e+00
-1.380165314915946295e+00 -3.825229592760099884e+00 1.000000000000000000e+00 9.999000000000000110e-01 -1.570796326794896558e+00 -5.000000000000000000e+00
1.124529040485018963e-02 6.445765921820456601e-02 1.000000000000000000e+00 1.000000000000000021e-08 9.497298342576726907e-03 -1.747992062273462377e-02
9.497298342576726907e-03 -1.747992062273462377e-02 2.000000000000000000e+00 1.000000000000000021e-08 -6.987078697044175890e-02 -7.936808531301848824e-01
-6.987078697044175890e-02 -7.936808531301848824e-01 2.000000000000000000e+00 1.000000000000000021e-08 -2.656336146377361596e-01 -1.957628276672944034e+00
-2.656336146377361596e-01 -1.957628276672944034e+00 1.000000000000000000e+00 1.000000000000000021e-08 -5.003365316429753129e-01 -2.347029170052391756e+00
-5.003365316429753129e-01 -2.347029170052391756e+00 0.000000000000000000e+00 1.000000000000000021e-08 -7.276095795036839897e-01 -2.272730478607086546e+00
-7.276095795036839897e-01 -2.272730478607086546e+00 1.000000000000000000e+00 1.000000000000000021e-08 -1.063798266203602294e+00 -3.361886866999182377e+00
-1.063798266203602294e+00 -3.361886866999182377e+00 1.000000000000000000e+00 1.000000000000000021e-08 -1.527466003377366821e+00 -4.636677371737643938e+00
-1.527466003377366821e+00 -4.636677371737643938e+00 1.000000000000000000e+00 9.999000000000000110e-01 -1.570796326794896558e+00 -5.000000000000000000e+00
-3.572860785941091299e-02 -4.007956565264743365e-02 0.000000000000000000e+00 1.000000000000000021e-08 5.461929905007764652e-02 9.034790690948855119e-01
5.461929905007764652e-02 9.034790690948855119e-01 0.000000000000000000e+00 1.000000000000000021e-08 2.425255481497445020e-01 1.879062490996668444e+00
2.425255481497445020e-01 1.879062490996668444e+00 1.000000000000000000e+00 1.000000000000000021e-08 4.747313646844786850e-01 2.322058165347341774e+00
4.747313646844786850e-01 2.322058165347341774e+00 1.000000000000000000e+00 1.000000000000000021e-08 7.845557413493209342e-01 3.098243766648422159e+00
7.845557413493209342e-01 3.098243766648422159e+00 0.000000000000000000e+00 1.000000000000000021e-08 1.256093393621500853e+00 4.715376522721799191e+00
1.256093393621500853e+00 4.715376522721799191e+00 2.000000000000000000e+00 9.999000000000000110e-01 1.570796326794896558e+00 5.000000000000000000e+00
-1.325902237072074108e-03 -4.986833117125880760e-02 0.000000000000000000e+00 1.000000000000000021e-08 9.652876459696703437e-02 9.785466683403910571e-01
9.652876459696703437e-02 9.785466683403910571e-01 2.000000000000000000e+00 1.000000000000000021e-08 1.285183080311549375e-01 3.198954343418790591e-01
1.285183080311549375e-01 3.198954343418790591e-01 2.000000000000000000e+00 1.000000000000000021e-08 1.111817608109121475e-01 -1.733654722024278727e-01
1.111817608109121475e-01 -1.733654722024278727e-01 1.000000000000000000e+00 1.000000000000000021e-08 1.116741102218221787e-01 4.923494109100312599e-03
1.116741102218221787e-01 4.923494109100312599e-03 2.000000000000000000e+00 1.000000000000000021e-08 5.804144157668798820e-02 -5.363266864513418497e-01
5.804144157668798820e-02 -5.363266864513418497e-01 2.000000000000000000e+00 1.000000000000000021e-08 -8.448909171672742968e-02 -1.425305332934154068e+00
-8.448909171672742968e-02 -1.425305332934154068e+00 1.000000000000000000e+00 1.000000000000000021e-08 -2.444741991934931691e-01 -1.599851074767657089e+00
-2.444741991934931691e-01 -1.599851074767657089e+00 1.000000000000000000e+00 1.000000000000000021e-08 -4.428555447590554195e-01 -1.983813455655622171e+00
-4.428555447590554195e-01 -1.983813455655622171e+00 1.000000000000000000e+00 1.000000000000000021e-08 -7.104497850471560572e-01 -2.675942402881005933e+00
-7.104497850471560572e-01 -2.675942402881005933e+00 1.000000000000000000e+00 1.000000000000000021e-08 -1.079137647959728330e+00 -3.686878629125721396e+00
-1.079137647959728330e+00 -3.686878629125721396e+00 0.000000000000000000e+00 1.000000000000000021e-08 -1.533977347336738406e+00 -4.548396993770101204e+00
-1.533977347336738406e+00 -4.548396993770101204e+00 0.000000000000000000e+00 9.999000000000000110e-01 -1.570796326794896558e+00 -5.000000000000000000e+00
4.836843802166709838e-02 -4.189720226430299066e-03 1.000000000000000000e+00 1.000000000000000021e-08 4.221633594982051457e-02 -6.152102071846584502e-02
4.221633594982051457e-02 -6.152102071846584502e-02 1.000000000000000000e+00 1.000000000000000021e-08 5.273341214121667758e-02 1.051707619139616023e-01
5.273341214121667758e-02 1.051707619139616023e-01 2.000000000000000000e+00 1.000000000000000021e-08 -4.782380798584763559e-03 -5.751579293980143559e-01
-4.782380798584763559e-03 -5.751579293980143559e-01 0.000000000000000000e+00 1.000000000000000021e-08 1.744041640862150494e-02 2.222279720720626850e-01
1.744041640862150494e-02 2.222279720720626850e-01 1.000000000000000000e+00 1.000000000000000021e-08 4.857656932112032477e-02 3.113615291249882122e-01
4.857656932112032477e-02 3.113615291249882122e-01 0.000000000000000000e+00 1.000000000000000021e-08 1.600239380624815799e-01 1.114473687413612524e+00
1.600239380624815799e-01 1.114473687413612524e+00 0.000000000000000000e+00 1.000000000000000021e-08 3.730279068125215702e-01 2.130039687500399737e+00
3.730279068125215702e-01 2.130039687500399737e+00 2.000000000000000000e+00 1.000000000000000021e-08 5.791628746709647224e-01 2.061349678584431633e+00
5.791628746709647224e-01 2.061349678584431633e+00 2.000000000000000000e+00 1.000000000000000021e-08 8.110032864551426357e-01 2.318404117841778689e+00
8.110032864551426357e-01 2.318404117841778689e+00 2.000000000000000000e+00 1.000000000000000021e-08 1.105650955286138659e+00 2.946476688309960679e+00
1.105650955286138659e+00 2.946476688309960679e+00 1.000000000000000000e+00 1.000000000000000021e-08 1.526750709186919908e+00 4.210997539007812485e+00
1.526750709186919908e+00 4.210997539007812485e+00 1.000000000000000000e+00 9.999000000000000110e-01 1.570796326794896558e+00 5.000000000000000000e+00
3.756211604039199486e-02 3.192225165444489976e-02 1.000000000000000000e+00 1.000000000000000021e-08 4.562605184079712717e-02 8.063935800405130916e-02
4.562605184079712717e-02 8.063935800405130916e-02 0.000000000000000000e+00 1.000000000000000021e-08 1.399522900434845007e-01 9.432623820268736248e-01
1.399522900434845007e-01 9.432623820268736248e-01 0.000000000000000000e+00 1.000000000000000021e-08 3.296911154726263060e-01 1.897388254291417553e+00
3.296911154726263060e-01 1.897388254291417553e+00 1.000000000000000000e+00 1.000000000000000021e-08 5.626211237969336310e-01 2.329300083243073693e+00
5.626211237969336310e-01 2.329300083243073693e+00 0.000000000000000000e+00 1.000000000000000021e-08 9.510181358020879383e-01 3.883970120051543518e+00
9.510181358020879383e-01 3.883970120051543518e+00 1.000000000000000000e+00 1.000000000000000021e-08 1.448487318399236834e+00 4.974691825971487624e+00
1.448487318399236834e+00 4.974691825971487624e+00 1.000000000000000000e+00 9.999000000000000110e-01 1.570796326794896558e+00 5.000000000000000000e+00
2.529467154529998693e-02 -1.773642342752496104e-02 0.000000000000000000e+00 1.000000000000000021e-08 1.016576047872832234e-01 7.636293324198322185e-01
1.016576047872832234e-01 7.636293324198322185e-01 1.000000000000000000e+00 1.000000000000000021e-08 2.045569490417801228e-01 1.028993442544968939e+00
2.045569490417801228e-01 1.028993442544968939e+00 0.000000000000000000e+00 1.000000000000000021e-08 4.197789497519032742e-01 2.152220007101231403e+00
4.197789497519032742e-01 2.152220007101231403e+00 2.000000000000000000e+00 1.000000000000000021e-08 6.329715563994500194e-01 2.131926066475467341e+00
6.329715563994500194e-01 2.131926066475467341e+00 0.000000000000000000e+00 1.000000000000000021e-08 1.012491928608016956e+00 3.795203722085668918e+00
1.012491928608016956e+00 3.795203722085668918e+00 2.000000000000000000e+00 1.000000000000000021e-08 1.476757980260154035e+00 4.642660516521369907e+00
1.476757980260154035e+00 4.642660516521369907e+00 0.000000000000000000e+00 9.999000000000000110e-01 1.570796326794896558e+00 5.000000000000000000e+00
3.704593506115339691e-02 6.693091166272617520e-02 2.000000000000000000e+00 1.000000000000000021e-08 -5.382166214153970979e-02 -9.086759720269309559e-01
-5.382166214153970979e-02 -9.086759720269309559e-01 2.000000000000000000e+00 1.000000000000000021e-08 -2.265740669399972929e-01 -1.727524047984575706e+00
-2.265740669399972929e-01 -1.727524047984575706e+00 1.000000000000000000e+00 1.000000000000000021e-08 -4.214820394368566370e-01 -1.949079724968593386e+00
-4.214820394368566370e-01 -1.949079724968593386e+00 2.000000000000000000e+00 1.000000000000000021e-08 -7.761781490812523776e-01 -3.546961096443957295e+00
-7.761781490812523776e-01 -3.546961096443957295e+00 2.000000000000000000e+00 1.000000000000000021e-08 -1.300249350944289173e+00 -5.000000000000000000e+00
-1.300249350944289173e+00 -5.000000000000000000e+00 2.000000000000000000e+00 9.999000000000000110e-01 -1.570796326794896558e+00 -5.000000000000000000e+00
3.129980304605679831e-02 -1.387851052317770617e-04 0.000000000000000000e+00 1.000000000000000021e-08 1.083570035343459775e-01 7.705720048828917923e-01
1.083570035343459775e-01 7.705720048828917923e-01 2.000000000000000000e+00 1.000000000000000021e-08 1.227936460783822376e-01 1.443664254403626002e-01
1.227936460783822376e-01 1.443664254403626002e-01 0.000000000000000000e+00 1.000000000000000021e-08 2.458172038297727346e-01 1.230235577513905110e+00
2.458172038297727346e-01 1.230235577513905110e+00 0.000000000000000000e+00 1.000000000000000021e-08 4.921853586088278942e-01 2.463681547790551374e+00
4.921853586088278942e-01 2.463681547790551374e+00 1.000000000000000000e+00 1.000000000000000021e-08 8.060889465318600289e-01 3.139035879230321235e+00
8.060889465318600289e-01 3.139035879230321235e+00 1.000000000000000000e+00 1.000000000000000021e-08 1.227108739289824779e+00 4.210197927579645949e+00
1.227108739289824779e+00 4.210197927579645949e+00 2.000000000000000000e+00 9.999000000000000110e-01 1.570796326794896558e+00 5.000000000000000000e+00
4.521973750838792494e-02 -8.535585622107669246e-02 2.000000000000000000e+00 1.000000000000000021e-08 -4.794280583567755993e-02 -9.316254334406548487e-01
-4.794280583567755993e-02 -9.316254334406548487e-01 1.000000000000000000e+00 1.000000000000000021e-08 -1.377920025283337346e-01 -8.984919669265615250e-01
-1.377920025283337346e-01 -8.984919669265615250e-01 1.000000000000000000e+00 1.000000000000000021e-08 -2.414707469615881841e-01 -1.036787444332544439e+00
-2.414707469615881841e-01 -1.036787444332544439e+00 2.000000000000000000e+00 1.000000000000000021e-08 -4.620577813780384346e-01 -2.205870344164502672e+00
-4.620577813780384346e-01 -2.205870344164502672e+00 1.000000000000000000e+00 1.000000000000000021e-08 -7.559290658300457100e-01 -2.938712844520073197e+00
-7.559290658300457100e-01 -2.938712844520073197e+00 0.000000000000000000e+00 1.000000000000000021e-08 -1.095592146767981001e+00 -3.396630809379352467e+00
-1.095592146767981001e+00 -3.396630809379352467e+00 1.000000000000000000e+00 1.000000000000000021e-08 -1.564840385780879695e+00 -4.692482390128986935e+00
-1.564840385780879695e+00 -4.692482390128986935e+00 2.000000000000000000e+00 9.999000000000000110e-01 -1.570796326794896558e+00 -5.000000000000000000e+00
-3.133589881634034346e-02 3.067885647189653661e-02 2.000000000000000000e+00 1.000000000000000021e-08 -1.184343576455900854e-01 -8.709845882924973637e-01
-1.184343576455900854e-01 -8.709845882924973637e-01 0.000000000000000000e+00 1.000000000000000021e-08 -1.373419145456050150e-01 -1.890755690001494349e-01
-1.373419145456050150e-01 -1.890755690001494349e-01 1.000000000000000000e+00 1.000000000000000021e-08 -1.643313359968724130e-01 -2.698942145126739245e-01
-1.643313359968724130e-01 -2.698942145126739245e-01 1.000000000000000000e+00 1.000000000000000021e-08 -2.172922766340139866e-01 -5.296094063714156253e-01
-2.172922766340139866e-01 -5.296094063714156253e-01 1.000000000000000000e+00 1.000000000000000021e-08 -3.029598027911362124e-01 -8.566752615712223129e-01
-3.029598027911362124e-01 -8.566752615712223129e-01 1.000000000000000000e+00 1.000000000000000021e-08 -4.347574309138919624e-01 -1.317976281227557500e+00
-4.347574309138919624e-01 -1.317976281227557500e+00 2.000000000000000000e+00 1.000000000000000021e-08 -7.157351671165322893e-01 -2.809777362026403047e+00
-7.157351671165322893e-01 -2.809777362026403047e+00 1.000000000000000000e+00 1.000000000000000021e-08 -1.095826619293646331e+00 -3.800914521771139754e+00
-1.095826619293646331e+00 -3.800914521771139754e+00 2.000000000000000000e+00 9.999000000000000110e-01 -1.570796326794896558e+00 -5.000000000000000000e+00
2.697266921854107186e-02 -6.959541851853104366e-02 0.000000000000000000e+00 1.000000000000000021e-08 9.742155133581514859e-02 7.044888211727408089e-01
9.742155133581514859e-02 7.044888211727408089e-01 0.000000000000000000e+00 1.000000000000000021e-08 2.795642636972767159e-01 1.821427123614615340e+00
2.795642636972767159e-01 1.821427123614615340e+00 1.000000000000000000e+00 1.000000000000000021e-08 5.175050603811218730e-01 2.379407966838451127e+00
5.175050603811218730e-01 2.379407966838451127e+00 1.000000000000000000e+00 1.000000000000000021e-08 8.191856322580272076e-01 3.016805718769052902e+00
8.191856322580272076e-01 3.016805718769052902e+00 1.000000000000000000e+00 1.000000000000000021e-08 1.239499663964983345e+00 4.203140317069561149e+00
1.239499663964983345e+00 4.203140317069561149e+00 2.000000000000000000e+00 9.999000000000000110e-01 1.570796326794896558e+00 5.000000000000000000e+00
-4.051306650889974215e-02 -6.501332346509451632e-03 0.000000000000000000e+00 1.000000000000000021e-08 3.560751307936077525e-02 7.612057958826051740e-01
3.560751307936077525e-02 7.612057958826051740e-01 0.000000000000000000e+00 1.000000000000000021e-08 2.075907146703835915e-01 1.719832015910228051e+00
2.075907146703835915e-01 1.719832015910228051e+00 1.000000000000000000e+00 1.000000000000000021e-08 4.011443439807237388e-01 1.935536293103401473e+00
4.011443439807237388e-01 1.935536293103401473e+00 1.000000000000000000e+00 1.000000000000000021e-08 6.719533999925084711e-01 2.708090560117847545e+00
6.719533999925084711e-01 2.708090560117847545e+00 0.000000000000000000e+00 1.000000000000000021e-08 1.100941803671301678e+00 4.289884036787930732e+00
1.100941803671301678e+00 4.289884036787930732e+00 1.000000000000000000e+00 9.999000000000000110e-01 1.570796326794896558e+00 5.000000000000000000e+00
-3.981054151080118397e-02 -8.134148100293694950e-02 2.000000000000000000e+00 1.000000000000000021e-08 -1.273445466390949188e-01 -8.753400512829373481e-01
-1.273445466390949188e-01 -8.753400512829373481e-01 0.000000000000000000e+00 1.000000000000000021e-08 -1.535548252929566093e-01 -2.621027865386167388e-01
-1.535548252929566093e-01 -2.621027865386167388e-01 0.000000000000000000e+00 1.000000000000000021e-08 -1.106823751953084078e-01 4.287245009764819592e-01
-1.106823751953084078e-01 4.287245009764819592e-01 1.000000000000000000e+00 1.000000000000000021e-08 -8.985460799497380080e-02 2.082776720033460149e-01
-8.985460799497380080e-02 2.082776720033460149e-01 0.000000000000000000e+00 1.000000000000000021e-08 1.689925767119300482e-02 1.067538656661668028e+00
1.689925767119300482e-02 1.067538656661668028e+00 0.000000000000000000e+00 1.000000000000000021e-08 2.184080100566042626e-01 2.015087523854112384e+00
2.184080100566042626e-01 2.015087523854112384e+00 2.000000000000000000e+00 1.000000000000000021e-08 3.716604298279612140e-01 1.532524197713569070e+00
3.716604298279612140e-01 1.532524197713569070e+00 2.000000000000000000e+00 1.000000000000000021e-08 5.077444002039395166e-01 1.360839703759782360e+00
5.077444002039395166e-01 1.360839703759782360e+00 1.000000000000000000e+00 1.000000000000000021e-08 7.358033971530207884e-01 2.280589969490812940e+00
7.358033971530207884e-01 2.280589969490812940e+00 1.000000000000000000e+00 1.000000000000000021e-08 1.067630137139716329e+00 3.318267399866955625e+00
1.067630137139716329e+00 3.318267399866955625e+00 1.000000000000000000e+00 1.000000000000000021e-08 1.525212966313334917e+00 4.575828291736186770e+00
1.525212966313334917e+00 4.575828291736186770e+00 1.000000000000000000e+00 9.999000000000000110e-01 1.570796326794896558e+00 5.000000000000000000e+00
7.413349152766987582e-02 3.163168900979521081e-02 0.000000000000000000e+00 1.000000000000000021e-08 1.762403416043304138e-01 1.021068500766605380e+00
1.762403416043304138e-01 1.021068500766605380e+00 0.000000000000000000e+00 1.000000000000000021e-08 3.914411092070962939e-01 2.152007676027658967e+00
3.914411092070962939e-01 2.152007676027658967e+00 2.000000000000000000e+00 1.000000000000000021e-08 5.773709547649988894e-01 1.859298455579025733e+00
5.773709547649988894e-01 1.859298455579025733e+00 2.000000000000000000e+00 1.000000000000000021e-08 7.711523966441327094e-01 1.937814418791338422e+00
7.711523966441327094e-01 1.937814418791338422e+00 2.000000000000000000e+00 1.000000000000000021e-08 1.025140419439935835e+00 2.539880227958030812e+00
1.025140419439935835e+00 2.539880227958030812e+00 0.000000000000000000e+00 1.000000000000000021e-08 1.439126959419277263e+00 4.139865399793412948e+00
1.439126959419277263e+00 4.139865399793412948e+00 0.000000000000000000e+00 9.999000000000000110e-01 1.570796326794896558e+00 5.000000000000000000e+00
-4.190482275295171616e-02 -6.875548867949417275e-02 0.000000000000000000e+00 1.000000000000000021e-08 2.427291050547938228e-02 6.617773325843109289e-01
2.427291050547938228e-02 6.617773325843109289e-01 2.000000000000000000e+00 1.000000000000000021e-08 1.435899565347042821e-02 -9.913914852008953726e-02
1.435899565347042821e-02 -9.913914852008953726e-02 2.000000000000000000e+00 1.000000000000000021e-08 -8.961050311963991710e-02 -1.039694987731103470e+00
-8.961050311963991710e-02 -1.039694987731103470e+00 1.000000000000000000e+00 1.000000000000000021e-08 -2.051760193716376801e-01 -1.155655162519977575e+00
-2.051760193716376801e-01 -1.155655162519977575e+00 1.000000000000000000e+00 1.000000000000000021e-08 -3.517012076366904383e-01 -1.465251882650527859e+00
-3.517012076366904383e-01 -1.465251882650527859e+00 0.000000000000000000e+00 1.000000000000000021e-08 -4.635820684690811211e-01 -1.118808608323906828e+00
-4.635820684690811211e-01 -1.118808608323906828e+00 0.000000000000000000e+00 1.000000000000000021e-08 -5.578320475044449278e-01 -9.424997903536382893e-01
-5.578320475044449278e-01 -9.424997903536382893e-01 2.000000000000000000e+00 1.000000000000000021e-08 -8.092820607809096956e-01 -2.514500132764648122e+00
-8.092820607809096956e-01 -2.514500132764648122e+00 2.000000000000000000e+00 1.000000000000000021e-08 -1.226477649691894101e+00 -4.171955889109844939e+00
-1.226477649691894101e+00 -4.171955889109844939e+00 0.000000000000000000e+00 9.999000000000000110e-01 -1.570796326794896558e+00 -5.000000000000000000e+00
-2.711000875543140287e-02 -6.573900952134734132e-02 1.000000000000000000e+00 1.000000000000000021e-08 -4.057975029598068911e-02 -1.346974154054928485e-01
-4.057975029598068911e-02 -1.346974154054928485e-01 0.000000000000000000e+00 1.000000000000000021e-08 2.072639678386652834e-02 6.130614707984721745e-01
2.072639678386652834e-02 6.130614707984721745e-01 1.000000000000000000e+00 1.000000000000000021e-08 1.009085993616271049e-01 8.018220257776057514e-01
1.009085993616271049e-01 8.018220257776057514e-01 0.000000000000000000e+00 1.000000000000000021e-08 2.850839541896803553e-01 1.841753548280532282e+00
2.850839541896803553e-01 1.841753548280532282e+00 0.000000000000000000e+00 1.000000000000000021e-08 5.875828133265910136e-01 3.024988591369106583e+00
5.875828133265910136e-01 3.024988591369106583e+00 2.000000000000000000e+00 1.000000000000000021e-08 9.045010812664786570e-01 3.169182679398875546e+00
9.045010812664786570e-01 3.169182679398875546e+00 0.000000000000000000e+00 1.000000000000000021e-08 1.394669472833368618e+00 4.901683915668900049e+00
1.394669472833368618e+00 4.901683915668900049e+00 2.000000000000000000e+00 9.999000000000000110e-01 1.570796326794896558e+00 5.000000000000000000e+00
-2.865263341984580076e-02 6.897246004460814983e-02 0.000000000000000000e+00 1.000000000000000021e-08 7.567011575612403451e-02 1.043227491759698422e+00
7.567011575612403451e-02 1.043227491759698422e+00 2.000000000000000000e+00 1.000000000000000021e-08 1.066948161124141314e-01 3.102470035629009137e-01
1.066948161124141314e-01 3.102470035629009137e-01 0.000000000000000000e+00 1.000000000000000021e-08 2.314563862831260088e-01 1.247615701707118774e+00
2.314563862831260088e-01 1.247615701707118774e+00 0.000000000000000000e+00 1.000000000000000021e-08 4.828186296094596486e-01 2.513622433263336564e+00
4.828186296094596486e-01 2.513622433263336564e+00 2.000000000000000000e+00 1.000000000000000021e-08 7.413023347575967703e-01 2.584837051481370995e+00
7.413023347575967703e-01 2.584837051481370995e+00 0.000000000000000000e+00 1.000000000000000021e-08 1.163709823510778119e+00 4.224074887531813260e+00
1.163709823510778119e+00 4.224074887531813260e+00 0.000000000000000000e+00 9.999000000000000110e-01 1.570796326794896558e+00 5.000000000000000000e+00
2.246455214037110584e-02 -2.362604292604587874e-02 2.000000000000000000e+00 1.000000000000000021e-08 -7.169898594701887284e-02 -9.416353808738997522e-01
-7.169898594701887284e-02 -9.416353808738997522e-01 1.000000000000000000e+00 1.000000000000000021e-08 -1.799526028000952016e-01 -1.082536168530763288e+00
-1.799526028000952016e-01 -1.082536168530763288e+00 2.000000000000000000e+00 1.000000000000000021e-08 -4.172730357310614480e-01 -2.373204329309662519e+00
-4.172730357310614480e-01 -2.373204329309662519e+00 1.000000000000000000e+00 1.000000000000000021e-08 -7.192283934539431822e-01 -3.019553577228817343e+00
-7.192283934539431822e-01 -3.019553577228817343e+00 0.000000000000000000e+00 1.000000000000000021e-08 -1.054538124972198343e+00 -3.353097315182552052e+00
-1.054538124972198343e+00 -3.353097315182552052e+00 1.000000000000000000e+00 1.000000000000000021e-08 -1.516766108811679281e+00 -4.622279838394809381e+00
-1.516766108811679281e+00 -4.622279838394809381e+00 0.000000000000000000e+00 9.999000000000000110e-01 -1.570796326794896558e+00 -5.000000000000000000e+00
-5.455482992565022227e-02 3.680888298441467588e-02 2.000000000000000000e+00 1.000000000000000021e-08 -1.517898288431744902e-01 -9.723499891752425128e-01
-1.517898288431744902e-01 -9.723499891752425128e-01 2.000000000000000000e+00 1.000000000000000021e-08 -3.600331997518190219e-01 -2.082433709086445539e+00
-3.600331997518190219e-01 -2.082433709086445539e+00 1.000000000000000000e+00 1.000000000000000021e-08 -6.165473175909510495e-01 -2.565141178391320054e+00
-6.165473175909510495e-01 -2.565141178391320054e+00 2.000000000000000000e+00 1.000000000000000021e-08 -1.040535184211168751e+00 -4.239878666202177016e+00
-1.040535184211168751e+00 -4.239878666202177016e+00 2.000000000000000000e+00 9.999000000000000110e-01 -1.570796326794896558e+00 -5.000000000000000000e+00
7.350106893077765213e-02 -1.706061941689188469e-02 2.000000000000000000e+00 1.000000000000000021e-08 1.156801982837307730e-02 -6.193304910240456929e-01
1.156801982837307730e-02 -6.193304910240456929e-01 2.000000000000000000e+00 1.000000000000000021e-08 -1.297045115457450826e-01 -1.412725313741181488e+00
-1.297045115457450826e-01 -1.412725313741181488e+00 0.000000000000000000e+00 1.000000000000000021e-08 -2.013968351783474442e-01 -7.169232363260233942e-01
-2.013968351783474442e-01 -7.169232363260233942e-01 1.000000000000000000e+00 1.000000000000000021e-08 -3.064703462365952480e-01 -1.050735110582478038e+00
-3.064703462365952480e-01 -1.050735110582478038e+00 0.000000000000000000e+00 1.000000000000000021e-08 -3.898746458427917450e-01 -8.340429960619647476e-01
-3.898746458427917450e-01 -8.340429960619647476e-01 2.000000000000000000e+00 1.000000000000000021e-08 -6.292791010216376435e-01 -2.394044551788458541e+00
-6.292791010216376435e-01 -2.394044551788458541e+00 2.000000000000000000e+00 1.000000000000000021e-08 -1.027538814662544819e+00 -3.982597136409072647e+00
-1.027538814662544819e+00 -3.982597136409072647e+00 2.000000000000000000e+00 9.999000000000000110e-01 -1.570796326794896558e+00 -5.000000000000000000e+00
1.250072850229969404e-02 -5.746176399493169856e-02 2.000000000000000000e+00 1.000000000000000021e-08 -7.244079599763839084e-02 -8.494152449993808141e-01
-7.244079599763839084e-02 -8.494152449993808141e-01 2.000000000000000000e+00 1.000000000000000021e-08 -2.561527659879672125e-01 -1.837119699903288161e+00
-2.561527659879672125e-01 -1.837119699903288161e+00 2.000000000000000000e+00 1.000000000000000021e-08 -5.581735935377731828e-01 -3.020208275498059258e+00
-5.581735935377731828e-01 -3.020208275498059258e+00 0.000000000000000000e+00 1.000000000000000021e-08 -8.824573257454386699e-01 -3.242837322076653983e+00
-8.824573257454386699e-01 -3.242837322076653983e+00 0.000000000000000000e+00 1.000000000000000021e-08 -1.277620773046766578e+00 -3.951634473013278637e+00
-1.277620773046766578e+00 -3.951634473013278637e+00 1.000000000000000000e+00 9.999000000000000110e-01 -1.570796326794896558e+00 -5.000000000000000000e+00
5.731053325553191885e-02 -3.754364157662930940e-02 0.000000000000000000e+00 1.000000000000000021e-08 1.541583367912862657e-01 9.684780353575435097e-01
1.541583367912862657e-01 9.684780353575435097e-01 1.000000000000000000e+00 1.000000000000000021e-08 2.691126446359807245e-01 1.149543078446944477e+00
2.691126446359807245e-01 1.149543078446944477e+00 1.000000000000000000e+00 1.000000000000000021e-08 4.246934020560131362e-01 1.555807574200324339e+00
4.246934020560131362e-01 1.555807574200324339e+00 1.000000000000000000e+00 1.000000000000000021e-08 6.356910423536077381e-01 2.109976402975946463e+00
6.356910423536077381e-01 2.109976402975946463e+00 1.000000000000000000e+00 1.000000000000000021e-08 9.318343768823738049e-01 2.961433345287661112e+00
9.318343768823738049e-01 2.961433345287661112e+00 2.000000000000000000e+00 1.000000000000000021e-08 1.293478182628084783e+00 3.616438057457108890e+00
1.293478182628084783e+00 3.616438057457108890e+00 2.000000000000000000e+00 9.999000000000000110e-01 1.570796326794896558e+00 4.820493274541121309e+00
-1.232314054051132472e-02 -8.372815523105260616e-02 0.000000000000000000e+00 1.000000000000000021e-08 6.886671161323246193e-02 8.118985215374378006e-01
6.886671161323246193e-02 8.118985215374378006e-01 1.000000000000000000e+00 1.000000000000000021e-08 1.478030396879618791e-01 7.893632807472940049e-01
1.478030396879618791e-01 7.893632807472940049e-01 2.000000000000000000e+00 1.000000000000000021e-08 1.506307290614963823e-01 2.827689373534514328e-02
1.506307290614963823e-01 2.827689373534514328e-02 0.000000000000000000e+00 1.000000000000000021e-08 2.527372884420444610e-01 1.021065593805480454e+00
2.527372884420444610e-01 1.021065593805480454e+00 0.000000000000000000e+00 1.000000000000000021e-08 4.985023980771330354e-01 2.457651096350885300e+00
4.985023980771330354e-01 2.457651096350885300e+00 1.000000000000000000e+00 1.000000000000000021e-08 8.298660755735308703e-01 3.313636774963978127e+00
8.298660755735308703e-01 3.313636774963978127e+00 1.000000000000000000e+00 1.000000000000000021e-08 1.265835455212643401e+00 4.359693796391125531e+00
1.265835455212643401e+00 4.359693796391125531e+00 2.000000000000000000e+00 9.999000000000000110e-01 1.570796326794896558e+00 5.000000000000000000e+00
9.067409865454005569e-03 3.297479923107160538e-02 0.000000000000000000e+00 1.000000000000000021e-08 1.172307265850478786e-01 1.081633167195938716e+00
1.172307265850478786e-01 1.081633167195938716e+00 1.000000000000000000e+00 1.000000000000000021e-08 2.416248032601665263e-01 1.243940766751186366e+00
2.416248032601665263e-01 1.243940766751186366e+00 0.000000000000000000e+00 1.000000000000000021e-08 5.048365595642416714e-01 2.632117563040751840e+00
5.048365595642416714e-01 2.632117563040751840e+00 2.000000000000000000e+00 1.000000000000000021e-08 7.703282137035698529e-01 2.654916541393281371e+00
7.703282137035698529e-01 2.654916541393281371e+00 2.000000000000000000e+00 1.000000000000000021e-08 1.071586425112811991e+00 3.012582114092420937e+00
1.071586425112811991e+00 3.012582114092420937e+00 2.000000000000000000e+00 1.000000000000000021e-08 1.465700538977771306e+00 3.941141138649591813e+00
1.465700538977771306e+00 3.941141138649591813e+00 2.000000000000000000e+00 9.999000000000000110e-01 1.570796326794896558e+00 5.000000000000000000e+00
5.598204104417282834e-02 4.912503291852567122e-02 0.000000000000000000e+00 1.000000000000000021e-08 1.486914823691196652e-01 9.270944132494682854e-01
1.486914823691196652e-01 9.270944132494682854e-01 1.000000000000000000e+00 1.000000000000000021e-08 2.728980721922359409e-01 1.242065898231162535e+00
2.728980721922359409e-01 1.242065898231162535e+00 2.000000000000000000e+00 1.000000000000000021e-08 3.694607262753819010e-01 9.656265408314597121e-01
3.694607262753819010e-01 9.656265408314597121e-01 2.000000000000000000e+00 1.000000000000000021e-08 4.505645247176144341e-01 8.110379844223253309e-01
4.505645247176144341e-01 8.110379844223253309e-01 0.000000000000000000e+00 1.000000000000000021e-08 6.904775123915517510e-01 2.399129876739373390e+00
6.904775123915517510e-01 2.399129876739373390e+00 1.000000000000000000e+00 1.000000000000000021e-08 1.017427827038073662e+00 3.269503146465217558e+00
1.017427827038073662e+00 3.269503146465217558e+00 2.000000000000000000e+00 1.000000000000000021e-08 1.433347701613581382e+00 4.159198745755078086e+00
1.433347701613581382e+00 4.159198745755078086e+00 0.000000000000000000e+00 9.999000000000000110e-01 1.570796326794896558e+00 5.000000000000000000e+00
5.788863389124992986e-02 -8.407680864503450091e-02 2.000000000000000000e+00 1.000000000000000021e-08 -3.033082624272068206e-02 -8.821946013397060637e-01
-3.033082624272068206e-02 -8.821946013397060637e-01 2.000000000000000000e+00 1.000000000000000021e-08 -2.163732257504492329e-01 -1.860423995077285397e+00
-2.163732257504492329e-01 -1.860423995077285397e+00 1.000000000000000000e+00 1.000000000000000021e-08 -4.545539457137033890e-01 -2.381807199632541394e+00
-4.545539457137033890e-01 -2.381807199632541394e+00 2.000000000000000000e+00 1.000000000000000021e-08 -8.507743767449886807e-01 -3.962204310312852584e+00
-8.507743767449886807e-01 -3.962204310312852584e+00 0.000000000000000000e+00 1.000000000000000021e-08 -1.305354616114090316e+00 -4.545802393691015020e+00
-1.305354616114090316e+00 -4.545802393691015020e+00 1.000000000000000000e+00 9.999000000000000110e-01 -1.570796326794896558e+00 -5.000000000000000000e+00
-2.420682979575770888e-02 -6.483458978700201714e-02 0.000000000000000000e+00 1.000000000000000021e-08 4.900554389039377123e-02 7.321237368615147734e-01
4.900554389039377123e-02 7.321237368615147734e-01 0.000000000000000000e+00 1.000000000000000021e-08 2.125656470016966393e-01 1.635601031113028681e+00
2.125656470016966393e-01 1.635601031113028681e+00 1.000000000000000000e+00 1.000000000000000021e-08 4.202033691508982871e-01 2.076377221492016201e+00
4.202033691508982871e-01 2.076377221492016201e+00 1.000000000000000000e+00 1.000000000000000021e-08 6.996139615156942160e-01 2.794105923647959067e+00
6.996139615156942160e-01 2.794105923647959067e+00 0.000000000000000000e+00 1.000000000000000021e-08 1.151907586551580875e+00 4.522936250358865706e+00
1.151907586551580875e+00 4.522936250358865706e+00 2.000000000000000000e+00 9.999000000000000110e-01 1.570796326794896558e+00 5.000000000000000000e+00
3.994863423664055113e-02 8.452897270569274812e-02 0.000000000000000000e+00 1.000000000000000021e-08 1.303879434960744654e-01 9.043930925943391985e-01
1.303879434960744654e-01 9.043930925943391985e-01 2.000000000000000000e+00 1.000000000000000021e-08 1.512463894682036236e-01 2.085844597212915819e-01
1.512463894682036236e-01 2.085844597212915819e-01 2.000000000000000000e+00 1.000000000000000021e-08 9.491690826282760118e-02 -5.632948120537601966e-01
9.491690826282760118e-02 -5.632948120537601966e-01 1.000000000000000000e+00 1.000000000000000021e-08 4.962387958358295548e-02 -4.529302867924464571e-01
4.962387958358295548e-02 -4.529302867924464571e-01 0.000000000000000000e+00 1.000000000000000021e-08 1.142228393312769014e-01 6.459895974769394034e-01
1.142228393312769014e-01 6.459895974769394034e-01 0.000000000000000000e+00 1.000000000000000021e-08 2.701620811979499881e-01 1.559392418666730507e+00
2.701620811979499881e-01 1.559392418666730507e+00 1.000000000000000000e+00 1.000000000000000021e-08 4.834673687158525524e-01 2.133052875179025420e+00
4.834673687158525524e-01 2.133052875179025420e+00 0.000000000000000000e+00 1.000000000000000021e-08 8.591284494311972608e-01 3.756610807153447418e+00
8.591284494311972608e-01 3.756610807153447418e+00 1.000000000000000000e+00 1.000000000000000021e-08 1.350272807769392625e+00 4.911443583381954525e+00
1.350272807769392625e+00 4.911443583381954525e+00 2.000000000000000000e+00 9.999000000000000110e-01 1.570796326794896558e+00 5.000000000000000000e+00
-6.843425005339523470e-02 7.051586589345888723e-02 2.000000000000000000e+00 1.000000000000000021e-08 -1.779109136419267101e-01 -1.094766635885314754e+00
-1.779109136419267101e-01 -1.094766635885314754e+00 2.000000000000000000e+00 1.000000000000000021e-08 -4.182295003886483120e-01 -2.403185867467215964e+00
-4.182295003886483120e-01 -2.403185867467215964e+00 2.000000000000000000e+00 1.000000000000000021e-08 -7.868727930133652126e-01 -3.686432926247168673e+00
-7.868727930133652126e-01 -3.686432926247168673e+00 0.000000000000000000e+00 1.000000000000000021e-08 -1.193006188128960421e+00 -4.061333951155950750e+00
-1.193006188128960421e+00 -4.061333951155950750e+00 2.000000000000000000e+00 9.999000000000000110e-01 -1.570796326794896558e+00 -5.000000000000000000e+00
4.028137949826376962e-02 4.239427114542392017e-02 0.000000000000000000e+00 1.000000000000000021e-08 1.286489886838215468e-01 8.836760918555777167e-01
1.286489886838215468e-01 8.836760918555777167e-01 2.000000000000000000e+00 1.000000000000000021e-08 1.554252931044797781e-01 2.677630442065821459e-01
1.554252931044797781e-01 2.677630442065821459e-01 2.000000000000000000e+00 1.000000000000000021e-08 1.353514369292290742e-01 -2.007385617525069277e-01
1.353514369292290742e-01 -2.007385617525069277e-01 0.000000000000000000e+00 1.000000000000000021e-08 2.249084437651898138e-01 8.955700683596071743e-01
2.249084437651898138e-01 8.955700683596071743e-01 1.000000000000000000e+00 1.000000000000000021e-08 3.526629269710369607e-01 1.277544832058471025e+00
3.526629269710369607e-01 1.277544832058471025e+00 0.000000000000000000e+00 1.000000000000000021e-08 6.276192005642620142e-01 2.749562735932251201e+00
6.276192005642620142e-01 2.749562735932251201e+00 2.000000000000000000e+00 1.000000000000000021e-08 9.290038382318166477e-01 3.013846376675545446e+00
9.290038382318166477e-01 3.013846376675545446e+00 2.000000000000000000e+00 1.000000000000000021e-08 1.308928347070273057e+00 3.799245088384564095e+00
1.308928347070273057e+00 3.799245088384564095e+00 1.000000000000000000e+00 9.999000000000000110e-01 1.570796326794896558e+00 5.000000000000000000e+00
1.665130084672878860e-02 -5.990322001948217290e-02 0.000000000000000000e+00 1.000000000000000021e-08 9.124896691088707490e-02 7.459766606415827450e-01
9.124896691088707490e-02 7.459766606415827450e-01 1.000000000000000000e+00 1.000000000000000021e-08 1.853305052582963630e-01 9.408153834740926591e-01
1.853305052582963630e-01 9.408153834740926591e-01 0.000000000000000000e+00 1.000000000000000021e-08 4.065253203605648791e-01 2.211948151022685050e+00
4.065253203605648791e-01 2.211948151022685050e+00 1.000000000000000000e+00 1.000000000000000021e-08 6.862012058004161030e-01 2.796758854398512906e+00
6.862012058004161030e-01 2.796758854398512906e+00 1.000000000000000000e+00 1.000000000000000021e-08 1.071686125539304202e+00 3.854849197388880100e+00
1.071686125539304202e+00 3.854849197388880100e+00 1.000000000000000000e+00 9.999000000000000110e-01 1.570796326794896558e+00 5.000000000000000000e+00
-8.657305255381254894e-02 -1.409027211136755844e-02 1.000000000000000000e+00 1.000000000000000021e-08 -1.159494155275294508e-01 -2.937636297371689631e-01
-1.159494155275294508e-01 -2.937636297371689631e-01 2.000000000000000000e+00 1.000000000000000021e-08 -2.546064306435404379e-01 -1.386570151160109621e+00
-2.546064306435404379e-01 -1.386570151160109621e+00 2.000000000000000000e+00 1.000000000000000021e-08 -5.033067239352060351e-01 -2.487002932916656306e+00
-5.033067239352060351e-01 -2.487002932916656306e+00 1.000000000000000000e+00 1.000000000000000021e-08 -8.313566485630849989e-01 -3.280499246278789638e+00
-8.313566485630849989e-01 -3.280499246278789638e+00 0.000000000000000000e+00 1.000000000000000021e-08 -1.219580631299548745e+00 -3.882239827364638352e+00
-1.219580631299548745e+00 -3.882239827364638352e+00 0.000000000000000000e+00 9.999000000000000110e-01 -1.570796326794896558e+00 -4.956565424887234173e+00
2.675008107030646051e-02 6.757624655754027043e-02 2.000000000000000000e+00 1.000000000000000021e-08 -3.726828027603899807e-02 -6.401836134634545372e-01
-3.726828027603899807e-02 -6.401836134634545372e-01 2.000000000000000000e+00 1.000000000000000021e-08 -1.963393321942566438e-01 -1.590710519182176430e+00
-1.963393321942566438e-01 -1.590710519182176430e+00 1.000000000000000000e+00 1.000000000000000021e-08 -3.920021745338735375e-01 -1.956628423396169048e+00
-3.920021745338735375e-01 -1.956628423396169048e+00 1.000000000000000000e+00 1.000000000000000021e-08 -6.642963495614562230e-01 -2.722941750275826855e+00
-6.642963495614562230e-01 -2.722941750275826855e+00 2.000000000000000000e+00 1.000000000000000021e-08 -1.097150097653126988e+00 -4.328537480916706315e+00
-1.097150097653126988e+00 -4.328537480916706315e+00 1.000000000000000000e+00 9.999000000000000110e-01 -1.570796326794896558e+00 -5.000000000000000000e+00
2.858083574008511707e-02 -1.449671810215589531e-02 0.000000000000000000e+00 1.000000000000000021e-08 1.076217387298669531e-01 7.904090298978183604e-01
1.076217387298669531e-01 7.904090298978183604e-01 2.000000000000000000e+00 1.000000000000000021e-08 1.050715735779746973e-01 -2.550165151892258564e-02
1.050715735779746973e-01 -2.550165151892258564e-02 1.000000000000000000e+00 1.000000000000000021e-08 1.301331405118540951e-01 2.506156693387938672e-01
1.301331405118540951e-01 2.506156693387938672e-01 0.000000000000000000e+00 1.000000000000000021e-08 2.782827568741019220e-01 1.481496163622478157e+00
2.782827568741019220e-01 1.481496163622478157e+00 1.000000000000000000e+00 1.000000000000000021e-08 4.624139938564892915e-01 1.841312369823873585e+00
4.624139938564892915e-01 1.841312369823873585e+00 0.000000000000000000e+00 1.000000000000000021e-08 7.917301927517033100e-01 3.293161988952139296e+00
7.917301927517033100e-01 3.293161988952139296e+00 1.000000000000000000e+00 1.000000000000000021e-08 1.221760720874725203e+00 4.300305281230218490e+00
1.221760720874725203e+00 4.300305281230218490e+00 1.000000000000000000e+00 9.999000000000000110e-01 1.570796326794896558e+00 5.000000000000000000e+00
-4.646180132630329390e-02 -3.264931542122627428e-02 1.000000000000000000e+00 1.000000000000000021e-08 -4.484824385636308752e-02 1.613557469940207767e-02
-4.484824385636308752e-02 1.613557469940207767e-02 0.000000000000000000e+00 1.000000000000000021e-08 3.114726153515053053e-02 7.599550539151360695e-01
3.114726153515053053e-02 7.599550539151360695e-01 2.000000000000000000e+00 1.000000000000000021e-08 3.787957000338733338e-02 6.732308468236802845e-02
3.787957000338733338e-02 6.732308468236802845e-02 1.000000000000000000e+00 1.000000000000000021e-08 3.679548518952326097e-02 -1.084084813864072405e-02
3.679548518952326097e-02 -1.084084813864072405e-02 1.000000000000000000e+00 1.000000000000000021e-08 3.309446650780292765e-02 -3.701018681720334713e-02
3.309446650780292765e-02 -3.701018681720334713e-02 1.000000000000000000e+00 1.000000000000000021e-08 2.721611833031590058e-02 -5.878348177487027759e-02
2.721611833031590058e-02 -5.878348177487027759e-02 1.000000000000000000e+00 1.000000000000000021e-08 9.995647893434184139e-03 -1.722047043688171575e-01
9.995647893434184139e-03 -1.722047043688171575e-01 1.000000000000000000e+00 1.000000000000000021e-08 -3.971925009020303016e-03 -1.396757290245448646e-01
-3.971925009020303016e-03 -1.396757290245448646e-01 2.000000000000000000e+00 1.000000000000000021e-08 -1.104962364509826100e-01 -1.065243114419623049e+00
-1.104962364509826100e-01 -1.065243114419623049e+00 0.000000000000000000e+00 1.000000000000000021e-08 -1.309746992376248920e-01 -2.047846278664229303e-01
-1.309746992376248920e-01 -2.047846278664229303e-01 1.000000000000000000e+00 1.000000000000000021e-08 -1.695406665372506394e-01 -3.856596729962573633e-01
-1.695406665372506394e-01 -3.856596729962573633e-01 0.000000000000000000e+00 1.000000000000000021e-08 -1.536412747933727230e-01 1.589939174387791088e-01
-1.536412747933727230e-01 1.589939174387791088e-01 0.000000000000000000e+00 1.000000000000000021e-08 -8.270854394105231489e-02 7.093273085232040254e-01
-8.270854394105231489e-02 7.093273085232040254e-01 2.000000000000000000e+00 1.000000000000000021e-08 -9.847902586055759522e-02 -1.577048191950528588e-01
-9.847902586055759522e-02 -1.577048191950528588e-01 0.000000000000000000e+00 1.000000000000000021e-08 -5.803459666733346012e-02 4.044442919322412955e-01
-5.803459666733346012e-02 4.044442919322412955e-01 2.000000000000000000e+00 1.000000000000000021e-08 -1.067102423089887064e-01 -4.867564564165524077e-01
-1.067102423089887064e-01 -4.867564564165524077e-01 1.000000000000000000e+00 1.000000000000000021e-08 -1.846897050257999273e-01 -7.797946271681122088e-01
-1.846897050257999273e-01 -7.797946271681122088e-01 2.000000000000000000e+00 1.000000000000000021e-08 -3.817753562780663024e-01 -1.970856512522663584e+00
-3.817753562780663024e-01 -1.970856512522663584e+00 1.000000000000000000e+00 1.000000000000000021e-08 -6.357446836979118165e-01 -2.539693274198455253e+00
-6.357446836979118165e-01 -2.539693274198455253e+00 2.000000000000000000e+00 1.000000000000000021e-08 -1.047019589617228519e+00 -4.112749059193167689e+00
-1.047019589617228519e+00 -4.112749059193167689e+00 0.000000000000000000e+00 1.000000000000000021e-08 -1.540570762903094026e+00 -4.935511732858655520e+00
-1.540570762903094026e+00 -4.935511732858655520e+00 0.000000000000000000e+00 9.999000000000000110e-01 -1.570796326794896558e+00 -5.000000000000000000e+00
8.070243768680035457e-02 2.097101014803018706e-02 0.000000000000000000e+00 1.000000000000000021e-08 1.873785254479665707e-01 1.066760877611662162e+00
1.873785254479665707e-01 1.066760877611662162e+00 1.000000000000000000e+00 1.000000000000000021e-08 3.296384105974892731e-01 1.422598851495227024e+00
3.296384105974892731e-01 1.422598851495227024e+00 2.000000000000000000e+00 1.000000000000000021e-08 4.462078643334767003e-01 1.165694537359874161e+00
4.462078643334767003e-01 1.165694537359874161e+00 0.000000000000000000e+00 1.000000000000000021e-08 6.992738754999963113e-01 2.530660111665196332e+00
6.992738754999963113e-01 2.530660111665196332e+00 2.000000000000000000e+00 1.000000000000000021e-08 9.755701176371101013e-01 2.762962421371137456e+00
9.755701176371101013e-01 2.762962421371137456e+00 2.000000000000000000e+00 1.000000000000000021e-08 1.321322222760349607e+00 3.457521051232393727e+00
1.321322222760349607e+00 3.457521051232393727e+00 0.000000000000000000e+00 9.999000000000000110e-01 1.570796326794896558e+00 5.000000000000000000e+00
7.853913528171997671e-02 1.565688224565637762e-02 0.000000000000000000e+00 1.000000000000000021e-08 1.986549903032001074e-01 1.201158550214801446e+00
1.986549903032001074e-01 1.201158550214801446e+00 1.000000000000000000e+00 1.000000000000000021e-08 3.637550112670989710e-01 1.651000209638988192e+00
3.637550112670989710e-01 1.651000209638988192e+00 2.000000000000000000e+00 1.000000000000000021e-08 5.188175224746672809e-01 1.550625112075682654e+00
5.188175224746672809e-01 1.550625112075682654e+00 1.000000000000000000e+00 1.000000000000000021e-08 7.613045453166297216e-01 2.424870228419623963e+00
7.613045453166297216e-01 2.424870228419623963e+00 2.000000000000000000e+00 1.000000000000000021e-08 1.057884577668224191e+00 2.965800323515944470e+00
1.057884577668224191e+00 2.965800323515944470e+00 0.000000000000000000e+00 1.000000000000000021e-08 1.523426055823823067e+00 4.655414781555987425e+00
1.523426055823823067e+00 4.655414781555987425e+00 1.000000000000000000e+00 9.999000000000000110e-01 1.570796326794896558e+00 5.000000000000000000e+00
8.058765607643034179e-02 5.124696079408564559e-02 1.000000000000000000e+00 1.000000000000000021e-08 1.163888620300227161e-01 3.580120595359236879e-01
1.163888620300227161e-01 3.580120595359236879e-01 2.000000000000000000e+00 1.000000000000000021e-08 8.596577307628694431e-02 -3.042308895373577182e-01
8.596577307628694431e-02 -3.042308895373577182e-01 2.000000000000000000e+00 1.000000000000000021e-08 -2.488121058985703904e-02 -1.108469836661439833e+00
-2.488121058985703904e-02 -1.108469836661439833e+00 2.000000000000000000e+00 1.000000000000000021e-08 -2.149888752938403091e-01 -1.901076647039832590e+00
-2.149888752938403091e-01 -1.901076647039832590e+00 1.000000000000000000e+00 1.000000000000000021e-08 -4.396389556159063794e-01 -2.246500803220660369e+00
-4.396389556159063794e-01 -2.246500803220660369e+00 1.000000000000000000e+00 1.000000000000000021e-08 -7.336350861581963922e-01 -2.939961305422900129e+00
-7.336350861581963922e-01 -2.939961305422900129e+00 2.000000000000000000e+00 1.000000000000000021e-08 -1.194005924783269945e+00 -4.603708386250735529e+00
-1.194005924783269945e+00 -4.603708386250735529e+00 0.000000000000000000e+00 9.999000000000000110e-01 -1.570796326794896558e+00 -5.000000000000000000e+00
8.548915161334351420e-02 3.557299009569152293e-02 2.000000000000000000e+00 1.000000000000000021e-08 8.593551103981994510e-03 -7.689560050936151692e-01
8.593551103981994510e-03 -7.689560050936151692e-01 1.000000000000000000e+00 1.000000000000000021e-08 -6.407858942472463570e-02 -7.267214052870663021e-01
-6.407858942472463570e-02 -7.267214052870663021e-01 1.000000000000000000e+00 1.000000000000000021e-08 -1.610054004551457751e-01 -9.692681103042113389e-01
-1.610054004551457751e-01 -9.692681103042113389e-01 1.000000000000000000e+00 1.000000000000000021e-08 -2.881892816017064263e-01 -1.271838811465606511e+00
-2.881892816017064263e-01 -1.271838811465606511e+00 1.000000000000000000e+00 1.000000000000000021e-08 -4.745620484047818888e-01 -1.863727668030754625e+00
-4.745620484047818888e-01 -1.863727668030754625e+00 0.000000000000000000e+00 1.000000000000000021e-08 -6.461787136326365699e-01 -1.716166652278546367e+00
-6.461787136326365699e-01 -1.716166652278546367e+00 2.000000000000000000e+00 1.000000000000000021e-08 -9.698902591229970893e-01 -3.237115454903604750e+00
-9.698902591229970893e-01 -3.237115454903604750e+00 1.000000000000000000e+00 1.000000000000000021e-08 -1.416493591190701951e+00 -4.466033320677047946e+00
-1.416493591190701951e+00 -4.466033320677047946e+00 0.000000000000000000e+00 9.999000000000000110e-01 -1.570796326794896558e+00 -5.000000000000000000e+00
-3.502694582385962319e-02 7.068662518851623333e-02 1.000000000000000000e+00 1.000000000000000021e-08 -2.679233500085874756e-02 8.234610823000874935e-02
-2.679233500085874756e-02 8.234610823000874935e-02 0.000000000000000000e+00 1.000000000000000021e-08 6.491903168592594309e-02 9.171136668678467885e-01
6.491903168592594309e-02 9.171136668678467885e-01 0.000000000000000000e+00 1.000000000000000021e-08 2.642482920588741235e-01 1.993292603729481804e+00
2.642482920588741235e-01 1.993292603729481804e+00 2.000000000000000000e+00 1.000000000000000021e-08 4.221429837103068405e-01 1.578946916514327059e+00
4.221429837103068405e-01 1.578946916514327059e+00 2.000000000000000000e+00 1.000000000000000021e-08 5.703728405908331522e-01 1.482298568805263228e+00
5.703728405908331522e-01 1.482298568805263228e+00 0.000000000000000000e+00 1.000000000000000021e-08 8.838695612003950597e-01 3.134967206095618852e+00
8.838695612003950597e-01 3.134967206095618852e+00 2.000000000000000000e+00 1.000000000000000021e-08 1.261764736068674786e+00 3.778951748682797707e+00
1.261764736068674786e+00 3.778951748682797707e+00 1.000000000000000000e+00 9.999000000000000110e-01 1.570796326794896558e+00 5.000000000000000000e+00
1.078504880845557179e-02 -3.173198533938600269e-02 1.000000000000000000e+00 1.000000000000000021e-08 7.163290759986350870e-03 -3.621758048469220920e-02
7.163290759986350870e-03 -3.621758048469220920e-02 0.000000000000000000e+00 1.000000000000000021e-08 7.791766942679745345e-02 7.075437866681109078e-01
7.791766942679745345e-02 7.075437866681109078e-01 1.000000000000000000e+00 1.000000000000000021e-08 1.534293138076107954e-01 7.551164438081333641e-01
1.534293138076107954e-01 7.551164438081333641e-01 1.000000000000000000e+00 1.000000000000000021e-08 2.558241869552924097e-01 1.023948731476816310e+00
2.558241869552924097e-01 1.023948731476816310e+00 0.000000000000000000e+00 1.000000000000000021e-08 4.781805402416453021e-01 2.223563532863528813e+00
4.781805402416453021e-01 2.223563532863528813e+00 0.000000000000000000e+00 1.000000000000000021e-08 8.628113879527636865e-01 3.846308477111184398e+00
8.628113879527636865e-01 3.846308477111184398e+00 0.000000000000000000e+00 1.000000000000000021e-08 1.404967591907756663e+00 5.000000000000000000e+00
1.404967591907756663e+00 5.000000000000000000e+00 1.000000000000000000e+00 9.999000000000000110e-01 1.570796326794896558e+00 5.000000000000000000e+00
-8.623473562947514548e-02 -8.378610128777375793e-03 1.000000000000000000e+00 1.000000000000000021e-08 -8.760546567570201559e-02 -1.370730046226874624e-02
-8.760546567570201559e-02 -1.370730046226874624e-02 0.000000000000000000e+00 1.000000000000000021e-08 3.674512890623760075e-04 8.797291696476439160e-01
3.674512890623760075e-04 8.797291696476439160e-01 2.000000000000000000e+00 1.000000000000000021e-08 1.536703389664581532e-02 1.499958260758343931e-01
1.536703389664581532e-02 1.499958260758343931e-01 2.000000000000000000e+00 1.000000000000000021e-08 -5.170659402924798753e-02 -6.707362792589379730e-01
-5.170659402924798753e-02 -6.707362792589379730e-01 1.000000000000000000e+00 1.000000000000000021e-08 -1.304858343481352656e-01 -7.877924031888728917e-01
-1.304858343481352656e-01 -7.877924031888728917e-01 2.000000000000000000e+00 1.000000000000000021e-08 -3.106488912334004482e-01 -1.801630568852651937e+00
-3.106488912334004482e-01 -1.801630568852651937e+00 0.000000000000000000e+00 1.000000000000000021e-08 -4.496519562286826477e-01 -1.390030649952821884e+00
-4.496519562286826477e-01 -1.390030649952821884e+00 1.000000000000000000e+00 1.000000000000000021e-08 -6.509315727045317246e-01 -2.012796164758490214e+00
-6.509315727045317246e-01 -2.012796164758490214e+00 1.000000000000000000e+00 1.000000000000000021e-08 -9.394652776973952957e-01 -2.885337049928635711e+00
-9.394652776973952957e-01 -2.885337049928635711e+00 2.000000000000000000e+00 1.000000000000000021e-08 -1.389632281102544109e+00 -4.501670034051487690e+00
-1.389632281102544109e+00 -4.501670034051487690e+00 0.000000000000000000e+00 9.999000000000000110e-01 -1.570796326794896558e+00 -5.000000000000000000e+00
-6.331988222441620184e-02 -7.610688647880696489e-02 2.000000000000000000e+00 1.000000000000000021e-08 -1.570778335353620880e-01 -9.375795131094588619e-01
-1.570778335353620880e-01 -9.375795131094588619e-01 0.000000000000000000e+00 1.000000000000000021e-08 -1.954521976718366361e-01 -3.837436413647455913e-01
-1.954521976718366361e-01 -3.837436413647455913e-01 2.000000000000000000e+00 1.000000000000000021e-08 -3.574417675108880754e-01 -1.619895698390514394e+00
-3.574417675108880754e-01 -1.619895698390514394e+00 1.000000000000000000e+00 1.000000000000000021e-08 -5.813845511252272447e-01 -2.239427836143391914e+00
-5.813845511252272447e-01 -2.239427836143391914e+00 1.000000000000000000e+00 1.000000000000000021e-08 -8.960528206556923614e-01 -3.146682695304650501e+00
-8.960528206556923614e-01 -3.146682695304650501e+00 0.000000000000000000e+00 1.000000000000000021e-08 -1.265746116744070671e+00 -3.696932960883782204e+00
-1.265746116744070671e+00 -3.696932960883782204e+00 2.000000000000000000e+00 9.999000000000000110e-01 -1.570796326794896558e+00 -5.000000000000000000e+00
-5.244167851310432837e-03 3.548747038518776376e-02 1.000000000000000000e+00 1.000000000000000021e-08 -7.618678376383356161e-03 -2.374510525072923151e-02
-7.618678376383356161e-03 -2.374510525072923151e-02 2.000000000000000000e+00 1.000000000000000021e-08 -1.086325807119553621e-01 -1.010139023355719923e+00
-1.086325807119553621e-01 -1.010139023355719923e+00 2.000000000000000000e+00 1.000000000000000021e-08 -3.093528859315449742e-01 -2.007203052195896120e+00
-3.093528859315449742e-01 -2.007203052195896120e+00 2.000000000000000000e+00 1.000000000000000021e-08 -6.508678430056218378e-01 -3.415149570740768414e+00
-6.508678430056218378e-01 -3.415149570740768414e+00 0.000000000000000000e+00 1.000000000000000021e-08 -1.028571980753846038e+00 -3.777041377482242446e+00
-1.028571980753846038e+00 -3.777041377482242446e+00 1.000000000000000000e+00 1.000000000000000021e-08 -1.522581031422564068e+00 -4.940090506687179861e+00
-1.522581031422564068e+00 -4.940090506687179861e+00 2.000000000000000000e+00 9.999000000000000110e-01 -1.570796326794896558e+00 -5.000000000000000000e+00
-4.450021308389062735e-02 -5.379115258170769770e-02 0.000000000000000000e+00 1.000000000000000021e-08 2.336074145297699356e-02 6.786095453686761259e-01
2.336074145297699356e-02 6.786095453686761259e-01 2.000000000000000000e+00 1.000000000000000021e-08 -3.259260140385730753e-04 -2.368666746701556525e-01
-3.259260140385730753e-04 -2.368666746701556525e-01 1.000000000000000000e+00 1.000000000000000021e-08 -2.637621688296470229e-02 -2.605029086892612922e-01
-2.637621688296470229e-02 -2.605029086892612922e-01 0.000000000000000000e+00 1.000000000000000021e-08 3.077157128760615867e-02 5.714778817057085680e-01
3.077157128760615867e-02 5.714778817057085680e-01 1.000000000000000000e+00 1.000000000000000021e-08 1.070049894238142146e-01 7.623341813620805318e-01
1.070049894238142146e-01 7.623341813620805318e-01 0.000000000000000000e+00 1.000000000000000021e-08 3.033934434717344142e-01 1.963884540479201801e+00
3.033934434717344142e-01 1.963884540479201801e+00 1.000000000000000000e+00 1.000000000000000021e-08 5.510653236359853713e-01 2.476718801642509238e+00
5.510653236359853713e-01 2.476718801642509238e+00 0.000000000000000000e+00 1.000000000000000021e-08 9.548129318242598584e-01 4.037476081882744872e+00
9.548129318242598584e-01 4.037476081882744872e+00 0.000000000000000000e+00 1.000000000000000021e-08 1.525753379573770330e+00 5.000000000000000000e+00
1.525753379573770330e+00 5.000000000000000000e+00 0.000000000000000000e+00 9.999000000000000110e-01 1.570796326794896558e+00 5.000000000000000000e+00
-6.709112518206308828e-02 4.897808190469143952e-02 0.000000000000000000e+00 1.000000000000000021e-08 1.208894811815280912e-02 7.918007330021589185e-01
1.208894811815280912e-02 7.918007330021589185e-01 1.000000000000000000e+00 1.000000000000000021e-08 9.525300871619529763e-02 8.316406059804248851e-01
9.525300871619529763e-02 8.316406059804248851e-01 2.000000000000000000e+00 1.000000000000000021e-08 1.131335821854512480e-01 1.788057346925595592e-01
1.131335821854512480e-01 1.788057346925595592e-01 0.000000000000000000e+00 1.000000000000000021e-08 2.316931495270295460e-01 1.185595673415782869e+00
2.316931495270295460e-01 1.185595673415782869e+00 1.000000000000000000e+00 1.000000000000000021e-08 3.785221266113951155e-01 1.468289770843655528e+00
3.785221266113951155e-01 1.468289770843655528e+00 0.000000000000000000e+00 1.000000000000000021e-08 6.613298553422577442e-01 2.828077287308625731e+00
6.613298553422577442e-01 2.828077287308625731e+00 1.000000000000000000e+00 1.000000000000000021e-08 1.033523015814979296e+00 3.721931604727215515e+00
1.033523015814979296e+00 3.721931604727215515e+00 0.000000000000000000e+00 1.000000000000000021e-08 1.567511758572037284e+00 5.000000000000000000e+00
1.567511758572037284e+00 5.000000000000000000e+00 1.000000000000000000e+00 9.999000000000000110e-01 1.570796326794896558e+00 5.000000000000000000e+00
4.421674650481606517e-02 6.056696159354859471e-02 0.000000000000000000e+00 1.000000000000000021e-08 1.544122026466061004e-01 1.101954561417900269e+00
1.544122026466061004e-01 1.101954561417900269e+00 2.000000000000000000e+00 1.000000000000000021e-08 2.211937584193580109e-01 6.678155577275188826e-01
2.211937584193580109e-01 6.678155577275188826e-01 0.000000000000000000e+00 1.000000000000000021e-08 4.103264264823158203e-01 1.891326680629577872e+00
4.103264264823158203e-01 1.891326680629577872e+00 1.000000000000000000e+00 1.000000000000000021e-08 6.525719979737053533e-01 2.422455714913895441e+00
6.525719979737053533e-01 2.422455714913895441e+00 0.000000000000000000e+00 1.000000000000000021e-08 1.054521981398012009e+00 4.019499834243067227e+00
1.054521981398012009e+00 4.019499834243067227e+00 0.000000000000000000e+00 9.999000000000000110e-01 1.570796326794896558e+00 5.000000000000000000e+00
2.610240408974029772e-02 3.304519960209904850e-02 2.000000000000000000e+00 1.000000000000000021e-08 -5.325979446017604924e-02 -7.936219854991634071e-01
-5.325979446017604924e-02 -7.936219854991634071e-01 0.000000000000000000e+00 1.000000000000000021e-08 -5.929172996794829231e-02 -6.031935507772245852e-02
-5.929172996794829231e-02 -6.031935507772245852e-02 1.000000000000000000e+00 1.000000000000000021e-08 -5.930338618333726858e-02 -1.165621538897418374e-04
-5.930338618333726858e-02 -1.165621538897418374e-04 2.000000000000000000e+00 1.000000000000000021e-08 -1.646554750428883829e-01 -1.053520888595510963e+00
-1.646554750428883829e-01 -1.053520888595510963e+00 0.000000000000000000e+00 1.000000000000000021e-08 -2.173561505741736233e-01 -5.270067553128524596e-01
-2.173561505741736233e-01 -5.270067553128524596e-01 1.000000000000000000e+00 1.000000000000000021e-08 -3.219721324494936865e-01 -1.046159818753200410e+00
-3.219721324494936865e-01 -1.046159818753200410e+00 0.000000000000000000e+00 1.000000000000000021e-08 -3.960642970933071494e-01 -7.409216464381342959e-01
-3.960642970933071494e-01 -7.409216464381342959e-01 0.000000000000000000e+00 1.000000000000000021e-08 -4.548722327635741913e-01 -5.880793567026705304e-01
-4.548722327635741913e-01 -5.880793567026705304e-01 0.000000000000000000e+00 1.000000000000000021e-08 -4.994809702979399191e-01 -4.460873753436569999e-01
-4.994809702979399191e-01 -4.460873753436569999e-01 2.000000000000000000e+00 1.000000000000000021e-08 -6.933853065239456992e-01 -1.939043362260057357e+00
-6.933853065239456992e-01 -1.939043362260057357e+00 1.000000000000000000e+00 1.000000000000000021e-08 -9.765393559159506465e-01 -2.831540493920049251e+00
-9.765393559159506465e-01 -2.831540493920049251e+00 1.000000000000000000e+00 1.000000000000000021e-08 -1.377834076064551327e+00 -4.012947201486007032e+00
-1.377834076064551327e+00 -4.012947201486007032e+00 0.000000000000000000e+00 9.999000000000000110e-01 -1.570796326794896558e+00 -5.000000000000000000e+00
-6.451858326682788358e-02 -4.036949802613479937e-02 0.000000000000000000e+00 1.000000000000000021e-08 8.137502412617722558e-03 7.265608567944560336e-01
8.137502412617722558e-03 7.265608567944560336e-01 2.000000000000000000e+00 1.000000000000000021e-08 -9.690245786698841596e-03 -1.782774819931656207e-01
-9.690245786698841596e-03 -1.782774819931656207e-01 0.000000000000000000e+00 1.000000000000000021e-08 5.444552875574359962e-02 6.413577454244243636e-01
5.444552875574359962e-02 6.413577454244243636e-01 2.000000000000000000e+00 1.000000000000000021e-08 3.764022500504408952e-02 -1.680530375069950733e-01
3.764022500504408952e-02 -1.680530375069950733e-01 2.000000000000000000e+00 1.000000000000000021e-08 -6.483273370615817710e-02 -1.024729587112022555e+00
-6.483273370615817710e-02 -1.024729587112022555e+00 0.000000000000000000e+00 1.000000000000000021e-08 -1.054005824848631701e-01 -4.056784877870499573e-01
-1.054005824848631701e-01 -4.056784877870499573e-01 2.000000000000000000e+00 1.000000000000000021e-08 -2.675306791196857548e-01 -1.621300966348226069e+00
-2.675306791196857548e-01 -1.621300966348226069e+00 2.000000000000000000e+00 1.000000000000000021e-08 -5.652111096180203464e-01 -2.976804304983346583e+00
-5.652111096180203464e-01 -2.976804304983346583e+00 1.000000000000000000e+00 1.000000000000000021e-08 -9.562562510444193586e-01 -3.910451414263989900e+00
-9.562562510444193586e-01 -3.910451414263989900e+00 1.000000000000000000e+00 1.000000000000000021e-08 -1.458776950518292814e+00 -5.000000000000000000e+00
-1.458776950518292814e+00 -5.000000000000000000e+00 2.000000000000000000e+00 9.999000000000000110e-01 -1.570796326794896558e+00 -5.000000000000000000e+00
7.812462535920581402e-03 1.221002960487481762e-02 2.000000000000000000e+00 1.000000000000000021e-08 -8.642385011293177155e-02 -9.423631264885233838e-01
-8.642385011293177155e-02 -9.423631264885233838e-01 1.000000000000000000e+00 1.000000000000000021e-08 -2.014007032540436892e-01 -1.149768531411119232e+00
-2.014007032540436892e-01 -1.149768531411119232e+00 0.000000000000000000e+00 1.000000000000000021e-08 -2.754464154506249818e-01 -7.404571219658131476e-01
-2.754464154506249818e-01 -7.404571219658131476e-01 0.000000000000000000e+00 1.000000000000000021e-08 -2.957966997060077485e-01 -2.035028425538277785e-01
-2.957966997060077485e-01 -2.035028425538277785e-01 0.000000000000000000e+00 1.000000000000000021e-08 -2.764760696088749414e-01 1.932063009713281265e-01
-2.764760696088749414e-01 1.932063009713281265e-01 2.000000000000000000e+00 1.000000000000000021e-08 -3.769277797673140640e-01 -1.004517101584391003e+00
-3.769277797673140640e-01 -1.004517101584391003e+00 2.000000000000000000e+00 1.000000000000000021e-08 -6.249009863536266751e-01 -2.479732065863126333e+00
-6.249009863536266751e-01 -2.479732065863126333e+00 0.000000000000000000e+00 1.000000000000000021e-08 -8.902042357014032792e-01 -2.653032493477766707e+00
-8.902042357014032792e-01 -2.653032493477766707e+00 0.000000000000000000e+00 1.000000000000000021e-08 -1.224113008343147069e+00 -3.339087726417437008e+00
-1.224113008343147069e+00 -3.339087726417437008e+00 0.000000000000000000e+00 9.999000000000000110e-01 -1.570796326794896558e+00 -4.472592115800517298e+00
3.847627722797210270e-02 1.545472358045002492e-02 1.000000000000000000e+00 1.000000000000000021e-08 6.211111573382299689e-02 2.363483850585089419e-01
6.211111573382299689e-02 2.363483850585089419e-01 2.000000000000000000e+00 1.000000000000000021e-08 9.412156265460810967e-03 -5.269895946836218315e-01
9.412156265460810967e-03 -5.269895946836218315e-01 0.000000000000000000e+00 1.000000000000000021e-08 5.117514307538480189e-02 4.176298680992398538e-01
5.117514307538480189e-02 4.176298680992398538e-01 1.000000000000000000e+00 1.000000000000000021e-08 1.027978601345482801e-01 5.162271705916346987e-01
1.027978601345482801e-01 5.162271705916346987e-01 2.000000000000000000e+00 1.000000000000000021e-08 7.129344002839357874e-02 -3.150442010615469579e-01
7.129344002839357874e-02 -3.150442010615469579e-01 2.000000000000000000e+00 1.000000000000000021e-08 -4.367757203337781224e-02 -1.149710120617713827e+00
-4.367757203337781224e-02 -1.149710120617713827e+00 2.000000000000000000e+00 1.000000000000000021e-08 -2.591046111313589639e-01 -2.154270390979811545e+00
-2.591046111313589639e-01 -2.154270390979811545e+00 1.000000000000000000e+00 1.000000000000000021e-08 -5.201493787405429003e-01 -2.610447676091839586e+00
-5.201493787405429003e-01 -2.610447676091839586e+00 2.000000000000000000e+00 1.000000000000000021e-08 -9.231599282876864487e-01 -4.030105495471435262e+00
-9.231599282876864487e-01 -4.030105495471435262e+00 1.000000000000000000e+00 1.000000000000000021e-08 -1.441415623160111625e+00 -5.000000000000000000e+00
-1.441415623160111625e+00 -5.000000000000000000e+00 2.000000000000000000e+00 9.999000000000000110e-01 -1.570796326794896558e+00 -5.000000000000000000e+00
