5.263722187393239660e-02 1.476393644816329995e-02 2.000000000000000000e+00 1.000000000000000021e-08 -3.017530273769013227e-02 -8.281252461162252887e-01
-3.017530273769013227e-02 -8.281252461162252887e-01 1.000000000000000000e+00 1.000000000000000021e-08 -1.247146003121234747e-01 -9.453929757443333415e-01
-1.247146003121234747e-01 -9.453929757443333415e-01 1.000000000000000000e+00 1.000000000000000021e-08 -2.239388480505767609e-01 -9.922424773845327506e-01
-2.239388480505767609e-01 -9.922424773845327506e-01 1.000000000000000000e+00 1.000000000000000021e-08 -3.589401562641612586e-01 -1.350013082135844922e+00
-3.589401562641612586e-01 -1.350013082135844922e+00 1.000000000000000000e+00 1.000000000000000021e-08 -5.586547610197940550e-01 -1.997146047556328519e+00
-5.586547610197940550e-01 -1.997146047556328519e+00 1.000000000000000000e+00 1.000000000000000021e-08 -8.536675220080079951e-01 -2.950127609882139179e+00
-8.536675220080079951e-01 -2.950127609882139179e+00 2.000000000000000000e+00 1.000000000000000021e-08 -1.302839435597856088e+00 -4.491719135898481596e+00
-1.302839435597856088e+00 -4.491719135898481596e+00 2.000000000000000000e+00 9.999000000000000110e-01 -1.570796326794896558e+00 -5.000000000000000000e+00
-1.135007498230965542e-02 -1.780683178686810753e-02 2.000000000000000000e+00 1.000000000000000021e-08 -8.719315483135893496e-02 -7.584307984904927746e-01
-8.719315483135893496e-02 -7.584307984904927746e-01 1.000000000000000000e+00 1.000000000000000021e-08 -1.933093792429339819e-01 -1.061162244115750442e+00
-1.933093792429339819e-01 -1.061162244115750442e+00 2.000000000000000000e+00 1.000000000000000021e-08 -4.092453049845361512e-01 -2.159359257416021194e+00
-4.092453049845361512e-01 -2.159359257416021194e+00 0.000000000000000000e+00 1.000000000000000021e-08 -5.959557157356810686e-01 -1.867104107511448730e+00
-5.959557157356810686e-01 -1.867104107511448730e+00 0.000000000000000000e+00 1.000000000000000021e-08 -7.997615660718254693e-01 -2.038058503361443563e+00
-7.997615660718254693e-01 -2.038058503361443563e+00 0.000000000000000000e+00 1.000000000000000021e-08 -1.053582367332138947e+00 -2.538208012603133668e+00
-1.053582367332138947e+00 -2.538208012603133668e+00 0.000000000000000000e+00 1.000000000000000021e-08 -1.393966391277552397e+00 -3.403840239454134053e+00
-1.393966391277552397e+00 -3.403840239454134053e+00 2.000000000000000000e+00 9.999000000000000110e-01 -1.570796326794896558e+00 -4.958710645369057701e+00
-3.609841500840950401e-02 1.949462112046483966e-02 0.000000000000000000e+00 1.000000000000000021e-08 4.006456463875004981e-02 7.616297964715954549e-01
4.006456463875004981e-02 7.616297964715954549e-01 1.000000000000000000e+00 1.000000000000000021e-08 1.280645276877510896e-01 8.799996304900102873e-01
1.280645276877510896e-01 8.799996304900102873e-01 2.000000000000000000e+00 1.000000000000000021e-08 1.531658532164151265e-01 2.510132552866402023e-01
1.531658532164151265e-01 2.510132552866402023e-01 2.000000000000000000e+00 1.000000000000000021e-08 1.150084983820556517e-01 -3.815735483435948039e-01
1.150084983820556517e-01 -3.815735483435948039e-01 2.000000000000000000e+00 1.000000000000000021e-08 2.126637559681870959e-03 -1.128818608223737696e+00
2.126637559681870959e-03 -1.128818608223737696e+00 1.000000000000000000e+00 1.000000000000000021e-08 -1.112418256918330239e-01 -1.133684632515148838e+00
-1.112418256918330239e-01 -1.133684632515148838e+00 2.000000000000000000e+00 1.000000000000000021e-08 -3.434892719616229328e-01 -2.322474462697899256e+00
-3.434892719616229328e-01 -2.322474462697899256e+00 0.000000000000000000e+00 1.000000000000000021e-08 -5.640690641760410795e-01 -2.205797922144181022e+00
-5.640690641760410795e-01 -2.205797922144181022e+00 1.000000000000000000e+00 1.000000000000000021e-08 -8.558711678390580335e-01 -2.918021036630168652e+00
-8.558711678390580335e-01 -2.918021036630168652e+00 2.000000000000000000e+00 1.000000000000000021e-08 -1.318108734509363389e+00 -4.622375666703053554e+00
-1.318108734509363389e+00 -4.622375666703053554e+00 2.000000000000000000e+00 9.999000000000000110e-01 -1.570796326794896558e+00 -5.000000000000000000e+00
-4.272335171696742262e-03 7.277258346518268584e-02 2.000000000000000000e+00 1.000000000000000021e-08 -9.922728409444390996e-02 -9.495494892274716214e-01
-9.922728409444390996e-02 -9.495494892274716214e-01 0.000000000000000000e+00 1.000000000000000021e-08 -1.150533136668521056e-01 -1.582602957240819563e-01
-1.150533136668521056e-01 -1.582602957240819563e-01 2.000000000000000000e+00 1.000000000000000021e-08 -2.473494979526358883e-01 -1.322961842857837800e+00
-2.473494979526358883e-01 -1.322961842857837800e+00 0.000000000000000000e+00 1.000000000000000021e-08 -3.330797596050302789e-01 -8.573026165239436835e-01
-3.330797596050302789e-01 -8.573026165239436835e-01 0.000000000000000000e+00 1.000000000000000021e-08 -3.930340155991038920e-01 -5.995425599407357975e-01
-3.930340155991038920e-01 -5.995425599407357975e-01 0.000000000000000000e+00 1.000000000000000021e-08 -4.397321710678899209e-01 -4.669815546878601786e-01
-4.397321710678899209e-01 -4.669815546878601786e-01 2.000000000000000000e+00 1.000000000000000021e-08 -6.303066273652657703e-01 -1.905744562973759049e+00
-6.303066273652657703e-01 -1.905744562973759049e+00 1.000000000000000000e+00 1.000000000000000021e-08 -9.079691594467658167e-01 -2.776625320815000464e+00
-9.079691594467658167e-01 -2.776625320815000464e+00 1.000000000000000000e+00 1.000000000000000021e-08 -1.296339421181539775e+00 -3.883702617347738695e+00
-1.296339421181539775e+00 -3.883702617347738695e+00 0.000000000000000000e+00 9.999000000000000110e-01 -1.570796326794896558e+00 -5.000000000000000000e+00
6.134018145464291416e-02 2.720196441945394589e-02 1.000000000000000000e+00 1.000000000000000021e-08 7.864982914004729764e-02 1.730964768540438070e-01
7.864982914004729764e-02 1.730964768540438070e-01 0.000000000000000000e+00 1.000000000000000021e-08 2.063353292019908247e-01 1.276855000619435021e+00
2.063353292019908247e-01 1.276855000619435021e+00 1.000000000000000000e+00 1.000000000000000021e-08 3.563861133674221526e-01 1.500507841654313168e+00
3.563861133674221526e-01 1.500507841654313168e+00 2.000000000000000000e+00 1.000000000000000021e-08 4.674709778064188304e-01 1.110848644389966777e+00
4.674709778064188304e-01 1.110848644389966777e+00 1.000000000000000000e+00 1.000000000000000021e-08 6.420271588687267439e-01 1.745561810623079690e+00
6.420271588687267439e-01 1.745561810623079690e+00 2.000000000000000000e+00 1.000000000000000021e-08 8.405223987264587304e-01 1.984952398577319865e+00
8.405223987264587304e-01 1.984952398577319865e+00 1.000000000000000000e+00 1.000000000000000021e-08 1.144437675336887228e+00 3.039152766104285419e+00
1.144437675336887228e+00 3.039152766104285419e+00 2.000000000000000000e+00 1.000000000000000021e-08 1.551502037242735277e+00 4.070643619058479601e+00
1.551502037242735277e+00 4.070643619058479601e+00 1.000000000000000000e+00 9.999000000000000110e-01 1.570796326794896558e+00 5.000000000000000000e+00
1.675296028062572828e-02 2.853408400199833328e-02 2.000000000000000000e+00 1.000000000000000021e-08 -5.837595866008282730e-02 -7.512891894070854448e-01
-5.837595866008282730e-02 -7.512891894070854448e-01 1.000000000000000000e+00 1.000000000000000021e-08 -1.527840245140663633e-01 -9.440806585398351380e-01
-1.527840245140663633e-01 -9.440806585398351380e-01 0.000000000000000000e+00 1.000000000000000021e-08 -1.851885001785570639e-01 -3.240447566449069505e-01
-1.851885001785570639e-01 -3.240447566449069505e-01 1.000000000000000000e+00 1.000000000000000021e-08 -2.342917889409307231e-01 -4.910328876237364248e-01
-2.342917889409307231e-01 -4.910328876237364248e-01 0.000000000000000000e+00 1.000000000000000021e-08 -2.375423276965090980e-01 -3.250538755578363803e-02
-2.375423276965090980e-01 -3.250538755578363803e-02 1.000000000000000000e+00 1.000000000000000021e-08 -2.764045299312777315e-01 -3.886220223476861135e-01
-2.764045299312777315e-01 -3.886220223476861135e-01 0.000000000000000000e+00 1.000000000000000021e-08 -2.946479138789099284e-01 -1.824338394763220517e-01
-2.946479138789099284e-01 -1.824338394763220517e-01 1.000000000000000000e+00 1.000000000000000021e-08 -3.595661798900058326e-01 -6.491826601109589312e-01
-3.595661798900058326e-01 -6.491826601109589312e-01 1.000000000000000000e+00 1.000000000000000021e-08 -4.723342722080716150e-01 -1.127680923180657935e+00
-4.723342722080716150e-01 -1.127680923180657935e+00 2.000000000000000000e+00 1.000000000000000021e-08 -7.404754654430054650e-01 -2.681411932349337945e+00
-7.404754654430054650e-01 -2.681411932349337945e+00 0.000000000000000000e+00 1.000000000000000021e-08 -1.047712026589816325e+00 -3.072365611468108160e+00
-1.047712026589816325e+00 -3.072365611468108160e+00 2.000000000000000000e+00 1.000000000000000021e-08 -1.517430378713606309e+00 -4.697183521237899839e+00
-1.517430378713606309e+00 -4.697183521237899839e+00 0.000000000000000000e+00 9.999000000000000110e-01 -1.570796326794896558e+00 -5.000000000000000000e+00
-7.126789073435718658e-02 5.812775647808871710e-02 0.000000000000000000e+00 1.000000000000000021e-08 7.971557027116896177e-03 7.923944776147407998e-01
7.971557027116896177e-03 7.923944776147407998e-01 1.000000000000000000e+00 1.000000000000000021e-08 8.852658299139629094e-02 8.055502596427939199e-01
8.852658299139629094e-02 8.055502596427939199e-01 1.000000000000000000e+00 1.000000000000000021e-08 1.948330564540229348e-01 1.063064734626266494e+00
1.948330564540229348e-01 1.063064734626266494e+00 1.000000000000000000e+00 1.000000000000000021e-08 3.435163749537054056e-01 1.486833184996824597e+00
3.435163749537054056e-01 1.486833184996824597e+00 2.000000000000000000e+00 1.000000000000000021e-08 4.648470886203170394e-01 1.213307136666116115e+00
4.648470886203170394e-01 1.213307136666116115e+00 0.000000000000000000e+00 1.000000000000000021e-08 7.498121298875456420e-01 2.849650412672286137e+00
7.498121298875456420e-01 2.849650412672286137e+00 0.000000000000000000e+00 1.000000000000000021e-08 1.206368696747399216e+00 4.565565668598535964e+00
1.206368696747399216e+00 4.565565668598535964e+00 1.000000000000000000e+00 9.999000000000000110e-01 1.570796326794896558e+00 5.000000000000000000e+00
-1.771135468898676207e-02 2.819309060189088834e-02 1.000000000000000000e+00 1.000000000000000021e-08 -5.867060722408039969e-03 1.184429396657872141e-01
-5.867060722408039969e-03 1.184429396657872141e-01 0.000000000000000000e+00 1.000000000000000021e-08 8.767131912496990698e-02 9.353837984737793931e-01
8.767131912496990698e-02 9.353837984737793931e-01 1.000000000000000000e+00 1.000000000000000021e-08 1.786936038729366460e-01 9.102228474796671964e-01
1.786936038729366460e-01 9.102228474796671964e-01 2.000000000000000000e+00 1.000000000000000021e-08 2.044546427474811245e-01 2.576103887454448405e-01
2.044546427474811245e-01 2.576103887454448405e-01 1.000000000000000000e+00 1.000000000000000021e-08 2.679575736674730813e-01 6.350293091999195116e-01
2.679575736674730813e-01 6.350293091999195116e-01 0.000000000000000000e+00 1.000000000000000021e-08 4.447071242601895458e-01 1.767495505927164645e+00
4.447071242601895458e-01 1.767495505927164645e+00 2.000000000000000000e+00 1.000000000000000021e-08 6.213738086755763446e-01 1.766666844153867544e+00
6.213738086755763446e-01 1.766666844153867544e+00 0.000000000000000000e+00 1.000000000000000021e-08 9.593979585986838199e-01 3.380241499231074531e+00
9.593979585986838199e-01 3.380241499231074531e+00 0.000000000000000000e+00 1.000000000000000021e-08 1.465061208107609536e+00 5.000000000000000000e+00
1.465061208107609536e+00 5.000000000000000000e+00 1.000000000000000000e+00 9.999000000000000110e-01 1.570796326794896558e+00 5.000000000000000000e+00
-4.646250077156828528e-02 7.659458465281208939e-02 1.000000000000000000e+00 1.000000000000000021e-08 -3.329455706599614151e-02 1.316794370557214100e-01
-3.329455706599614151e-02 1.316794370557214100e-01 0.000000000000000000e+00 1.000000000000000021e-08 5.246138136907727012e-02 8.575593843507340885e-01
5.246138136907727012e-02 8.575593843507340885e-01 1.000000000000000000e+00 1.000000000000000021e-08 1.362497794484325564e-01 8.378839807935527517e-01
1.362497794484325564e-01 8.378839807935527517e-01 1.000000000000000000e+00 1.000000000000000021e-08 2.414941548814804051e-01 1.052443754330478320e+00
2.414941548814804051e-01 1.052443754330478320e+00 2.000000000000000000e+00 1.000000000000000021e-08 3.061615177673180366e-01 6.466736288583762038e-01
3.061615177673180366e-01 6.466736288583762038e-01 2.000000000000000000e+00 1.000000000000000021e-08 3.275709559874064869e-01 2.140943822008846142e-01
3.275709559874064869e-01 2.140943822008846142e-01 1.000000000000000000e+00 1.000000000000000021e-08 4.107915032698356561e-01 8.322054728242914701e-01
4.107915032698356561e-01 8.322054728242914701e-01 1.000000000000000000e+00 1.000000000000000021e-08 5.656769254731697227e-01 1.548854222033341221e+00
5.656769254731697227e-01 1.548854222033341221e+00 1.000000000000000000e+00 1.000000000000000021e-08 8.119578183869511356e-01 2.462808929137814573e+00
8.119578183869511356e-01 2.462808929137814573e+00 1.000000000000000000e+00 1.000000000000000021e-08 1.172040157020897588e+00 3.600823386339463639e+00
1.172040157020897588e+00 3.600823386339463639e+00 2.000000000000000000e+00 9.999000000000000110e-01 1.570796326794896558e+00 4.630655389478088857e+00
-7.299337785965577530e-02 3.153721005312687398e-02 2.000000000000000000e+00 1.000000000000000021e-08 -1.878030307094720741e-01 -1.148096528498162794e+00
-1.878030307094720741e-01 -1.148096528498162794e+00 0.000000000000000000e+00 1.000000000000000021e-08 -2.510975529785193228e-01 -6.329452226904721535e-01
-2.510975529785193228e-01 -6.329452226904721535e-01 1.000000000000000000e+00 1.000000000000000021e-08 -3.578579005606303820e-01 -1.067603475821110814e+00
-3.578579005606303820e-01 -1.067603475821110814e+00 2.000000000000000000e+00 1.000000000000000021e-08 -6.068711624966489637e-01 -2.490132619360185817e+00
-6.068711624966489637e-01 -2.490132619360185817e+00 2.000000000000000000e+00 1.000000000000000021e-08 -1.004936806078867484e+00 -3.980656435822184314e+00
-1.004936806078867484e+00 -3.980656435822184314e+00 1.000000000000000000e+00 1.000000000000000021e-08 -1.524582005185442402e+00 -5.000000000000000000e+00
-1.524582005185442402e+00 -5.000000000000000000e+00 1.000000000000000000e+00 9.999000000000000110e-01 -1.570796326794896558e+00 -5.000000000000000000e+00
4.019124383420605295e-02 6.388567668463582261e-02 0.000000000000000000e+00 1.000000000000000021e-08 1.466621665868628188e-01 1.064709227526567714e+00
1.466621665868628188e-01 1.064709227526567714e+00 1.000000000000000000e+00 1.000000000000000021e-08 2.938098136714253350e-01 1.471476470845624718e+00
2.938098136714253350e-01 1.471476470845624718e+00 2.000000000000000000e+00 1.000000000000000021e-08 4.031532956420637581e-01 1.093434819706384120e+00
4.031532956420637581e-01 1.093434819706384120e+00 1.000000000000000000e+00 1.000000000000000021e-08 5.648426669094550601e-01 1.616893712673912464e+00
5.648426669094550601e-01 1.616893712673912464e+00 2.000000000000000000e+00 1.000000000000000021e-08 7.434912785238316779e-01 1.786486116143765734e+00
7.434912785238316779e-01 1.786486116143765734e+00 0.000000000000000000e+00 1.000000000000000021e-08 1.094361848488457634e+00 3.508705699646259113e+00
1.094361848488457634e+00 3.508705699646259113e+00 2.000000000000000000e+00 1.000000000000000021e-08 1.535322364859639910e+00 4.409605163711822762e+00
1.535322364859639910e+00 4.409605163711822762e+00 2.000000000000000000e+00 9.999000000000000110e-01 1.570796326794896558e+00 5.000000000000000000e+00
-5.378767619003104600e-02 5.873489102527249678e-02 0.000000000000000000e+00 1.000000000000000021e-08 3.944940903996214249e-02 9.323708522999318848e-01
3.944940903996214249e-02 9.323708522999318848e-01 1.000000000000000000e+00 1.000000000000000021e-08 1.428251765376068183e-01 1.033757674976446772e+00
1.428251765376068183e-01 1.033757674976446772e+00 1.000000000000000000e+00 1.000000000000000021e-08 2.631112767505218164e-01 1.202861002129150148e+00
2.631112767505218164e-01 1.202861002129150148e+00 0.000000000000000000e+00 1.000000000000000021e-08 5.132706353897961149e-01 2.501593586392742985e+00
5.132706353897961149e-01 2.501593586392742985e+00 2.000000000000000000e+00 1.000000000000000021e-08 7.781251105944650970e-01 2.648544752046690487e+00
7.781251105944650970e-01 2.648544752046690487e+00 0.000000000000000000e+00 1.000000000000000021e-08 1.198579546554153330e+00 4.204544359596881442e+00
1.198579546554153330e+00 4.204544359596881442e+00 0.000000000000000000e+00 9.999000000000000110e-01 1.570796326794896558e+00 5.000000000000000000e+00
-5.704971010262187281e-02 3.692654344913531839e-02 1.000000000000000000e+00 1.000000000000000021e-08 -5.699390790667489826e-02 5.580219594697455321e-04
-5.699390790667489826e-02 5.580219594697455321e-04 0.000000000000000000e+00 1.000000000000000021e-08 3.446063180670898285e-02 9.145453971338387555e-01
3.446063180670898285e-02 9.145453971338387555e-01 2.000000000000000000e+00 1.000000000000000021e-08 3.949297679488716906e-02 5.032344988178183431e-02
3.949297679488716906e-02 5.032344988178183431e-02 2.000000000000000000e+00 1.000000000000000021e-08 -4.473739653839142738e-02 -8.423037333327858533e-01
-4.473739653839142738e-02 -8.423037333327858533e-01 0.000000000000000000e+00 1.000000000000000021e-08 -5.256135307712418714e-02 -7.823956538732756982e-02
-5.256135307712418714e-02 -7.823956538732756982e-02 2.000000000000000000e+00 1.000000000000000021e-08 -1.718870189391812908e-01 -1.193256658620571065e+00
-1.718870189391812908e-01 -1.193256658620571065e+00 2.000000000000000000e+00 1.000000000000000021e-08 -4.141212734901294490e-01 -2.422342545509481582e+00
-4.141212734901294490e-01 -2.422342545509481582e+00 1.000000000000000000e+00 1.000000000000000021e-08 -7.344612564129004983e-01 -3.203399829227710605e+00
-7.344612564129004983e-01 -3.203399829227710605e+00 1.000000000000000000e+00 1.000000000000000021e-08 -1.151193538211191525e+00 -4.167322817982910266e+00
-1.151193538211191525e+00 -4.167322817982910266e+00 1.000000000000000000e+00 9.999000000000000110e-01 -1.570796326794896558e+00 -5.000000000000000000e+00
-4.183204416345470689e-02 -2.354602935811730968e-02 0.000000000000000000e+00 1.000000000000000021e-08 4.535466270151827795e-02 8.718670686497298483e-01
4.535466270151827795e-02 8.718670686497298483e-01 2.000000000000000000e+00 1.000000000000000021e-08 3.652250547302050843e-02 -8.832157228497772294e-02
3.652250547302050843e-02 -8.832157228497772294e-02 0.000000000000000000e+00 1.000000000000000021e-08 1.203424748703284114e-01 8.381996939730789187e-01
1.203424748703284114e-01 8.381996939730789187e-01 0.000000000000000000e+00 1.000000000000000021e-08 3.003710629221320039e-01 1.800285880518035952e+00
3.003710629221320039e-01 1.800285880518035952e+00 1.000000000000000000e+00 1.000000000000000021e-08 5.180069532985885905e-01 2.176358903764565866e+00
5.180069532985885905e-01 2.176358903764565866e+00 1.000000000000000000e+00 1.000000000000000021e-08 8.043441729353950631e-01 2.863372196368065392e+00
8.043441729353950631e-01 2.863372196368065392e+00 1.000000000000000000e+00 1.000000000000000021e-08 1.202417711595017646e+00 3.980735386596224501e+00
1.202417711595017646e+00 3.980735386596224501e+00 1.000000000000000000e+00 9.999000000000000110e-01 1.570796326794896558e+00 5.000000000000000000e+00
1.505363402431382502e-02 8.642154318773757893e-02 1.000000000000000000e+00 1.000000000000000021e-08 1.626388556462907836e-02 1.210251540315254726e-02
1.626388556462907836e-02 1.210251540315254726e-02 1.000000000000000000e+00 1.000000000000000021e-08 1.041274546626453322e-02 -5.851140098364544795e-02
1.041274546626453322e-02 -5.851140098364544795e-02 0.000000000000000000e+00 1.000000000000000021e-08 1.099947187692619233e-01 9.958197330299739525e-01
1.099947187692619233e-01 9.958197330299739525e-01 0.000000000000000000e+00 1.000000000000000021e-08 3.269546950385028294e-01 2.169599762692408618e+00
3.269546950385028294e-01 2.169599762692408618e+00 1.000000000000000000e+00 1.000000000000000021e-08 5.922649406134968819e-01 2.653102455749940525e+00
5.922649406134968819e-01 2.653102455749940525e+00 0.000000000000000000e+00 1.000000000000000021e-08 1.014865770074840023e+00 4.226008294613430749e+00
1.014865770074840023e+00 4.226008294613430749e+00 2.000000000000000000e+00 1.000000000000000021e-08 1.519318379177488687e+00 5.000000000000000000e+00
1.519318379177488687e+00 5.000000000000000000e+00 2.000000000000000000e+00 9.999000000000000110e-01 1.570796326794896558e+00 5.000000000000000000e+00
7.233911996698988434e-02 -8.507058962894917253e-02 2.000000000000000000e+00 1.000000000000000021e-08 1.132049604025520129e-03 -7.120707036296436421e-01
1.132049604025520129e-03 -7.120707036296436421e-01 0.000000000000000000e+00 1.000000000000000021e-08 1.903057892248539648e-02 1.789852931845987705e-01
1.903057892248539648e-02 1.789852931845987705e-01 0.000000000000000000e+00 1.000000000000000021e-08 1.267539966593050349e-01 1.077234177368196377e+00
1.267539966593050349e-01 1.077234177368196377e+00 2.000000000000000000e+00 1.000000000000000021e-08 1.596957429128163519e-01 3.294174625351131702e-01
1.596957429128163519e-01 3.294174625351131702e-01 1.000000000000000000e+00 1.000000000000000021e-08 2.133174978190717497e-01 5.362175490625539220e-01
2.133174978190717497e-01 5.362175490625539220e-01 1.000000000000000000e+00 1.000000000000000021e-08 3.086290706873638934e-01 9.531157286829212705e-01
3.086290706873638934e-01 9.531157286829212705e-01 2.000000000000000000e+00 1.000000000000000021e-08 3.868523377457778745e-01 7.822326705841394778e-01
3.868523377457778745e-01 7.822326705841394778e-01 0.000000000000000000e+00 1.000000000000000021e-08 6.022264040269873497e-01 2.153740662812094531e+00
6.022264040269873497e-01 2.153740662812094531e+00 2.000000000000000000e+00 1.000000000000000021e-08 8.345528652044930107e-01 2.323264611775056387e+00
8.345528652044930107e-01 2.323264611775056387e+00 1.000000000000000000e+00 1.000000000000000021e-08 1.181011178428872377e+00 3.464583132243793884e+00
1.181011178428872377e+00 3.464583132243793884e+00 1.000000000000000000e+00 9.999000000000000110e-01 1.570796326794896558e+00 4.747992023689281638e+00
2.523101868797334238e-02 -7.416988285575137896e-02 0.000000000000000000e+00 1.000000000000000021e-08 1.267689043599645182e-01 1.015378856719911793e+00
1.267689043599645182e-01 1.015378856719911793e+00 1.000000000000000000e+00 1.000000000000000021e-08 2.609781343253554375e-01 1.342092299653909304e+00
2.609781343253554375e-01 1.342092299653909304e+00 1.000000000000000000e+00 1.000000000000000021e-08 4.350424491897773027e-01 1.740643148644218652e+00
4.350424491897773027e-01 1.740643148644218652e+00 2.000000000000000000e+00 1.000000000000000021e-08 5.954003180298912401e-01 1.603578688401138708e+00
5.954003180298912401e-01 1.603578688401138708e+00 1.000000000000000000e+00 1.000000000000000021e-08 8.357996424853646467e-01 2.403993244554734066e+00
8.357996424853646467e-01 2.403993244554734066e+00 2.000000000000000000e+00 1.000000000000000021e-08 1.135595097739229509e+00 2.997954552538649509e+00
1.135595097739229509e+00 2.997954552538649509e+00 2.000000000000000000e+00 1.000000000000000021e-08 1.530778583092112122e+00 3.951834853528826130e+00
1.530778583092112122e+00 3.951834853528826130e+00 2.000000000000000000e+00 9.999000000000000110e-01 1.570796326794896558e+00 5.000000000000000000e+00
7.501918785780872789e-02 8.666972564714858773e-02 2.000000000000000000e+00 1.000000000000000021e-08 1.365821377178625534e-02 -6.136097408602246839e-01
1.365821377178625534e-02 -6.136097408602246839e-01 2.000000000000000000e+00 1.000000000000000021e-08 -1.415528791128266850e-01 -1.552110928846129223e+00
-1.415528791128266850e-01 -1.552110928846129223e+00 2.000000000000000000e+00 1.000000000000000021e-08 -4.098322906193474502e-01 -2.682794115065207485e+00
-4.098322906193474502e-01 -2.682794115065207485e+00 0.000000000000000000e+00 1.000000000000000021e-08 -6.513545203175585829e-01 -2.415222296982111327e+00
-6.513545203175585829e-01 -2.415222296982111327e+00 2.000000000000000000e+00 1.000000000000000021e-08 -1.044843126582551518e+00 -3.934886062649928906e+00
-1.044843126582551518e+00 -3.934886062649928906e+00 0.000000000000000000e+00 1.000000000000000021e-08 -1.519294172187741099e+00 -4.744510456051894920e+00
-1.519294172187741099e+00 -4.744510456051894920e+00 0.000000000000000000e+00 9.999000000000000110e-01 -1.570796326794896558e+00 -5.000000000000000000e+00
4.337582007222318126e-02 2.755390959029819023e-02 0.000000000000000000e+00 1.000000000000000021e-08 1.466449282189358494e-01 1.032691081467126626e+00
1.466449282189358494e-01 1.032691081467126626e+00 0.000000000000000000e+00 1.000000000000000021e-08 3.760267669769988275e-01 2.293818387580629725e+00
3.760267669769988275e-01 2.293818387580629725e+00 0.000000000000000000e+00 1.000000000000000021e-08 7.296573785965397851e-01 3.536306116195409466e+00
7.296573785965397851e-01 3.536306116195409466e+00 2.000000000000000000e+00 1.000000000000000021e-08 1.125573555864518349e+00 3.959161772679785862e+00
1.125573555864518349e+00 3.959161772679785862e+00 2.000000000000000000e+00 9.999000000000000110e-01 1.570796326794896558e+00 4.832916330012148265e+00
-5.532075626519597500e-03 6.955077012743404036e-03 0.000000000000000000e+00 1.000000000000000021e-08 8.349266368273192129e-02 8.902473930925151047e-01
8.349266368273192129e-02 8.902473930925151047e-01 0.000000000000000000e+00 1.000000000000000021e-08 2.633876633911269582e-01 1.798949997083949981e+00
2.633876633911269582e-01 1.798949997083949981e+00 1.000000000000000000e+00 1.000000000000000021e-08 4.734401920370546746e-01 2.100525286459276941e+00
4.734401920370546746e-01 2.100525286459276941e+00 2.000000000000000000e+00 1.000000000000000021e-08 6.904095196069603979e-01 2.169693275699057011e+00
6.904095196069603979e-01 2.169693275699057011e+00 1.000000000000000000e+00 1.000000000000000021e-08 1.016748205685723994e+00 3.263386860787636401e+00
1.016748205685723994e+00 3.263386860787636401e+00 2.000000000000000000e+00 1.000000000000000021e-08 1.423311856467526670e+00 4.065636507818025436e+00
1.423311856467526670e+00 4.065636507818025436e+00 0.000000000000000000e+00 9.999000000000000110e-01 1.570796326794896558e+00 5.000000000000000000e+00
-2.630527076002559667e-02 -6.005138704122187782e-02 1.000000000000000000e+00 1.000000000000000021e-08 -4.836436340844372378e-02 -2.205909264841812434e-01
-4.836436340844372378e-02 -2.205909264841812434e-01 0.000000000000000000e+00 1.000000000000000021e-08 -2.752902962072131809e-03 4.561146044637158781e-01
-2.752902962072131809e-03 4.561146044637158781e-01 0.000000000000000000e+00 1.000000000000000021e-08 1.368796153469228893e-01 1.396325183089950350e+00
1.368796153469228893e-01 1.396325183089950350e+00 0.000000000000000000e+00 1.000000000000000021e-08 3.780427375398859313e-01 2.411631221929630087e+00
3.780427375398859313e-01 2.411631221929630087e+00 1.000000000000000000e+00 1.000000000000000021e-08 6.719176213128761344e-01 2.938748837729901808e+00
6.719176213128761344e-01 2.938748837729901808e+00 2.000000000000000000e+00 1.000000000000000021e-08 1.007692253990652320e+00 3.357746326777761858e+00
1.007692253990652320e+00 3.357746326777761858e+00 2.000000000000000000e+00 1.000000000000000021e-08 1.422407709086416006e+00 4.147154550957637298e+00
1.422407709086416006e+00 4.147154550957637298e+00 2.000000000000000000e+00 9.999000000000000110e-01 1.570796326794896558e+00 5.000000000000000000e+00
-3.911560779624941031e-02 7.911194546728049504e-02 0.000000000000000000e+00 1.000000000000000021e-08 5.867434014272693288e-02 9.778994793897634041e-01
5.867434014272693288e-02 9.778994793897634041e-01 1.000000000000000000e+00 1.000000000000000021e-08 1.551412083450782742e-01 9.646686820235135240e-01
1.551412083450782742e-01 9.646686820235135240e-01 1.000000000000000000e+00 1.000000000000000021e-08 2.933720571789133480e-01 1.382308488338350960e+00
2.933720571789133480e-01 1.382308488338350960e+00 2.000000000000000000e+00 1.000000000000000021e-08 3.988834913860459519e-01 1.055114342071326039e+00
3.988834913860459519e-01 1.055114342071326039e+00 0.000000000000000000e+00 1.000000000000000021e-08 6.624105919023297595e-01 2.635271005162837188e+00
6.624105919023297595e-01 2.635271005162837188e+00 0.000000000000000000e+00 1.000000000000000021e-08 1.077060794236692320e+00 4.146502023343625609e+00
1.077060794236692320e+00 4.146502023343625609e+00 1.000000000000000000e+00 9.999000000000000110e-01 1.570796326794896558e+00 5.000000000000000000e+00
1.422738930841454044e-02 4.070366016270211829e-02 1.000000000000000000e+00 1.000000000000000021e-08 1.879375196807294562e-02 4.566362659658405876e-02
1.879375196807294562e-02 4.566362659658405876e-02 1.000000000000000000e+00 1.000000000000000021e-08 3.649505346385847199e-02 1.770130149578552636e-01
3.649505346385847199e-02 1.770130149578552636e-01 1.000000000000000000e+00 1.000000000000000021e-08 7.432666992834764674e-02 3.783161646448917059e-01
7.432666992834764674e-02 3.783161646448917059e-01 2.000000000000000000e+00 1.000000000000000021e-08 5.230686283462807062e-02 -2.201980709371957889e-01
5.230686283462807062e-02 -2.201980709371957889e-01 0.000000000000000000e+00 1.000000000000000021e-08 1.217427144491243923e-01 6.943585161449631338e-01
1.217427144491243923e-01 6.943585161449631338e-01 1.000000000000000000e+00 1.000000000000000021e-08 2.087338258555141435e-01 8.699111140638973172e-01
2.087338258555141435e-01 8.699111140638973172e-01 1.000000000000000000e+00 1.000000000000000021e-08 3.445124529411406344e-01 1.357786270856264910e+00
3.445124529411406344e-01 1.357786270856264910e+00 2.000000000000000000e+00 1.000000000000000021e-08 4.649608412386296297e-01 1.204483882974889841e+00
4.649608412386296297e-01 1.204483882974889841e+00 1.000000000000000000e+00 1.000000000000000021e-08 6.461130643322109401e-01 1.811522230935812994e+00
6.461130643322109401e-01 1.811522230935812994e+00 1.000000000000000000e+00 1.000000000000000021e-08 9.313895280430495305e-01 2.852764637108386125e+00
9.313895280430495305e-01 2.852764637108386125e+00 2.000000000000000000e+00 1.000000000000000021e-08 1.287075085359323356e+00 3.556855573162736928e+00
1.287075085359323356e+00 3.556855573162736928e+00 1.000000000000000000e+00 9.999000000000000110e-01 1.570796326794896558e+00 4.890801044691189148e+00
-6.249497904722931679e-02 2.966215889854781351e-02 1.000000000000000000e+00 1.000000000000000021e-08 -8.164635857379762274e-02 -1.915137952656830456e-01
-8.164635857379762274e-02 -1.915137952656830456e-01 2.000000000000000000e+00 1.000000000000000021e-08 -1.873684510413889948e-01 -1.057220924675913665e+00
-1.873684510413889948e-01 -1.057220924675913665e+00 0.000000000000000000e+00 1.000000000000000021e-08 -2.330613607000491805e-01 -4.569290965866019683e-01
-2.330613607000491805e-01 -4.569290965866019683e-01 1.000000000000000000e+00 1.000000000000000021e-08 -3.295316505689679376e-01 -9.647028986891876823e-01
-3.295316505689679376e-01 -9.647028986891876823e-01 0.000000000000000000e+00 1.000000000000000021e-08 -4.028298319959823237e-01 -7.329818142701439720e-01
-4.028298319959823237e-01 -7.329818142701439720e-01 0.000000000000000000e+00 1.000000000000000021e-08 -4.501328864308107858e-01 -4.730305443482845651e-01
-4.501328864308107858e-01 -4.730305443482845651e-01 0.000000000000000000e+00 1.000000000000000021e-08 -4.872288867654241962e-01 -3.709600033461340485e-01
-4.872288867654241962e-01 -3.709600033461340485e-01 0.000000000000000000e+00 1.000000000000000021e-08 -5.185341741479351230e-01 -3.130528738251094900e-01
-5.185341741479351230e-01 -3.130528738251094900e-01 0.000000000000000000e+00 1.000000000000000021e-08 -5.677820994932930576e-01 -4.924792534535789024e-01
-5.677820994932930576e-01 -4.924792534535789024e-01 1.000000000000000000e+00 1.000000000000000021e-08 -7.166859259720663733e-01 -1.489038264787732491e+00
-7.166859259720663733e-01 -1.489038264787732491e+00 0.000000000000000000e+00 1.000000000000000021e-08 -9.053867946899195607e-01 -1.887008687178531874e+00
-9.053867946899195607e-01 -1.887008687178531874e+00 0.000000000000000000e+00 1.000000000000000021e-08 -1.166104109668956390e+00 -2.607173149790369404e+00
-1.166104109668956390e+00 -2.607173149790369404e+00 2.000000000000000000e+00 9.999000000000000110e-01 -1.570796326794896558e+00 -4.242654047690026076e+00
2.140980190864647664e-02 5.799904301845699300e-02 0.000000000000000000e+00 1.000000000000000021e-08 1.286670654751958243e-01 1.072572635665493435e+00
1.286670654751958243e-01 1.072572635665493435e+00 2.000000000000000000e+00 1.000000000000000021e-08 1.819614867574859129e-01 5.329442128229009423e-01
1.819614867574859129e-01 5.329442128229009423e-01 1.000000000000000000e+00 1.000000000000000021e-08 2.610671124474445159e-01 7.910562568995861410e-01
2.610671124474445159e-01 7.910562568995861410e-01 2.000000000000000000e+00 1.000000000000000021e-08 3.143044605049046258e-01 5.323734805746012100e-01
3.143044605049046258e-01 5.323734805746012100e-01 1.000000000000000000e+00 1.000000000000000021e-08 4.136591133753912963e-01 9.935465287048663718e-01
4.136591133753912963e-01 9.935465287048663718e-01 0.000000000000000000e+00 1.000000000000000021e-08 6.626802008420503709e-01 2.490210874666590968e+00
6.626802008420503709e-01 2.490210874666590968e+00 2.000000000000000000e+00 1.000000000000000021e-08 9.520050035496918639e-01 2.893248027076415596e+00
9.520050035496918639e-01 2.893248027076415596e+00 1.000000000000000000e+00 1.000000000000000021e-08 1.367982157413740962e+00 4.159771538640491428e+00
1.367982157413740962e+00 4.159771538640491428e+00 1.000000000000000000e+00 9.999000000000000110e-01 1.570796326794896558e+00 5.000000000000000000e+00
-7.475902298515374467e-02 4.146042121015562631e-02 1.000000000000000000e+00 1.000000000000000021e-08 -8.006903608252395610e-02 -5.310013097370211432e-02
-8.006903608252395610e-02 -5.310013097370211432e-02 0.000000000000000000e+00 1.000000000000000021e-08 -2.187838595827608368e-02 5.819065012424786687e-01
-2.187838595827608368e-02 5.819065012424786687e-01 2.000000000000000000e+00 1.000000000000000021e-08 -4.680520168397396541e-02 -2.492681572569788173e-01
-4.680520168397396541e-02 -2.492681572569788173e-01 0.000000000000000000e+00 1.000000000000000021e-08 -1.409626855367718257e-03 4.539557482860624438e-01
-1.409626855367718257e-03 4.539557482860624438e-01 2.000000000000000000e+00 1.000000000000000021e-08 -2.819373353487973979e-02 -2.678410667951202084e-01
-2.819373353487973979e-02 -2.678410667951202084e-01 1.000000000000000000e+00 1.000000000000000021e-08 -5.674255069611364860e-02 -2.854881716123390811e-01
-5.674255069611364860e-02 -2.854881716123390811e-01 1.000000000000000000e+00 1.000000000000000021e-08 -1.015628139625573412e-01 -4.482026326644368841e-01
-1.015628139625573412e-01 -4.482026326644368841e-01 0.000000000000000000e+00 1.000000000000000021e-08 -7.669503460856259835e-02 2.486777935399474004e-01
-7.669503460856259835e-02 2.486777935399474004e-01 2.000000000000000000e+00 1.000000000000000021e-08 -1.367834863127544431e-01 -6.008845170419183646e-01
-1.367834863127544431e-01 -6.008845170419183646e-01 1.000000000000000000e+00 1.000000000000000021e-08 -2.120206865336573543e-01 -7.523720022090292225e-01
-2.120206865336573543e-01 -7.523720022090292225e-01 2.000000000000000000e+00 1.000000000000000021e-08 -4.154588602553477283e-01 -2.034381737216903296e+00
-4.154588602553477283e-01 -2.034381737216903296e+00 2.000000000000000000e+00 1.000000000000000021e-08 -7.531897314173430225e-01 -3.377308711619953385e+00
-7.531897314173430225e-01 -3.377308711619953385e+00 1.000000000000000000e+00 1.000000000000000021e-08 -1.179552839692076693e+00 -4.263631082747337153e+00
-1.179552839692076693e+00 -4.263631082747337153e+00 2.000000000000000000e+00 9.999000000000000110e-01 -1.570796326794896558e+00 -5.000000000000000000e+00
-2.609352346293690450e-02 -1.953791786153333959e-02 0.000000000000000000e+00 1.000000000000000021e-08 6.889894819677654103e-02 9.499247165971343998e-01
6.889894819677654103e-02 9.499247165971343998e-01 1.000000000000000000e+00 1.000000000000000021e-08 1.707611650819701454e-01 1.018622168851935905e+00
1.707611650819701454e-01 1.018622168851935905e+00 2.000000000000000000e+00 1.000000000000000021e-08 1.993821210408097122e-01 2.862095595883956678e-01
1.993821210408097122e-01 2.862095595883956678e-01 2.000000000000000000e+00 1.000000000000000021e-08 1.604579149067722477e-01 -3.892420613403747565e-01
1.604579149067722477e-01 -3.892420613403747565e-01 2.000000000000000000e+00 1.000000000000000021e-08 7.238702254804181557e-02 -8.807089235873042377e-01
7.238702254804181557e-02 -8.807089235873042377e-01 2.000000000000000000e+00 1.000000000000000021e-08 -1.061599763439199789e-01 -1.785469988919617723e+00
-1.061599763439199789e-01 -1.785469988919617723e+00 0.000000000000000000e+00 1.000000000000000021e-08 -2.049840192981248754e-01 -9.882404295420488261e-01
-2.049840192981248754e-01 -9.882404295420488261e-01 2.000000000000000000e+00 1.000000000000000021e-08 -4.282827183814365002e-01 -2.232986990833116359e+00
-4.282827183814365002e-01 -2.232986990833116359e+00 2.000000000000000000e+00 1.000000000000000021e-08 -7.811435727235344073e-01 -3.528608543420978627e+00
-7.811435727235344073e-01 -3.528608543420978627e+00 1.000000000000000000e+00 1.000000000000000021e-08 -1.236330784540565997e+00 -4.551872118170315673e+00
-1.236330784540565997e+00 -4.551872118170315673e+00 1.000000000000000000e+00 9.999000000000000110e-01 -1.570796326794896558e+00 -5.000000000000000000e+00
7.974118967949660186e-03 -4.633536682839489718e-02 2.000000000000000000e+00 1.000000000000000021e-08 -9.077389957570503043e-02 -9.874801854365469200e-01
-9.077389957570503043e-02 -9.874801854365469200e-01 2.000000000000000000e+00 1.000000000000000021e-08 -2.886853362812737966e-01 -1.979114367055687218e+00
-2.886853362812737966e-01 -1.979114367055687218e+00 1.000000000000000000e+00 1.000000000000000021e-08 -5.419993119257744407e-01 -2.533139756445006441e+00
-5.419993119257744407e-01 -2.533139756445006441e+00 1.000000000000000000e+00 1.000000000000000021e-08 -8.662985068947686162e-01 -3.242991949689940867e+00
-8.662985068947686162e-01 -3.242991949689940867e+00 0.000000000000000000e+00 1.000000000000000021e-08 -1.243877253520514037e+00 -3.775787466257453318e+00
-1.243877253520514037e+00 -3.775787466257453318e+00 0.000000000000000000e+00 9.999000000000000110e-01 -1.570796326794896558e+00 -4.868327039481483709e+00
-5.055167580892416801e-03 -8.623721266073752778e-02 0.000000000000000000e+00 1.000000000000000021e-08 5.832964551523166230e-02 6.338481309612407077e-01
5.832964551523166230e-02 6.338481309612407077e-01 0.000000000000000000e+00 1.000000000000000021e-08 2.068904822405155386e-01 1.485608367252838624e+00
2.068904822405155386e-01 1.485608367252838624e+00 2.000000000000000000e+00 1.000000000000000021e-08 2.917907140791210496e-01 8.490023183860553324e-01
2.917907140791210496e-01 8.490023183860553324e-01 0.000000000000000000e+00 1.000000000000000021e-08 4.954596023984716435e-01 2.036688883193506161e+00
4.954596023984716435e-01 2.036688883193506161e+00 1.000000000000000000e+00 1.000000000000000021e-08 7.715275192823485284e-01 2.760679168838767961e+00
7.715275192823485284e-01 2.760679168838767961e+00 2.000000000000000000e+00 1.000000000000000021e-08 1.092302836606494409e+00 3.207753173241458811e+00
1.092302836606494409e+00 3.207753173241458811e+00 0.000000000000000000e+00 9.999000000000000110e-01 1.570796326794896558e+00 4.916582426050186250e+00
4.375083294222098518e-02 -1.435838517061558545e-02 1.000000000000000000e+00 1.000000000000000021e-08 5.453520386143763388e-02 1.078437091921664592e-01
5.453520386143763388e-02 1.078437091921664592e-01 1.000000000000000000e+00 1.000000000000000021e-08 8.224364261657018949e-02 2.770843875513255838e-01
8.224364261657018949e-02 2.770843875513255838e-01 0.000000000000000000e+00 1.000000000000000021e-08 2.280910761947009535e-01 1.458474335781307696e+00
2.280910761947009535e-01 1.458474335781307696e+00 0.000000000000000000e+00 1.000000000000000021e-08 5.075902541267935941e-01 2.794991779320926462e+00
5.075902541267935941e-01 2.794991779320926462e+00 1.000000000000000000e+00 1.000000000000000021e-08 8.616218019407826390e-01 3.540315478139889560e+00
8.616218019407826390e-01 3.540315478139889560e+00 0.000000000000000000e+00 1.000000000000000021e-08 1.378922663438262974e+00 5.000000000000000000e+00
1.378922663438262974e+00 5.000000000000000000e+00 2.000000000000000000e+00 9.999000000000000110e-01 1.570796326794896558e+00 5.000000000000000000e+00
1.966444025310497973e-02 1.111949382105811499e-02 0.000000000000000000e+00 1.000000000000000021e-08 1.197993512624337398e-01 1.001349110093287420e+00
1.197993512624337398e-01 1.001349110093287420e+00 2.000000000000000000e+00 1.000000000000000021e-08 1.357576580703895031e-01 1.595830680795576884e-01
1.357576580703895031e-01 1.595830680795576884e-01 2.000000000000000000e+00 1.000000000000000021e-08 8.944192740483278281e-02 -4.631573066555672025e-01
8.944192740483278281e-02 -4.631573066555672025e-01 2.000000000000000000e+00 1.000000000000000021e-08 -1.694287772171748641e-02 -1.063848051265502637e+00
-1.694287772171748641e-02 -1.063848051265502637e+00 2.000000000000000000e+00 1.000000000000000021e-08 -2.143744162754825100e-01 -1.974315385537650069e+00
-2.143744162754825100e-01 -1.974315385537650069e+00 2.000000000000000000e+00 1.000000000000000021e-08 -5.298439565084526182e-01 -3.154695402329700915e+00
-5.298439565084526182e-01 -3.154695402329700915e+00 0.000000000000000000e+00 1.000000000000000021e-08 -8.509522208610675875e-01 -3.211082643526149027e+00
-8.509522208610675875e-01 -3.211082643526149027e+00 2.000000000000000000e+00 1.000000000000000021e-08 -1.331119791525013474e+00 -4.801675706639459307e+00
-1.331119791525013474e+00 -4.801675706639459307e+00 0.000000000000000000e+00 9.999000000000000110e-01 -1.570796326794896558e+00 -5.000000000000000000e+00
1.151896387348560688e-02 -4.778357952734238467e-02 2.000000000000000000e+00 1.000000000000000021e-08 -9.229987454986468554e-02 -1.038188384233502903e+00
-9.229987454986468554e-02 -1.038188384233502903e+00 2.000000000000000000e+00 1.000000000000000021e-08 -3.059551732857287987e-01 -2.136552987358641076e+00
-3.059551732857287987e-01 -2.136552987358641076e+00 2.000000000000000000e+00 1.000000000000000021e-08 -6.443220740130212176e-01 -3.383669007272923857e+00
-6.443220740130212176e-01 -3.383669007272923857e+00 1.000000000000000000e+00 1.000000000000000021e-08 -1.081078360090739432e+00 -4.367562860777181477e+00
-1.081078360090739432e+00 -4.367562860777181477e+00 0.000000000000000000e+00 9.999000000000000110e-01 -1.570796326794896558e+00 -5.000000000000000000e+00
-5.524292712262594829e-02 4.603112815054084817e-02 2.000000000000000000e+00 1.000000000000000021e-08 -1.603348394446600378e-01 -1.050919123220340978e+00
-1.603348394446600378e-01 -1.050919123220340978e+00 1.000000000000000000e+00 1.000000000000000021e-08 -2.955953831236645124e-01 -1.352605436790045079e+00
-2.955953831236645124e-01 -1.352605436790045079e+00 1.000000000000000000e+00 1.000000000000000021e-08 -4.758976160917987031e-01 -1.803022329681342129e+00
-4.758976160917987031e-01 -1.803022329681342129e+00 1.000000000000000000e+00 1.000000000000000021e-08 -7.309864724229784283e-01 -2.550888563311796364e+00
-7.309864724229784283e-01 -2.550888563311796364e+00 1.000000000000000000e+00 1.000000000000000021e-08 -1.092621072978200880e+00 -3.616346005552223630e+00
-1.092621072978200880e+00 -3.616346005552223630e+00 0.000000000000000000e+00 1.000000000000000021e-08 -1.540577335112772062e+00 -4.479562621345710483e+00
-1.540577335112772062e+00 -4.479562621345710483e+00 1.000000000000000000e+00 9.999000000000000110e-01 -1.570796326794896558e+00 -5.000000000000000000e+00
-3.460331709253908206e-02 -7.519176740871794107e-02 2.000000000000000000e+00 1.000000000000000021e-08 -1.252678767997213449e-01 -9.066455970718225732e-01
-1.252678767997213449e-01 -9.066455970718225732e-01 0.000000000000000000e+00 1.000000000000000021e-08 -1.523656037319818524e-01 -2.709772693226051299e-01
-1.523656037319818524e-01 -2.709772693226051299e-01 2.000000000000000000e+00 1.000000000000000021e-08 -2.858871619312229884e-01 -1.335215581992410971e+00
-2.858871619312229884e-01 -1.335215581992410971e+00 2.000000000000000000e+00 1.000000000000000021e-08 -5.413276658352375037e-01 -2.554405039040144487e+00
-5.413276658352375037e-01 -2.554405039040144487e+00 0.000000000000000000e+00 1.000000000000000021e-08 -7.948102925268303309e-01 -2.534826266915927384e+00
-7.948102925268303309e-01 -2.534826266915927384e+00 0.000000000000000000e+00 1.000000000000000021e-08 -1.091400558388651909e+00 -2.965902658618215337e+00
-1.091400558388651909e+00 -2.965902658618215337e+00 1.000000000000000000e+00 1.000000000000000021e-08 -1.521321515613179409e+00 -4.299209572245275446e+00
-1.521321515613179409e+00 -4.299209572245275446e+00 2.000000000000000000e+00 9.999000000000000110e-01 -1.570796326794896558e+00 -5.000000000000000000e+00
-1.414821841533742131e-02 3.013958783371855840e-02 2.000000000000000000e+00 1.000000000000000021e-08 -1.146232588995928225e-01 -1.004750404842553957e+00
-1.146232588995928225e-01 -1.004750404842553957e+00 2.000000000000000000e+00 1.000000000000000021e-08 -3.308398705229197989e-01 -2.162166116233269708e+00
-3.308398705229197989e-01 -2.162166116233269708e+00 0.000000000000000000e+00 1.000000000000000021e-08 -5.240902780238159142e-01 -1.932504075008961042e+00
-5.240902780238159142e-01 -1.932504075008961042e+00 2.000000000000000000e+00 1.000000000000000021e-08 -8.778457558539013439e-01 -3.537554778300854075e+00
-8.778457558539013439e-01 -3.537554778300854075e+00 0.000000000000000000e+00 1.000000000000000021e-08 -1.292070540707955795e+00 -4.142247848540543842e+00
-1.292070540707955795e+00 -4.142247848540543842e+00 2.000000000000000000e+00 9.999000000000000110e-01 -1.570796326794896558e+00 -5.000000000000000000e+00
8.241856901527221113e-02 -1.147109861983072049e-02 1.000000000000000000e+00 1.000000000000000021e-08 7.969803334988329047e-02 -2.720535665388915461e-02
7.969803334988329047e-02 -2.720535665388915461e-02 2.000000000000000000e+00 1.000000000000000021e-08 -6.931941733954463669e-03 -8.662997508383775136e-01
-6.931941733954463669e-03 -8.662997508383775136e-01 2.000000000000000000e+00 1.000000000000000021e-08 -1.966189042973397472e-01 -1.896869625633852863e+00
-1.966189042973397472e-01 -1.896869625633852863e+00 2.000000000000000000e+00 1.000000000000000021e-08 -4.986240831034402521e-01 -3.020051788061004938e+00
-4.986240831034402521e-01 -3.020051788061004938e+00 1.000000000000000000e+00 1.000000000000000021e-08 -8.742443189914768098e-01 -3.756202358880365022e+00
-8.742443189914768098e-01 -3.756202358880365022e+00 2.000000000000000000e+00 1.000000000000000021e-08 -1.409664081524621526e+00 -5.000000000000000000e+00
-1.409664081524621526e+00 -5.000000000000000000e+00 0.000000000000000000e+00 9.999000000000000110e-01 -1.570796326794896558e+00 -5.000000000000000000e+00
-1.764540833757599625e-02 6.703604947938543446e-02 2.000000000000000000e+00 1.000000000000000021e-08 -9.556688629682065506e-02 -7.792147795924465603e-01
-9.556688629682065506e-02 -7.792147795924465603e-01 1.000000000000000000e+00 1.000000000000000021e-08 -1.766344318845334826e-01 -8.106754558771284147e-01
-1.766344318845334826e-01 -8.106754558771284147e-01 0.000000000000000000e+00 1.000000000000000021e-08 -1.926945197097396645e-01 -1.606008782520619294e-01
-1.926945197097396645e-01 -1.606008782520619294e-01 2.000000000000000000e+00 1.000000000000000021e-08 -3.301970795478280651e-01 -1.375025598380884340e+00
-3.301970795478280651e-01 -1.375025598380884340e+00 0.000000000000000000e+00 1.000000000000000021e-08 -4.238731513373784066e-01 -9.367607178955035252e-01
-4.238731513373784066e-01 -9.367607178955035252e-01 0.000000000000000000e+00 1.000000000000000021e-08 -5.039841949048975422e-01 -8.011104356751919120e-01
-5.039841949048975422e-01 -8.011104356751919120e-01 1.000000000000000000e+00 1.000000000000000021e-08 -6.647602792415339135e-01 -1.607760843366364156e+00
-6.647602792415339135e-01 -1.607760843366364156e+00 2.000000000000000000e+00 1.000000000000000021e-08 -1.000825063917184510e+00 -3.360647846756505075e+00
-1.000825063917184510e+00 -3.360647846756505075e+00 0.000000000000000000e+00 1.000000000000000021e-08 -1.418366223179147845e+00 -4.175411592619632017e+00
-1.418366223179147845e+00 -4.175411592619632017e+00 1.000000000000000000e+00 9.999000000000000110e-01 -1.570796326794896558e+00 -5.000000000000000000e+00
8.488269598818999617e-02 5.248911870242624345e-02 2.000000000000000000e+00 1.000000000000000021e-08 2.713254118550234573e-02 -5.775015480268764767e-01
2.713254118550234573e-02 -5.775015480268764767e-01 0.000000000000000000e+00 1.000000000000000021e-08 6.559653528351577778e-02 3.846399409801343205e-01
6.559653528351577778e-02 3.846399409801343205e-01 0.000000000000000000e+00 1.000000000000000021e-08 2.083650070118335806e-01 1.427684717283177918e+00
2.083650070118335806e-01 1.427684717283177918e+00 1.000000000000000000e+00 1.000000000000000021e-08 3.912074993617471463e-01 1.828424923499135879e+00
3.912074993617471463e-01 1.828424923499135879e+00 2.000000000000000000e+00 1.000000000000000021e-08 5.553547790595753098e-01 1.641472796978281190e+00
5.553547790595753098e-01 1.641472796978281190e+00 1.000000000000000000e+00 1.000000000000000021e-08 8.070927429634131567e-01 2.517379639038377803e+00
8.070927429634131567e-01 2.517379639038377803e+00 2.000000000000000000e+00 1.000000000000000021e-08 1.111480610250102918e+00 3.043878672866896729e+00
1.111480610250102918e+00 3.043878672866896729e+00 1.000000000000000000e+00 1.000000000000000021e-08 1.540001695707021501e+00 4.285210854569184491e+00
1.540001695707021501e+00 4.285210854569184491e+00 2.000000000000000000e+00 9.999000000000000110e-01 1.570796326794896558e+00 5.000000000000000000e+00
7.434816417476534933e-02 -2.915465927926213369e-02 0.000000000000000000e+00 1.000000000000000021e-08 1.550315747729856253e-01 8.068341059822028427e-01
1.550315747729856253e-01 8.068341059822028427e-01 2.000000000000000000e+00 1.000000000000000021e-08 1.728753604455207926e-01 1.784378567253516179e-01
1.728753604455207926e-01 1.784378567253516179e-01 0.000000000000000000e+00 1.000000000000000021e-08 3.125948139307404006e-01 1.397194534852195691e+00
3.125948139307404006e-01 1.397194534852195691e+00 0.000000000000000000e+00 1.000000000000000021e-08 5.854711973933970359e-01 2.728763834626565910e+00
5.854711973933970359e-01 2.728763834626565910e+00 1.000000000000000000e+00 1.000000000000000021e-08 9.327332860062191866e-01 3.472620886128221507e+00
9.327332860062191866e-01 3.472620886128221507e+00 1.000000000000000000e+00 1.000000000000000021e-08 1.402693516827595799e+00 4.699602308213765234e+00
1.402693516827595799e+00 4.699602308213765234e+00 1.000000000000000000e+00 9.999000000000000110e-01 1.570796326794896558e+00 5.000000000000000000e+00
1.670184542171078770e-02 9.505975637172561082e-03 0.000000000000000000e+00 1.000000000000000021e-08 1.238382787534056534e-01 1.071364333316948692e+00
1.238382787534056534e-01 1.071364333316948692e+00 2.000000000000000000e+00 1.000000000000000021e-08 1.568873090642133594e-01 3.304903031080771436e-01
1.568873090642133594e-01 3.304903031080771436e-01 0.000000000000000000e+00 1.000000000000000021e-08 2.931225246361290337e-01 1.362352155719156688e+00
2.931225246361290337e-01 1.362352155719156688e+00 2.000000000000000000e+00 1.000000000000000021e-08 3.834529679879423725e-01 9.033044335181332762e-01
3.834529679879423725e-01 9.033044335181332762e-01 1.000000000000000000e+00 1.000000000000000021e-08 5.507958011302309664e-01 1.673428331422885718e+00
5.507958011302309664e-01 1.673428331422885718e+00 2.000000000000000000e+00 1.000000000000000021e-08 7.341969888626672658e-01 1.834011877324362993e+00
7.341969888626672658e-01 1.834011877324362993e+00 1.000000000000000000e+00 1.000000000000000021e-08 1.020336073762409423e+00 2.861390848997420910e+00
1.020336073762409423e+00 2.861390848997420910e+00 0.000000000000000000e+00 1.000000000000000021e-08 1.471566999189213742e+00 4.512309254268043190e+00
1.471566999189213742e+00 4.512309254268043190e+00 0.000000000000000000e+00 9.999000000000000110e-01 1.570796326794896558e+00 5.000000000000000000e+00
6.567382514387390402e-02 -6.933940026575616256e-04 2.000000000000000000e+00 1.000000000000000021e-08 3.695207582476427166e-03 -6.197861756139747547e-01
3.695207582476427166e-03 -6.197861756139747547e-01 2.000000000000000000e+00 1.000000000000000021e-08 -1.292036128568829489e-01 -1.328988204393593886e+00
-1.292036128568829489e-01 -1.328988204393593886e+00 2.000000000000000000e+00 1.000000000000000021e-08 -3.598012750423518202e-01 -2.305976621854688879e+00
-3.598012750423518202e-01 -2.305976621854688879e+00 1.000000000000000000e+00 1.000000000000000021e-08 -6.584430834356961304e-01 -2.986418083933442880e+00
-6.584430834356961304e-01 -2.986418083933442880e+00 2.000000000000000000e+00 1.000000000000000021e-08 -1.117460369125142572e+00 -4.590172856894463749e+00
-1.117460369125142572e+00 -4.590172856894463749e+00 2.000000000000000000e+00 9.999000000000000110e-01 -1.570796326794896558e+00 -5.000000000000000000e+00
2.134720223778609899e-03 9.785995151987726681e-04 1.000000000000000000e+00 1.000000000000000021e-08 5.844498818089009784e-03 3.709778594310399191e-02
5.844498818089009784e-03 3.709778594310399191e-02 1.000000000000000000e+00 1.000000000000000021e-08 8.801659784147354559e-03 2.957160966058345469e-02
8.801659784147354559e-03 2.957160966058345469e-02 1.000000000000000000e+00 1.000000000000000021e-08 5.722500820904553691e-03 -3.079158963242800695e-02
5.722500820904553691e-03 -3.079158963242800695e-02 2.000000000000000000e+00 1.000000000000000021e-08 -9.687830960107952916e-02 -1.026008104219840789e+00
-9.687830960107952916e-02 -1.026008104219840789e+00 1.000000000000000000e+00 1.000000000000000021e-08 -2.275337953009115011e-01 -1.306554856998319414e+00
-2.275337953009115011e-01 -1.306554856998319414e+00 1.000000000000000000e+00 1.000000000000000021e-08 -3.923733981256422032e-01 -1.648396028247306910e+00
-3.923733981256422032e-01 -1.648396028247306910e+00 2.000000000000000000e+00 1.000000000000000021e-08 -6.998715143884802758e-01 -3.074981162628380282e+00
-6.998715143884802758e-01 -3.074981162628380282e+00 2.000000000000000000e+00 1.000000000000000021e-08 -1.158350561694095227e+00 -4.584790473056148841e+00
-1.158350561694095227e+00 -4.584790473056148841e+00 0.000000000000000000e+00 9.999000000000000110e-01 -1.570796326794896558e+00 -5.000000000000000000e+00
3.625834410925719842e-02 -1.234836177346737562e-02 0.000000000000000000e+00 1.000000000000000021e-08 1.161581102217566913e-01 7.989976611249949290e-01
1.161581102217566913e-01 7.989976611249949290e-01 0.000000000000000000e+00 1.000000000000000021e-08 3.075513556424100958e-01 1.913932454206534128e+00
3.075513556424100958e-01 1.913932454206534128e+00 0.000000000000000000e+00 1.000000000000000021e-08 6.452480393132746794e-01 3.376966836708645836e+00
6.452480393132746794e-01 3.376966836708645836e+00 0.000000000000000000e+00 1.000000000000000021e-08 1.140058055335535503e+00 4.948100160222606902e+00
1.140058055335535503e+00 4.948100160222606902e+00 0.000000000000000000e+00 9.999000000000000110e-01 1.570796326794896558e+00 5.000000000000000000e+00
6.033513182627028848e-03 -6.079588550883056886e-02 2.000000000000000000e+00 1.000000000000000021e-08 -1.047665971089798281e-01 -1.108001102916068570e+00
-1.047665971089798281e-01 -1.108001102916068570e+00 2.000000000000000000e+00 1.000000000000000021e-08 -3.365048258255890490e-01 -2.317382287166092070e+00
-3.365048258255890490e-01 -2.317382287166092070e+00 0.000000000000000000e+00 1.000000000000000021e-08 -5.386880041189407997e-01 -2.021831782933517729e+00
-5.386880041189407997e-01 -2.021831782933517729e+00 2.000000000000000000e+00 1.000000000000000021e-08 -9.045776560488367757e-01 -3.658896519298958872e+00
-9.045776560488367757e-01 -3.658896519298958872e+00 2.000000000000000000e+00 1.000000000000000021e-08 -1.429971626900161663e+00 -5.000000000000000000e+00
-1.429971626900161663e+00 -5.000000000000000000e+00 1.000000000000000000e+00 9.999000000000000110e-01 -1.570796326794896558e+00 -5.000000000000000000e+00
7.969595403103362646e-03 1.710964680350486600e-02 0.000000000000000000e+00 1.000000000000000021e-08 9.374819978477233473e-02 8.577860438166896584e-01
9.374819978477233473e-02 8.577860438166896584e-01 1.000000000000000000e+00 1.000000000000000021e-08 1.830853443123877378e-01 8.933714452761539748e-01
1.830853443123877378e-01 8.933714452761539748e-01 0.000000000000000000e+00 1.000000000000000021e-08 3.812323564499480733e-01 1.981470121375603188e+00
3.812323564499480733e-01 1.981470121375603188e+00 2.000000000000000000e+00 1.000000000000000021e-08 5.552398546918795308e-01 1.740074982419314686e+00
5.552398546918795308e-01 1.740074982419314686e+00 0.000000000000000000e+00 1.000000000000000021e-08 8.815013611986761699e-01 3.262615065067965503e+00
8.815013611986761699e-01 3.262615065067965503e+00 1.000000000000000000e+00 1.000000000000000021e-08 1.329484556331884670e+00 4.479831951332084117e+00
1.329484556331884670e+00 4.479831951332084117e+00 0.000000000000000000e+00 9.999000000000000110e-01 1.570796326794896558e+00 5.000000000000000000e+00
4.268821936994668387e-02 1.197616183144647323e-02 2.000000000000000000e+00 1.000000000000000021e-08 -2.902570976949758741e-02 -7.171392913944426573e-01
-2.902570976949758741e-02 -7.171392913944426573e-01 0.000000000000000000e+00 1.000000000000000021e-08 -1.721478511175941056e-02 1.181092465773817546e-01
-1.721478511175941056e-02 1.181092465773817546e-01 1.000000000000000000e+00 1.000000000000000021e-08 -1.715789584090459882e-02 5.688927085481104706e-04
-1.715789584090459882e-02 5.688927085481104706e-04 0.000000000000000000e+00 1.000000000000000021e-08 6.363166387296907700e-02 8.078955971387367097e-01
6.363166387296907700e-02 8.078955971387367097e-01 0.000000000000000000e+00 1.000000000000000021e-08 2.343078811483229607e-01 1.706762172753538476e+00
2.343078811483229607e-01 1.706762172753538476e+00 2.000000000000000000e+00 1.000000000000000021e-08 3.573557182225076123e-01 1.230478370741846295e+00
3.573557182225076123e-01 1.230478370741846295e+00 1.000000000000000000e+00 1.000000000000000021e-08 5.499573638664126962e-01 1.926016456439050728e+00
5.499573638664126962e-01 1.926016456439050728e+00 0.000000000000000000e+00 1.000000000000000021e-08 8.924918127549945623e-01 3.425344488885818439e+00
8.924918127549945623e-01 3.425344488885818439e+00 2.000000000000000000e+00 1.000000000000000021e-08 1.295820661650368688e+00 4.033288488953740369e+00
1.295820661650368688e+00 4.033288488953740369e+00 0.000000000000000000e+00 9.999000000000000110e-01 1.570796326794896558e+00 5.000000000000000000e+00
5.049962870549276617e-02 -4.629713848656936276e-02 0.000000000000000000e+00 1.000000000000000021e-08 1.348932727353050198e-01 8.439364402981224256e-01
1.348932727353050198e-01 8.439364402981224256e-01 1.000000000000000000e+00 1.000000000000000021e-08 2.451386905549677586e-01 1.102454178196627277e+00
2.451386905549677586e-01 1.102454178196627277e+00 0.000000000000000000e+00 1.000000000000000021e-08 4.893862465395359407e-01 2.442475559845681765e+00
4.893862465395359407e-01 2.442475559845681765e+00 2.000000000000000000e+00 1.000000000000000021e-08 7.460010369788756535e-01 2.566147904393397017e+00
7.460010369788756535e-01 2.566147904393397017e+00 1.000000000000000000e+00 1.000000000000000021e-08 1.111853370166953514e+00 3.658523331880779494e+00
1.111853370166953514e+00 3.658523331880779494e+00 1.000000000000000000e+00 9.999000000000000110e-01 1.570796326794896558e+00 4.879058224020204726e+00
1.196613708455123576e-02 1.586186916466156283e-02 0.000000000000000000e+00 1.000000000000000021e-08 1.167049494951081789e-01 1.047388124105569362e+00
1.167049494951081789e-01 1.047388124105569362e+00 0.000000000000000000e+00 1.000000000000000021e-08 3.397555966320834342e-01 2.230506471369752663e+00
3.397555966320834342e-01 2.230506471369752663e+00 1.000000000000000000e+00 1.000000000000000021e-08 6.177624340013485593e-01 2.780068373692651029e+00
6.177624340013485593e-01 2.780068373692651029e+00 1.000000000000000000e+00 1.000000000000000021e-08 9.905608999612873777e-01 3.727984659599388628e+00
9.905608999612873777e-01 3.727984659599388628e+00 0.000000000000000000e+00 1.000000000000000021e-08 1.524090991768481063e+00 5.000000000000000000e+00
1.524090991768481063e+00 5.000000000000000000e+00 0.000000000000000000e+00 9.999000000000000110e-01 1.570796326794896558e+00 5.000000000000000000e+00
-7.282477728336457512e-02 3.307035643685708737e-02 0.000000000000000000e+00 1.000000000000000021e-08 2.108536823830778340e-02 9.391014552167235019e-01
2.108536823830778340e-02 9.391014552167235019e-01 0.000000000000000000e+00 1.000000000000000021e-08 1.983352373710090544e-01 1.772498691327012654e+00
1.983352373710090544e-01 1.772498691327012654e+00 1.000000000000000000e+00 1.000000000000000021e-08 4.002713820764520758e-01 2.019361447054430325e+00
4.002713820764520758e-01 2.019361447054430325e+00 2.000000000000000000e+00 1.000000000000000021e-08 5.780533030584676935e-01 1.777819209820155733e+00
5.780533030584676935e-01 1.777819209820155733e+00 2.000000000000000000e+00 1.000000000000000021e-08 7.861690239496585964e-01 2.081157208911908363e+00
7.861690239496585964e-01 2.081157208911908363e+00 1.000000000000000000e+00 1.000000000000000021e-08 1.101128391375698623e+00 3.149593674260400267e+00
1.101128391375698623e+00 3.149593674260400267e+00 0.000000000000000000e+00 9.999000000000000110e-01 1.570796326794896558e+00 4.742259267676988799e+00
3.081092965498511554e-02 -4.852053376264136436e-03 2.000000000000000000e+00 1.000000000000000021e-08 -3.999422468690267546e-02 -7.080515434188778823e-01
-3.999422468690267546e-02 -7.080515434188778823e-01 0.000000000000000000e+00 1.000000000000000021e-08 -1.857369742617389144e-02 2.142052726072878333e-01
-1.857369742617389144e-02 2.142052726072878333e-01 0.000000000000000000e+00 1.000000000000000021e-08 9.330205112236517051e-02 1.118757485485390557e+00
9.330205112236517051e-02 1.118757485485390557e+00 1.000000000000000000e+00 1.000000000000000021e-08 2.182870067717938567e-01 1.249849556494286640e+00
2.182870067717938567e-01 1.249849556494286640e+00 1.000000000000000000e+00 1.000000000000000021e-08 3.637636976882260842e-01 1.454766909164322275e+00
3.637636976882260842e-01 1.454766909164322275e+00 1.000000000000000000e+00 1.000000000000000021e-08 5.739222655415480157e-01 2.101585678533218982e+00
5.739222655415480157e-01 2.101585678533218982e+00 1.000000000000000000e+00 1.000000000000000021e-08 8.612905851288937820e-01 2.873683195873457663e+00
8.612905851288937820e-01 2.873683195873457663e+00 2.000000000000000000e+00 1.000000000000000021e-08 1.198982340939688918e+00 3.376917558107950246e+00
1.198982340939688918e+00 3.376917558107950246e+00 2.000000000000000000e+00 9.999000000000000110e-01 1.570796326794896558e+00 4.450095815972074931e+00
2.017518359268598641e-02 5.204975734655389180e-03 1.000000000000000000e+00 1.000000000000000021e-08 2.118450339707163635e-02 1.009319804385650637e-02
2.118450339707163635e-02 1.009319804385650637e-02 1.000000000000000000e+00 1.000000000000000021e-08 3.780228424468088516e-02 1.661778084760924812e-01
3.780228424468088516e-02 1.661778084760924812e-01 0.000000000000000000e+00 1.000000000000000021e-08 1.527918104269827826e-01 1.149895261823018933e+00
1.527918104269827826e-01 1.149895261823018933e+00 0.000000000000000000e+00 1.000000000000000021e-08 3.902984719305224726e-01 2.375066615035397177e+00
3.902984719305224726e-01 2.375066615035397177e+00 1.000000000000000000e+00 1.000000000000000021e-08 6.793399073524624132e-01 2.890414354219399407e+00
6.793399073524624132e-01 2.890414354219399407e+00 2.000000000000000000e+00 1.000000000000000021e-08 1.008513610696701868e+00 3.291737033442393656e+00
1.008513610696701868e+00 3.291737033442393656e+00 2.000000000000000000e+00 1.000000000000000021e-08 1.417254367505758283e+00 4.087407568090563714e+00
1.417254367505758283e+00 4.087407568090563714e+00 2.000000000000000000e+00 9.999000000000000110e-01 1.570796326794896558e+00 5.000000000000000000e+00
6.208673509475159946e-02 5.069600658155783840e-02 1.000000000000000000e+00 1.000000000000000021e-08 6.268511814387020542e-02 5.983830491186087341e-03
6.268511814387020542e-02 5.983830491186087341e-03 2.000000000000000000e+00 1.000000000000000021e-08 -3.866876125643708972e-03 -6.655199426951391439e-01
-3.866876125643708972e-03 -6.655199426951391439e-01 2.000000000000000000e+00 1.000000000000000021e-08 -1.487812501814443633e-01 -1.449143740558006543e+00
-1.487812501814443633e-01 -1.449143740558006543e+00 1.000000000000000000e+00 1.000000000000000021e-08 -3.056361603927725268e-01 -1.568549102113281357e+00
-3.056361603927725268e-01 -1.568549102113281357e+00 2.000000000000000000e+00 1.000000000000000021e-08 -6.071103937591239008e-01 -3.014742333663513296e+00
-6.071103937591239008e-01 -3.014742333663513296e+00 2.000000000000000000e+00 1.000000000000000021e-08 -1.052880969516102327e+00 -4.457705757569783600e+00
-1.052880969516102327e+00 -4.457705757569783600e+00 0.000000000000000000e+00 9.999000000000000110e-01 -1.570796326794896558e+00 -5.000000000000000000e+00
-1.781912128929220851e-02 -4.706347573537759954e-02 1.000000000000000000e+00 1.000000000000000021e-08 -2.062950671514691622e-02 -2.810385425854707020e-02
-2.062950671514691622e-02 -2.810385425854707020e-02 1.000000000000000000e+00 1.000000000000000021e-08 -2.519133072075717752e-02 -4.561824005610259913e-02
-2.519133072075717752e-02 -4.561824005610259913e-02 1.000000000000000000e+00 1.000000000000000021e-08 -4.016138936890752131e-02 -1.497005864815034726e-01
-4.016138936890752131e-02 -1.497005864815034726e-01 0.000000000000000000e+00 1.000000000000000021e-08 2.340911870555204000e-02 6.357050807445956409e-01
2.340911870555204000e-02 6.357050807445956409e-01 1.000000000000000000e+00 1.000000000000000021e-08 8.433194745553498906e-02 6.092282874998293796e-01
8.433194745553498906e-02 6.092282874998293796e-01 1.000000000000000000e+00 1.000000000000000021e-08 1.528544804106780064e-01 6.852253295514301179e-01
1.528544804106780064e-01 6.852253295514301179e-01 1.000000000000000000e+00 1.000000000000000021e-08 2.582109510069448000e-01 1.053564705962668047e+00
2.582109510069448000e-01 1.053564705962668047e+00 2.000000000000000000e+00 1.000000000000000021e-08 3.327935079365397231e-01 7.458255692959491201e-01
3.327935079365397231e-01 7.458255692959491201e-01 2.000000000000000000e+00 1.000000000000000021e-08 3.920573857770735526e-01 5.926387784053380736e-01
3.920573857770735526e-01 5.926387784053380736e-01 2.000000000000000000e+00 1.000000000000000021e-08 4.263298798680860702e-01 3.427249409101251754e-01
4.263298798680860702e-01 3.427249409101251754e-01 1.000000000000000000e+00 1.000000000000000021e-08 5.445740091636084301e-01 1.182441292955223044e+00
5.445740091636084301e-01 1.182441292955223044e+00 0.000000000000000000e+00 1.000000000000000021e-08 8.142810374355957670e-01 2.697070282719872480e+00
8.142810374355957670e-01 2.697070282719872480e+00 2.000000000000000000e+00 1.000000000000000021e-08 1.140330993282985927e+00 3.260499558473902049e+00
1.140330993282985927e+00 3.260499558473902049e+00 0.000000000000000000e+00 9.999000000000000110e-01 1.570796326794896558e+00 4.910151687234781903e+00
7.787459968705537361e-02 -1.030178116986306576e-02 2.000000000000000000e+00 1.000000000000000021e-08 1.715125144171630173e-02 -6.072334824533907049e-01
1.715125144171630173e-02 -6.072334824533907049e-01 0.000000000000000000e+00 1.000000000000000021e-08 3.854241321750857818e-02 2.139116177579227784e-01
3.854241321750857818e-02 2.139116177579227784e-01 0.000000000000000000e+00 1.000000000000000021e-08 1.659025028759087417e-01 1.273600896584001330e+00
1.659025028759087417e-01 1.273600896584001330e+00 2.000000000000000000e+00 1.000000000000000021e-08 2.308276316723207322e-01 6.492512879641196832e-01
2.308276316723207322e-01 6.492512879641196832e-01 1.000000000000000000e+00 1.000000000000000021e-08 3.482082009257506106e-01 1.173805692534298561e+00
3.482082009257506106e-01 1.173805692534298561e+00 1.000000000000000000e+00 1.000000000000000021e-08 5.296195840108495201e-01 1.814113830850989428e+00
5.296195840108495201e-01 1.814113830850989428e+00 1.000000000000000000e+00 1.000000000000000021e-08 7.810142548320420097e-01 2.513946708211924896e+00
7.810142548320420097e-01 2.513946708211924896e+00 2.000000000000000000e+00 1.000000000000000021e-08 1.071290878637536137e+00 2.902766238054941272e+00
1.071290878637536137e+00 2.902766238054941272e+00 1.000000000000000000e+00 1.000000000000000021e-08 1.492235953138318028e+00 4.209450745007818462e+00
1.492235953138318028e+00 4.209450745007818462e+00 2.000000000000000000e+00 9.999000000000000110e-01 1.570796326794896558e+00 5.000000000000000000e+00
7.481453579078380101e-02 7.901379965298013786e-02 1.000000000000000000e+00 1.000000000000000021e-08 1.011357436652329800e-01 2.632120787444917065e-01
1.011357436652329800e-01 2.632120787444917065e-01 1.000000000000000000e+00 1.000000000000000021e-08 1.564101788180584096e-01 5.527443515282541853e-01
1.564101788180584096e-01 5.527443515282541853e-01 0.000000000000000000e+00 1.000000000000000021e-08 3.087179868173499653e-01 1.523078079992915335e+00
3.087179868173499653e-01 1.523078079992915335e+00 0.000000000000000000e+00 1.000000000000000021e-08 5.837998710705530891e-01 2.750818842532031017e+00
5.837998710705530891e-01 2.750818842532031017e+00 0.000000000000000000e+00 1.000000000000000021e-08 1.023645607717760253e+00 4.398457366472072749e+00
1.023645607717760253e+00 4.398457366472072749e+00 1.000000000000000000e+00 9.999000000000000110e-01 1.570796326794896558e+00 5.000000000000000000e+00
-4.708659403009371469e-02 -7.841388948445102147e-02 0.000000000000000000e+00 1.000000000000000021e-08 3.616397740075626144e-02 8.325057143084997335e-01
3.616397740075626144e-02 8.325057143084997335e-01 1.000000000000000000e+00 1.000000000000000021e-08 1.343911577397612911e-01 9.822718033900501577e-01
1.343911577397612911e-01 9.822718033900501577e-01 0.000000000000000000e+00 1.000000000000000021e-08 3.350015339567710693e-01 2.006103762170097671e+00
3.350015339567710693e-01 2.006103762170097671e+00 1.000000000000000000e+00 1.000000000000000021e-08 5.799199971336168602e-01 2.449184631768458242e+00
5.799199971336168602e-01 2.449184631768458242e+00 1.000000000000000000e+00 1.000000000000000021e-08 9.042909392887330533e-01 3.243709421551161931e+00
9.042909392887330533e-01 3.243709421551161931e+00 2.000000000000000000e+00 1.000000000000000021e-08 1.294632190501387559e+00 3.903412512126545053e+00
1.294632190501387559e+00 3.903412512126545053e+00 0.000000000000000000e+00 9.999000000000000110e-01 1.570796326794896558e+00 5.000000000000000000e+00
-2.876231933436554367e-02 7.446312609600513888e-02 2.000000000000000000e+00 1.000000000000000021e-08 -1.276489217939739684e-01 -9.888660245960840811e-01
-1.276489217939739684e-01 -9.888660245960840811e-01 1.000000000000000000e+00 1.000000000000000021e-08 -2.588386976867779188e-01 -1.311897758928039615e+00
-2.588386976867779188e-01 -1.311897758928039615e+00 1.000000000000000000e+00 1.000000000000000021e-08 -4.253895194127452761e-01 -1.665508217259673795e+00
-4.253895194127452761e-01 -1.665508217259673795e+00 0.000000000000000000e+00 1.000000000000000021e-08 -5.661979883527579194e-01 -1.408084689400126432e+00
-5.661979883527579194e-01 -1.408084689400126432e+00 0.000000000000000000e+00 1.000000000000000021e-08 -7.240940083904511271e-01 -1.578960200376932299e+00
-7.240940083904511271e-01 -1.578960200376932299e+00 1.000000000000000000e+00 1.000000000000000021e-08 -9.843486741801987794e-01 -2.602546657897477189e+00
-9.843486741801987794e-01 -2.602546657897477189e+00 2.000000000000000000e+00 1.000000000000000021e-08 -1.414677152975837737e+00 -4.303284787956389579e+00
-1.414677152975837737e+00 -4.303284787956389579e+00 1.000000000000000000e+00 9.999000000000000110e-01 -1.570796326794896558e+00 -5.000000000000000000e+00
-1.159807412053123071e-03 8.095017267669077365e-03 2.000000000000000000e+00 1.000000000000000021e-08 -8.660911763009471187e-02 -8.544931021804157423e-01
-8.660911763009471187e-02 -8.544931021804157423e-01 2.000000000000000000e+00 1.000000000000000021e-08 -2.911004562754256897e-01 -2.044913386453310000e+00
-2.911004562754256897e-01 -2.044913386453310000e+00 0.000000000000000000e+00 1.000000000000000021e-08 -4.618832721269079400e-01 -1.707828158514822503e+00
-4.618832721269079400e-01 -1.707828158514822503e+00 0.000000000000000000e+00 1.000000000000000021e-08 -6.204086776701895900e-01 -1.585254055432816056e+00
-6.204086776701895900e-01 -1.585254055432816056e+00 0.000000000000000000e+00 1.000000000000000021e-08 -8.018927866724225861e-01 -1.814841090022330405e+00
-8.018927866724225861e-01 -1.814841090022330405e+00 2.000000000000000000e+00 1.000000000000000021e-08 -1.153324797658724421e+00 -3.514320109863017905e+00
-1.153324797658724421e+00 -3.514320109863017905e+00 1.000000000000000000e+00 9.999000000000000110e-01 -1.570796326794896558e+00 -4.783370862677959856e+00
7.763965961195390397e-02 -4.027564842926816685e-02 0.000000000000000000e+00 1.000000000000000021e-08 1.877561440703714446e-01 1.101164844584175295e+00
1.877561440703714446e-01 1.101164844584175295e+00 0.000000000000000000e+00 1.000000000000000021e-08 3.995677569651850947e-01 2.118116128948136279e+00
3.995677569651850947e-01 2.118116128948136279e+00 2.000000000000000000e+00 1.000000000000000021e-08 6.044232297073242055e-01 2.048554727421390442e+00
6.044232297073242055e-01 2.048554727421390442e+00 2.000000000000000000e+00 1.000000000000000021e-08 8.394826968724637961e-01 2.350594671651395906e+00
8.394826968724637961e-01 2.350594671651395906e+00 1.000000000000000000e+00 1.000000000000000021e-08 1.194205201991069831e+00 3.547225051186059019e+00
1.194205201991069831e+00 3.547225051186059019e+00 1.000000000000000000e+00 9.999000000000000110e-01 1.570796326794896558e+00 4.890825935476931008e+00
-3.966150109583030381e-02 -6.724019300189090775e-02 1.000000000000000000e+00 1.000000000000000021e-08 -7.050364953447571525e-02 -3.084214843864540589e-01
-7.050364953447571525e-02 -3.084214843864540589e-01 0.000000000000000000e+00 1.000000000000000021e-08 -3.825541948097020001e-02 3.224823005350551663e-01
-3.825541948097020001e-02 3.224823005350551663e-01 1.000000000000000000e+00 1.000000000000000021e-08 -9.918725721522310412e-03 2.833669375944788960e-01
-9.918725721522310412e-03 2.833669375944788960e-01 1.000000000000000000e+00 1.000000000000000021e-08 2.785160513154285450e-02 3.777033085306516491e-01
2.785160513154285450e-02 3.777033085306516491e-01 1.000000000000000000e+00 1.000000000000000021e-08 8.157439523484424915e-02 5.372279010330138771e-01
8.157439523484424915e-02 5.372279010330138771e-01 0.000000000000000000e+00 1.000000000000000021e-08 2.307439379079105346e-01 1.491695426730662799e+00
2.307439379079105346e-01 1.491695426730662799e+00 1.000000000000000000e+00 1.000000000000000021e-08 4.068526667519185014e-01 1.761087288440079668e+00
4.068526667519185014e-01 1.761087288440079668e+00 2.000000000000000000e+00 1.000000000000000021e-08 5.611622472307498111e-01 1.543095804788312542e+00
5.611622472307498111e-01 1.543095804788312542e+00 1.000000000000000000e+00 1.000000000000000021e-08 7.922180337176523146e-01 2.310557864869025035e+00
7.922180337176523146e-01 2.310557864869025035e+00 1.000000000000000000e+00 1.000000000000000021e-08 1.134461170439208022e+00 3.422431367215556186e+00
1.134461170439208022e+00 3.422431367215556186e+00 0.000000000000000000e+00 9.999000000000000110e-01 1.570796326794896558e+00 4.997581606743233706e+00
