-9.840964359632102532e-04 1.073594168026978379e-03 0.000000000000000000e+00 1.000000000000000021e-08 1.032823783484956154e-01 1.042664747844588291e+00
1.032823783484956154e-01 1.042664747844588291e+00 2.000000000000000000e+00 1.000000000000000021e-08 1.494901175424438733e-01 4.620773919394824958e-01
1.494901175424438733e-01 4.620773919394824958e-01 0.000000000000000000e+00 1.000000000000000021e-08 3.086913212386223071e-01 1.592012036961784283e+00
3.086913212386223071e-01 1.592012036961784283e+00 1.000000000000000000e+00 1.000000000000000021e-08 5.253127491049335296e-01 2.166214278663112225e+00
5.253127491049335296e-01 2.166214278663112225e+00 0.000000000000000000e+00 1.000000000000000021e-08 9.060538844036429840e-01 3.807411352987093878e+00
9.060538844036429840e-01 3.807411352987093878e+00 2.000000000000000000e+00 1.000000000000000021e-08 1.354346106139526995e+00 4.482922217358839667e+00
1.354346106139526995e+00 4.482922217358839667e+00 2.000000000000000000e+00 9.999000000000000110e-01 1.570796326794896558e+00 5.000000000000000000e+00
-1.929316671591074783e-02 -6.535211429246728931e-02 0.000000000000000000e+00 1.000000000000000021e-08 5.894672844162823777e-02 7.823989515753897450e-01
5.894672844162823777e-02 7.823989515753897450e-01 2.000000000000000000e+00 1.000000000000000021e-08 6.788727685126588751e-02 8.940548409637649740e-02
6.788727685126588751e-02 8.940548409637649740e-02 1.000000000000000000e+00 1.000000000000000021e-08 8.195261322389336966e-02 1.406533637262748215e-01
8.195261322389336966e-02 1.406533637262748215e-01 1.000000000000000000e+00 1.000000000000000021e-08 9.787962973616119722e-02 1.592701651226782755e-01
9.787962973616119722e-02 1.592701651226782755e-01 0.000000000000000000e+00 1.000000000000000021e-08 2.240739272181705433e-01 1.261942974820093433e+00
2.240739272181705433e-01 1.261942974820093433e+00 0.000000000000000000e+00 1.000000000000000021e-08 4.717594213744513709e-01 2.476854941562808499e+00
4.717594213744513709e-01 2.476854941562808499e+00 0.000000000000000000e+00 1.000000000000000021e-08 8.647699812873081981e-01 3.930105599128567384e+00
8.647699812873081981e-01 3.930105599128567384e+00 1.000000000000000000e+00 1.000000000000000021e-08 1.370216130933508136e+00 5.000000000000000000e+00
1.370216130933508136e+00 5.000000000000000000e+00 0.000000000000000000e+00 9.999000000000000110e-01 1.570796326794896558e+00 5.000000000000000000e+00
-1.197667582008285665e-02 -7.796023290866961608e-02 0.000000000000000000e+00 1.000000000000000021e-08 7.833937854444208981e-02 9.031605436452493363e-01
7.833937854444208981e-02 9.031605436452493363e-01 2.000000000000000000e+00 1.000000000000000021e-08 7.973762830364342080e-02 1.398249759201330988e-02
7.973762830364342080e-02 1.398249759201330988e-02 0.000000000000000000e+00 1.000000000000000021e-08 1.671698034868347449e-01 8.743217518319131853e-01
1.671698034868347449e-01 8.743217518319131853e-01 0.000000000000000000e+00 1.000000000000000021e-08 3.544485971328943941e-01 1.872787936460596381e+00
3.544485971328943941e-01 1.872787936460596381e+00 0.000000000000000000e+00 1.000000000000000021e-08 6.641838482425359569e-01 3.097352511096414851e+00
6.641838482425359569e-01 3.097352511096414851e+00 0.000000000000000000e+00 1.000000000000000021e-08 1.132491936647094688e+00 4.683080884045587311e+00
1.132491936647094688e+00 4.683080884045587311e+00 2.000000000000000000e+00 9.999000000000000110e-01 1.570796326794896558e+00 5.000000000000000000e+00
4.194905316868880601e-02 -2.552661278084032009e-02 2.000000000000000000e+00 1.000000000000000021e-08 -3.747164978705596478e-02 -7.942070295574475969e-01
-3.747164978705596478e-02 -7.942070295574475969e-01 0.000000000000000000e+00 1.000000000000000021e-08 -1.857261580333010795e-02 1.889903398372585475e-01
-1.857261580333010795e-02 1.889903398372585475e-01 1.000000000000000000e+00 1.000000000000000021e-08 1.017477050163350175e-02 2.874738630496360692e-01
1.017477050163350175e-02 2.874738630496360692e-01 2.000000000000000000e+00 1.000000000000000021e-08 -5.543691497917008215e-02 -6.561168548080358320e-01
-5.543691497917008215e-02 -6.561168548080358320e-01 1.000000000000000000e+00 1.000000000000000021e-08 -1.135391840409862296e-01 -5.810226906181614748e-01
-1.135391840409862296e-01 -5.810226906181614748e-01 2.000000000000000000e+00 1.000000000000000021e-08 -2.683663577932094979e-01 -1.548271737522232350e+00
-2.683663577932094979e-01 -1.548271737522232350e+00 1.000000000000000000e+00 1.000000000000000021e-08 -4.705527521601425844e-01 -2.021863943669330421e+00
-4.705527521601425844e-01 -2.021863943669330421e+00 1.000000000000000000e+00 1.000000000000000021e-08 -7.370266961464440048e-01 -2.664739439863014425e+00
-7.370266961464440048e-01 -2.664739439863014425e+00 0.000000000000000000e+00 1.000000000000000021e-08 -1.041989938410178507e+00 -3.049632422637344575e+00
-1.041989938410178507e+00 -3.049632422637344575e+00 2.000000000000000000e+00 1.000000000000000021e-08 -1.505501476590506593e+00 -4.635115381803280421e+00
-1.505501476590506593e+00 -4.635115381803280421e+00 0.000000000000000000e+00 9.999000000000000110e-01 -1.570796326794896558e+00 -5.000000000000000000e+00
-3.618540584500519464e-02 6.814491283015589040e-02 2.000000000000000000e+00 1.000000000000000021e-08 -1.408839843762604571e-01 -1.046985785312552597e+00
-1.408839843762604571e-01 -1.046985785312552597e+00 0.000000000000000000e+00 1.000000000000000021e-08 -1.807813726779242125e-01 -3.989738830166374983e-01
-1.807813726779242125e-01 -3.989738830166374983e-01 1.000000000000000000e+00 1.000000000000000021e-08 -2.522508600255430888e-01 -7.146948734761887634e-01
-2.522508600255430888e-01 -7.146948734761887634e-01 2.000000000000000000e+00 1.000000000000000021e-08 -4.674609944617593715e-01 -2.152101344362162827e+00
-4.674609944617593715e-01 -2.152101344362162827e+00 2.000000000000000000e+00 1.000000000000000021e-08 -8.399110260214870394e-01 -3.724500315597277122e+00
-8.399110260214870394e-01 -3.724500315597277122e+00 0.000000000000000000e+00 1.000000000000000021e-08 -1.271188361544135725e+00 -4.312773355226487304e+00
-1.271188361544135725e+00 -4.312773355226487304e+00 2.000000000000000000e+00 9.999000000000000110e-01 -1.570796326794896558e+00 -5.000000000000000000e+00
-7.898207494238884685e-02 2.916837105229684590e-02 1.000000000000000000e+00 1.000000000000000021e-08 -9.088554566148331071e-02 -1.190347071909445970e-01
-9.088554566148331071e-02 -1.190347071909445970e-01 0.000000000000000000e+00 1.000000000000000021e-08 -2.567076689625399921e-02 6.521477876522930872e-01
-2.567076689625399921e-02 6.521477876522930872e-01 1.000000000000000000e+00 1.000000000000000021e-08 3.855829091328358271e-02 6.422905780953758192e-01
3.855829091328358271e-02 6.422905780953758192e-01 2.000000000000000000e+00 1.000000000000000021e-08 1.088027088452187333e-02 -2.767802002876170731e-01
1.088027088452187333e-02 -2.767802002876170731e-01 1.000000000000000000e+00 1.000000000000000021e-08 -1.566311142905221429e-03 -1.244658202742709441e-01
-1.566311142905221429e-03 -1.244658202742709441e-01 2.000000000000000000e+00 1.000000000000000021e-08 -1.195549670722015762e-01 -1.179886559292963488e+00
-1.195549670722015762e-01 -1.179886559292963488e+00 2.000000000000000000e+00 1.000000000000000021e-08 -3.430657768013096187e-01 -2.235108097291080398e+00
-3.430657768013096187e-01 -2.235108097291080398e+00 1.000000000000000000e+00 1.000000000000000021e-08 -6.325774197145290767e-01 -2.895116429132194025e+00
-6.325774197145290767e-01 -2.895116429132194025e+00 0.000000000000000000e+00 1.000000000000000021e-08 -9.573964628890885287e-01 -3.248190431745593632e+00
-9.573964628890885287e-01 -3.248190431745593632e+00 0.000000000000000000e+00 1.000000000000000021e-08 -1.356599852029689801e+00 -3.992033891406012280e+00
-1.356599852029689801e+00 -3.992033891406012280e+00 1.000000000000000000e+00 9.999000000000000110e-01 -1.570796326794896558e+00 -5.000000000000000000e+00
1.599881026125460348e-02 -8.069043347589990867e-02 1.000000000000000000e+00 1.000000000000000021e-08 1.350958384857823928e-02 -2.489226412676364547e-02
1.350958384857823928e-02 -2.489226412676364547e-02 1.000000000000000000e+00 1.000000000000000021e-08 2.979167408397019601e-02 1.628209023539195499e-01
2.979167408397019601e-02 1.628209023539195499e-01 0.000000000000000000e+00 1.000000000000000021e-08 1.379897754616594696e-01 1.081981013776892819e+00
1.379897754616594696e-01 1.081981013776892819e+00 2.000000000000000000e+00 1.000000000000000021e-08 1.757384801110772332e-01 3.774870464941775250e-01
1.757384801110772332e-01 3.774870464941775250e-01 2.000000000000000000e+00 1.000000000000000021e-08 1.634459304983774675e-01 -1.229254961269977686e-01
1.634459304983774675e-01 -1.229254961269977686e-01 0.000000000000000000e+00 1.000000000000000021e-08 2.747188464825094378e-01 1.112729159841319593e+00
2.747188464825094378e-01 1.112729159841319593e+00 2.000000000000000000e+00 1.000000000000000021e-08 3.347371873935839348e-01 6.001834091107450808e-01
3.347371873935839348e-01 6.001834091107450808e-01 0.000000000000000000e+00 1.000000000000000021e-08 5.373566763738704122e-01 2.026194889802864552e+00
5.373566763738704122e-01 2.026194889802864552e+00 2.000000000000000000e+00 1.000000000000000021e-08 7.590111553962306523e-01 2.216544790223602401e+00
7.590111553962306523e-01 2.216544790223602401e+00 2.000000000000000000e+00 1.000000000000000021e-08 1.018001202919715409e+00 2.589900475234848010e+00
1.018001202919715409e+00 2.589900475234848010e+00 0.000000000000000000e+00 1.000000000000000021e-08 1.438882754414647636e+00 4.208815514949321823e+00
1.438882754414647636e+00 4.208815514949321823e+00 2.000000000000000000e+00 9.999000000000000110e-01 1.570796326794896558e+00 5.000000000000000000e+00
2.219883411531876904e-02 -6.992430017459076719e-03 0.000000000000000000e+00 1.000000000000000021e-08 1.068796710595412980e-01 8.468083694422252616e-01
1.068796710595412980e-01 8.468083694422252616e-01 1.000000000000000000e+00 1.000000000000000021e-08 2.009963631135295303e-01 9.411669205398821569e-01
2.009963631135295303e-01 9.411669205398821569e-01 0.000000000000000000e+00 1.000000000000000021e-08 4.202612206665102823e-01 2.192648575529807076e+00
4.202612206665102823e-01 2.192648575529807076e+00 2.000000000000000000e+00 1.000000000000000021e-08 6.219633156893413783e-01 2.017020950228310294e+00
6.219633156893413783e-01 2.017020950228310294e+00 0.000000000000000000e+00 1.000000000000000021e-08 9.934464748043712046e-01 3.714831591150298262e+00
9.934464748043712046e-01 3.714831591150298262e+00 0.000000000000000000e+00 1.000000000000000021e-08 1.531181029875285482e+00 5.000000000000000000e+00
1.531181029875285482e+00 5.000000000000000000e+00 0.000000000000000000e+00 9.999000000000000110e-01 1.570796326794896558e+00 5.000000000000000000e+00
3.377490622280675259e-02 -2.631296079873453320e-04 1.000000000000000000e+00 1.000000000000000021e-08 2.644544288456946238e-02 -7.329463338237290904e-02
2.644544288456946238e-02 -7.329463338237290904e-02 2.000000000000000000e+00 1.000000000000000021e-08 -6.790545732664259038e-02 -9.435090021121204096e-01
-6.790545732664259038e-02 -9.435090021121204096e-01 2.000000000000000000e+00 1.000000000000000021e-08 -2.592661258693163551e-01 -1.913606685426737730e+00
-2.592661258693163551e-01 -1.913606685426737730e+00 1.000000000000000000e+00 1.000000000000000021e-08 -4.809285802551709343e-01 -2.216624543858545682e+00
-4.809285802551709343e-01 -2.216624543858545682e+00 1.000000000000000000e+00 1.000000000000000021e-08 -7.844060036677652503e-01 -3.034774234125943160e+00
-7.844060036677652503e-01 -3.034774234125943160e+00 0.000000000000000000e+00 1.000000000000000021e-08 -1.136344205259159246e+00 -3.519382015913940176e+00
-1.136344205259159246e+00 -3.519382015913940176e+00 0.000000000000000000e+00 9.999000000000000110e-01 -1.570796326794896558e+00 -4.482089710463946552e+00
6.562959225042762357e-02 -7.981693582310486756e-02 1.000000000000000000e+00 1.000000000000000021e-08 6.171527908902176007e-02 -3.914313161405863495e-02
6.171527908902176007e-02 -3.914313161405863495e-02 0.000000000000000000e+00 1.000000000000000021e-08 1.521643390023608156e-01 9.044905991333906936e-01
1.521643390023608156e-01 9.044905991333906936e-01 2.000000000000000000e+00 1.000000000000000021e-08 1.933997547749765622e-01 4.123541577261575219e-01
1.933997547749765622e-01 4.123541577261575219e-01 0.000000000000000000e+00 1.000000000000000021e-08 3.573719203443305736e-01 1.639721655693539892e+00
3.573719203443305736e-01 1.639721655693539892e+00 2.000000000000000000e+00 1.000000000000000021e-08 5.036801968232187399e-01 1.463082764788881551e+00
5.036801968232187399e-01 1.463082764788881551e+00 1.000000000000000000e+00 1.000000000000000021e-08 7.181297032784590417e-01 2.144495064552403019e+00
7.181297032784590417e-01 2.144495064552403019e+00 0.000000000000000000e+00 1.000000000000000021e-08 1.087921712779275962e+00 3.697920095008169206e+00
1.087921712779275962e+00 3.697920095008169206e+00 0.000000000000000000e+00 9.999000000000000110e-01 1.570796326794896558e+00 5.000000000000000000e+00
-3.108952234762352856e-02 -2.220017103047425278e-02 1.000000000000000000e+00 1.000000000000000021e-08 -4.679576224735304546e-02 -1.570623989972951551e-01
-4.679576224735304546e-02 -1.570623989972951551e-01 2.000000000000000000e+00 1.000000000000000021e-08 -1.698493613477627950e-01 -1.230535991004097607e+00
-1.698493613477627950e-01 -1.230535991004097607e+00 1.000000000000000000e+00 1.000000000000000021e-08 -3.147762562519069718e-01 -1.449268949041441434e+00
-3.147762562519069718e-01 -1.449268949041441434e+00 2.000000000000000000e+00 1.000000000000000021e-08 -5.879732054466058067e-01 -2.731969491946988793e+00
-5.879732054466058067e-01 -2.731969491946988793e+00 1.000000000000000000e+00 1.000000000000000021e-08 -9.493881266011285902e-01 -3.614149211545226947e+00
-9.493881266011285902e-01 -3.614149211545226947e+00 0.000000000000000000e+00 1.000000000000000021e-08 -1.381551170566715614e+00 -4.321630439655870681e+00
-1.381551170566715614e+00 -4.321630439655870681e+00 1.000000000000000000e+00 9.999000000000000110e-01 -1.570796326794896558e+00 -5.000000000000000000e+00
5.735765437989197302e-02 -1.196155726220879401e-02 1.000000000000000000e+00 1.000000000000000021e-08 6.360991800269061303e-02 6.252263622798640008e-02
6.360991800269061303e-02 6.252263622798640008e-02 2.000000000000000000e+00 1.000000000000000021e-08 -9.655826750990761931e-03 -7.326574475368137218e-01
-9.655826750990761931e-03 -7.326574475368137218e-01 1.000000000000000000e+00 1.000000000000000021e-08 -7.399568038569914741e-02 -6.433985363470837715e-01
-7.399568038569914741e-02 -6.433985363470837715e-01 1.000000000000000000e+00 1.000000000000000021e-08 -1.344845727262440893e-01 -6.048889234054495301e-01
-1.344845727262440893e-01 -6.048889234054495301e-01 0.000000000000000000e+00 1.000000000000000021e-08 -1.375304014748211512e-01 -3.045828748577050771e-02
-1.375304014748211512e-01 -3.045828748577050771e-02 2.000000000000000000e+00 1.000000000000000021e-08 -2.547704572119221522e-01 -1.172400557371009899e+00
-2.547704572119221522e-01 -1.172400557371009899e+00 1.000000000000000000e+00 1.000000000000000021e-08 -4.037832106322254422e-01 -1.490127534203032678e+00
-4.037832106322254422e-01 -1.490127534203032678e+00 2.000000000000000000e+00 1.000000000000000021e-08 -7.080190096327083626e-01 -3.042357990004828316e+00
-7.080190096327083626e-01 -3.042357990004828316e+00 1.000000000000000000e+00 1.000000000000000021e-08 -1.099998508179270473e+00 -3.919794985465621551e+00
-1.099998508179270473e+00 -3.919794985465621551e+00 0.000000000000000000e+00 9.999000000000000110e-01 -1.570796326794896558e+00 -4.754603166764445277e+00
-3.813656574645947483e-03 6.047491278997722819e-03 2.000000000000000000e+00 1.000000000000000021e-08 -8.202215362756354322e-02 -7.820849705291758047e-01
-8.202215362756354322e-02 -7.820849705291758047e-01 1.000000000000000000e+00 1.000000000000000021e-08 -1.694093058903650417e-01 -8.738715226280149295e-01
-1.694093058903650417e-01 -8.738715226280149295e-01 0.000000000000000000e+00 1.000000000000000021e-08 -2.114567896416741921e-01 -4.204748375130915039e-01
-2.114567896416741921e-01 -4.204748375130915039e-01 0.000000000000000000e+00 1.000000000000000021e-08 -2.013357601369404337e-01 1.012102950473375285e-01
-2.013357601369404337e-01 1.012102950473375285e-01 0.000000000000000000e+00 1.000000000000000021e-08 -1.531180391563991272e-01 4.821772098054129541e-01
-1.531180391563991272e-01 4.821772098054129541e-01 1.000000000000000000e+00 1.000000000000000021e-08 -1.454078643772230839e-01 7.710174779176043325e-02
-1.454078643772230839e-01 7.710174779176043325e-02 2.000000000000000000e+00 1.000000000000000021e-08 -2.526597294833500817e-01 -1.072518651061269868e+00
-2.526597294833500817e-01 -1.072518651061269868e+00 0.000000000000000000e+00 1.000000000000000021e-08 -3.160293558515589463e-01 -6.336962636820884232e-01
-3.160293558515589463e-01 -6.336962636820884232e-01 2.000000000000000000e+00 1.000000000000000021e-08 -5.140164950960708357e-01 -1.979871392445118783e+00
-5.140164950960708357e-01 -1.979871392445118783e+00 2.000000000000000000e+00 1.000000000000000021e-08 -8.660316114868401582e-01 -3.520151163907693004e+00
-8.660316114868401582e-01 -3.520151163907693004e+00 1.000000000000000000e+00 1.000000000000000021e-08 -1.325389881196447739e+00 -4.593582697096075584e+00
-1.325389881196447739e+00 -4.593582697096075584e+00 1.000000000000000000e+00 9.999000000000000110e-01 -1.570796326794896558e+00 -5.000000000000000000e+00
3.138222933248387830e-02 5.523922514701842812e-02 2.000000000000000000e+00 1.000000000000000021e-08 -4.659106730808935254e-02 -7.797329664057323084e-01
-4.659106730808935254e-02 -7.797329664057323084e-01 0.000000000000000000e+00 1.000000000000000021e-08 -4.087259245865150492e-02 5.718474849437849006e-02
-4.087259245865150492e-02 5.718474849437849006e-02 1.000000000000000000e+00 1.000000000000000021e-08 -4.574485504318655943e-02 -4.872262584535053120e-02
-4.574485504318655943e-02 -4.872262584535053120e-02 1.000000000000000000e+00 1.000000000000000021e-08 -6.345820987660517887e-02 -1.771335483341861805e-01
-6.345820987660517887e-02 -1.771335483341861805e-01 0.000000000000000000e+00 1.000000000000000021e-08 -1.124485139019672231e-03 6.233372473758550525e-01
-1.124485139019672231e-03 6.233372473758550525e-01 0.000000000000000000e+00 1.000000000000000021e-08 1.438210703561684234e-01 1.449455554951880831e+00
1.438210703561684234e-01 1.449455554951880831e+00 2.000000000000000000e+00 1.000000000000000021e-08 2.262221903593016892e-01 8.240112000313327689e-01
2.262221903593016892e-01 8.240112000313327689e-01 2.000000000000000000e+00 1.000000000000000021e-08 2.508547070837977011e-01 2.463251672449602303e-01
2.508547070837977011e-01 2.463251672449602303e-01 2.000000000000000000e+00 1.000000000000000021e-08 2.466829056044167467e-01 -4.171801479380943256e-02
2.466829056044167467e-01 -4.171801479380943256e-02 1.000000000000000000e+00 1.000000000000000021e-08 2.677819107586190683e-01 2.109900515420231604e-01
2.677819107586190683e-01 2.109900515420231604e-01 2.000000000000000000e+00 1.000000000000000021e-08 2.629166747574115393e-01 -4.865236001207517980e-02
2.629166747574115393e-01 -4.865236001207517980e-02 1.000000000000000000e+00 1.000000000000000021e-08 2.937016332493370685e-01 3.078495849192552924e-01
2.937016332493370685e-01 3.078495849192552924e-01 0.000000000000000000e+00 1.000000000000000021e-08 4.566153746916679079e-01 1.629137414423308394e+00
4.566153746916679079e-01 1.629137414423308394e+00 2.000000000000000000e+00 1.000000000000000021e-08 6.030241568463690083e-01 1.464087821547011448e+00
6.030241568463690083e-01 1.464087821547011448e+00 0.000000000000000000e+00 1.000000000000000021e-08 9.076655559833358700e-01 3.046413991369668395e+00
9.076655559833358700e-01 3.046413991369668395e+00 2.000000000000000000e+00 1.000000000000000021e-08 1.270304081409658448e+00 3.626385254263226887e+00
1.270304081409658448e+00 3.626385254263226887e+00 2.000000000000000000e+00 9.999000000000000110e-01 1.570796326794896558e+00 4.774479997048893587e+00
-7.489292952115012003e-02 4.301285375909139064e-02 0.000000000000000000e+00 1.000000000000000021e-08 -2.412375311732301020e-03 7.248055420941781346e-01
-2.412375311732301020e-03 7.248055420941781346e-01 1.000000000000000000e+00 1.000000000000000021e-08 5.862379240435143524e-02 6.103616771608373348e-01
5.862379240435143524e-02 6.103616771608373348e-01 1.000000000000000000e+00 1.000000000000000021e-08 1.334324137953939726e-01 7.480862139104252906e-01
1.334324137953939726e-01 7.480862139104252906e-01 1.000000000000000000e+00 1.000000000000000021e-08 2.378938086305775468e-01 1.044613948351835742e+00
2.378938086305775468e-01 1.044613948351835742e+00 2.000000000000000000e+00 1.000000000000000021e-08 2.986094756352813406e-01 6.071566700470379940e-01
2.986094756352813406e-01 6.071566700470379940e-01 0.000000000000000000e+00 1.000000000000000021e-08 4.808787231955342634e-01 1.822692475602528894e+00
4.808787231955342634e-01 1.822692475602528894e+00 0.000000000000000000e+00 1.000000000000000021e-08 8.173698901850603438e-01 3.364911669895261248e+00
8.173698901850603438e-01 3.364911669895261248e+00 1.000000000000000000e+00 1.000000000000000021e-08 1.253762053629407625e+00 4.363921634443473252e+00
1.253762053629407625e+00 4.363921634443473252e+00 2.000000000000000000e+00 9.999000000000000110e-01 1.570796326794896558e+00 5.000000000000000000e+00
7.963684864122301532e-02 2.161471723953896709e-02 2.000000000000000000e+00 1.000000000000000021e-08 2.196202989379815451e-02 -5.767481874742486081e-01
2.196202989379815451e-02 -5.767481874742486081e-01 1.000000000000000000e+00 1.000000000000000021e-08 -2.022220735649604695e-02 -4.218423725029419868e-01
-2.022220735649604695e-02 -4.218423725029419868e-01 2.000000000000000000e+00 1.000000000000000021e-08 -1.489373089339724454e-01 -1.287151015774763874e+00
-1.489373089339724454e-01 -1.287151015774763874e+00 1.000000000000000000e+00 1.000000000000000021e-08 -3.135972780387233927e-01 -1.646599691047509140e+00
-3.135972780387233927e-01 -1.646599691047509140e+00 0.000000000000000000e+00 1.000000000000000021e-08 -4.553089896687544380e-01 -1.417117116300310453e+00
-4.553089896687544380e-01 -1.417117116300310453e+00 0.000000000000000000e+00 1.000000000000000021e-08 -5.830510623707820805e-01 -1.277420727020276203e+00
-5.830510623707820805e-01 -1.277420727020276203e+00 1.000000000000000000e+00 1.000000000000000021e-08 -7.969193961089310330e-01 -2.138683337381489302e+00
-7.969193961089310330e-01 -2.138683337381489302e+00 0.000000000000000000e+00 1.000000000000000021e-08 -1.074696697992547634e+00 -2.777773018836166674e+00
-1.074696697992547634e+00 -2.777773018836166674e+00 2.000000000000000000e+00 1.000000000000000021e-08 -1.525030229720698127e+00 -4.503335317281505823e+00
-1.525030229720698127e+00 -4.503335317281505823e+00 2.000000000000000000e+00 9.999000000000000110e-01 -1.570796326794896558e+00 -5.000000000000000000e+00
-6.876911159035660470e-02 1.744987323682058514e-02 1.000000000000000000e+00 1.000000000000000021e-08 -8.993852928840569139e-02 -2.116941769804908946e-01
-8.993852928840569139e-02 -2.116941769804908946e-01 1.000000000000000000e+00 1.000000000000000021e-08 -1.148055117984686235e-01 -2.486698251006292382e-01
-1.148055117984686235e-01 -2.486698251006292382e-01 1.000000000000000000e+00 1.000000000000000021e-08 -1.674848250834386487e-01 -5.267931328497003074e-01
-1.674848250834386487e-01 -5.267931328497003074e-01 2.000000000000000000e+00 1.000000000000000021e-08 -3.219926256832682521e-01 -1.545078005998295811e+00
-3.219926256832682521e-01 -1.545078005998295811e+00 2.000000000000000000e+00 1.000000000000000021e-08 -6.260827690234880283e-01 -3.040901433402197984e+00
-6.260827690234880283e-01 -3.040901433402197984e+00 1.000000000000000000e+00 1.000000000000000021e-08 -1.007281878107948891e+00 -3.811991090844608632e+00
-1.007281878107948891e+00 -3.811991090844608632e+00 1.000000000000000000e+00 1.000000000000000021e-08 -1.513277972036233709e+00 -5.000000000000000000e+00
-1.513277972036233709e+00 -5.000000000000000000e+00 2.000000000000000000e+00 9.999000000000000110e-01 -1.570796326794896558e+00 -5.000000000000000000e+00
1.453219042143150466e-02 4.749788001794637282e-02 2.000000000000000000e+00 1.000000000000000021e-08 -7.822505996446364740e-02 -9.275725038589514027e-01
-7.822505996446364740e-02 -9.275725038589514027e-01 0.000000000000000000e+00 1.000000000000000021e-08 -8.461060217397395333e-02 -6.385542209510308709e-02
-8.461060217397395333e-02 -6.385542209510308709e-02 1.000000000000000000e+00 1.000000000000000021e-08 -9.524080532885355332e-02 -1.063020315487959722e-01
-9.524080532885355332e-02 -1.063020315487959722e-01 2.000000000000000000e+00 1.000000000000000021e-08 -2.191452906849244431e-01 -1.239044853560708814e+00
-2.191452906849244431e-01 -1.239044853560708814e+00 0.000000000000000000e+00 1.000000000000000021e-08 -2.942494687669196529e-01 -7.510417808199520984e-01
-2.942494687669196529e-01 -7.510417808199520984e-01 2.000000000000000000e+00 1.000000000000000021e-08 -5.004095074365290108e-01 -2.061600386696093246e+00
-5.004095074365290108e-01 -2.061600386696093246e+00 1.000000000000000000e+00 1.000000000000000021e-08 -7.768429072131599611e-01 -2.764333997766310169e+00
-7.768429072131599611e-01 -2.764333997766310169e+00 1.000000000000000000e+00 1.000000000000000021e-08 -1.157568685664811747e+00 -3.807257784516517418e+00
-1.157568685664811747e+00 -3.807257784516517418e+00 1.000000000000000000e+00 9.999000000000000110e-01 -1.570796326794896558e+00 -5.000000000000000000e+00
-8.633334671332931753e-02 2.712253964686356378e-03 0.000000000000000000e+00 1.000000000000000021e-08 -1.351137389810047607e-03 8.498220932351926438e-01
-1.351137389810047607e-03 8.498220932351926438e-01 0.000000000000000000e+00 1.000000000000000021e-08 1.599077763398940311e-01 1.612589137297040676e+00
1.599077763398940311e-01 1.612589137297040676e+00 2.000000000000000000e+00 1.000000000000000021e-08 2.531159842878812904e-01 9.320820794798728715e-01
2.531159842878812904e-01 9.320820794798728715e-01 2.000000000000000000e+00 1.000000000000000021e-08 2.913778624945707607e-01 3.826187820668943695e-01
2.913778624945707607e-01 3.826187820668943695e-01 2.000000000000000000e+00 1.000000000000000021e-08 2.815043630867964386e-01 -9.873499407774344316e-02
2.815043630867964386e-01 -9.873499407774344316e-02 1.000000000000000000e+00 1.000000000000000021e-08 3.125642180235334022e-01 3.105985493673697473e-01
3.125642180235334022e-01 3.105985493673697473e-01 2.000000000000000000e+00 1.000000000000000021e-08 3.081507413879605028e-01 -4.413476635572927131e-02
3.081507413879605028e-01 -4.413476635572927131e-02 1.000000000000000000e+00 1.000000000000000021e-08 3.508099366479523473e-01 4.265919525999186113e-01
3.508099366479523473e-01 4.265919525999186113e-01 2.000000000000000000e+00 1.000000000000000021e-08 3.596386232346304723e-01 8.828686586678108350e-02
3.596386232346304723e-01 8.828686586678108350e-02 1.000000000000000000e+00 1.000000000000000021e-08 4.176737461057038470e-01 5.803512287107339684e-01
4.176737461057038470e-01 5.803512287107339684e-01 0.000000000000000000e+00 1.000000000000000021e-08 6.358881257068313975e-01 2.182143796011275505e+00
6.358881257068313975e-01 2.182143796011275505e+00 1.000000000000000000e+00 1.000000000000000021e-08 9.371860254568271653e-01 3.012978997499957234e+00
9.371860254568271653e-01 3.012978997499957234e+00 1.000000000000000000e+00 1.000000000000000021e-08 1.358410152753295685e+00 4.212241272964685201e+00
1.358410152753295685e+00 4.212241272964685201e+00 0.000000000000000000e+00 9.999000000000000110e-01 1.570796326794896558e+00 5.000000000000000000e+00
7.813957231587281838e-02 5.706643031572830593e-02 0.000000000000000000e+00 1.000000000000000021e-08 1.911413628153905142e-01 1.130017904995177069e+00
1.911413628153905142e-01 1.130017904995177069e+00 0.000000000000000000e+00 1.000000000000000021e-08 4.199999938655991638e-01 2.288586310502086718e+00
4.199999938655991638e-01 2.288586310502086718e+00 2.000000000000000000e+00 1.000000000000000021e-08 6.202868974335036256e-01 2.002869035679044174e+00
6.202868974335036256e-01 2.002869035679044174e+00 0.000000000000000000e+00 1.000000000000000021e-08 9.790282758676026598e-01 3.587413784340990119e+00
9.790282758676026598e-01 3.587413784340990119e+00 2.000000000000000000e+00 1.000000000000000021e-08 1.415261571275293617e+00 4.362332954076909353e+00
1.415261571275293617e+00 4.362332954076909353e+00 0.000000000000000000e+00 9.999000000000000110e-01 1.570796326794896558e+00 5.000000000000000000e+00
-2.309782460963978601e-02 -6.203999713599159249e-02 0.000000000000000000e+00 1.000000000000000021e-08 4.167230808428942779e-02 6.477013269392920547e-01
4.167230808428942779e-02 6.477013269392920547e-01 0.000000000000000000e+00 1.000000000000000021e-08 1.911070909021464759e-01 1.494347828178570481e+00
1.911070909021464759e-01 1.494347828178570481e+00 0.000000000000000000e+00 1.000000000000000021e-08 4.540827012475739943e-01 2.629756103454275351e+00
4.540827012475739943e-01 2.629756103454275351e+00 0.000000000000000000e+00 1.000000000000000021e-08 8.643769356306393314e-01 4.102942343830653371e+00
8.643769356306393314e-01 4.102942343830653371e+00 1.000000000000000000e+00 1.000000000000000021e-08 1.386580798492987654e+00 5.000000000000000000e+00
1.386580798492987654e+00 5.000000000000000000e+00 1.000000000000000000e+00 9.999000000000000110e-01 1.570796326794896558e+00 5.000000000000000000e+00
4.427335136571826368e-02 -6.845821802395934963e-02 0.000000000000000000e+00 1.000000000000000021e-08 1.198387005766173991e-01 7.556534921089912427e-01
1.198387005766173991e-01 7.556534921089912427e-01 1.000000000000000000e+00 1.000000000000000021e-08 2.275294531892697036e-01 1.076907526126523074e+00
2.275294531892697036e-01 1.076907526126523074e+00 2.000000000000000000e+00 1.000000000000000021e-08 2.856619119020268327e-01 5.813245871275714016e-01
2.856619119020268327e-01 5.813245871275714016e-01 1.000000000000000000e+00 1.000000000000000021e-08 3.795849591586891725e-01 9.392304725666236198e-01
3.795849591586891725e-01 9.392304725666236198e-01 2.000000000000000000e+00 1.000000000000000021e-08 4.629908395457454917e-01 8.340588038705628593e-01
4.629908395457454917e-01 8.340588038705628593e-01 0.000000000000000000e+00 1.000000000000000021e-08 7.090336089957438581e-01 2.460427694499983442e+00
7.090336089957438581e-01 2.460427694499983442e+00 0.000000000000000000e+00 1.000000000000000021e-08 1.117653552622159374e+00 4.086199436264156049e+00
1.117653552622159374e+00 4.086199436264156049e+00 0.000000000000000000e+00 9.999000000000000110e-01 1.570796326794896558e+00 5.000000000000000000e+00
8.036432285783137730e-02 8.663333959918541327e-02 2.000000000000000000e+00 1.000000000000000021e-08 2.370047232081290423e-02 -5.666385053701846752e-01
2.370047232081290423e-02 -5.666385053701846752e-01 2.000000000000000000e+00 1.000000000000000021e-08 -1.164878009683219529e-01 -1.401882732891348571e+00
-1.164878009683219529e-01 -1.401882732891348571e+00 1.000000000000000000e+00 1.000000000000000021e-08 -2.692742978954143496e-01 -1.527864969270924078e+00
-2.692742978954143496e-01 -1.527864969270924078e+00 1.000000000000000000e+00 1.000000000000000021e-08 -4.690521685860244983e-01 -1.997778706906101043e+00
-4.690521685860244983e-01 -1.997778706906101043e+00 1.000000000000000000e+00 1.000000000000000021e-08 -7.332306648670429139e-01 -2.641784962810183934e+00
-7.332306648670429139e-01 -2.641784962810183934e+00 0.000000000000000000e+00 1.000000000000000021e-08 -1.047683520657107792e+00 -3.144528557900649446e+00
-1.047683520657107792e+00 -3.144528557900649446e+00 2.000000000000000000e+00 1.000000000000000021e-08 -1.534060037264858289e+00 -4.863765166077504531e+00
-1.534060037264858289e+00 -4.863765166077504531e+00 1.000000000000000000e+00 9.999000000000000110e-01 -1.570796326794896558e+00 -5.000000000000000000e+00
7.567962517321071003e-02 4.413871931842851259e-02 1.000000000000000000e+00 1.000000000000000021e-08 7.710488974442135379e-02 1.425264571210647924e-02
7.710488974442135379e-02 1.425264571210647924e-02 0.000000000000000000e+00 1.000000000000000021e-08 1.784831973033260966e-01 1.013783075589047344e+00
1.784831973033260966e-01 1.013783075589047344e+00 1.000000000000000000e+00 1.000000000000000021e-08 3.109218338356102285e-01 1.324386365322841153e+00
3.109218338356102285e-01 1.324386365322841153e+00 0.000000000000000000e+00 1.000000000000000021e-08 5.898140117759580470e-01 2.788921779403478851e+00
5.898140117759580470e-01 2.788921779403478851e+00 2.000000000000000000e+00 1.000000000000000021e-08 8.919515695322908222e-01 3.021375577563327308e+00
8.919515695322908222e-01 3.021375577563327308e+00 0.000000000000000000e+00 1.000000000000000021e-08 1.357121069075454489e+00 4.651694995431636670e+00
1.357121069075454489e+00 4.651694995431636670e+00 2.000000000000000000e+00 9.999000000000000110e-01 1.570796326794896558e+00 5.000000000000000000e+00
9.380782655313123913e-03 4.809227232760901471e-02 1.000000000000000000e+00 1.000000000000000021e-08 3.008059258830343002e-02 2.069980993299030403e-01
3.008059258830343002e-02 2.069980993299030403e-01 1.000000000000000000e+00 1.000000000000000021e-08 4.587270488793944445e-02 1.579211229963601026e-01
4.587270488793944445e-02 1.579211229963601026e-01 2.000000000000000000e+00 1.000000000000000021e-08 -1.960731764006157229e-02 -6.548002252800101397e-01
-1.960731764006157229e-02 -6.548002252800101397e-01 1.000000000000000000e+00 1.000000000000000021e-08 -1.059535457796238200e-01 -8.634622813956224219e-01
-1.059535457796238200e-01 -8.634622813956224219e-01 0.000000000000000000e+00 1.000000000000000021e-08 -1.359335190215997247e-01 -2.997997324197589908e-01
-1.359335190215997247e-01 -2.997997324197589908e-01 1.000000000000000000e+00 1.000000000000000021e-08 -1.948268479262035280e-01 -5.889332890460379222e-01
-1.948268479262035280e-01 -5.889332890460379222e-01 1.000000000000000000e+00 1.000000000000000021e-08 -2.704741893680739362e-01 -7.564734144187040821e-01
-2.704741893680739362e-01 -7.564734144187040821e-01 0.000000000000000000e+00 1.000000000000000021e-08 -2.928799590359337235e-01 -2.240576966785977620e-01
-2.928799590359337235e-01 -2.240576966785977620e-01 1.000000000000000000e+00 1.000000000000000021e-08 -3.660881048952090988e-01 -7.320814585927537532e-01
-3.660881048952090988e-01 -7.320814585927537532e-01 2.000000000000000000e+00 1.000000000000000021e-08 -5.710349189975226780e-01 -2.049468141023135459e+00
-5.710349189975226780e-01 -2.049468141023135459e+00 2.000000000000000000e+00 1.000000000000000021e-08 -9.275379608951552779e-01 -3.565030418976325777e+00
-9.275379608951552779e-01 -3.565030418976325777e+00 0.000000000000000000e+00 1.000000000000000021e-08 -1.343622784961917782e+00 -4.160848240667625042e+00
-1.343622784961917782e+00 -4.160848240667625042e+00 2.000000000000000000e+00 9.999000000000000110e-01 -1.570796326794896558e+00 -5.000000000000000000e+00
-1.336220738955840037e-03 5.956835482326224701e-02 2.000000000000000000e+00 1.000000000000000021e-08 -9.673734957713038540e-02 -9.540112883817454259e-01
-9.673734957713038540e-02 -9.540112883817454259e-01 2.000000000000000000e+00 1.000000000000000021e-08 -2.796604655508742598e-01 -1.829231159737438883e+00
-2.796604655508742598e-01 -1.829231159737438883e+00 0.000000000000000000e+00 1.000000000000000021e-08 -4.209359825426922663e-01 -1.412755169918180176e+00
-4.209359825426922663e-01 -1.412755169918180176e+00 0.000000000000000000e+00 1.000000000000000021e-08 -5.496915573351162099e-01 -1.287555747924238769e+00
-5.496915573351162099e-01 -1.287555747924238769e+00 2.000000000000000000e+00 1.000000000000000021e-08 -8.410162702708765536e-01 -2.913247129357603882e+00
-8.410162702708765536e-01 -2.913247129357603882e+00 1.000000000000000000e+00 1.000000000000000021e-08 -1.233209131083297327e+00 -3.921928608124206850e+00
-1.233209131083297327e+00 -3.921928608124206850e+00 2.000000000000000000e+00 9.999000000000000110e-01 -1.570796326794896558e+00 -5.000000000000000000e+00
-3.831267256865400483e-02 -6.435471573450124438e-02 1.000000000000000000e+00 1.000000000000000021e-08 -5.571302306003005078e-02 -1.740035049137604317e-01
-5.571302306003005078e-02 -1.740035049137604317e-01 1.000000000000000000e+00 1.000000000000000021e-08 -8.443449808524616795e-02 -2.872147502521611440e-01
-8.443449808524616795e-02 -2.872147502521611440e-01 1.000000000000000000e+00 1.000000000000000021e-08 -1.350449001977396257e-01 -5.061040211249345777e-01
-1.350449001977396257e-01 -5.061040211249345777e-01 0.000000000000000000e+00 1.000000000000000021e-08 -1.229750589558883805e-01 1.206984124185124241e-01
-1.229750589558883805e-01 1.206984124185124241e-01 0.000000000000000000e+00 1.000000000000000021e-08 -2.964537319387401670e-02 9.332968576201435829e-01
-2.964537319387401670e-02 9.332968576201435829e-01 2.000000000000000000e+00 1.000000000000000021e-08 -3.043749558686898241e-02 -7.921223929949650078e-03
-3.043749558686898241e-02 -7.921223929949650078e-03 1.000000000000000000e+00 1.000000000000000021e-08 -3.770782340701109292e-02 -7.270327820142112596e-02
-3.770782340701109292e-02 -7.270327820142112596e-02 2.000000000000000000e+00 1.000000000000000021e-08 -1.310730020881120672e-01 -9.336517868110097984e-01
-1.310730020881120672e-01 -9.336517868110097984e-01 0.000000000000000000e+00 1.000000000000000021e-08 -1.569904206038302552e-01 -2.591741851571819355e-01
-1.569904206038302552e-01 -2.591741851571819355e-01 0.000000000000000000e+00 1.000000000000000021e-08 -1.056877241289382596e-01 5.130269647489199558e-01
-1.056877241289382596e-01 5.130269647489199558e-01 2.000000000000000000e+00 1.000000000000000021e-08 -1.667271453925377456e-01 -6.103942126359948039e-01
-1.667271453925377456e-01 -6.103942126359948039e-01 2.000000000000000000e+00 1.000000000000000021e-08 -3.317445656295699985e-01 -1.650174202370322085e+00
-3.317445656295699985e-01 -1.650174202370322085e+00 0.000000000000000000e+00 1.000000000000000021e-08 -4.835569328711943893e-01 -1.518123672416244130e+00
-4.835569328711943893e-01 -1.518123672416244130e+00 0.000000000000000000e+00 1.000000000000000021e-08 -6.311618038769405414e-01 -1.476048710057461077e+00
-6.311618038769405414e-01 -1.476048710057461077e+00 1.000000000000000000e+00 1.000000000000000021e-08 -8.785188129821772662e-01 -2.473570091052366582e+00
-8.785188129821772662e-01 -2.473570091052366582e+00 1.000000000000000000e+00 1.000000000000000021e-08 -1.249943851407558482e+00 -3.714250384253811266e+00
-1.249943851407558482e+00 -3.714250384253811266e+00 1.000000000000000000e+00 9.999000000000000110e-01 -1.570796326794896558e+00 -5.000000000000000000e+00
5.657011627942243326e-02 5.724928363694903322e-02 2.000000000000000000e+00 1.000000000000000021e-08 -1.929099276998520740e-02 -7.586110904940763788e-01
-1.929099276998520740e-02 -7.586110904940763788e-01 0.000000000000000000e+00 1.000000000000000021e-08 -1.669286869794428876e-02 2.598124072040919330e-02
-1.669286869794428876e-02 2.598124072040919330e-02 2.000000000000000000e+00 1.000000000000000021e-08 -1.139453841508444587e-01 -9.725251545290016786e-01
-1.139453841508444587e-01 -9.725251545290016786e-01 0.000000000000000000e+00 1.000000000000000021e-08 -1.314032331213193239e-01 -1.745784897047487627e-01
-1.314032331213193239e-01 -1.745784897047487627e-01 2.000000000000000000e+00 1.000000000000000021e-08 -2.668244311647830491e-01 -1.354211980434636864e+00
-2.668244311647830491e-01 -1.354211980434636864e+00 2.000000000000000000e+00 1.000000000000000021e-08 -5.176380499009456404e-01 -2.508136187361626135e+00
-5.176380499009456404e-01 -2.508136187361626135e+00 0.000000000000000000e+00 1.000000000000000021e-08 -7.728159050692171572e-01 -2.551778551682714724e+00
-7.728159050692171572e-01 -2.551778551682714724e+00 0.000000000000000000e+00 1.000000000000000021e-08 -1.080762271138536290e+00 -3.079463660693190885e+00
-1.080762271138536290e+00 -3.079463660693190885e+00 0.000000000000000000e+00 1.000000000000000021e-08 -1.472982747560756644e+00 -3.922204764222202655e+00
-1.472982747560756644e+00 -3.922204764222202655e+00 0.000000000000000000e+00 9.999000000000000110e-01 -1.570796326794896558e+00 -5.000000000000000000e+00
-2.387023068940505310e-02 -5.863547417630950165e-02 1.000000000000000000e+00 1.000000000000000021e-08 -2.500166276388569170e-02 -1.131432074480637207e-02
-2.500166276388569170e-02 -1.131432074480637207e-02 1.000000000000000000e+00 1.000000000000000021e-08 -3.504309648664909876e-02 -1.004143372276340568e-01
-3.504309648664909876e-02 -1.004143372276340568e-01 2.000000000000000000e+00 1.000000000000000021e-08 -1.356786932559668479e-01 -1.006355967693177478e+00
-1.356786932559668479e-01 -1.006355967693177478e+00 2.000000000000000000e+00 1.000000000000000021e-08 -3.627515303476965824e-01 -2.270728370917297401e+00
-3.627515303476965824e-01 -2.270728370917297401e+00 2.000000000000000000e+00 1.000000000000000021e-08 -7.401222503602721270e-01 -3.773707200125755001e+00
-7.401222503602721270e-01 -3.773707200125755001e+00 2.000000000000000000e+00 1.000000000000000021e-08 -1.269167477999043392e+00 -5.000000000000000000e+00
-1.269167477999043392e+00 -5.000000000000000000e+00 1.000000000000000000e+00 9.999000000000000110e-01 -1.570796326794896558e+00 -5.000000000000000000e+00
4.618810027258341000e-02 -2.769522010325087963e-02 2.000000000000000000e+00 1.000000000000000021e-08 -5.394813071461534992e-02 -1.001362309871987488e+00
-5.394813071461534992e-02 -1.001362309871987488e+00 0.000000000000000000e+00 1.000000000000000021e-08 -7.309364235179451053e-02 -1.914551163717915783e-01
-7.309364235179451053e-02 -1.914551163717915783e-01 0.000000000000000000e+00 1.000000000000000021e-08 -8.807018862027254924e-03 6.428662348976725838e-01
-8.807018862027254924e-03 6.428662348976725838e-01 1.000000000000000000e+00 1.000000000000000021e-08 5.288532219832592363e-02 6.169234106035317300e-01
5.288532219832592363e-02 6.169234106035317300e-01 1.000000000000000000e+00 1.000000000000000021e-08 1.088364649170641130e-01 5.595114271873818934e-01
1.088364649170641130e-01 5.595114271873818934e-01 0.000000000000000000e+00 1.000000000000000021e-08 2.848562736618833746e-01 1.760198087448192172e+00
2.848562736618833746e-01 1.760198087448192172e+00 1.000000000000000000e+00 1.000000000000000021e-08 5.016088297535742369e-01 2.167525560916908400e+00
5.016088297535742369e-01 2.167525560916908400e+00 0.000000000000000000e+00 1.000000000000000021e-08 8.752090441380094843e-01 3.736002143844352474e+00
8.752090441380094843e-01 3.736002143844352474e+00 2.000000000000000000e+00 1.000000000000000021e-08 1.302976871492042443e+00 4.277678273540329812e+00
1.302976871492042443e+00 4.277678273540329812e+00 0.000000000000000000e+00 9.999000000000000110e-01 1.570796326794896558e+00 5.000000000000000000e+00
-3.074482468870264745e-02 5.286087854046994661e-02 2.000000000000000000e+00 1.000000000000000021e-08 -1.207284192514041232e-01 -8.998359456270146328e-01
-1.207284192514041232e-01 -8.998359456270146328e-01 0.000000000000000000e+00 1.000000000000000021e-08 -1.406513690976137210e-01 -1.992294984620958109e-01
-1.406513690976137210e-01 -1.992294984620958109e-01 1.000000000000000000e+00 1.000000000000000021e-08 -1.843583905101067177e-01 -4.370702141249300787e-01
-1.843583905101067177e-01 -4.370702141249300787e-01 2.000000000000000000e+00 1.000000000000000021e-08 -3.464187212541300909e-01 -1.620603307440233731e+00
-3.464187212541300909e-01 -1.620603307440233731e+00 1.000000000000000000e+00 1.000000000000000021e-08 -5.512804236310631101e-01 -2.048617023769329748e+00
-5.512804236310631101e-01 -2.048617023769329748e+00 2.000000000000000000e+00 1.000000000000000021e-08 -9.152396889586544848e-01 -3.639592653275913747e+00
-9.152396889586544848e-01 -3.639592653275913747e+00 0.000000000000000000e+00 1.000000000000000021e-08 -1.352380554069425589e+00 -4.371408651107709709e+00
-1.352380554069425589e+00 -4.371408651107709709e+00 0.000000000000000000e+00 9.999000000000000110e-01 -1.570796326794896558e+00 -5.000000000000000000e+00
1.949584251405862140e-03 -2.777494754946346206e-02 2.000000000000000000e+00 1.000000000000000021e-08 -8.492092294529762775e-02 -8.687050719670348364e-01
-8.492092294529762775e-02 -8.687050719670348364e-01 2.000000000000000000e+00 1.000000000000000021e-08 -2.606517852620811593e-01 -1.757308623167835204e+00
-2.606517852620811593e-01 -1.757308623167835204e+00 2.000000000000000000e+00 1.000000000000000021e-08 -5.583263208106047371e-01 -2.976745355485235667e+00
-5.583263208106047371e-01 -2.976745355485235667e+00 2.000000000000000000e+00 1.000000000000000021e-08 -1.020124785834920722e+00 -4.617984650243158740e+00
-1.020124785834920722e+00 -4.617984650243158740e+00 0.000000000000000000e+00 1.000000000000000021e-08 -1.550831815215838905e+00 -5.000000000000000000e+00
-1.550831815215838905e+00 -5.000000000000000000e+00 2.000000000000000000e+00 9.999000000000000110e-01 -1.570796326794896558e+00 -5.000000000000000000e+00
-9.571898879476700359e-03 5.009445673279152439e-02 0.000000000000000000e+00 1.000000000000000021e-08 9.332382530667522602e-02 1.028957241861519156e+00
9.332382530667522602e-02 1.028957241861519156e+00 0.000000000000000000e+00 1.000000000000000021e-08 2.874259190351375892e-01 1.941020937284623660e+00
2.874259190351375892e-01 1.941020937284623660e+00 0.000000000000000000e+00 1.000000000000000021e-08 5.956061411730395605e-01 3.081802221379019713e+00
5.956061411730395605e-01 3.081802221379019713e+00 2.000000000000000000e+00 1.000000000000000021e-08 9.170047899762054922e-01 3.213986488031659317e+00
9.170047899762054922e-01 3.213986488031659317e+00 1.000000000000000000e+00 1.000000000000000021e-08 1.358801313822630474e+00 4.417965238464249822e+00
1.358801313822630474e+00 4.417965238464249822e+00 2.000000000000000000e+00 9.999000000000000110e-01 1.570796326794896558e+00 5.000000000000000000e+00
5.146459051146017039e-02 3.949560632059424814e-02 2.000000000000000000e+00 1.000000000000000021e-08 -7.624510200237306912e-03 -5.908910071169747313e-01
-7.624510200237306912e-03 -5.908910071169747313e-01 2.000000000000000000e+00 1.000000000000000021e-08 -1.436089083478806760e-01 -1.359843981476433816e+00
-1.436089083478806760e-01 -1.359843981476433816e+00 0.000000000000000000e+00 1.000000000000000021e-08 -2.241949180819211018e-01 -8.058600973404042023e-01
-2.241949180819211018e-01 -8.058600973404042023e-01 1.000000000000000000e+00 1.000000000000000021e-08 -3.431012116368341580e-01 -1.189062935549130673e+00
-3.431012116368341580e-01 -1.189062935549130673e+00 0.000000000000000000e+00 1.000000000000000021e-08 -4.488328908979384857e-01 -1.057316792611043388e+00
-4.488328908979384857e-01 -1.057316792611043388e+00 1.000000000000000000e+00 1.000000000000000021e-08 -6.251437416639227251e-01 -1.763108507659842505e+00
-6.251437416639227251e-01 -1.763108507659842505e+00 0.000000000000000000e+00 1.000000000000000021e-08 -8.274798359353074950e-01 -2.023360942713847255e+00
-8.274798359353074950e-01 -2.023360942713847255e+00 2.000000000000000000e+00 1.000000000000000021e-08 -1.198359101886404376e+00 -3.708792659510968370e+00
-1.198359101886404376e+00 -3.708792659510968370e+00 2.000000000000000000e+00 9.999000000000000110e-01 -1.570796326794896558e+00 -5.000000000000000000e+00
-8.296191024793043989e-02 -7.516111564776512682e-03 0.000000000000000000e+00 1.000000000000000021e-08 -8.513080978723039371e-03 7.444882926920739497e-01
-8.513080978723039371e-03 7.444882926920739497e-01 2.000000000000000000e+00 1.000000000000000021e-08 -2.344665889486186039e-02 -1.493357791613881824e-01
-2.344665889486186039e-02 -1.493357791613881824e-01 0.000000000000000000e+00 1.000000000000000021e-08 3.388414006305225101e-02 5.733079895791410863e-01
3.388414006305225101e-02 5.733079895791410863e-01 0.000000000000000000e+00 1.000000000000000021e-08 1.975032233969485351e-01 1.636190833338962980e+00
1.975032233969485351e-01 1.636190833338962980e+00 0.000000000000000000e+00 1.000000000000000021e-08 4.952623866297715671e-01 2.977591632328230098e+00
4.952623866297715671e-01 2.977591632328230098e+00 0.000000000000000000e+00 1.000000000000000021e-08 9.354233522708139681e-01 4.401609656410423455e+00
9.354233522708139681e-01 4.401609656410423455e+00 0.000000000000000000e+00 1.000000000000000021e-08 1.533116407696638817e+00 5.000000000000000000e+00
1.533116407696638817e+00 5.000000000000000000e+00 0.000000000000000000e+00 9.999000000000000110e-01 1.570796326794896558e+00 5.000000000000000000e+00
-7.613428827774357255e-02 8.467675355498119338e-02 0.000000000000000000e+00 1.000000000000000021e-08 6.613152615390846534e-03 8.274744089313441631e-01
6.613152615390846534e-03 8.274744089313441631e-01 0.000000000000000000e+00 1.000000000000000021e-08 1.870158134486988311e-01 1.804026608333079817e+00
1.870158134486988311e-01 1.804026608333079817e+00 2.000000000000000000e+00 1.000000000000000021e-08 3.272446787249950750e-01 1.402288652762962107e+00
3.272446787249950750e-01 1.402288652762962107e+00 1.000000000000000000e+00 1.000000000000000021e-08 5.276116053993149535e-01 2.003669266743199007e+00
5.276116053993149535e-01 2.003669266743199007e+00 2.000000000000000000e+00 1.000000000000000021e-08 7.236778127919045733e-01 1.960662073925896198e+00
7.236778127919045733e-01 1.960662073925896198e+00 0.000000000000000000e+00 1.000000000000000021e-08 1.072149776413867439e+00 3.484719636219629102e+00
1.072149776413867439e+00 3.484719636219629102e+00 0.000000000000000000e+00 9.999000000000000110e-01 1.570796326794896558e+00 5.000000000000000000e+00
7.198080037583472202e-02 5.196959473313295802e-02 0.000000000000000000e+00 1.000000000000000021e-08 1.649906047625281924e-01 9.300980438669345096e-01
1.649906047625281924e-01 9.300980438669345096e-01 2.000000000000000000e+00 1.000000000000000021e-08 2.059623067387678086e-01 4.097170197623961618e-01
2.059623067387678086e-01 4.097170197623961618e-01 0.000000000000000000e+00 1.000000000000000021e-08 3.645730219330307609e-01 1.586107151942629745e+00
3.645730219330307609e-01 1.586107151942629745e+00 1.000000000000000000e+00 1.000000000000000021e-08 5.874225769197169988e-01 2.228495549866862380e+00
5.874225769197169988e-01 2.228495549866862380e+00 1.000000000000000000e+00 1.000000000000000021e-08 9.101797213218506544e-01 3.227571444021336333e+00
9.101797213218506544e-01 3.227571444021336333e+00 0.000000000000000000e+00 1.000000000000000021e-08 1.395777266888191814e+00 4.855975455663410045e+00
1.395777266888191814e+00 4.855975455663410045e+00 1.000000000000000000e+00 9.999000000000000110e-01 1.570796326794896558e+00 5.000000000000000000e+00
-5.721524260706682685e-02 7.352948378751952840e-02 1.000000000000000000e+00 1.000000000000000021e-08 -6.826162060575985402e-02 -1.104637799869302994e-01
-6.826162060575985402e-02 -1.104637799869302994e-01 2.000000000000000000e+00 1.000000000000000021e-08 -1.818598581769083067e-01 -1.135982375711484638e+00
-1.818598581769083067e-01 -1.135982375711484638e+00 1.000000000000000000e+00 1.000000000000000021e-08 -3.430523031966868919e-01 -1.611924450197785852e+00
-3.430523031966868919e-01 -1.611924450197785852e+00 2.000000000000000000e+00 1.000000000000000021e-08 -6.557982764672869447e-01 -3.127459732706000750e+00
-6.557982764672869447e-01 -3.127459732706000750e+00 2.000000000000000000e+00 1.000000000000000021e-08 -1.136910561912050976e+00 -4.811122854447640762e+00
-1.136910561912050976e+00 -4.811122854447640762e+00 0.000000000000000000e+00 9.999000000000000110e-01 -1.570796326794896558e+00 -5.000000000000000000e+00
-1.492174668212154637e-02 6.028815242707748212e-02 1.000000000000000000e+00 1.000000000000000021e-08 -2.562547939858882823e-02 -1.070373271646728047e-01
-2.562547939858882823e-02 -1.070373271646728047e-01 1.000000000000000000e+00 1.000000000000000021e-08 -2.531544705325199443e-02 3.100323453368331039e-03
-2.531544705325199443e-02 3.100323453368331039e-03 2.000000000000000000e+00 1.000000000000000021e-08 -1.072251428240976606e-01 -8.190969577084566966e-01
-1.072251428240976606e-01 -8.190969577084566966e-01 0.000000000000000000e+00 1.000000000000000021e-08 -1.173776544989930531e-01 -1.015251167489539252e-01
-1.173776544989930531e-01 -1.015251167489539252e-01 1.000000000000000000e+00 1.000000000000000021e-08 -1.437565554093459264e-01 -2.637890091035288154e-01
-1.437565554093459264e-01 -2.637890091035288154e-01 1.000000000000000000e+00 1.000000000000000021e-08 -1.994399720596195802e-01 -5.568341665027364273e-01
-1.994399720596195802e-01 -5.568341665027364273e-01 0.000000000000000000e+00 1.000000000000000021e-08 -1.887723688795625576e-01 1.066760318005701702e-01
-1.887723688795625576e-01 1.066760318005701702e-01 0.000000000000000000e+00 1.000000000000000021e-08 -1.112859782804062336e-01 7.748639059915631844e-01
-1.112859782804062336e-01 7.748639059915631844e-01 1.000000000000000000e+00 1.000000000000000021e-08 -6.999813695596698859e-02 4.128784132443924504e-01
-6.999813695596698859e-02 4.128784132443924504e-01 1.000000000000000000e+00 1.000000000000000021e-08 -4.699172473236029601e-02 2.300641222360668703e-01
-4.699172473236029601e-02 2.300641222360668703e-01 1.000000000000000000e+00 1.000000000000000021e-08 -2.972336358365200784e-02 1.726836114870828887e-01
-2.972336358365200784e-02 1.726836114870828887e-01 1.000000000000000000e+00 1.000000000000000021e-08 -2.925934108150677476e-02 4.640225021452337728e-03
-2.925934108150677476e-02 4.640225021452337728e-03 0.000000000000000000e+00 1.000000000000000021e-08 6.493108981217940445e-02 9.419043089368616117e-01
6.493108981217940445e-02 9.419043089368616117e-01 2.000000000000000000e+00 1.000000000000000021e-08 7.196920733618138166e-02 7.038117524001974434e-02
7.196920733618138166e-02 7.038117524001974434e-02 2.000000000000000000e+00 1.000000000000000021e-08 -8.043997315808917858e-03 -8.001320465199029952e-01
-8.043997315808917858e-03 -8.001320465199029952e-01 0.000000000000000000e+00 1.000000000000000021e-08 1.196008650469347623e-02 2.000408382050239409e-01
1.196008650469347623e-02 2.000408382050239409e-01 2.000000000000000000e+00 1.000000000000000021e-08 -6.403360074616480657e-02 -7.599368725085827725e-01
-6.403360074616480657e-02 -7.599368725085827725e-01 0.000000000000000000e+00 1.000000000000000021e-08 -5.054260345627681339e-02 1.349099728988799596e-01
-5.054260345627681339e-02 1.349099728988799596e-01 1.000000000000000000e+00 1.000000000000000021e-08 -4.433877295519497025e-02 6.203830501081840365e-02
-4.433877295519497025e-02 6.203830501081840365e-02 0.000000000000000000e+00 1.000000000000000021e-08 4.923157902911968337e-02 9.357035198431464806e-01
4.923157902911968337e-02 9.357035198431464806e-01 2.000000000000000000e+00 1.000000000000000021e-08 6.382645627133377852e-02 1.459487724221409932e-01
6.382645627133377852e-02 1.459487724221409932e-01 0.000000000000000000e+00 1.000000000000000021e-08 1.836108628502683970e-01 1.197844065789346324e+00
1.836108628502683970e-01 1.197844065789346324e+00 0.000000000000000000e+00 1.000000000000000021e-08 4.068530156694079025e-01 2.232421528191395055e+00
4.068530156694079025e-01 2.232421528191395055e+00 1.000000000000000000e+00 1.000000000000000021e-08 6.879330609029358223e-01 2.810800452335278976e+00
6.879330609029358223e-01 2.810800452335278976e+00 1.000000000000000000e+00 1.000000000000000021e-08 1.070664574063860508e+00 3.827315131609246635e+00
1.070664574063860508e+00 3.827315131609246635e+00 0.000000000000000000e+00 9.999000000000000110e-01 1.570796326794896558e+00 5.000000000000000000e+00
-3.147195841315257592e-02 -5.680366841800506966e-02 1.000000000000000000e+00 1.000000000000000021e-08 -2.698694963765191357e-02 4.485008775500660266e-02
-2.698694963765191357e-02 4.485008775500660266e-02 1.000000000000000000e+00 1.000000000000000021e-08 -3.199559231404416892e-02 -5.008642676392254661e-02
-3.199559231404416892e-02 -5.008642676392254661e-02 1.000000000000000000e+00 1.000000000000000021e-08 -3.762978432190479394e-02 -5.634192007860622936e-02
-3.762978432190479394e-02 -5.634192007860622936e-02 0.000000000000000000e+00 1.000000000000000021e-08 2.331138569727382592e-02 6.094117001917861431e-01
2.331138569727382592e-02 6.094117001917861431e-01 1.000000000000000000e+00 1.000000000000000021e-08 9.512473148359693043e-02 7.181334578632310173e-01
9.512473148359693043e-02 7.181334578632310173e-01 2.000000000000000000e+00 1.000000000000000021e-08 8.658271527793010014e-02 -8.542016205666835837e-02
8.658271527793010014e-02 -8.542016205666835837e-02 2.000000000000000000e+00 1.000000000000000021e-08 2.089831344713140304e-02 -6.568440183079868877e-01
2.089831344713140304e-02 -6.568440183079868877e-01 2.000000000000000000e+00 1.000000000000000021e-08 -1.344589880695306605e-01 -1.553573015166620497e+00
-1.344589880695306605e-01 -1.553573015166620497e+00 0.000000000000000000e+00 1.000000000000000021e-08 -2.385340277317209989e-01 -1.040750396621903162e+00
-2.385340277317209989e-01 -1.040750396621903162e+00 0.000000000000000000e+00 1.000000000000000021e-08 -2.854651331543504034e-01 -4.693110542262942664e-01
-2.854651331543504034e-01 -4.693110542262942664e-01 1.000000000000000000e+00 1.000000000000000021e-08 -3.699085592864489458e-01 -8.444342613209852022e-01
-3.699085592864489458e-01 -8.444342613209852022e-01 2.000000000000000000e+00 1.000000000000000021e-08 -5.938359810950314399e-01 -2.239274218085824941e+00
-5.938359810950314399e-01 -2.239274218085824941e+00 0.000000000000000000e+00 1.000000000000000021e-08 -8.477420141065068471e-01 -2.539060330114754294e+00
-8.477420141065068471e-01 -2.539060330114754294e+00 0.000000000000000000e+00 1.000000000000000021e-08 -1.150824201978804640e+00 -3.030821878722977925e+00
-1.150824201978804640e+00 -3.030821878722977925e+00 2.000000000000000000e+00 9.999000000000000110e-01 -1.570796326794896558e+00 -4.655000555924166505e+00
2.049653950692655047e-02 6.520894581957542568e-02 1.000000000000000000e+00 1.000000000000000021e-08 3.410170930387345506e-02 1.360516979694690320e-01
3.410170930387345506e-02 1.360516979694690320e-01 0.000000000000000000e+00 1.000000000000000021e-08 1.410184437127644519e-01 1.069167344088909788e+00
1.410184437127644519e-01 1.069167344088909788e+00 0.000000000000000000e+00 1.000000000000000021e-08 3.638787565029857340e-01 2.228603127902212933e+00
3.638787565029857340e-01 2.228603127902212933e+00 2.000000000000000000e+00 1.000000000000000021e-08 5.566756156920823484e-01 1.927968591890965921e+00
5.566756156920823484e-01 1.927968591890965921e+00 0.000000000000000000e+00 1.000000000000000021e-08 9.000769573535194468e-01 3.434013416614370762e+00
9.000769573535194468e-01 3.434013416614370762e+00 0.000000000000000000e+00 1.000000000000000021e-08 1.413394000116906302e+00 5.000000000000000000e+00
1.413394000116906302e+00 5.000000000000000000e+00 2.000000000000000000e+00 9.999000000000000110e-01 1.570796326794896558e+00 5.000000000000000000e+00
-3.769909820546696322e-02 7.425228483356952069e-02 2.000000000000000000e+00 1.000000000000000021e-08 -1.177647080613508090e-01 -8.006560985588384582e-01
-1.177647080613508090e-01 -8.006560985588384582e-01 1.000000000000000000e+00 1.000000000000000021e-08 -2.047457945726019468e-01 -8.698108651125114887e-01
-2.047457945726019468e-01 -8.698108651125114887e-01 0.000000000000000000e+00 1.000000000000000021e-08 -2.307281821344088490e-01 -2.598238756180690778e-01
-2.307281821344088490e-01 -2.598238756180690778e-01 2.000000000000000000e+00 1.000000000000000021e-08 -3.665131754518026752e-01 -1.357849933173938206e+00
-3.665131754518026752e-01 -1.357849933173938206e+00 0.000000000000000000e+00 1.000000000000000021e-08 -4.850133781712226422e-01 -1.185002027194199448e+00
-4.850133781712226422e-01 -1.185002027194199448e+00 2.000000000000000000e+00 1.000000000000000021e-08 -7.616054114634374095e-01 -2.765920332922147118e+00
-7.616054114634374095e-01 -2.765920332922147118e+00 1.000000000000000000e+00 1.000000000000000021e-08 -1.137305354483452602e+00 -3.756999430200152368e+00
-1.137305354483452602e+00 -3.756999430200152368e+00 0.000000000000000000e+00 9.999000000000000110e-01 -1.570796326794896558e+00 -4.759105554025918394e+00
4.834629846849538420e-02 8.077177483601005736e-02 0.000000000000000000e+00 1.000000000000000021e-08 1.643822262844475690e-01 1.160359278159521779e+00
1.643822262844475690e-01 1.160359278159521779e+00 1.000000000000000000e+00 1.000000000000000021e-08 3.017686357205103809e-01 1.373864094360628396e+00
3.017686357205103809e-01 1.373864094360628396e+00 1.000000000000000000e+00 1.000000000000000021e-08 4.734373880059649653e-01 1.716687522854545733e+00
4.734373880059649653e-01 1.716687522854545733e+00 1.000000000000000000e+00 1.000000000000000021e-08 7.284711608162111052e-01 2.550337728102461288e+00
7.284711608162111052e-01 2.550337728102461288e+00 1.000000000000000000e+00 1.000000000000000021e-08 1.089881146264535472e+00 3.614099854483243668e+00
1.089881146264535472e+00 3.614099854483243668e+00 0.000000000000000000e+00 9.999000000000000110e-01 1.570796326794896558e+00 5.000000000000000000e+00
6.189845147405170778e-02 -5.423773840247449185e-02 2.000000000000000000e+00 1.000000000000000021e-08 -1.044880586075412621e-02 -7.234725733480583676e-01
-1.044880586075412621e-02 -7.234725733480583676e-01 0.000000000000000000e+00 1.000000000000000021e-08 -3.221169647154437099e-04 1.012668889603868250e-01
-3.221169647154437099e-04 1.012668889603868250e-01 0.000000000000000000e+00 1.000000000000000021e-08 1.037846755570072388e-01 1.041067925217226797e+00
1.037846755570072388e-01 1.041067925217226797e+00 1.000000000000000000e+00 1.000000000000000021e-08 2.083926112871156144e-01 1.046079357301083590e+00
2.083926112871156144e-01 1.046079357301083590e+00 0.000000000000000000e+00 1.000000000000000021e-08 4.298250387377973158e-01 2.214324274506816792e+00
4.298250387377973158e-01 2.214324274506816792e+00 0.000000000000000000e+00 1.000000000000000021e-08 7.927896396995730566e-01 3.629646009617757407e+00
7.927896396995730566e-01 3.629646009617757407e+00 0.000000000000000000e+00 1.000000000000000021e-08 1.306445466017050583e+00 5.000000000000000000e+00
1.306445466017050583e+00 5.000000000000000000e+00 2.000000000000000000e+00 9.999000000000000110e-01 1.570796326794896558e+00 5.000000000000000000e+00
3.476932831679596658e-02 5.736448735434189483e-02 2.000000000000000000e+00 1.000000000000000021e-08 -2.830340619957003034e-02 -6.307273451636599138e-01
-2.830340619957003034e-02 -6.307273451636599138e-01 0.000000000000000000e+00 1.000000000000000021e-08 -2.349662451790084788e-02 4.806781681669181072e-02
-2.349662451790084788e-02 4.806781681669181072e-02 1.000000000000000000e+00 1.000000000000000021e-08 -3.304536947043709705e-02 -9.548744952536245001e-02
-3.304536947043709705e-02 -9.548744952536245001e-02 2.000000000000000000e+00 1.000000000000000021e-08 -1.494692993077484933e-01 -1.164239298373114018e+00
-1.494692993077484933e-01 -1.164239298373114018e+00 1.000000000000000000e+00 1.000000000000000021e-08 -2.892785197920080265e-01 -1.398092204842595665e+00
-2.892785197920080265e-01 -1.398092204842595665e+00 1.000000000000000000e+00 1.000000000000000021e-08 -4.744430225049142136e-01 -1.851645027129062093e+00
-4.744430225049142136e-01 -1.851645027129062093e+00 1.000000000000000000e+00 1.000000000000000021e-08 -7.457826117928396670e-01 -2.713395892879254312e+00
-7.457826117928396670e-01 -2.713395892879254312e+00 2.000000000000000000e+00 1.000000000000000021e-08 -1.186551244940534211e+00 -4.407686331476945440e+00
-1.186551244940534211e+00 -4.407686331476945440e+00 0.000000000000000000e+00 9.999000000000000110e-01 -1.570796326794896558e+00 -5.000000000000000000e+00
-7.360503131040596614e-02 6.769319034402002111e-02 0.000000000000000000e+00 1.000000000000000021e-08 -7.064286605602473901e-03 6.654074470480348946e-01
-7.064286605602473901e-03 6.654074470480348946e-01 0.000000000000000000e+00 1.000000000000000021e-08 1.530793491254041627e-01 1.601436357310066061e+00
1.530793491254041627e-01 1.601436357310066061e+00 0.000000000000000000e+00 1.000000000000000021e-08 4.329127671907976871e-01 2.798334180653935022e+00
4.329127671907976871e-01 2.798334180653935022e+00 2.000000000000000000e+00 1.000000000000000021e-08 6.936747145866780651e-01 2.607619473958803891e+00
6.936747145866780651e-01 2.607619473958803891e+00 2.000000000000000000e+00 1.000000000000000021e-08 9.843330278164104108e-01 2.906583132297323679e+00
9.843330278164104108e-01 2.906583132297323679e+00 2.000000000000000000e+00 1.000000000000000021e-08 1.352461315387094132e+00 3.681282875706836766e+00
1.352461315387094132e+00 3.681282875706836766e+00 0.000000000000000000e+00 9.999000000000000110e-01 1.570796326794896558e+00 5.000000000000000000e+00
-3.501438827737422127e-02 7.182372199589898143e-02 0.000000000000000000e+00 1.000000000000000021e-08 6.333963005008727554e-02 9.835401832746148987e-01
6.333963005008727554e-02 9.835401832746148987e-01 0.000000000000000000e+00 1.000000000000000021e-08 2.548344090354892066e-01 1.914947789854019256e+00
2.548344090354892066e-01 1.914947789854019256e+00 2.000000000000000000e+00 1.000000000000000021e-08 4.116256592559830452e-01 1.567912502204938274e+00
4.116256592559830452e-01 1.567912502204938274e+00 2.000000000000000000e+00 1.000000000000000021e-08 5.447196335976550730e-01 1.330939743416720278e+00
5.447196335976550730e-01 1.330939743416720278e+00 0.000000000000000000e+00 1.000000000000000021e-08 8.223535953598379855e-01 2.776339617621828459e+00
8.223535953598379855e-01 2.776339617621828459e+00 1.000000000000000000e+00 1.000000000000000021e-08 1.205231358244525763e+00 3.828777628846877334e+00
1.205231358244525763e+00 3.828777628846877334e+00 1.000000000000000000e+00 9.999000000000000110e-01 1.570796326794896558e+00 5.000000000000000000e+00
-6.440931777263632363e-02 6.260091528500212610e-02 0.000000000000000000e+00 1.000000000000000021e-08 2.996665722264640896e-02 9.437597499528272982e-01
2.996665722264640896e-02 9.437597499528272982e-01 0.000000000000000000e+00 1.000000000000000021e-08 2.050881042384844477e-01 1.751214470158380276e+00
2.050881042384844477e-01 1.751214470158380276e+00 0.000000000000000000e+00 1.000000000000000021e-08 4.944244569180579751e-01 2.893363526795734941e+00
4.944244569180579751e-01 2.893363526795734941e+00 1.000000000000000000e+00 1.000000000000000021e-08 8.566071606800971239e-01 3.621827037620391820e+00
8.566071606800971239e-01 3.621827037620391820e+00 2.000000000000000000e+00 1.000000000000000021e-08 1.269918087985356214e+00 4.133109273052591348e+00
1.269918087985356214e+00 4.133109273052591348e+00 2.000000000000000000e+00 9.999000000000000110e-01 1.570796326794896558e+00 5.000000000000000000e+00
-2.470722045269661826e-02 4.676931488082182453e-02 1.000000000000000000e+00 1.000000000000000021e-08 -1.855287939004815825e-02 6.154341062648460703e-02
-1.855287939004815825e-02 6.154341062648460703e-02 2.000000000000000000e+00 1.000000000000000021e-08 -1.034496731893345955e-01 -8.489679379928642966e-01
-1.034496731893345955e-01 -8.489679379928642966e-01 0.000000000000000000e+00 1.000000000000000021e-08 -1.283252681661344874e-01 -2.487559497679989740e-01
-1.283252681661344874e-01 -2.487559497679989740e-01 1.000000000000000000e+00 1.000000000000000021e-08 -1.617034485206264305e-01 -3.337818035449193754e-01
-1.617034485206264305e-01 -3.337818035449193754e-01 0.000000000000000000e+00 1.000000000000000021e-08 -1.482624263162898581e-01 1.344102220433657235e-01
-1.482624263162898581e-01 1.344102220433657235e-01 1.000000000000000000e+00 1.000000000000000021e-08 -1.593586159250368894e-01 -1.109618960874704241e-01
-1.593586159250368894e-01 -1.109618960874704241e-01 1.000000000000000000e+00 1.000000000000000021e-08 -2.049744893407214885e-01 -4.561587341568459353e-01
-2.049744893407214885e-01 -4.561587341568459353e-01 2.000000000000000000e+00 1.000000000000000021e-08 -3.547916861069868588e-01 -1.498171967662653259e+00
-3.547916861069868588e-01 -1.498171967662653259e+00 0.000000000000000000e+00 1.000000000000000021e-08 -4.893072593996248276e-01 -1.345155732926379688e+00
-4.893072593996248276e-01 -1.345155732926379688e+00 0.000000000000000000e+00 1.000000000000000021e-08 -6.407785717879919130e-01 -1.514713123883670409e+00
-6.407785717879919130e-01 -1.514713123883670409e+00 2.000000000000000000e+00 1.000000000000000021e-08 -9.451744920029583330e-01 -3.043959202149664645e+00
-9.451744920029583330e-01 -3.043959202149664645e+00 1.000000000000000000e+00 1.000000000000000021e-08 -1.361675512434158630e+00 -4.165010204312002529e+00
-1.361675512434158630e+00 -4.165010204312002529e+00 1.000000000000000000e+00 9.999000000000000110e-01 -1.570796326794896558e+00 -5.000000000000000000e+00
2.088234972002681045e-02 -1.082657247318836308e-02 1.000000000000000000e+00 1.000000000000000021e-08 2.280440042681195628e-02 1.922050706785146529e-02
2.280440042681195628e-02 1.922050706785146529e-02 1.000000000000000000e+00 1.000000000000000021e-08 4.329245325902411623e-02 2.048805283221215856e-01
4.329245325902411623e-02 2.048805283221215856e-01 0.000000000000000000e+00 1.000000000000000021e-08 1.733205967692924843e-01 1.300281435102683680e+00
1.733205967692924843e-01 1.300281435102683680e+00 1.000000000000000000e+00 1.000000000000000021e-08 3.276456075157235803e-01 1.543250107464310572e+00
3.276456075157235803e-01 1.543250107464310572e+00 2.000000000000000000e+00 1.000000000000000021e-08 4.640779942146854298e-01 1.364323866989618494e+00
4.640779942146854298e-01 1.364323866989618494e+00 2.000000000000000000e+00 1.000000000000000021e-08 6.026648769156011110e-01 1.385868827009156146e+00
6.026648769156011110e-01 1.385868827009156146e+00 1.000000000000000000e+00 1.000000000000000021e-08 8.413690591993965295e-01 2.387041822837954630e+00
8.413690591993965295e-01 2.387041822837954630e+00 1.000000000000000000e+00 1.000000000000000021e-08 1.188469317327720987e+00 3.471002581283245014e+00
1.188469317327720987e+00 3.471002581283245014e+00 2.000000000000000000e+00 9.999000000000000110e-01 1.570796326794896558e+00 4.535087295878660107e+00
-2.663860178571169496e-02 7.935203303692014293e-03 2.000000000000000000e+00 1.000000000000000021e-08 -1.121368422632237072e-01 -8.549824047751201084e-01
-1.121368422632237072e-01 -8.549824047751201084e-01 0.000000000000000000e+00 1.000000000000000021e-08 -1.406957374334130706e-01 -2.855889517018934676e-01
-1.406957374334130706e-01 -2.855889517018934676e-01 0.000000000000000000e+00 1.000000000000000021e-08 -1.163010921873297576e-01 2.439464524608331297e-01
-1.163010921873297576e-01 2.439464524608331297e-01 1.000000000000000000e+00 1.000000000000000021e-08 -9.696777602646911021e-02 1.933331616086064464e-01
-9.696777602646911021e-02 1.933331616086064464e-01 0.000000000000000000e+00 1.000000000000000021e-08 -2.385072866309030648e-02 7.311704736337880650e-01
-2.385072866309030648e-02 7.311704736337880650e-01 0.000000000000000000e+00 1.000000000000000021e-08 1.377147163657738149e-01 1.615654450288640964e+00
1.377147163657738149e-01 1.615654450288640964e+00 1.000000000000000000e+00 1.000000000000000021e-08 3.137164897130332308e-01 1.760017733472593937e+00
3.137164897130332308e-01 1.760017733472593937e+00 1.000000000000000000e+00 1.000000000000000021e-08 5.453848172930166882e-01 2.316683275799833908e+00
5.453848172930166882e-01 2.316683275799833908e+00 1.000000000000000000e+00 1.000000000000000021e-08 8.637865202930632424e-01 3.184017030000465098e+00
8.637865202930632424e-01 3.184017030000465098e+00 1.000000000000000000e+00 1.000000000000000021e-08 1.299093512733217715e+00 4.353069924401545165e+00
1.299093512733217715e+00 4.353069924401545165e+00 2.000000000000000000e+00 9.999000000000000110e-01 1.570796326794896558e+00 5.000000000000000000e+00
3.322404427073948063e-02 -3.678852949832763647e-02 2.000000000000000000e+00 1.000000000000000021e-08 -5.117541050307557182e-02 -8.439945477381505246e-01
-5.117541050307557182e-02 -8.439945477381505246e-01 2.000000000000000000e+00 1.000000000000000021e-08 -2.495169317508814655e-01 -1.983415212478059075e+00
-2.495169317508814655e-01 -1.983415212478059075e+00 0.000000000000000000e+00 1.000000000000000021e-08 -3.960680965090762617e-01 -1.465511647581947852e+00
-3.960680965090762617e-01 -1.465511647581947852e+00 2.000000000000000000e+00 1.000000000000000021e-08 -6.896024957891659923e-01 -2.935343992800896640e+00
-6.896024957891659923e-01 -2.935343992800896640e+00 2.000000000000000000e+00 1.000000000000000021e-08 -1.130813892290197797e+00 -4.412113965010318495e+00
-1.130813892290197797e+00 -4.412113965010318495e+00 0.000000000000000000e+00 9.999000000000000110e-01 -1.570796326794896558e+00 -5.000000000000000000e+00
1.936957263357273057e-02 3.761858116851743428e-02 2.000000000000000000e+00 1.000000000000000021e-08 -4.588208183641977883e-02 -6.525165446999250385e-01
-4.588208183641977883e-02 -6.525165446999250385e-01 1.000000000000000000e+00 1.000000000000000021e-08 -1.261103788367762546e-01 -8.022829700035646328e-01
-1.261103788367762546e-01 -8.022829700035646328e-01 1.000000000000000000e+00 1.000000000000000021e-08 -2.218911528840638026e-01 -9.578077404728754241e-01
-2.218911528840638026e-01 -9.578077404728754241e-01 0.000000000000000000e+00 1.000000000000000021e-08 -2.629990284898471309e-01 -4.110787560578332833e-01
-2.629990284898471309e-01 -4.110787560578332833e-01 0.000000000000000000e+00 1.000000000000000021e-08 -2.794718445336707990e-01 -1.647281604382366815e-01
-2.794718445336707990e-01 -1.647281604382366815e-01 0.000000000000000000e+00 1.000000000000000021e-08 -2.572309785181865482e-01 2.224086601548427855e-01
-2.572309785181865482e-01 2.224086601548427855e-01 0.000000000000000000e+00 1.000000000000000021e-08 -1.841078931880122393e-01 7.312308533017428669e-01
-1.841078931880122393e-01 7.312308533017428669e-01 1.000000000000000000e+00 1.000000000000000021e-08 -1.358936630716917615e-01 4.821423011632046673e-01
-1.358936630716917615e-01 4.821423011632046673e-01 0.000000000000000000e+00 1.000000000000000021e-08 -1.185830846254239124e-02 1.240353546091493619e+00
-1.185830846254239124e-02 1.240353546091493619e+00 1.000000000000000000e+00 1.000000000000000021e-08 9.808969087782540286e-02 1.099479993403677858e+00
9.808969087782540286e-02 1.099479993403677858e+00 2.000000000000000000e+00 1.000000000000000021e-08 1.524977856263540765e-01 5.440809474852866812e-01
1.524977856263540765e-01 5.440809474852866812e-01 2.000000000000000000e+00 1.000000000000000021e-08 1.386794862891501945e-01 -1.381829933720388759e-01
1.386794862891501945e-01 -1.381829933720388759e-01 0.000000000000000000e+00 1.000000000000000021e-08 2.445756059784469083e-01 1.058961196892967083e+00
2.445756059784469083e-01 1.058961196892967083e+00 0.000000000000000000e+00 1.000000000000000021e-08 4.851733004084331502e-01 2.405976944299862197e+00
4.851733004084331502e-01 2.405976944299862197e+00 0.000000000000000000e+00 1.000000000000000021e-08 8.850016772811419852e-01 3.998283768727088905e+00
8.850016772811419852e-01 3.998283768727088905e+00 2.000000000000000000e+00 1.000000000000000021e-08 1.348551562996237907e+00 4.635498857150958329e+00
1.348551562996237907e+00 4.635498857150958329e+00 1.000000000000000000e+00 9.999000000000000110e-01 1.570796326794896558e+00 5.000000000000000000e+00
1.996858326821421281e-02 3.181541416875710571e-02 0.000000000000000000e+00 1.000000000000000021e-08 1.052037615077809907e-01 8.523517823956676676e-01
1.052037615077809907e-01 8.523517823956676676e-01 1.000000000000000000e+00 1.000000000000000021e-08 2.250028861393268409e-01 1.197991246315458280e+00
2.250028861393268409e-01 1.197991246315458280e+00 2.000000000000000000e+00 1.000000000000000021e-08 2.868445943614183480e-01 6.184170822209149598e-01
2.868445943614183480e-01 6.184170822209149598e-01 0.000000000000000000e+00 1.000000000000000021e-08 4.788992136950872558e-01 1.920546193336689189e+00
4.788992136950872558e-01 1.920546193336689189e+00 2.000000000000000000e+00 1.000000000000000021e-08 6.724398985446785604e-01 1.935406848495913268e+00
6.724398985446785604e-01 1.935406848495913268e+00 1.000000000000000000e+00 1.000000000000000021e-08 9.606928471753198862e-01 2.882529486306413258e+00
9.606928471753198862e-01 2.882529486306413258e+00 1.000000000000000000e+00 1.000000000000000021e-08 1.370145043001120833e+00 4.094521958258010130e+00
