2.429255976169289455e-02 7.865066531896369728e-02 1.000000000000000000e+00 1.000000000000000021e-08 4.662244871110121647e-02 2.232988894940831637e-01
4.662244871110121647e-02 2.232988894940831637e-01 0.000000000000000000e+00 1.000000000000000021e-08 1.682787974789861085e-01 1.216563487678848698e+00
1.682787974789861085e-01 1.216563487678848698e+00 2.000000000000000000e+00 1.000000000000000021e-08 2.365694364474552891e-01 6.829063896846917503e-01
2.365694364474552891e-01 6.829063896846917503e-01 0.000000000000000000e+00 1.000000000000000021e-08 4.150195294369520838e-01 1.784500929894967669e+00
4.150195294369520838e-01 1.784500929894967669e+00 0.000000000000000000e+00 1.000000000000000021e-08 7.483420535267817364e-01 3.333225240898295638e+00
7.483420535267817364e-01 3.333225240898295638e+00 2.000000000000000000e+00 1.000000000000000021e-08 1.122865387574313978e+00 3.745233340475323303e+00
1.122865387574313978e+00 3.745233340475323303e+00 2.000000000000000000e+00 9.999000000000000110e-01 1.570796326794896558e+00 4.670134179652387196e+00
1.670938006015511290e-02 4.738450002729635568e-02 0.000000000000000000e+00 1.000000000000000021e-08 1.244169504149474914e-01 1.077075703547923702e+00
1.244169504149474914e-01 1.077075703547923702e+00 1.000000000000000000e+00 1.000000000000000021e-08 2.599806508128731375e-01 1.355637003979256461e+00
2.599806508128731375e-01 1.355637003979256461e+00 0.000000000000000000e+00 1.000000000000000021e-08 5.097512953379106371e-01 2.497706445250374330e+00
5.097512953379106371e-01 2.497706445250374330e+00 0.000000000000000000e+00 1.000000000000000021e-08 9.018411074740084743e-01 3.920898121360977928e+00
9.018411074740084743e-01 3.920898121360977928e+00 0.000000000000000000e+00 1.000000000000000021e-08 1.457011253640692505e+00 5.000000000000000000e+00
1.457011253640692505e+00 5.000000000000000000e+00 2.000000000000000000e+00 9.999000000000000110e-01 1.570796326794896558e+00 5.000000000000000000e+00
4.011422314179211024e-02 5.377395823373029571e-02 2.000000000000000000e+00 1.000000000000000021e-08 -3.302100499670382328e-02 -7.313522813849593351e-01
-3.302100499670382328e-02 -7.313522813849593351e-01 2.000000000000000000e+00 1.000000000000000021e-08 -2.039582013768174718e-01 -1.709371963801136429e+00
-2.039582013768174718e-01 -1.709371963801136429e+00 1.000000000000000000e+00 1.000000000000000021e-08 -4.186614923840273894e-01 -2.147032910072099288e+00
-4.186614923840273894e-01 -2.147032910072099288e+00 2.000000000000000000e+00 1.000000000000000021e-08 -7.921721571653866922e-01 -3.735106647813593028e+00
-7.921721571653866922e-01 -3.735106647813593028e+00 2.000000000000000000e+00 1.000000000000000021e-08 -1.325151378978131955e+00 -5.000000000000000000e+00
-1.325151378978131955e+00 -5.000000000000000000e+00 0.000000000000000000e+00 9.999000000000000110e-01 -1.570796326794896558e+00 -5.000000000000000000e+00
1.756821258294998661e-02 5.020726470153485249e-02 2.000000000000000000e+00 1.000000000000000021e-08 -4.858238734218469496e-02 -6.615059992513467879e-01
-4.858238734218469496e-02 -6.615059992513467879e-01 1.000000000000000000e+00 1.000000000000000021e-08 -1.170239200423246473e-01 -6.844153270013995094e-01
-1.170239200423246473e-01 -6.844153270013995094e-01 0.000000000000000000e+00 1.000000000000000021e-08 -1.174057906288993730e-01 -3.818705865747284989e-03
-1.174057906288993730e-01 -3.818705865747284989e-03 2.000000000000000000e+00 1.000000000000000021e-08 -2.083300800334367264e-01 -9.092428940453733954e-01
-2.083300800334367264e-01 -9.092428940453733954e-01 1.000000000000000000e+00 1.000000000000000021e-08 -3.479823938585323018e-01 -1.396523138250955753e+00
-3.479823938585323018e-01 -1.396523138250955753e+00 1.000000000000000000e+00 1.000000000000000021e-08 -5.462415525513850678e-01 -1.982591586928527772e+00
-5.462415525513850678e-01 -1.982591586928527772e+00 2.000000000000000000e+00 1.000000000000000021e-08 -8.959668493112356025e-01 -3.497252967598504458e+00
-8.959668493112356025e-01 -3.497252967598504458e+00 1.000000000000000000e+00 1.000000000000000021e-08 -1.367011443798182846e+00 -4.710445944869473323e+00
-1.367011443798182846e+00 -4.710445944869473323e+00 2.000000000000000000e+00 9.999000000000000110e-01 -1.570796326794896558e+00 -5.000000000000000000e+00
-1.550382140272227316e-03 4.168898080509950144e-02 1.000000000000000000e+00 1.000000000000000021e-08 4.480630656206671669e-03 6.031012796478898985e-02
4.480630656206671669e-03 6.031012796478898985e-02 1.000000000000000000e+00 1.000000000000000021e-08 -6.213009668862214119e-03 -1.069364032506888440e-01
-6.213009668862214119e-03 -1.069364032506888440e-01 1.000000000000000000e+00 1.000000000000000021e-08 -1.392006953040138273e-02 -7.707059861539167223e-02
-1.392006953040138273e-02 -7.707059861539167223e-02 2.000000000000000000e+00 1.000000000000000021e-08 -1.281053380671561825e-01 -1.141852685367547915e+00
-1.281053380671561825e-01 -1.141852685367547915e+00 0.000000000000000000e+00 1.000000000000000021e-08 -1.778579054329080811e-01 -4.975256736575188743e-01
-1.778579054329080811e-01 -4.975256736575188743e-01 2.000000000000000000e+00 1.000000000000000021e-08 -3.477457146117453046e-01 -1.698878091788371902e+00
-3.477457146117453046e-01 -1.698878091788371902e+00 1.000000000000000000e+00 1.000000000000000021e-08 -5.765924213410524857e-01 -2.288467067293071366e+00
-5.765924213410524857e-01 -2.288467067293071366e+00 0.000000000000000000e+00 1.000000000000000021e-08 -8.333432895850376720e-01 -2.567508682439852308e+00
-8.333432895850376720e-01 -2.567508682439852308e+00 0.000000000000000000e+00 1.000000000000000021e-08 -1.154397298041904385e+00 -3.210540084568665797e+00
-1.154397298041904385e+00 -3.210540084568665797e+00 2.000000000000000000e+00 9.999000000000000110e-01 -1.570796326794896558e+00 -4.829350164234805121e+00
-2.986445743049623291e-02 -7.149466267006976405e-02 2.000000000000000000e+00 1.000000000000000021e-08 -1.209625933678421250e-01 -9.109813593734588100e-01
-1.209625933678421250e-01 -9.109813593734588100e-01 2.000000000000000000e+00 1.000000000000000021e-08 -3.225442170499980277e-01 -2.015816236821558860e+00
-3.225442170499980277e-01 -2.015816236821558860e+00 2.000000000000000000e+00 1.000000000000000021e-08 -6.555558361403067691e-01 -3.330116190903087414e+00
-6.555558361403067691e-01 -3.330116190903087414e+00 2.000000000000000000e+00 1.000000000000000021e-08 -1.132747617025934961e+00 -4.771917808856280807e+00
-1.132747617025934961e+00 -4.771917808856280807e+00 2.000000000000000000e+00 9.999000000000000110e-01 -1.570796326794896558e+00 -5.000000000000000000e+00
-2.491762945518363748e-02 -1.916477060195265897e-02 2.000000000000000000e+00 1.000000000000000021e-08 -1.259047744256222012e-01 -1.009871449704385471e+00
-1.259047744256222012e-01 -1.009871449704385471e+00 1.000000000000000000e+00 1.000000000000000021e-08 -2.583357077791805234e-01 -1.324309333535583111e+00
-2.583357077791805234e-01 -1.324309333535583111e+00 0.000000000000000000e+00 1.000000000000000021e-08 -3.360861493762717367e-01 -7.775044159709122438e-01
-3.360861493762717367e-01 -7.775044159709122438e-01 2.000000000000000000e+00 1.000000000000000021e-08 -5.502341090933942080e-01 -2.141479597171225269e+00
-5.502341090933942080e-01 -2.141479597171225269e+00 2.000000000000000000e+00 1.000000000000000021e-08 -9.219610814459140435e-01 -3.717269723525198799e+00
-9.219610814459140435e-01 -3.717269723525198799e+00 1.000000000000000000e+00 1.000000000000000021e-08 -1.405321749647157725e+00 -4.833606682012437261e+00
-1.405321749647157725e+00 -4.833606682012437261e+00 1.000000000000000000e+00 9.999000000000000110e-01 -1.570796326794896558e+00 -5.000000000000000000e+00
-5.151043367841334764e-02 -6.127839264178762402e-02 2.000000000000000000e+00 1.000000000000000021e-08 -1.682371807129979246e-01 -1.167267470345845881e+00
-1.682371807129979246e-01 -1.167267470345845881e+00 0.000000000000000000e+00 1.000000000000000021e-08 -2.197618478306299084e-01 -5.152466711763199481e-01
-2.197618478306299084e-01 -5.152466711763199481e-01 2.000000000000000000e+00 1.000000000000000021e-08 -4.069836327810599230e-01 -1.872217849504300036e+00
-4.069836327810599230e-01 -1.872217849504300036e+00 0.000000000000000000e+00 1.000000000000000021e-08 -5.723947590206097669e-01 -1.654111262395497661e+00
-5.723947590206097669e-01 -1.654111262395497661e+00 2.000000000000000000e+00 1.000000000000000021e-08 -9.069715950038075292e-01 -3.345768359831977179e+00
-9.069715950038075292e-01 -3.345768359831977179e+00 1.000000000000000000e+00 1.000000000000000021e-08 -1.352814257419970190e+00 -4.458426624161627494e+00
-1.352814257419970190e+00 -4.458426624161627494e+00 1.000000000000000000e+00 9.999000000000000110e-01 -1.570796326794896558e+00 -5.000000000000000000e+00
8.101726721845836643e-03 5.717919404335459338e-02 2.000000000000000000e+00 1.000000000000000021e-08 -8.115070253401900080e-02 -8.925242925586482912e-01
-8.115070253401900080e-02 -8.925242925586482912e-01 1.000000000000000000e+00 1.000000000000000021e-08 -1.963544812139729756e-01 -1.152037786799539720e+00
-1.963544812139729756e-01 -1.152037786799539720e+00 1.000000000000000000e+00 1.000000000000000021e-08 -3.613036115649854718e-01 -1.649491303510124851e+00
-3.613036115649854718e-01 -1.649491303510124851e+00 0.000000000000000000e+00 1.000000000000000021e-08 -5.072962524500587156e-01 -1.459926408850731994e+00
-5.072962524500587156e-01 -1.459926408850731994e+00 2.000000000000000000e+00 1.000000000000000021e-08 -8.205939383892257855e-01 -3.132976859391670921e+00
-8.205939383892257855e-01 -3.132976859391670921e+00 2.000000000000000000e+00 1.000000000000000021e-08 -1.299895643966088921e+00 -4.793017055768631351e+00
-1.299895643966088921e+00 -4.793017055768631351e+00 0.000000000000000000e+00 9.999000000000000110e-01 -1.570796326794896558e+00 -5.000000000000000000e+00
6.807447653528740650e-02 -2.919372665750314191e-02 0.000000000000000000e+00 1.000000000000000021e-08 1.623535164358795302e-01 9.427903990059209871e-01
1.623535164358795302e-01 9.427903990059209871e-01 2.000000000000000000e+00 1.000000000000000021e-08 2.051245159668216300e-01 4.277099953094209983e-01
2.051245159668216300e-01 4.277099953094209983e-01 1.000000000000000000e+00 1.000000000000000021e-08 2.792930182781283022e-01 7.416850231130668325e-01
2.792930182781283022e-01 7.416850231130668325e-01 2.000000000000000000e+00 1.000000000000000021e-08 3.247060179593101448e-01 4.541299968118183705e-01
3.247060179593101448e-01 4.541299968118183705e-01 0.000000000000000000e+00 1.000000000000000021e-08 5.083179050154209566e-01 1.836118870561108452e+00
5.083179050154209566e-01 1.836118870561108452e+00 0.000000000000000000e+00 1.000000000000000021e-08 8.429207666095717144e-01 3.346028615941508022e+00
8.429207666095717144e-01 3.346028615941508022e+00 2.000000000000000000e+00 1.000000000000000021e-08 1.233650108052313898e+00 3.907293414427421840e+00
1.233650108052313898e+00 3.907293414427421840e+00 0.000000000000000000e+00 9.999000000000000110e-01 1.570796326794896558e+00 5.000000000000000000e+00
1.461860207356585617e-02 -3.107126410867721775e-02 1.000000000000000000e+00 1.000000000000000021e-08 2.585899988282484852e-02 1.124039780925898957e-01
2.585899988282484852e-02 1.124039780925898957e-01 2.000000000000000000e+00 1.000000000000000021e-08 -5.585657378742309165e-02 -8.171557367024793184e-01
-5.585657378742309165e-02 -8.171557367024793184e-01 2.000000000000000000e+00 1.000000000000000021e-08 -2.503684592619971894e-01 -1.945118854745740755e+00
-2.503684592619971894e-01 -1.945118854745740755e+00 0.000000000000000000e+00 1.000000000000000021e-08 -4.045260568792677924e-01 -1.541575976172705920e+00
-4.045260568792677924e-01 -1.541575976172705920e+00 1.000000000000000000e+00 1.000000000000000021e-08 -6.137999318942134463e-01 -2.092738750149456539e+00
-6.137999318942134463e-01 -2.092738750149456539e+00 2.000000000000000000e+00 1.000000000000000021e-08 -9.791016650831677604e-01 -3.653017331889542696e+00
-9.791016650831677604e-01 -3.653017331889542696e+00 2.000000000000000000e+00 1.000000000000000021e-08 -1.501845864364133920e+00 -5.000000000000000000e+00
-1.501845864364133920e+00 -5.000000000000000000e+00 0.000000000000000000e+00 9.999000000000000110e-01 -1.570796326794896558e+00 -5.000000000000000000e+00
1.445035484023190347e-03 5.525556192474599670e-02 1.000000000000000000e+00 1.000000000000000021e-08 8.143835660008638330e-03 6.698800175985447636e-02
8.143835660008638330e-03 6.698800175985447636e-02 1.000000000000000000e+00 1.000000000000000021e-08 1.967909691031855327e-02 1.153526125030991389e-01
1.967909691031855327e-02 1.153526125030991389e-01 2.000000000000000000e+00 1.000000000000000021e-08 -4.984304676119545585e-02 -6.952214367151400287e-01
-4.984304676119545585e-02 -6.952214367151400287e-01 2.000000000000000000e+00 1.000000000000000021e-08 -2.076385359078212756e-01 -1.577954891466258225e+00
-2.076385359078212756e-01 -1.577954891466258225e+00 1.000000000000000000e+00 1.000000000000000021e-08 -4.053327557821425065e-01 -1.976942198743212309e+00
-4.053327557821425065e-01 -1.976942198743212309e+00 2.000000000000000000e+00 1.000000000000000021e-08 -7.388923870461256982e-01 -3.335596312639831140e+00
-7.388923870461256982e-01 -3.335596312639831140e+00 1.000000000000000000e+00 1.000000000000000021e-08 -1.160896638051584162e+00 -4.220042510054583751e+00
-1.160896638051584162e+00 -4.220042510054583751e+00 0.000000000000000000e+00 9.999000000000000110e-01 -1.570796326794896558e+00 -5.000000000000000000e+00
7.596246347370937124e-02 1.454463513733851923e-02 1.000000000000000000e+00 1.000000000000000021e-08 7.726989448353423218e-02 1.307431009824864925e-02
7.726989448353423218e-02 1.307431009824864925e-02 0.000000000000000000e+00 1.000000000000000021e-08 1.940455805728388827e-01 1.167756860893046422e+00
1.940455805728388827e-01 1.167756860893046422e+00 2.000000000000000000e+00 1.000000000000000021e-08 2.544301184950851780e-01 6.038453792224628414e-01
2.544301184950851780e-01 6.038453792224628414e-01 1.000000000000000000e+00 1.000000000000000021e-08 3.621302540473970155e-01 1.077001355523118153e+00
3.621302540473970155e-01 1.077001355523118153e+00 2.000000000000000000e+00 1.000000000000000021e-08 4.452016533305786505e-01 8.307139928318162392e-01
4.452016533305786505e-01 8.307139928318162392e-01 1.000000000000000000e+00 1.000000000000000021e-08 6.031381588981507003e-01 1.579365055675720164e+00
6.031381588981507003e-01 1.579365055675720164e+00 0.000000000000000000e+00 1.000000000000000021e-08 9.291156631185906178e-01 3.259775042204399398e+00
9.291156631185906178e-01 3.259775042204399398e+00 2.000000000000000000e+00 1.000000000000000021e-08 1.330226217658860843e+00 4.011105545402703143e+00
1.330226217658860843e+00 4.011105545402703143e+00 2.000000000000000000e+00 9.999000000000000110e-01 1.570796326794896558e+00 5.000000000000000000e+00
-6.450052616469638400e-02 -1.905212427630250532e-02 2.000000000000000000e+00 1.000000000000000021e-08 -1.733411324685258381e-01 -1.088406063038294569e+00
-1.733411324685258381e-01 -1.088406063038294569e+00 1.000000000000000000e+00 1.000000000000000021e-08 -3.274725867077017405e-01 -1.541314542391758913e+00
-3.274725867077017405e-01 -1.541314542391758913e+00 1.000000000000000000e+00 1.000000000000000021e-08 -5.481470447035451388e-01 -2.206744579958434205e+00
-5.481470447035451388e-01 -2.206744579958434205e+00 2.000000000000000000e+00 1.000000000000000021e-08 -9.172224787486279451e-01 -3.690754340450828064e+00
-9.172224787486279451e-01 -3.690754340450828064e+00 2.000000000000000000e+00 1.000000000000000021e-08 -1.454364225408491640e+00 -5.000000000000000000e+00
-1.454364225408491640e+00 -5.000000000000000000e+00 1.000000000000000000e+00 9.999000000000000110e-01 -1.570796326794896558e+00 -5.000000000000000000e+00
-7.296582692842476514e-02 4.083923115990811814e-02 2.000000000000000000e+00 1.000000000000000021e-08 -1.704257394304744822e-01 -9.745991250204970591e-01
-1.704257394304744822e-01 -9.745991250204970591e-01 1.000000000000000000e+00 1.000000000000000021e-08 -3.132811914081041760e-01 -1.428554519776296772e+00
-3.132811914081041760e-01 -1.428554519776296772e+00 1.000000000000000000e+00 1.000000000000000021e-08 -4.940145717753669508e-01 -1.807333803672627637e+00
-4.940145717753669508e-01 -1.807333803672627637e+00 1.000000000000000000e+00 1.000000000000000021e-08 -7.636991384782751968e-01 -2.696845667029082350e+00
-7.636991384782751968e-01 -2.696845667029082350e+00 0.000000000000000000e+00 1.000000000000000021e-08 -1.090026097072072986e+00 -3.263269585937977890e+00
-1.090026097072072986e+00 -3.263269585937977890e+00 1.000000000000000000e+00 1.000000000000000021e-08 -1.537160717663380805e+00 -4.471346205913078187e+00
-1.537160717663380805e+00 -4.471346205913078187e+00 2.000000000000000000e+00 9.999000000000000110e-01 -1.570796326794896558e+00 -5.000000000000000000e+00
8.511738088135512026e-02 -1.331845512025210329e-02 0.000000000000000000e+00 1.000000000000000021e-08 1.881788842161458142e-01 1.030615033347906939e+00
1.881788842161458142e-01 1.030615033347906939e+00 2.000000000000000000e+00 1.000000000000000021e-08 2.507115180319687830e-01 6.253263381582299107e-01
2.507115180319687830e-01 6.253263381582299107e-01 2.000000000000000000e+00 1.000000000000000021e-08 2.736979891499448092e-01 2.298647111797604836e-01
2.736979891499448092e-01 2.298647111797604836e-01 2.000000000000000000e+00 1.000000000000000021e-08 2.455499182488245224e-01 -2.814807090112029231e-01
2.455499182488245224e-01 -2.814807090112029231e-01 2.000000000000000000e+00 1.000000000000000021e-08 1.791433849711314696e-01 -6.640653327769305836e-01
1.791433849711314696e-01 -6.640653327769305836e-01 0.000000000000000000e+00 1.000000000000000021e-08 2.387480324973019485e-01 5.960464752617047335e-01
2.387480324973019485e-01 5.960464752617047335e-01 2.000000000000000000e+00 1.000000000000000021e-08 2.421057551087117676e-01 3.357722611409819091e-02
2.421057551087117676e-01 3.357722611409819091e-02 0.000000000000000000e+00 1.000000000000000021e-08 3.741448436601184646e-01 1.320390885514067136e+00
3.741448436601184646e-01 1.320390885514067136e+00 1.000000000000000000e+00 1.000000000000000021e-08 5.707761151645897035e-01 1.966312715044711945e+00
5.707761151645897035e-01 1.966312715044711945e+00 0.000000000000000000e+00 1.000000000000000021e-08 9.327269770688416672e-01 3.619508619042519193e+00
9.327269770688416672e-01 3.619508619042519193e+00 1.000000000000000000e+00 1.000000000000000021e-08 1.409488225977971965e+00 4.767612489091304084e+00
1.409488225977971965e+00 4.767612489091304084e+00 2.000000000000000000e+00 9.999000000000000110e-01 1.570796326794896558e+00 5.000000000000000000e+00
5.862233141244760359e-02 7.933957630436050401e-02 0.000000000000000000e+00 1.000000000000000021e-08 1.583885612254834485e-01 9.976622981303584492e-01
1.583885612254834485e-01 9.976622981303584492e-01 0.000000000000000000e+00 1.000000000000000021e-08 3.600012403532495409e-01 2.016126791277661034e+00
3.600012403532495409e-01 2.016126791277661034e+00 2.000000000000000000e+00 1.000000000000000021e-08 5.254694946103377617e-01 1.654682542570882431e+00
5.254694946103377617e-01 1.654682542570882431e+00 0.000000000000000000e+00 1.000000000000000021e-08 8.553865844760577541e-01 3.299170898657199480e+00
8.553865844760577541e-01 3.299170898657199480e+00 1.000000000000000000e+00 1.000000000000000021e-08 1.291227296221931553e+00 4.358407117458738433e+00
1.291227296221931553e+00 4.358407117458738433e+00 1.000000000000000000e+00 9.999000000000000110e-01 1.570796326794896558e+00 5.000000000000000000e+00
-6.631950913792131197e-02 7.025330759433721928e-02 2.000000000000000000e+00 1.000000000000000021e-08 -1.524807548715984284e-01 -8.616124573367711648e-01
-1.524807548715984284e-01 -8.616124573367711648e-01 2.000000000000000000e+00 1.000000000000000021e-08 -3.605476503345209083e-01 -2.080668954629224743e+00
-3.605476503345209083e-01 -2.080668954629224743e+00 2.000000000000000000e+00 1.000000000000000021e-08 -7.067282163794149641e-01 -3.461805660448940447e+00
-7.067282163794149641e-01 -3.461805660448940447e+00 1.000000000000000000e+00 1.000000000000000021e-08 -1.141112602741340520e+00 -4.343843863619254897e+00
-1.141112602741340520e+00 -4.343843863619254897e+00 2.000000000000000000e+00 9.999000000000000110e-01 -1.570796326794896558e+00 -5.000000000000000000e+00
1.259404973183619186e-02 5.798391830047783940e-02 0.000000000000000000e+00 1.000000000000000021e-08 1.173013237664554398e-01 1.047072740346192354e+00
1.173013237664554398e-01 1.047072740346192354e+00 1.000000000000000000e+00 1.000000000000000021e-08 2.339496915333186822e-01 1.166483677668632479e+00
2.339496915333186822e-01 1.166483677668632479e+00 0.000000000000000000e+00 1.000000000000000021e-08 4.907391192699196991e-01 2.567894277366010058e+00
4.907391192699196991e-01 2.567894277366010058e+00 0.000000000000000000e+00 1.000000000000000021e-08 8.906457176154434219e-01 3.999065983455237117e+00
8.906457176154434219e-01 3.999065983455237117e+00 0.000000000000000000e+00 1.000000000000000021e-08 1.454794895974915292e+00 5.000000000000000000e+00
1.454794895974915292e+00 5.000000000000000000e+00 1.000000000000000000e+00 9.999000000000000110e-01 1.570796326794896558e+00 5.000000000000000000e+00
1.533578337119969812e-02 6.341563435864798481e-02 1.000000000000000000e+00 1.000000000000000021e-08 1.418876727550689304e-02 -1.147016095692805771e-02
1.418876727550689304e-02 -1.147016095692805771e-02 0.000000000000000000e+00 1.000000000000000021e-08 8.657853608306076421e-02 7.238976880755386700e-01
8.657853608306076421e-02 7.238976880755386700e-01 0.000000000000000000e+00 1.000000000000000021e-08 2.578243745208873561e-01 1.712458384378265919e+00
2.578243745208873561e-01 1.712458384378265919e+00 2.000000000000000000e+00 1.000000000000000021e-08 3.906946405735323147e-01 1.328702660526449364e+00
3.906946405735323147e-01 1.328702660526449364e+00 1.000000000000000000e+00 1.000000000000000021e-08 5.909176605866262033e-01 2.002230200130939330e+00
5.909176605866262033e-01 2.002230200130939330e+00 0.000000000000000000e+00 1.000000000000000021e-08 9.576150043560416325e-01 3.666973437694153404e+00
9.576150043560416325e-01 3.666973437694153404e+00 2.000000000000000000e+00 1.000000000000000021e-08 1.399757383696863977e+00 4.421423793408223446e+00
1.399757383696863977e+00 4.421423793408223446e+00 2.000000000000000000e+00 9.999000000000000110e-01 1.570796326794896558e+00 5.000000000000000000e+00
7.773724546606025632e-02 2.717073529376438923e-03 1.000000000000000000e+00 1.000000000000000021e-08 7.526410334458794038e-02 -2.473142121472322874e-02
7.526410334458794038e-02 -2.473142121472322874e-02 1.000000000000000000e+00 1.000000000000000021e-08 7.119311008299845922e-02 -4.070993261589479772e-02
7.119311008299845922e-02 -4.070993261589479772e-02 1.000000000000000000e+00 1.000000000000000021e-08 7.936306824074924882e-02 8.169958157750785432e-02
7.936306824074924882e-02 8.169958157750785432e-02 2.000000000000000000e+00 1.000000000000000021e-08 1.350311480700287781e-02 -6.585995343374636546e-01
1.350311480700287781e-02 -6.585995343374636546e-01 1.000000000000000000e+00 1.000000000000000021e-08 -3.775193006993993877e-02 -5.125504487694281242e-01
-3.775193006993993877e-02 -5.125504487694281242e-01 1.000000000000000000e+00 1.000000000000000021e-08 -9.759165334551148097e-02 -5.983972327557154358e-01
-9.759165334551148097e-02 -5.983972327557154358e-01 0.000000000000000000e+00 1.000000000000000021e-08 -7.511954205586239552e-02 2.247211128964908822e-01
-7.511954205586239552e-02 2.247211128964908822e-01 2.000000000000000000e+00 1.000000000000000021e-08 -1.498233973643342265e-01 -7.470385530847183375e-01
-1.498233973643342265e-01 -7.470385530847183375e-01 2.000000000000000000e+00 1.000000000000000021e-08 -3.331588191756738038e-01 -1.833354218113395939e+00
-3.331588191756738038e-01 -1.833354218113395939e+00 2.000000000000000000e+00 1.000000000000000021e-08 -6.657383953396789344e-01 -3.325795761640051751e+00
-6.657383953396789344e-01 -3.325795761640051751e+00 2.000000000000000000e+00 1.000000000000000021e-08 -1.148976708296735261e+00 -4.832383129570564151e+00
-1.148976708296735261e+00 -4.832383129570564151e+00 0.000000000000000000e+00 9.999000000000000110e-01 -1.570796326794896558e+00 -5.000000000000000000e+00
4.544538229030616050e-02 4.902681594307099072e-02 2.000000000000000000e+00 1.000000000000000021e-08 -4.049448337364362771e-02 -8.593986566394978821e-01
-4.049448337364362771e-02 -8.593986566394978821e-01 1.000000000000000000e+00 1.000000000000000021e-08 -1.488428941656208260e-01 -1.083484107919771899e+00
-1.488428941656208260e-01 -1.083484107919771899e+00 2.000000000000000000e+00 1.000000000000000021e-08 -3.542225612914291499e-01 -2.053796671258083517e+00
-3.542225612914291499e-01 -2.053796671258083517e+00 1.000000000000000000e+00 1.000000000000000021e-08 -6.222746794944571391e-01 -2.680521182030280336e+00
-6.222746794944571391e-01 -2.680521182030280336e+00 0.000000000000000000e+00 1.000000000000000021e-08 -9.063630843252885594e-01 -2.840884048308314203e+00
-9.063630843252885594e-01 -2.840884048308314203e+00 2.000000000000000000e+00 1.000000000000000021e-08 -1.355049823452038726e+00 -4.486867391267501226e+00
-1.355049823452038726e+00 -4.486867391267501226e+00 2.000000000000000000e+00 9.999000000000000110e-01 -1.570796326794896558e+00 -5.000000000000000000e+00
-1.219275068656249655e-03 5.232984718118430245e-02 2.000000000000000000e+00 1.000000000000000021e-08 -8.178063252519586490e-02 -8.056135745653960623e-01
-8.178063252519586490e-02 -8.056135745653960623e-01 1.000000000000000000e+00 1.000000000000000021e-08 -1.742583074314273395e-01 -9.247767490623147735e-01
-1.742583074314273395e-01 -9.247767490623147735e-01 0.000000000000000000e+00 1.000000000000000021e-08 -2.193178995815210919e-01 -4.505959215009375241e-01
-2.193178995815210919e-01 -4.505959215009375241e-01 2.000000000000000000e+00 1.000000000000000021e-08 -3.799330805087217100e-01 -1.606151809272005959e+00
-3.799330805087217100e-01 -1.606151809272005959e+00 1.000000000000000000e+00 1.000000000000000021e-08 -5.931979061176080315e-01 -2.132648256088862659e+00
-5.931979061176080315e-01 -2.132648256088862659e+00 2.000000000000000000e+00 1.000000000000000021e-08 -9.670871346408113078e-01 -3.738892285232032542e+00
-9.670871346408113078e-01 -3.738892285232032542e+00 0.000000000000000000e+00 1.000000000000000021e-08 -1.409350713534488264e+00 -4.422635788936770673e+00
-1.409350713534488264e+00 -4.422635788936770673e+00 0.000000000000000000e+00 9.999000000000000110e-01 -1.570796326794896558e+00 -5.000000000000000000e+00
5.293992325771262886e-02 2.418628437531211706e-02 1.000000000000000000e+00 1.000000000000000021e-08 5.030368637190037878e-02 -2.636236885812247993e-02
5.030368637190037878e-02 -2.636236885812247993e-02 1.000000000000000000e+00 1.000000000000000021e-08 6.229499552087136571e-02 1.199130914897098832e-01
6.229499552087136571e-02 1.199130914897098832e-01 2.000000000000000000e+00 1.000000000000000021e-08 -4.708594101672999854e-03 -6.700358962254436834e-01
-4.708594101672999854e-03 -6.700358962254436834e-01 0.000000000000000000e+00 1.000000000000000021e-08 1.259212475206568371e-02 1.730071885373868357e-01
1.259212475206568371e-02 1.730071885373868357e-01 1.000000000000000000e+00 1.000000000000000021e-08 2.935443101140426322e-02 1.676230625933857743e-01
2.935443101140426322e-02 1.676230625933857743e-01 0.000000000000000000e+00 1.000000000000000021e-08 1.269073026636421686e-01 9.755287165223791579e-01
1.269073026636421686e-01 9.755287165223791579e-01 2.000000000000000000e+00 1.000000000000000021e-08 1.544035146696334515e-01 2.749621200599127180e-01
1.544035146696334515e-01 2.749621200599127180e-01 2.000000000000000000e+00 1.000000000000000021e-08 1.078004108078263190e-01 -4.660310386180713804e-01
1.078004108078263190e-01 -4.660310386180713804e-01 2.000000000000000000e+00 1.000000000000000021e-08 -2.152963416303158017e-02 -1.293300449708578936e+00
-2.152963416303158017e-02 -1.293300449708578936e+00 2.000000000000000000e+00 1.000000000000000021e-08 -2.547046584526506674e-01 -2.331750242896190706e+00
-2.547046584526506674e-01 -2.331750242896190706e+00 2.000000000000000000e+00 1.000000000000000021e-08 -5.987998306221182787e-01 -3.440951721694676113e+00
-5.987998306221182787e-01 -3.440951721694676113e+00 1.000000000000000000e+00 1.000000000000000021e-08 -1.014341030914450270e+00 -4.155412002923320358e+00
-1.014341030914450270e+00 -4.155412002923320358e+00 2.000000000000000000e+00 9.999000000000000110e-01 -1.570796326794896558e+00 -5.000000000000000000e+00
-5.616620369028184345e-02 3.304426961478286462e-02 0.000000000000000000e+00 1.000000000000000021e-08 2.293128169413746753e-02 7.909748538441930821e-01
2.293128169413746753e-02 7.909748538441930821e-01 2.000000000000000000e+00 1.000000000000000021e-08 2.040725649020191240e-02 -2.524025203935553741e-02
2.040725649020191240e-02 -2.524025203935553741e-02 1.000000000000000000e+00 1.000000000000000021e-08 1.203484653713155113e-02 -8.372409953070361621e-02
1.203484653713155113e-02 -8.372409953070361621e-02 2.000000000000000000e+00 1.000000000000000021e-08 -7.243496967538752551e-02 -8.446981621251906658e-01
-7.243496967538752551e-02 -8.446981621251906658e-01 1.000000000000000000e+00 1.000000000000000021e-08 -1.597886859346705490e-01 -8.735371625928300965e-01
-1.597886859346705490e-01 -8.735371625928300965e-01 0.000000000000000000e+00 1.000000000000000021e-08 -1.924773786743433357e-01 -3.268869273967277556e-01
-1.924773786743433357e-01 -3.268869273967277556e-01 1.000000000000000000e+00 1.000000000000000021e-08 -2.678813980856109556e-01 -7.540401941126761987e-01
-2.678813980856109556e-01 -7.540401941126761987e-01 2.000000000000000000e+00 1.000000000000000021e-08 -4.834854310420971801e-01 -2.156040329564862468e+00
-4.834854310420971801e-01 -2.156040329564862468e+00 0.000000000000000000e+00 1.000000000000000021e-08 -7.016060023341050833e-01 -2.181205712920078810e+00
-7.016060023341050833e-01 -2.181205712920078810e+00 2.000000000000000000e+00 1.000000000000000021e-08 -1.076141958453685987e+00 -3.745359561195808151e+00
-1.076141958453685987e+00 -3.745359561195808151e+00 2.000000000000000000e+00 9.999000000000000110e-01 -1.570796326794896558e+00 -5.000000000000000000e+00
3.713657186119028591e-03 -4.883451080212568296e-02 2.000000000000000000e+00 1.000000000000000021e-08 -7.713745361880970652e-02 -8.085111080492873858e-01
-7.713745361880970652e-02 -8.085111080492873858e-01 0.000000000000000000e+00 1.000000000000000021e-08 -8.749192190168858518e-02 -1.035446828287887033e-01
-8.749192190168858518e-02 -1.035446828287887033e-01 1.000000000000000000e+00 1.000000000000000021e-08 -1.114978424791791822e-01 -2.400592057749059427e-01
-1.114978424791791822e-01 -2.400592057749059427e-01 0.000000000000000000e+00 1.000000000000000021e-08 -7.163951727969239403e-02 3.985832519948677710e-01
-7.163951727969239403e-02 3.985832519948677710e-01 2.000000000000000000e+00 1.000000000000000021e-08 -1.442969032367998894e-01 -7.265738595710748982e-01
-1.442969032367998894e-01 -7.265738595710748982e-01 2.000000000000000000e+00 1.000000000000000021e-08 -3.123580038166277606e-01 -1.680611005798278601e+00
-3.123580038166277606e-01 -1.680611005798278601e+00 2.000000000000000000e+00 1.000000000000000021e-08 -5.986758126923937828e-01 -2.863178088757659889e+00
-5.986758126923937828e-01 -2.863178088757659889e+00 1.000000000000000000e+00 1.000000000000000021e-08 -9.627925158519770044e-01 -3.641167031595831549e+00
-9.627925158519770044e-01 -3.641167031595831549e+00 0.000000000000000000e+00 1.000000000000000021e-08 -1.407863942427284520e+00 -4.450714265753076049e+00
-1.407863942427284520e+00 -4.450714265753076049e+00 2.000000000000000000e+00 9.999000000000000110e-01 -1.570796326794896558e+00 -5.000000000000000000e+00
4.704180701795426106e-02 7.248295228221986186e-02 1.000000000000000000e+00 1.000000000000000021e-08 5.574655558811926481e-02 8.704748570165005139e-02
5.574655558811926481e-02 8.704748570165005139e-02 2.000000000000000000e+00 1.000000000000000021e-08 -1.514107990460630826e-02 -7.088763549272556475e-01
-1.514107990460630826e-02 -7.088763549272556475e-01 1.000000000000000000e+00 1.000000000000000021e-08 -9.802437517647148713e-02 -8.288329527186517609e-01
-9.802437517647148713e-02 -8.288329527186517609e-01 2.000000000000000000e+00 1.000000000000000021e-08 -2.701092788677142975e-01 -1.720849036912428076e+00
-2.701092788677142975e-01 -1.720849036912428076e+00 2.000000000000000000e+00 1.000000000000000021e-08 -5.545064685104909019e-01 -2.843971896427766044e+00
-5.545064685104909019e-01 -2.843971896427766044e+00 2.000000000000000000e+00 1.000000000000000021e-08 -9.978542388496070004e-01 -4.433477703391161207e+00
-9.978542388496070004e-01 -4.433477703391161207e+00 1.000000000000000000e+00 1.000000000000000021e-08 -1.551510044258720633e+00 -5.000000000000000000e+00
-1.551510044258720633e+00 -5.000000000000000000e+00 2.000000000000000000e+00 9.999000000000000110e-01 -1.570796326794896558e+00 -5.000000000000000000e+00
3.248732500737306489e-02 1.866714132181153396e-03 1.000000000000000000e+00 1.000000000000000021e-08 5.397183654190476632e-02 2.148451153453169726e-01
5.397183654190476632e-02 2.148451153453169726e-01 0.000000000000000000e+00 1.000000000000000021e-08 1.647346606790372758e-01 1.107628241371324984e+00
1.647346606790372758e-01 1.107628241371324984e+00 2.000000000000000000e+00 1.000000000000000021e-08 2.233578867921088840e-01 5.862322611307159148e-01
2.233578867921088840e-01 5.862322611307159148e-01 1.000000000000000000e+00 1.000000000000000021e-08 3.112739931115905967e-01 8.791610631948170163e-01
3.112739931115905967e-01 8.791610631948170163e-01 0.000000000000000000e+00 1.000000000000000021e-08 5.230034026108604239e-01 2.117294094992697939e+00
5.230034026108604239e-01 2.117294094992697939e+00 0.000000000000000000e+00 1.000000000000000021e-08 8.889105369344769692e-01 3.659071343236165674e+00
8.889105369344769692e-01 3.659071343236165674e+00 0.000000000000000000e+00 1.000000000000000021e-08 1.425171933156848425e+00 5.000000000000000000e+00
1.425171933156848425e+00 5.000000000000000000e+00 0.000000000000000000e+00 9.999000000000000110e-01 1.570796326794896558e+00 5.000000000000000000e+00
-1.808141995495529675e-02 -5.611839497533244875e-02 1.000000000000000000e+00 1.000000000000000021e-08 -2.876180869142698493e-02 -1.068038873647168541e-01
-2.876180869142698493e-02 -1.068038873647168541e-01 1.000000000000000000e+00 1.000000000000000021e-08 -4.360133389660151432e-02 -1.483952520517453078e-01
-4.360133389660151432e-02 -1.483952520517453078e-01 1.000000000000000000e+00 1.000000000000000021e-08 -7.472575136181013045e-02 -3.112441746520861474e-01
-7.472575136181013045e-02 -3.112441746520861474e-01 2.000000000000000000e+00 1.000000000000000021e-08 -1.940574919690434830e-01 -1.193317406072333275e+00
-1.940574919690434830e-01 -1.193317406072333275e+00 1.000000000000000000e+00 1.000000000000000021e-08 -3.356017136569312553e-01 -1.415442216878877391e+00
-3.356017136569312553e-01 -1.415442216878877391e+00 1.000000000000000000e+00 1.000000000000000021e-08 -5.386131751040813542e-01 -2.030114614471500989e+00
-5.386131751040813542e-01 -2.030114614471500989e+00 0.000000000000000000e+00 1.000000000000000021e-08 -7.502990724065530248e-01 -2.116858973024716040e+00
-7.502990724065530248e-01 -2.116858973024716040e+00 2.000000000000000000e+00 1.000000000000000021e-08 -1.127261090392835730e+00 -3.769620179862827936e+00
-1.127261090392835730e+00 -3.769620179862827936e+00 0.000000000000000000e+00 9.999000000000000110e-01 -1.570796326794896558e+00 -4.758442139050126585e+00
-1.184730831605848578e-02 -3.986151991003286654e-02 0.000000000000000000e+00 1.000000000000000021e-08 7.820473753267505324e-02 9.005204584873353069e-01
7.820473753267505324e-02 9.005204584873353069e-01 2.000000000000000000e+00 1.000000000000000021e-08 1.077743041808414265e-01 2.956956664816636771e-01
1.077743041808414265e-01 2.956956664816636771e-01 1.000000000000000000e+00 1.000000000000000021e-08 1.392641619534613073e-01 3.148985777261986696e-01
1.392641619534613073e-01 3.148985777261986696e-01 0.000000000000000000e+00 1.000000000000000021e-08 2.984455913409549410e-01 1.591814293874936226e+00
2.984455913409549410e-01 1.591814293874936226e+00 1.000000000000000000e+00 1.000000000000000021e-08 5.089135506700611655e-01 2.104679593291062467e+00
5.089135506700611655e-01 2.104679593291062467e+00 0.000000000000000000e+00 1.000000000000000021e-08 8.580061603262175707e-01 3.490926096561564052e+00
8.580061603262175707e-01 3.490926096561564052e+00 0.000000000000000000e+00 1.000000000000000021e-08 1.361451805315189167e+00 5.000000000000000000e+00
1.361451805315189167e+00 5.000000000000000000e+00 0.000000000000000000e+00 9.999000000000000110e-01 1.570796326794896558e+00 5.000000000000000000e+00
-5.688936706753841555e-03 -8.228807361058632086e-02 1.000000000000000000e+00 1.000000000000000021e-08 -2.173831519611718957e-02 -1.604937848936334732e-01
-2.173831519611718957e-02 -1.604937848936334732e-01 0.000000000000000000e+00 1.000000000000000021e-08 4.520208401038570967e-02 6.694039920650289854e-01
4.520208401038570967e-02 6.694039920650289854e-01 0.000000000000000000e+00 1.000000000000000021e-08 2.191631864076509784e-01 1.739611023972652770e+00
2.191631864076509784e-01 1.739611023972652770e+00 0.000000000000000000e+00 1.000000000000000021e-08 5.240096230186294113e-01 3.048464366109784329e+00
5.240096230186294113e-01 3.048464366109784329e+00 1.000000000000000000e+00 1.000000000000000021e-08 9.047502335847787958e-01 3.807406105661494067e+00
9.047502335847787958e-01 3.807406105661494067e+00 1.000000000000000000e+00 1.000000000000000021e-08 1.402255687312285115e+00 4.975054537275061861e+00
1.402255687312285115e+00 4.975054537275061861e+00 2.000000000000000000e+00 9.999000000000000110e-01 1.570796326794896558e+00 5.000000000000000000e+00
5.320250365502453282e-02 -5.472064393358598566e-02 2.000000000000000000e+00 1.000000000000000021e-08 -3.722439535427692070e-02 -9.042689900930145352e-01
-3.722439535427692070e-02 -9.042689900930145352e-01 2.000000000000000000e+00 1.000000000000000021e-08 -2.291634615954034615e-01 -1.919390662411265547e+00
-2.291634615954034615e-01 -1.919390662411265547e+00 0.000000000000000000e+00 1.000000000000000021e-08 -3.657741696861175340e-01 -1.366107080907140725e+00
-3.657741696861175340e-01 -1.366107080907140725e+00 2.000000000000000000e+00 1.000000000000000021e-08 -6.355924946744295756e-01 -2.698183249883119750e+00
-6.355924946744295756e-01 -2.698183249883119750e+00 2.000000000000000000e+00 1.000000000000000021e-08 -1.064060466641211455e+00 -4.284679719667819242e+00
-1.064060466641211455e+00 -4.284679719667819242e+00 2.000000000000000000e+00 9.999000000000000110e-01 -1.570796326794896558e+00 -5.000000000000000000e+00
-2.051925515998414412e-02 4.777134783543962593e-02 1.000000000000000000e+00 1.000000000000000021e-08 -1.668271322215190977e-02 3.836541937832232962e-02
-1.668271322215190977e-02 3.836541937832232962e-02 2.000000000000000000e+00 1.000000000000000021e-08 -1.136687091339550343e-01 -9.698599591180312451e-01
-1.136687091339550343e-01 -9.698599591180312451e-01 0.000000000000000000e+00 1.000000000000000021e-08 -1.313584274107171268e-01 -1.768971827676208974e-01
-1.313584274107171268e-01 -1.768971827676208974e-01 0.000000000000000000e+00 1.000000000000000021e-08 -1.002701301481128404e-01 3.108829726260428084e-01
-1.002701301481128404e-01 3.108829726260428084e-01 1.000000000000000000e+00 1.000000000000000021e-08 -8.881868430153136429e-02 1.145144584658147613e-01
-8.881868430153136429e-02 1.145144584658147613e-01 1.000000000000000000e+00 1.000000000000000021e-08 -9.163406320083826440e-02 -2.815378899306905658e-02
-9.163406320083826440e-02 -2.815378899306905658e-02 0.000000000000000000e+00 1.000000000000000021e-08 -3.239864253555210794e-02 5.923542066528615369e-01
-3.239864253555210794e-02 5.923542066528615369e-01 1.000000000000000000e+00 1.000000000000000021e-08 2.108815959820278113e-02 5.348680213375488490e-01
2.108815959820278113e-02 5.348680213375488490e-01 0.000000000000000000e+00 1.000000000000000021e-08 1.706900823097811937e-01 1.496019227115783945e+00
1.706900823097811937e-01 1.496019227115783945e+00 2.000000000000000000e+00 1.000000000000000021e-08 2.789149262482112368e-01 1.082248439384300598e+00
2.789149262482112368e-01 1.082248439384300598e+00 0.000000000000000000e+00 1.000000000000000021e-08 5.328821608482968708e-01 2.539672346000856340e+00
5.328821608482968708e-01 2.539672346000856340e+00 2.000000000000000000e+00 1.000000000000000021e-08 7.981716696375777964e-01 2.652895087892809034e+00
7.981716696375777964e-01 2.652895087892809034e+00 2.000000000000000000e+00 1.000000000000000021e-08 1.121704600246356431e+00 3.235329306087787238e+00
1.121704600246356431e+00 3.235329306087787238e+00 2.000000000000000000e+00 1.000000000000000021e-08 1.541620529864467626e+00 4.199159296181112389e+00
1.541620529864467626e+00 4.199159296181112389e+00 0.000000000000000000e+00 9.999000000000000110e-01 1.570796326794896558e+00 5.000000000000000000e+00
-4.359377774864345301e-02 -5.708970528854730164e-02 0.000000000000000000e+00 1.000000000000000021e-08 3.427202966200512679e-02 7.786580741064856870e-01
3.427202966200512679e-02 7.786580741064856870e-01 0.000000000000000000e+00 1.000000000000000021e-08 1.993172079793802953e-01 1.650451783173751519e+00
1.993172079793802953e-01 1.650451783173751519e+00 0.000000000000000000e+00 1.000000000000000021e-08 4.797566998363185231e-01 2.804394918569382167e+00
4.797566998363185231e-01 2.804394918569382167e+00 0.000000000000000000e+00 1.000000000000000021e-08 8.920150781466469336e-01 4.122583783103284105e+00
8.920150781466469336e-01 4.122583783103284105e+00 0.000000000000000000e+00 1.000000000000000021e-08 1.463295251024387511e+00 5.000000000000000000e+00
1.463295251024387511e+00 5.000000000000000000e+00 1.000000000000000000e+00 9.999000000000000110e-01 1.570796326794896558e+00 5.000000000000000000e+00
-5.022071598463373476e-02 7.532779996475751083e-02 2.000000000000000000e+00 1.000000000000000021e-08 -1.510610275009686421e-01 -1.008403115163349018e+00
-1.510610275009686421e-01 -1.008403115163349018e+00 2.000000000000000000e+00 1.000000000000000021e-08 -3.814939199380247281e-01 -2.304328924370560472e+00
-3.814939199380247281e-01 -2.304328924370560472e+00 1.000000000000000000e+00 1.000000000000000021e-08 -6.777685977456696653e-01 -2.962746778076449150e+00
-6.777685977456696653e-01 -2.962746778076449150e+00 2.000000000000000000e+00 1.000000000000000021e-08 -1.120410669000921011e+00 -4.426420712552512349e+00
-1.120410669000921011e+00 -4.426420712552512349e+00 1.000000000000000000e+00 9.999000000000000110e-01 -1.570796326794896558e+00 -5.000000000000000000e+00
-6.864529679590061773e-02 -6.126879744343254053e-02 0.000000000000000000e+00 1.000000000000000021e-08 1.226516754931442077e-02 8.091046434521503850e-01
1.226516754931442077e-02 8.091046434521503850e-01 1.000000000000000000e+00 1.000000000000000021e-08 8.151831293102380915e-02 6.925314538170939116e-01
8.151831293102380915e-02 6.925314538170939116e-01 2.000000000000000000e+00 1.000000000000000021e-08 9.015592548717385468e-02 8.637612556150042753e-02
9.015592548717385468e-02 8.637612556150042753e-02 1.000000000000000000e+00 1.000000000000000021e-08 1.067632610898441720e-01 1.660733560267032005e-01
1.067632610898441720e-01 1.660733560267032005e-01 0.000000000000000000e+00 1.000000000000000021e-08 2.419368560746681940e-01 1.351735949848240415e+00
2.419368560746681940e-01 1.351735949848240415e+00 0.000000000000000000e+00 1.000000000000000021e-08 4.853866281005706496e-01 2.434497720259024334e+00
4.853866281005706496e-01 2.434497720259024334e+00 1.000000000000000000e+00 1.000000000000000021e-08 7.975850353161775264e-01 3.121984072156068546e+00
7.975850353161775264e-01 3.121984072156068546e+00 0.000000000000000000e+00 1.000000000000000021e-08 1.273573382644034968e+00 4.759883473278573085e+00
1.273573382644034968e+00 4.759883473278573085e+00 0.000000000000000000e+00 9.999000000000000110e-01 1.570796326794896558e+00 5.000000000000000000e+00
-1.682284930310865706e-02 -1.769029559719357755e-02 1.000000000000000000e+00 1.000000000000000021e-08 -2.739069846020827231e-02 -1.056784915709961664e-01
-2.739069846020827231e-02 -1.056784915709961664e-01 0.000000000000000000e+00 1.000000000000000021e-08 4.760801485595895360e-02 7.499871331616722037e-01
4.760801485595895360e-02 7.499871331616722037e-01 2.000000000000000000e+00 1.000000000000000021e-08 5.304331890334931104e-02 5.435304047390354665e-02
5.304331890334931104e-02 5.435304047390354665e-02 0.000000000000000000e+00 1.000000000000000021e-08 1.616250265726393298e-01 1.085817076692900063e+00
1.616250265726393298e-01 1.085817076692900063e+00 2.000000000000000000e+00 1.000000000000000021e-08 1.990466197985860664e-01 3.742159322594674764e-01
1.990466197985860664e-01 3.742159322594674764e-01 2.000000000000000000e+00 1.000000000000000021e-08 1.995157979080612598e-01 4.691781094751823478e-03
1.995157979080612598e-01 4.691781094751823478e-03 0.000000000000000000e+00 1.000000000000000021e-08 3.347875910935725341e-01 1.352717931855112576e+00
3.347875910935725341e-01 1.352717931855112576e+00 0.000000000000000000e+00 1.000000000000000021e-08 6.014082722478193421e-01 2.666206811542468191e+00
6.014082722478193421e-01 2.666206811542468191e+00 2.000000000000000000e+00 1.000000000000000021e-08 8.859800895344098759e-01 2.845718172865905338e+00
8.859800895344098759e-01 2.845718172865905338e+00 1.000000000000000000e+00 1.000000000000000021e-08 1.282298393510012957e+00 3.963183039756031256e+00
1.282298393510012957e+00 3.963183039756031256e+00 2.000000000000000000e+00 9.999000000000000110e-01 1.570796326794896558e+00 5.000000000000000000e+00
-8.444003350871016889e-02 -2.305734493945190561e-02 1.000000000000000000e+00 1.000000000000000021e-08 -1.010059166648737961e-01 -1.656588315616362994e-01
-1.010059166648737961e-01 -1.656588315616362994e-01 0.000000000000000000e+00 1.000000000000000021e-08 -5.594519048483605900e-02 4.506072618003773567e-01
-5.594519048483605900e-02 4.506072618003773567e-01 2.000000000000000000e+00 1.000000000000000021e-08 -1.043992649612612567e-01 -4.845407447642519072e-01
-1.043992649612612567e-01 -4.845407447642519072e-01 0.000000000000000000e+00 1.000000000000000021e-08 -7.310025818859139379e-02 3.129900677266986841e-01
-7.310025818859139379e-02 3.129900677266986841e-01 1.000000000000000000e+00 1.000000000000000021e-08 -3.960479068832775673e-02 3.349546750026363706e-01
-3.960479068832775673e-02 3.349546750026363706e-01 1.000000000000000000e+00 1.000000000000000021e-08 -9.799358197793303638e-03 2.980543249053445032e-01
-9.799358197793303638e-03 2.980543249053445032e-01 0.000000000000000000e+00 1.000000000000000021e-08 1.055543935248022258e-01 1.153537517225955211e+00
1.055543935248022258e-01 1.153537517225955211e+00 1.000000000000000000e+00 1.000000000000000021e-08 2.239732686817701990e-01 1.184188751569679843e+00
2.239732686817701990e-01 1.184188751569679843e+00 0.000000000000000000e+00 1.000000000000000021e-08 4.564720976561913446e-01 2.324988289744211567e+00
4.564720976561913446e-01 2.324988289744211567e+00 2.000000000000000000e+00 1.000000000000000021e-08 6.740077662417348625e-01 2.175356685855435401e+00
6.740077662417348625e-01 2.175356685855435401e+00 2.000000000000000000e+00 1.000000000000000021e-08 9.167644117928457348e-01 2.427566455511108057e+00
9.167644117928457348e-01 2.427566455511108057e+00 1.000000000000000000e+00 1.000000000000000021e-08 1.270233816748337574e+00 3.534694049554919282e+00
1.270233816748337574e+00 3.534694049554919282e+00 2.000000000000000000e+00 9.999000000000000110e-01 1.570796326794896558e+00 4.723196193704773727e+00
6.874742270924134868e-02 -1.642729865337669293e-02 0.000000000000000000e+00 1.000000000000000021e-08 1.817142771299022908e-01 1.129668544206609448e+00
1.817142771299022908e-01 1.129668544206609448e+00 2.000000000000000000e+00 1.000000000000000021e-08 2.244372798681018577e-01 4.272300273819957805e-01
2.244372798681018577e-01 4.272300273819957805e-01 2.000000000000000000e+00 1.000000000000000021e-08 2.274940057804682170e-01 3.056725912366364817e-02
2.274940057804682170e-01 3.056725912366364817e-02 2.000000000000000000e+00 1.000000000000000021e-08 1.981562516964758547e-01 -2.933775408399235118e-01
1.981562516964758547e-01 -2.933775408399235118e-01 1.000000000000000000e+00 1.000000000000000021e-08 1.898826049854847875e-01 -8.273646710991067188e-02
1.898826049854847875e-01 -8.273646710991067188e-02 1.000000000000000000e+00 1.000000000000000021e-08 1.973262124302136988e-01 7.443607444728916889e-02
1.973262124302136988e-01 7.443607444728916889e-02 2.000000000000000000e+00 1.000000000000000021e-08 1.492827865508576379e-01 -4.804342587935604980e-01
1.492827865508576379e-01 -4.804342587935604980e-01 0.000000000000000000e+00 1.000000000000000021e-08 2.203657806345562520e-01 7.108299408369861405e-01
2.203657806345562520e-01 7.108299408369861405e-01 1.000000000000000000e+00 1.000000000000000021e-08 3.319639354286384458e-01 1.115981547940821716e+00
3.319639354286384458e-01 1.115981547940821716e+00 0.000000000000000000e+00 1.000000000000000021e-08 5.917327475160107930e-01 2.597688120873724138e+00
5.917327475160107930e-01 2.597688120873724138e+00 0.000000000000000000e+00 1.000000000000000021e-08 1.012119608102014068e+00 4.203868605860032304e+00
1.012119608102014068e+00 4.203868605860032304e+00 0.000000000000000000e+00 9.999000000000000110e-01 1.570796326794896558e+00 5.000000000000000000e+00
-1.282016024172027632e-02 -3.805397946691039396e-02 1.000000000000000000e+00 1.000000000000000021e-08 -2.374627337345620523e-02 -1.092611313173592891e-01
-2.374627337345620523e-02 -1.092611313173592891e-01 1.000000000000000000e+00 1.000000000000000021e-08 -3.261536028549855831e-02 -8.869086912042355164e-02
-3.261536028549855831e-02 -8.869086912042355164e-02 2.000000000000000000e+00 1.000000000000000021e-08 -1.328545948543991828e-01 -1.002392345689006259e+00
-1.328545948543991828e-01 -1.002392345689006259e+00 1.000000000000000000e+00 1.000000000000000021e-08 -2.492799896323989184e-01 -1.164253947779997356e+00
-2.492799896323989184e-01 -1.164253947779997356e+00 0.000000000000000000e+00 1.000000000000000021e-08 -3.303111549826503457e-01 -8.103116535025143286e-01
-3.303111549826503457e-01 -8.103116535025143286e-01 1.000000000000000000e+00 1.000000000000000021e-08 -4.745775526471427974e-01 -1.442663976644924517e+00
-4.745775526471427974e-01 -1.442663976644924517e+00 0.000000000000000000e+00 1.000000000000000021e-08 -6.029156408157267943e-01 -1.283380881685839858e+00
-6.029156408157267943e-01 -1.283380881685839858e+00 1.000000000000000000e+00 1.000000000000000021e-08 -8.349236076476187485e-01 -2.320079668318919097e+00
-8.349236076476187485e-01 -2.320079668318919097e+00 1.000000000000000000e+00 1.000000000000000021e-08 -1.181034675644648591e+00 -3.461110679970297532e+00
-1.181034675644648591e+00 -3.461110679970297532e+00 2.000000000000000000e+00 9.999000000000000110e-01 -1.570796326794896558e+00 -5.000000000000000000e+00
6.982096724282656208e-02 -6.714427240174479505e-02 2.000000000000000000e+00 1.000000000000000021e-08 -1.829520535600345776e-02 -8.811617259883001152e-01
-1.829520535600345776e-02 -8.811617259883001152e-01 0.000000000000000000e+00 1.000000000000000021e-08 -3.121712564287336400e-02 -1.292192028686990346e-01
-3.121712564287336400e-02 -1.292192028686990346e-01 0.000000000000000000e+00 1.000000000000000021e-08 4.653031527699084957e-02 7.774744091986420802e-01
4.653031527699084957e-02 7.774744091986420802e-01 0.000000000000000000e+00 1.000000000000000021e-08 2.102220934101642347e-01 1.636917781331733712e+00
2.102220934101642347e-01 1.636917781331733712e+00 1.000000000000000000e+00 1.000000000000000021e-08 4.246859435995332110e-01 2.144638501893689764e+00
4.246859435995332110e-01 2.144638501893689764e+00 2.000000000000000000e+00 1.000000000000000021e-08 6.279760086518719753e-01 2.032900650523386865e+00
6.279760086518719753e-01 2.032900650523386865e+00 1.000000000000000000e+00 1.000000000000000021e-08 9.146584328322862056e-01 2.866824241804142748e+00
9.146584328322862056e-01 2.866824241804142748e+00 0.000000000000000000e+00 1.000000000000000021e-08 1.374997446131446477e+00 4.603390132991602712e+00
1.374997446131446477e+00 4.603390132991602712e+00 0.000000000000000000e+00 9.999000000000000110e-01 1.570796326794896558e+00 5.000000000000000000e+00
6.063434466786449262e-02 -6.187552374943561251e-04 2.000000000000000000e+00 1.000000000000000021e-08 -1.536272892172667326e-02 -7.599707358959115755e-01
-1.536272892172667326e-02 -7.599707358959115755e-01 1.000000000000000000e+00 1.000000000000000021e-08 -8.035187954339499672e-02 -6.498915062166832346e-01
-8.035187954339499672e-02 -6.498915062166832346e-01 1.000000000000000000e+00 1.000000000000000021e-08 -1.564406201512142658e-01 -7.608874060781926074e-01
-1.564406201512142658e-01 -7.608874060781926074e-01 1.000000000000000000e+00 1.000000000000000021e-08 -2.492017259380605032e-01 -9.276110578684622077e-01
-2.492017259380605032e-01 -9.276110578684622077e-01 1.000000000000000000e+00 1.000000000000000021e-08 -3.693602554061499732e-01 -1.201585294680894700e+00
-3.693602554061499732e-01 -1.201585294680894700e+00 0.000000000000000000e+00 1.000000000000000021e-08 -4.612933379871556605e-01 -9.193308258100565400e-01
-4.612933379871556605e-01 -9.193308258100565400e-01 1.000000000000000000e+00 1.000000000000000021e-08 -6.380874097046062010e-01 -1.767940717174504961e+00
-6.380874097046062010e-01 -1.767940717174504961e+00 0.000000000000000000e+00 1.000000000000000021e-08 -8.545388221661651684e-01 -2.164514124615589896e+00
-8.545388221661651684e-01 -2.164514124615589896e+00 2.000000000000000000e+00 1.000000000000000021e-08 -1.229395958184722915e+00 -3.748571360185577461e+00
-1.229395958184722915e+00 -3.748571360185577461e+00 2.000000000000000000e+00 9.999000000000000110e-01 -1.570796326794896558e+00 -5.000000000000000000e+00
4.333806304562346640e-03 5.024312901419933364e-02 1.000000000000000000e+00 1.000000000000000021e-08 2.113784535270641501e-02 1.680403904814406768e-01
2.113784535270641501e-02 1.680403904814406768e-01 1.000000000000000000e+00 1.000000000000000021e-08 2.869573125511892808e-02 7.557885902412511681e-02
2.869573125511892808e-02 7.557885902412511681e-02 1.000000000000000000e+00 1.000000000000000021e-08 2.431966021101406722e-02 -4.376071044104860863e-02
2.431966021101406722e-02 -4.376071044104860863e-02 0.000000000000000000e+00 1.000000000000000021e-08 1.076044944022143401e-01 8.328483419120026321e-01
1.076044944022143401e-01 8.328483419120026321e-01 0.000000000000000000e+00 1.000000000000000021e-08 2.991883528578925810e-01 1.915838584556782465e+00
2.991883528578925810e-01 1.915838584556782465e+00 0.000000000000000000e+00 1.000000000000000021e-08 6.061322321221551679e-01 3.069438792642626090e+00
6.061322321221551679e-01 3.069438792642626090e+00 0.000000000000000000e+00 1.000000000000000021e-08 1.059002684511331172e+00 4.528704523891760481e+00
1.059002684511331172e+00 4.528704523891760481e+00 2.000000000000000000e+00 9.999000000000000110e-01 1.570796326794896558e+00 5.000000000000000000e+00
-3.554056512825003872e-02 -8.496373573648192956e-02 1.000000000000000000e+00 1.000000000000000021e-08 -5.356204771052779090e-02 -1.802148258227775635e-01
-5.356204771052779090e-02 -1.802148258227775635e-01 1.000000000000000000e+00 1.000000000000000021e-08 -7.860881491917023900e-02 -2.504676720864245087e-01
-7.860881491917023900e-02 -2.504676720864245087e-01 2.000000000000000000e+00 1.000000000000000021e-08 -1.992068834362185348e-01 -1.205980685170482847e+00
-1.992068834362185348e-01 -1.205980685170482847e+00 2.000000000000000000e+00 1.000000000000000021e-08 -4.302265932929597025e-01 -2.310197098567411622e+00
-4.302265932929597025e-01 -2.310197098567411622e+00 2.000000000000000000e+00 1.000000000000000021e-08 -7.962112737963094045e-01 -3.659846805033497574e+00
-7.962112737963094045e-01 -3.659846805033497574e+00 2.000000000000000000e+00 1.000000000000000021e-08 -1.330919580047197570e+00 -5.000000000000000000e+00
-1.330919580047197570e+00 -5.000000000000000000e+00 2.000000000000000000e+00 9.999000000000000110e-01 -1.570796326794896558e+00 -5.000000000000000000e+00
-6.597426568220012000e-02 4.467237226694533575e-03 2.000000000000000000e+00 1.000000000000000021e-08 -1.749509307334622399e-01 -1.089766650512621116e+00
-1.749509307334622399e-01 -1.089766650512621116e+00 1.000000000000000000e+00 1.000000000000000021e-08 -3.104123673578768061e-01 -1.354614366244145440e+00
-3.104123673578768061e-01 -1.354614366244145440e+00 1.000000000000000000e+00 1.000000000000000021e-08 -5.026046806484477658e-01 -1.921923132905709597e+00
-5.026046806484477658e-01 -1.921923132905709597e+00 2.000000000000000000e+00 1.000000000000000021e-08 -8.602659758221076203e-01 -3.576612951736597878e+00
-8.602659758221076203e-01 -3.576612951736597878e+00 0.000000000000000000e+00 1.000000000000000021e-08 -1.278857370786511627e+00 -4.185913949644039178e+00
-1.278857370786511627e+00 -4.185913949644039178e+00 1.000000000000000000e+00 9.999000000000000110e-01 -1.570796326794896558e+00 -5.000000000000000000e+00
-5.817100781642153134e-02 6.776169105264392978e-02 0.000000000000000000e+00 1.000000000000000021e-08 4.085603969113128092e-02 9.902704750755280116e-01
4.085603969113128092e-02 9.902704750755280116e-01 2.000000000000000000e+00 1.000000000000000021e-08 5.884418445519463969e-02 1.798814476406336293e-01
5.884418445519463969e-02 1.798814476406336293e-01 1.000000000000000000e+00 1.000000000000000021e-08 7.380578118542535648e-02 1.496159673023071957e-01
7.380578118542535648e-02 1.496159673023071957e-01 0.000000000000000000e+00 1.000000000000000021e-08 1.965768346765521257e-01 1.227710534911267803e+00
1.965768346765521257e-01 1.227710534911267803e+00 1.000000000000000000e+00 1.000000000000000021e-08 3.365045693822455997e-01 1.399277347056935072e+00
3.365045693822455997e-01 1.399277347056935072e+00 0.000000000000000000e+00 1.000000000000000021e-08 6.060306387208915790e-01 2.695260693386459572e+00
6.060306387208915790e-01 2.695260693386459572e+00 0.000000000000000000e+00 1.000000000000000021e-08 1.030547801509397621e+00 4.245171627885059529e+00
1.030547801509397621e+00 4.245171627885059529e+00 2.000000000000000000e+00 1.000000000000000021e-08 1.533851663077672844e+00 5.000000000000000000e+00
1.533851663077672844e+00 5.000000000000000000e+00 2.000000000000000000e+00 9.999000000000000110e-01 1.570796326794896558e+00 5.000000000000000000e+00
6.624515528053480373e-02 5.811312808169152161e-03 0.000000000000000000e+00 1.000000000000000021e-08 1.756124033478150825e-01 1.093672480672802649e+00
1.756124033478150825e-01 1.093672480672802649e+00 2.000000000000000000e+00 1.000000000000000021e-08 2.404555812730130027e-01 6.484317792519791457e-01
2.404555812730130027e-01 6.484317792519791457e-01 0.000000000000000000e+00 1.000000000000000021e-08 4.471318442372809177e-01 2.066762629642679094e+00
4.471318442372809177e-01 2.066762629642679094e+00 2.000000000000000000e+00 1.000000000000000021e-08 6.326439922828392959e-01 1.855121480455584004e+00
6.326439922828392959e-01 1.855121480455584004e+00 1.000000000000000000e+00 1.000000000000000021e-08 9.225177620136550960e-01 2.898737697308157557e+00
9.225177620136550960e-01 2.898737697308157557e+00 2.000000000000000000e+00 1.000000000000000021e-08 1.290408080531469048e+00 3.678903185178138635e+00
1.290408080531469048e+00 3.678903185178138635e+00 2.000000000000000000e+00 9.999000000000000110e-01 1.570796326794896558e+00 4.847257636732663855e+00
-4.401680763103010818e-02 3.632504653339681255e-02 2.000000000000000000e+00 1.000000000000000021e-08 -1.529944337023397272e-01 -1.089776260713096079e+00
-1.529944337023397272e-01 -1.089776260713096079e+00 2.000000000000000000e+00 1.000000000000000021e-08 -3.867889781893041889e-01 -2.337945444869644618e+00
-3.867889781893041889e-01 -2.337945444869644618e+00 1.000000000000000000e+00 1.000000000000000021e-08 -6.847595531831658366e-01 -2.979705749938617032e+00
-6.847595531831658366e-01 -2.979705749938617032e+00 2.000000000000000000e+00 1.000000000000000021e-08 -1.149241205553166223e+00 -4.644816523700002975e+00
-1.149241205553166223e+00 -4.644816523700002975e+00 2.000000000000000000e+00 9.999000000000000110e-01 -1.570796326794896558e+00 -5.000000000000000000e+00
-3.842602014630003282e-02 2.511193872775289646e-02 2.000000000000000000e+00 1.000000000000000021e-08 -1.279330905387385253e-01 -8.950707039243847030e-01
-1.279330905387385253e-01 -8.950707039243847030e-01 1.000000000000000000e+00 1.000000000000000021e-08 -2.454620889772664571e-01 -1.175289984385279096e+00
-2.454620889772664571e-01 -1.175289984385279096e+00 0.000000000000000000e+00 1.000000000000000021e-08 -3.300388156622516833e-01 -8.457672668498521507e-01
-3.300388156622516833e-01 -8.457672668498521507e-01 2.000000000000000000e+00 1.000000000000000021e-08 -5.586375414964560582e-01 -2.285987258342043305e+00
-5.586375414964560582e-01 -2.285987258342043305e+00 0.000000000000000000e+00 1.000000000000000021e-08 -8.124927750563027962e-01 -2.538552335598467380e+00
-8.124927750563027962e-01 -2.538552335598467380e+00 2.000000000000000000e+00 1.000000000000000021e-08 -1.241078359661176522e+00 -4.285855846048736595e+00
-1.241078359661176522e+00 -4.285855846048736595e+00 2.000000000000000000e+00 9.999000000000000110e-01 -1.570796326794896558e+00 -5.000000000000000000e+00
3.955281593127357720e-02 5.366932653464450559e-02 0.000000000000000000e+00 1.000000000000000021e-08 1.448119275183709087e-01 1.052591115870973315e+00
1.448119275183709087e-01 1.052591115870973315e+00 0.000000000000000000e+00 1.000000000000000021e-08 3.585606944498712645e-01 2.137487669315003114e+00
3.585606944498712645e-01 2.137487669315003114e+00 0.000000000000000000e+00 1.000000000000000021e-08 6.978049243490708209e-01 3.392442298991995120e+00
6.978049243490708209e-01 3.392442298991995120e+00 2.000000000000000000e+00 1.000000000000000021e-08 1.066847597694859928e+00 3.690426733457889519e+00
1.066847597694859928e+00 3.690426733457889519e+00 2.000000000000000000e+00 1.000000000000000021e-08 1.521278602411471947e+00 4.544310047166119304e+00
1.521278602411471947e+00 4.544310047166119304e+00 0.000000000000000000e+00 9.999000000000000110e-01 1.570796326794896558e+00 5.000000000000000000e+00
-6.710248036442453823e-02 1.867932685696812797e-02 1.000000000000000000e+00 1.000000000000000021e-08 -8.463252389175475454e-02 -1.753004352733021076e-01
-8.463252389175475454e-02 -1.753004352733021076e-01 2.000000000000000000e+00 1.000000000000000021e-08 -2.061478277403132053e-01 -1.215153038485584425e+00
-2.061478277403132053e-01 -1.215153038485584425e+00 0.000000000000000000e+00 1.000000000000000021e-08 -2.752648935380157535e-01 -6.911706579770254821e-01
-2.752648935380157535e-01 -6.911706579770254821e-01 2.000000000000000000e+00 1.000000000000000021e-08 -4.778867767287725554e-01 -2.026218831907568241e+00
-4.778867767287725554e-01 -2.026218831907568241e+00 1.000000000000000000e+00 1.000000000000000021e-08 -7.457019985671506923e-01 -2.678152218383781147e+00
-7.457019985671506923e-01 -2.678152218383781147e+00 2.000000000000000000e+00 1.000000000000000021e-08 -1.164941360040635088e+00 -4.192393614734844398e+00
-1.164941360040635088e+00 -4.192393614734844398e+00 1.000000000000000000e+00 9.999000000000000110e-01 -1.570796326794896558e+00 -5.000000000000000000e+00
-2.808715225604652144e-02 -1.052580891017542743e-02 1.000000000000000000e+00 1.000000000000000021e-08 -4.995859708693720092e-02 -2.187144483089068225e-01
-4.995859708693720092e-02 -2.187144483089068225e-01 2.000000000000000000e+00 1.000000000000000021e-08 -1.612224430230215222e-01 -1.112638459360843157e+00
-1.612224430230215222e-01 -1.112638459360843157e+00 2.000000000000000000e+00 1.000000000000000021e-08 -4.013581486221419192e-01 -2.401357055991203637e+00
-4.013581486221419192e-01 -2.401357055991203637e+00 1.000000000000000000e+00 1.000000000000000021e-08 -7.064886765663184187e-01 -3.051305279441764551e+00
-7.064886765663184187e-01 -3.051305279441764551e+00 2.000000000000000000e+00 1.000000000000000021e-08 -1.159274142700045473e+00 -4.527854661337268993e+00
-1.159274142700045473e+00 -4.527854661337268993e+00 2.000000000000000000e+00 9.999000000000000110e-01 -1.570796326794896558e+00 -5.000000000000000000e+00
6.500742100923417865e-02 4.224776799032946978e-02 2.000000000000000000e+00 1.000000000000000021e-08 -2.207291701884661617e-03 -6.721471271111884027e-01
-2.207291701884661617e-03 -6.721471271111884027e-01 0.000000000000000000e+00 1.000000000000000021e-08 1.024721405354065557e-02 1.245450575542531579e-01
1.024721405354065557e-02 1.245450575542531579e-01 1.000000000000000000e+00 1.000000000000000021e-08 1.331731690322970722e-02 3.070102849689052005e-02
1.331731690322970722e-02 3.070102849689052005e-02 1.000000000000000000e+00 1.000000000000000021e-08 1.862544220891561644e-02 5.308125305685909567e-02
1.862544220891561644e-02 5.308125305685909567e-02 2.000000000000000000e+00 1.000000000000000021e-08 -6.822353877766751395e-02 -8.684898098658312415e-01
-6.822353877766751395e-02 -8.684898098658312415e-01 0.000000000000000000e+00 1.000000000000000021e-08 -8.932169629775912889e-02 -2.109815752009160938e-01
-8.932169629775912889e-02 -2.109815752009160938e-01 2.000000000000000000e+00 1.000000000000000021e-08 -2.098023311356687071e-01 -1.204806348379095615e+00
-2.098023311356687071e-01 -1.204806348379095615e+00 1.000000000000000000e+00 1.000000000000000021e-08 -3.547017581153811827e-01 -1.448994269797124756e+00
-3.547017581153811827e-01 -1.448994269797124756e+00 0.000000000000000000e+00 1.000000000000000021e-08 -4.672259397343327958e-01 -1.125241816189516131e+00
-4.672259397343327958e-01 -1.125241816189516131e+00 1.000000000000000000e+00 1.000000000000000021e-08 -6.449768122323989994e-01 -1.777508724980662036e+00
-6.449768122323989994e-01 -1.777508724980662036e+00 2.000000000000000000e+00 1.000000000000000021e-08 -9.931618253719283196e-01 -3.481850131395292536e+00
-9.931618253719283196e-01 -3.481850131395292536e+00 2.000000000000000000e+00 1.000000000000000021e-08 -1.511838120724241286e+00 -5.000000000000000000e+00
-1.511838120724241286e+00 -5.000000000000000000e+00 1.000000000000000000e+00 9.999000000000000110e-01 -1.570796326794896558e+00 -5.000000000000000000e+00
6.516745886097196488e-03 7.350243380015124284e-02 1.000000000000000000e+00 1.000000000000000021e-08 2.277387161606618179e-02 1.625712572996898531e-01
2.277387161606618179e-02 1.625712572996898531e-01 2.000000000000000000e+00 1.000000000000000021e-08 -3.824963291085871353e-02 -6.102350452692488769e-01
-3.824963291085871353e-02 -6.102350452692488769e-01 0.000000000000000000e+00 1.000000000000000021e-08 -8.706207903959307243e-03 2.954342500689940421e-01
-8.706207903959307243e-03 2.954342500689940421e-01 0.000000000000000000e+00 1.000000000000000021e-08 9.360158378965867387e-02 1.023077916936179665e+00
9.360158378965867387e-02 1.023077916936179665e+00 1.000000000000000000e+00 1.000000000000000021e-08 2.109118450066091444e-01 1.173102612169504511e+00
2.109118450066091444e-01 1.173102612169504511e+00 0.000000000000000000e+00 1.000000000000000021e-08 4.360977262775876939e-01 2.251858812709785607e+00
4.360977262775876939e-01 2.251858812709785607e+00 2.000000000000000000e+00 1.000000000000000021e-08 6.614406749094140503e-01 2.253429486318263564e+00
6.614406749094140503e-01 2.253429486318263564e+00 2.000000000000000000e+00 1.000000000000000021e-08 9.230259815558279346e-01 2.615853066464139509e+00
9.230259815558279346e-01 2.615853066464139509e+00 0.000000000000000000e+00 1.000000000000000021e-08 1.347341501129575958e+00 4.243155195737480234e+00
1.347341501129575958e+00 4.243155195737480234e+00 1.000000000000000000e+00 9.999000000000000110e-01 1.570796326794896558e+00 5.000000000000000000e+00
7.784725223039996866e-02 6.846521898500267100e-02 1.000000000000000000e+00 1.000000000000000021e-08 1.059193553401001076e-01 2.807210310970014167e-01
1.059193553401001076e-01 2.807210310970014167e-01 0.000000000000000000e+00 1.000000000000000021e-08 2.328224594972863604e-01 1.269031041571862417e+00
2.328224594972863604e-01 1.269031041571862417e+00 2.000000000000000000e+00 1.000000000000000021e-08 3.301723543775962888e-01 9.734989488030991733e-01
3.301723543775962888e-01 9.734989488030991733e-01 0.000000000000000000e+00 1.000000000000000021e-08 5.675292131990221645e-01 2.373568588214258313e+00
5.675292131990221645e-01 2.373568588214258313e+00 2.000000000000000000e+00 1.000000000000000021e-08 8.168215816147880171e-01 2.492923684157658304e+00
8.168215816147880171e-01 2.492923684157658304e+00 1.000000000000000000e+00 1.000000000000000021e-08 1.186525364467481802e+00 3.697037828526937631e+00
1.186525364467481802e+00 3.697037828526937631e+00 2.000000000000000000e+00 9.999000000000000110e-01 1.570796326794896558e+00 4.733386285629245904e+00
6.846978287633198601e-02 1.995275988120012375e-02 2.000000000000000000e+00 1.000000000000000021e-08 3.534925994132118166e-03 -6.493485688219986507e-01
3.534925994132118166e-03 -6.493485688219986507e-01 0.000000000000000000e+00 1.000000000000000021e-08 2.519517598712563838e-02 2.166024999299351883e-01
2.519517598712563838e-02 2.166024999299351883e-01 1.000000000000000000e+00 1.000000000000000021e-08 6.573337657884303908e-02 4.053820059171739931e-01
6.573337657884303908e-02 4.053820059171739931e-01 1.000000000000000000e+00 1.000000000000000021e-08 1.303015321643940516e-01 6.456815558555101253e-01
1.303015321643940516e-01 6.456815558555101253e-01 2.000000000000000000e+00 1.000000000000000021e-08 1.175140030965947241e-01 -1.278752906779933030e-01
1.175140030965947241e-01 -1.278752906779933030e-01 0.000000000000000000e+00 1.000000000000000021e-08 2.160643694846476337e-01 9.855036638805289018e-01
2.160643694846476337e-01 9.855036638805289018e-01 2.000000000000000000e+00 1.000000000000000021e-08 2.559673988044867676e-01 3.990302931983914503e-01
2.559673988044867676e-01 3.990302931983914503e-01 2.000000000000000000e+00 1.000000000000000021e-08 2.465047383250839053e-01 -9.462660479402862368e-02
2.465047383250839053e-01 -9.462660479402862368e-02 0.000000000000000000e+00 1.000000000000000021e-08 3.792197615557563184e-01 1.327150232306723687e+00
3.792197615557563184e-01 1.327150232306723687e+00 1.000000000000000000e+00 1.000000000000000021e-08 5.753053341422303957e-01 1.960855725864740329e+00
5.753053341422303957e-01 1.960855725864740329e+00 1.000000000000000000e+00 1.000000000000000021e-08 8.589868117633439049e-01 2.836814776211134870e+00
8.589868117633439049e-01 2.836814776211134870e+00 2.000000000000000000e+00 1.000000000000000021e-08 1.197786531707111912e+00 3.387997199437678741e+00
1.197786531707111912e+00 3.387997199437678741e+00 0.000000000000000000e+00 9.999000000000000110e-01 1.570796326794896558e+00 4.989055402763696634e+00
4.807911907977661936e-02 7.224559431098785678e-02 2.000000000000000000e+00 1.000000000000000021e-08 -2.926411366255901592e-02 -7.734323274233563250e-01
-2.926411366255901592e-02 -7.734323274233563250e-01 0.000000000000000000e+00 1.000000000000000021e-08 -2.364473334419699493e-02 5.619380318362021676e-02
-2.364473334419699493e-02 5.619380318362021676e-02 0.000000000000000000e+00 1.000000000000000021e-08 6.023698617989091397e-02 8.388171952408790544e-01
6.023698617989091397e-02 8.388171952408790544e-01 2.000000000000000000e+00 1.000000000000000021e-08 5.759464750844823372e-02 -2.642338671442678866e-02
5.759464750844823372e-02 -2.642338671442678866e-02 2.000000000000000000e+00 1.000000000000000021e-08 -1.826454910632021450e-02 -7.585919661476844267e-01
-1.826454910632021450e-02 -7.585919661476844267e-01 2.000000000000000000e+00 1.000000000000000021e-08 -1.938030537290168498e-01 -1.755385046226966228e+00
-1.938030537290168498e-01 -1.755385046226966228e+00 0.000000000000000000e+00 1.000000000000000021e-08 -3.056413643026791860e-01 -1.118383105736623140e+00
-3.056413643026791860e-01 -1.118383105736623140e+00 2.000000000000000000e+00 1.000000000000000021e-08 -5.640865075286909391e-01 -2.584451432260117087e+00
-5.640865075286909391e-01 -2.584451432260117087e+00 2.000000000000000000e+00 1.000000000000000021e-08 -9.895812526673084530e-01 -4.254947451386174251e+00
-9.895812526673084530e-01 -4.254947451386174251e+00 2.000000000000000000e+00 9.999000000000000110e-01 -1.570796326794896558e+00 -5.000000000000000000e+00
-6.712799532399225944e-02 -7.179779153486769150e-02 1.000000000000000000e+00 1.000000000000000021e-08 -9.703496236422587407e-02 -2.990696704023361741e-01
-9.703496236422587407e-02 -2.990696704023361741e-01 2.000000000000000000e+00 1.000000000000000021e-08 -2.451072393827583573e-01 -1.480722770185324721e+00
-2.451072393827583573e-01 -1.480722770185324721e+00 2.000000000000000000e+00 1.000000000000000021e-08 -5.025741844788973456e-01 -2.574669450961390549e+00
-5.025741844788973456e-01 -2.574669450961390549e+00 1.000000000000000000e+00 1.000000000000000021e-08 -8.274834452950037278e-01 -3.249092608161062934e+00
-8.274834452950037278e-01 -3.249092608161062934e+00 1.000000000000000000e+00 1.000000000000000021e-08 -1.255955546634022646e+00 -4.284721013390189626e+00
-1.255955546634022646e+00 -4.284721013390189626e+00 1.000000000000000000e+00 9.999000000000000110e-01 -1.570796326794896558e+00 -5.000000000000000000e+00
-6.151214184719342587e-02 -6.485205154550756357e-02 0.000000000000000000e+00 1.000000000000000021e-08 1.651716669443552971e-02 7.802930854162895002e-01
1.651716669443552971e-02 7.802930854162895002e-01 0.000000000000000000e+00 1.000000000000000021e-08 1.900117821748075753e-01 1.734946154803720386e+00
1.900117821748075753e-01 1.734946154803720386e+00 0.000000000000000000e+00 1.000000000000000021e-08 4.873988903582371357e-01 2.973871081834295271e+00
4.873988903582371357e-01 2.973871081834295271e+00 1.000000000000000000e+00 1.000000000000000021e-08 8.649370339694346654e-01 3.775381436111974409e+00
8.649370339694346654e-01 3.775381436111974409e+00 0.000000000000000000e+00 1.000000000000000021e-08 1.409804219225184951e+00 5.000000000000000000e+00
1.409804219225184951e+00 5.000000000000000000e+00 0.000000000000000000e+00 9.999000000000000110e-01 1.570796326794896558e+00 5.000000000000000000e+00
3.039228774497389554e-02 -3.052645617578460951e-02 1.000000000000000000e+00 1.000000000000000021e-08 4.247800015442350363e-02 1.208571240944960323e-01
4.247800015442350363e-02 1.208571240944960323e-01 2.000000000000000000e+00 1.000000000000000021e-08 -2.618527998161560011e-02 -6.866328013603909541e-01
-2.618527998161560011e-02 -6.866328013603909541e-01 1.000000000000000000e+00 1.000000000000000021e-08 -9.756602672283111455e-02 -7.138074674121551721e-01
-9.756602672283111455e-02 -7.138074674121551721e-01 2.000000000000000000e+00 1.000000000000000021e-08 -2.789419405915858352e-01 -1.813759138687547345e+00
-2.789419405915858352e-01 -1.813759138687547345e+00 0.000000000000000000e+00 1.000000000000000021e-08 -4.267534296058483334e-01 -1.478114890142624871e+00
-4.267534296058483334e-01 -1.478114890142624871e+00 1.000000000000000000e+00 1.000000000000000021e-08 -6.409412676416337273e-01 -2.141878380357853384e+00
-6.409412676416337273e-01 -2.141878380357853384e+00 0.000000000000000000e+00 1.000000000000000021e-08 -8.788296709671293838e-01 -2.378884033254956787e+00
-8.788296709671293838e-01 -2.378884033254956787e+00 2.000000000000000000e+00 1.000000000000000021e-08 -1.286549445616558707e+00 -4.077197746494293007e+00
-1.286549445616558707e+00 -4.077197746494293007e+00 0.000000000000000000e+00 9.999000000000000110e-01 -1.570796326794896558e+00 -5.000000000000000000e+00
-5.928938221978312384e-02 -6.704606472359304903e-02 1.000000000000000000e+00 1.000000000000000021e-08 -8.366689007458115446e-02 -2.437750785479802507e-01
-8.366689007458115446e-02 -2.437750785479802507e-01 2.000000000000000000e+00 1.000000000000000021e-08 -1.993846736520105967e-01 -1.157177835774294339e+00
-1.993846736520105967e-01 -1.157177835774294339e+00 2.000000000000000000e+00 1.000000000000000021e-08 -4.402231268327109204e-01 -2.408384531807002737e+00
-4.402231268327109204e-01 -2.408384531807002737e+00 2.000000000000000000e+00 1.000000000000000021e-08 -8.309698960826065184e-01 -3.907467692498955536e+00
