2.556313559468351149e-02 5.225937062376073000e-02 0.000000000000000000e+00 1.000000000000000021e-08 1.315934793182846896e-01 1.060303437236011614e+00
1.315934793182846896e-01 1.060303437236011614e+00 0.000000000000000000e+00 1.000000000000000021e-08 3.413770638789184741e-01 2.097835845606337735e+00
3.413770638789184741e-01 2.097835845606337735e+00 1.000000000000000000e+00 1.000000000000000021e-08 6.182750971237557236e-01 2.768980332448372383e+00
6.182750971237557236e-01 2.768980332448372383e+00 1.000000000000000000e+00 1.000000000000000021e-08 9.937707636133982225e-01 3.754956664896424989e+00
9.937707636133982225e-01 3.754956664896424989e+00 0.000000000000000000e+00 1.000000000000000021e-08 1.530837748643032459e+00 5.000000000000000000e+00
1.530837748643032459e+00 5.000000000000000000e+00 2.000000000000000000e+00 9.999000000000000110e-01 1.570796326794896558e+00 5.000000000000000000e+00
2.042798471224035670e-02 3.888357658992058763e-02 0.000000000000000000e+00 1.000000000000000021e-08 1.214362114206570531e-01 1.010082267084166929e+00
1.214362114206570531e-01 1.010082267084166929e+00 0.000000000000000000e+00 1.000000000000000021e-08 3.174534621037614635e-01 1.960172506831043826e+00
3.174534621037614635e-01 1.960172506831043826e+00 2.000000000000000000e+00 1.000000000000000021e-08 4.823411651262002886e-01 1.648877030224388252e+00
4.823411651262002886e-01 1.648877030224388252e+00 0.000000000000000000e+00 1.000000000000000021e-08 8.039642907218401691e-01 3.216231255956398360e+00
8.039642907218401691e-01 3.216231255956398360e+00 1.000000000000000000e+00 1.000000000000000021e-08 1.234934668032881655e+00 4.309703773110414637e+00
1.234934668032881655e+00 4.309703773110414637e+00 0.000000000000000000e+00 9.999000000000000110e-01 1.570796326794896558e+00 5.000000000000000000e+00
-3.878806954407867241e-03 3.699373121442058043e-02 0.000000000000000000e+00 1.000000000000000021e-08 1.010699880295418268e-01 1.049487949839496892e+00
1.010699880295418268e-01 1.049487949839496892e+00 0.000000000000000000e+00 1.000000000000000021e-08 3.130940025623222267e-01 2.120240145327803916e+00
3.130940025623222267e-01 2.120240145327803916e+00 0.000000000000000000e+00 1.000000000000000021e-08 6.470047732449712985e-01 3.339107706826490940e+00
6.470047732449712985e-01 3.339107706826490940e+00 2.000000000000000000e+00 1.000000000000000021e-08 1.012827563824466592e+00 3.658227905794952051e+00
1.012827563824466592e+00 3.658227905794952051e+00 2.000000000000000000e+00 1.000000000000000021e-08 1.449898044644260642e+00 4.370704808197940494e+00
1.449898044644260642e+00 4.370704808197940494e+00 0.000000000000000000e+00 9.999000000000000110e-01 1.570796326794896558e+00 5.000000000000000000e+00
8.122523558335917326e-02 5.027261986977471508e-02 2.000000000000000000e+00 1.000000000000000021e-08 -2.628302065051518754e-04 -8.148806578986431681e-01
-2.628302065051518754e-04 -8.148806578986431681e-01 0.000000000000000000e+00 1.000000000000000021e-08 -1.677526777393159758e-03 -1.414696570888007709e-02
-1.677526777393159758e-03 -1.414696570888007709e-02 2.000000000000000000e+00 1.000000000000000021e-08 -1.066927990186763708e-01 -1.050152722412831974e+00
-1.066927990186763708e-01 -1.050152722412831974e+00 1.000000000000000000e+00 1.000000000000000021e-08 -2.312199721420370169e-01 -1.245271731233606349e+00
-2.312199721420370169e-01 -1.245271731233606349e+00 2.000000000000000000e+00 1.000000000000000021e-08 -4.748665110681876134e-01 -2.436465389261505798e+00
-4.748665110681876134e-01 -2.436465389261505798e+00 2.000000000000000000e+00 1.000000000000000021e-08 -8.516762271499676018e-01 -3.768097160817799995e+00
-8.516762271499676018e-01 -3.768097160817799995e+00 1.000000000000000000e+00 1.000000000000000021e-08 -1.344332806046451889e+00 -4.926565788964841985e+00
-1.344332806046451889e+00 -4.926565788964841985e+00 2.000000000000000000e+00 9.999000000000000110e-01 -1.570796326794896558e+00 -5.000000000000000000e+00
9.798490946791547918e-03 7.362972928159335073e-02 1.000000000000000000e+00 1.000000000000000021e-08 5.306190585268738547e-03 -4.492300361522809371e-02
5.306190585268738547e-03 -4.492300361522809371e-02 1.000000000000000000e+00 1.000000000000000021e-08 5.500519018816863587e-03 1.943284335481250402e-03
5.500519018816863587e-03 1.943284335481250402e-03 2.000000000000000000e+00 1.000000000000000021e-08 -6.688065148466670884e-02 -7.238117050348357173e-01
-6.688065148466670884e-02 -7.238117050348357173e-01 0.000000000000000000e+00 1.000000000000000021e-08 -6.610231827494542078e-02 7.783332097212825040e-03
-6.610231827494542078e-02 7.783332097212825040e-03 0.000000000000000000e+00 1.000000000000000021e-08 1.498316828390258704e-02 8.108548655884800782e-01
1.498316828390258704e-02 8.108548655884800782e-01 2.000000000000000000e+00 1.000000000000000021e-08 4.674665711944253274e-03 -1.030850257195833342e-01
4.674665711944253274e-03 -1.030850257195833342e-01 1.000000000000000000e+00 1.000000000000000021e-08 -1.678450009186129716e-02 -2.145916580380554661e-01
-1.678450009186129716e-02 -2.145916580380554661e-01 2.000000000000000000e+00 1.000000000000000021e-08 -1.208984152566532910e-01 -1.041139151647919814e+00
-1.208984152566532910e-01 -1.041139151647919814e+00 2.000000000000000000e+00 1.000000000000000021e-08 -3.233515447325567838e-01 -2.024531294759034594e+00
-3.233515447325567838e-01 -2.024531294759034594e+00 1.000000000000000000e+00 1.000000000000000021e-08 -5.728187279974006341e-01 -2.494671832648438503e+00
-5.728187279974006341e-01 -2.494671832648438503e+00 0.000000000000000000e+00 1.000000000000000021e-08 -8.447050765168679920e-01 -2.718863485194673135e+00
-8.447050765168679920e-01 -2.718863485194673135e+00 1.000000000000000000e+00 1.000000000000000021e-08 -1.232226719368914480e+00 -3.875216428520465772e+00
-1.232226719368914480e+00 -3.875216428520465772e+00 0.000000000000000000e+00 9.999000000000000110e-01 -1.570796326794896558e+00 -4.990823310250973144e+00
-3.041199330422146574e-02 7.424089014448806423e-02 0.000000000000000000e+00 1.000000000000000021e-08 7.458422816829113344e-02 1.049962214725125964e+00
7.458422816829113344e-02 1.049962214725125964e+00 1.000000000000000000e+00 1.000000000000000021e-08 2.023787796621082935e-01 1.277945514938171545e+00
2.023787796621082935e-01 1.277945514938171545e+00 1.000000000000000000e+00 1.000000000000000021e-08 3.766362961894648143e-01 1.742575165273565263e+00
3.766362961894648143e-01 1.742575165273565263e+00 2.000000000000000000e+00 1.000000000000000021e-08 5.316807840580131117e-01 1.550444878685482308e+00
5.316807840580131117e-01 1.550444878685482308e+00 0.000000000000000000e+00 1.000000000000000021e-08 8.348744922535400459e-01 3.031937081955268898e+00
8.348744922535400459e-01 3.031937081955268898e+00 1.000000000000000000e+00 1.000000000000000021e-08 1.243474729327686656e+00 4.086002370741465661e+00
1.243474729327686656e+00 4.086002370741465661e+00 1.000000000000000000e+00 9.999000000000000110e-01 1.570796326794896558e+00 5.000000000000000000e+00
-4.712935751908704091e-02 2.669530112837374680e-02 0.000000000000000000e+00 1.000000000000000021e-08 5.030260811991994069e-02 9.743196563900697882e-01
5.030260811991994069e-02 9.743196563900697882e-01 2.000000000000000000e+00 1.000000000000000021e-08 7.922150758138737925e-02 2.891889946146743995e-01
7.922150758138737925e-02 2.891889946146743995e-01 0.000000000000000000e+00 1.000000000000000021e-08 2.055654124688694462e-01 1.263439048874820614e+00
2.055654124688694462e-01 1.263439048874820614e+00 2.000000000000000000e+00 1.000000000000000021e-08 2.737085120928778870e-01 6.814309962400845189e-01
2.737085120928778870e-01 6.814309962400845189e-01 0.000000000000000000e+00 1.000000000000000021e-08 4.878894865685111659e-01 2.141809744756332901e+00
4.878894865685111659e-01 2.141809744756332901e+00 1.000000000000000000e+00 1.000000000000000021e-08 7.900299677695090672e-01 3.021404812009979235e+00
7.900299677695090672e-01 3.021404812009979235e+00 2.000000000000000000e+00 1.000000000000000021e-08 1.147885407014576309e+00 3.578554392450671973e+00
1.147885407014576309e+00 3.578554392450671973e+00 0.000000000000000000e+00 9.999000000000000110e-01 1.570796326794896558e+00 5.000000000000000000e+00
3.168002000911564198e-02 -6.118245605537745574e-02 1.000000000000000000e+00 1.000000000000000021e-08 2.902718524568192668e-02 -2.652834763433714604e-02
2.902718524568192668e-02 -2.652834763433714604e-02 2.000000000000000000e+00 1.000000000000000021e-08 -5.309016863730334213e-02 -8.211735388298526672e-01
-5.309016863730334213e-02 -8.211735388298526672e-01 1.000000000000000000e+00 1.000000000000000021e-08 -1.589271068821378474e-01 -1.058369382448345108e+00
-1.589271068821378474e-01 -1.058369382448345108e+00 1.000000000000000000e+00 1.000000000000000021e-08 -2.861309193500192194e-01 -1.272038124678813720e+00
-2.861309193500192194e-01 -1.272038124678813720e+00 0.000000000000000000e+00 1.000000000000000021e-08 -3.648318433234493674e-01 -7.870092397343014801e-01
-3.648318433234493674e-01 -7.870092397343014801e-01 0.000000000000000000e+00 1.000000000000000021e-08 -4.282605347889626435e-01 -6.342869146551324278e-01
-4.282605347889626435e-01 -6.342869146551324278e-01 2.000000000000000000e+00 1.000000000000000021e-08 -6.442266436060316570e-01 -2.159661088170690135e+00
-6.442266436060316570e-01 -2.159661088170690135e+00 1.000000000000000000e+00 1.000000000000000021e-08 -9.470853543798276597e-01 -3.028587107737959805e+00
-9.470853543798276597e-01 -3.028587107737959805e+00 1.000000000000000000e+00 1.000000000000000021e-08 -1.362125110465769451e+00 -4.150397560859417467e+00
-1.362125110465769451e+00 -4.150397560859417467e+00 2.000000000000000000e+00 9.999000000000000110e-01 -1.570796326794896558e+00 -5.000000000000000000e+00
-2.438311527664165090e-02 4.802750428389601645e-02 0.000000000000000000e+00 1.000000000000000021e-08 7.024897576535087118e-02 9.463209104199251653e-01
7.024897576535087118e-02 9.463209104199251653e-01 0.000000000000000000e+00 1.000000000000000021e-08 2.799694354470975144e-01 2.097204596817466182e+00
2.799694354470975144e-01 2.097204596817466182e+00 2.000000000000000000e+00 1.000000000000000021e-08 4.481096378205406960e-01 1.681402023734432039e+00
4.481096378205406960e-01 1.681402023734432039e+00 0.000000000000000000e+00 1.000000000000000021e-08 7.679528215737221331e-01 3.198431837531813926e+00
7.679528215737221331e-01 3.198431837531813926e+00 2.000000000000000000e+00 1.000000000000000021e-08 1.122312844472822979e+00 3.543600228991008017e+00
1.122312844472822979e+00 3.543600228991008017e+00 1.000000000000000000e+00 9.999000000000000110e-01 1.570796326794896558e+00 4.888646120158647079e+00
-4.554760090458375571e-02 -4.831800889156038364e-02 2.000000000000000000e+00 1.000000000000000021e-08 -1.344665423166550300e-01 -8.891894141207126179e-01
-1.344665423166550300e-01 -8.891894141207126179e-01 0.000000000000000000e+00 1.000000000000000021e-08 -1.642581958576183609e-01 -2.979165354096332541e-01
-1.642581958576183609e-01 -2.979165354096332541e-01 0.000000000000000000e+00 1.000000000000000021e-08 -1.269533242251267846e-01 3.730487163249157634e-01
-1.269533242251267846e-01 3.730487163249157634e-01 1.000000000000000000e+00 1.000000000000000021e-08 -1.202355452922518886e-01 6.717778932874896025e-02
-1.202355452922518886e-01 6.717778932874896025e-02 2.000000000000000000e+00 1.000000000000000021e-08 -2.192818501524777530e-01 -9.904630486022584224e-01
-2.192818501524777530e-01 -9.904630486022584224e-01 0.000000000000000000e+00 1.000000000000000021e-08 -2.675497191184721402e-01 -4.826786896599435384e-01
-2.675497191184721402e-01 -4.826786896599435384e-01 0.000000000000000000e+00 1.000000000000000021e-08 -2.687457402677997376e-01 -1.196021149327575195e-02
-2.687457402677997376e-01 -1.196021149327575195e-02 2.000000000000000000e+00 1.000000000000000021e-08 -3.985618499035769036e-01 -1.298161096357771438e+00
-3.985618499035769036e-01 -1.298161096357771438e+00 0.000000000000000000e+00 1.000000000000000021e-08 -5.199006806083719123e-01 -1.213388307047949866e+00
-5.199006806083719123e-01 -1.213388307047949866e+00 2.000000000000000000e+00 1.000000000000000021e-08 -8.098906281498632342e-01 -2.899899475414913219e+00
-8.098906281498632342e-01 -2.899899475414913219e+00 1.000000000000000000e+00 1.000000000000000021e-08 -1.199029039600364666e+00 -3.891384114505012981e+00
-1.199029039600364666e+00 -3.891384114505012981e+00 2.000000000000000000e+00 9.999000000000000110e-01 -1.570796326794896558e+00 -5.000000000000000000e+00
-5.007639380160820719e-02 -3.580998176188025101e-02 2.000000000000000000e+00 1.000000000000000021e-08 -1.406221504314239534e-01 -9.054575662981572126e-01
-1.406221504314239534e-01 -9.054575662981572126e-01 0.000000000000000000e+00 1.000000000000000021e-08 -1.771932182310599901e-01 -3.657106779963602561e-01
-1.771932182310599901e-01 -3.657106779963602561e-01 2.000000000000000000e+00 1.000000000000000021e-08 -3.213148745252014105e-01 -1.441216562941414203e+00
-3.213148745252014105e-01 -1.441216562941414203e+00 0.000000000000000000e+00 1.000000000000000021e-08 -4.476919623810464710e-01 -1.263770878558450494e+00
-4.476919623810464710e-01 -1.263770878558450494e+00 2.000000000000000000e+00 1.000000000000000021e-08 -7.312960923108747791e-01 -2.836041299298282858e+00
-7.312960923108747791e-01 -2.836041299298282858e+00 2.000000000000000000e+00 1.000000000000000021e-08 -1.186395131760425325e+00 -4.550990394495504354e+00
-1.186395131760425325e+00 -4.550990394495504354e+00 0.000000000000000000e+00 9.999000000000000110e-01 -1.570796326794896558e+00 -5.000000000000000000e+00
5.795831879886156890e-02 -1.689609783794025072e-02 2.000000000000000000e+00 1.000000000000000021e-08 -4.489499764845805707e-03 -6.244781856370736906e-01
-4.489499764845805707e-03 -6.244781856370736906e-01 0.000000000000000000e+00 1.000000000000000021e-08 3.060766730337112496e-02 3.509716706821692789e-01
3.060766730337112496e-02 3.509716706821692789e-01 2.000000000000000000e+00 1.000000000000000021e-08 -5.444667602917348248e-03 -3.605233490628847459e-01
-5.444667602917348248e-03 -3.605233490628847459e-01 2.000000000000000000e+00 1.000000000000000021e-08 -1.247857821528443600e-01 -1.193411145499270187e+00
-1.247857821528443600e-01 -1.193411145499270187e+00 0.000000000000000000e+00 1.000000000000000021e-08 -1.809496076595165648e-01 -5.616382550667219364e-01
-1.809496076595165648e-01 -5.616382550667219364e-01 1.000000000000000000e+00 1.000000000000000021e-08 -2.836351510599020020e-01 -1.026855434003854484e+00
-2.836351510599020020e-01 -1.026855434003854484e+00 0.000000000000000000e+00 1.000000000000000021e-08 -3.508619102539527468e-01 -6.722675919405074474e-01
-3.508619102539527468e-01 -6.722675919405074474e-01 1.000000000000000000e+00 1.000000000000000021e-08 -4.637032812181998143e-01 -1.128413709642470675e+00
-4.637032812181998143e-01 -1.128413709642470675e+00 2.000000000000000000e+00 1.000000000000000021e-08 -7.326223835853492572e-01 -2.689191023671494207e+00
-7.326223835853492572e-01 -2.689191023671494207e+00 0.000000000000000000e+00 1.000000000000000021e-08 -1.050849667707352886e+00 -3.182272841220035176e+00
-1.050849667707352886e+00 -3.182272841220035176e+00 0.000000000000000000e+00 1.000000000000000021e-08 -1.460492736690901738e+00 -4.096430689835488081e+00
-1.460492736690901738e+00 -4.096430689835488081e+00 1.000000000000000000e+00 9.999000000000000110e-01 -1.570796326794896558e+00 -5.000000000000000000e+00
7.538106185396109549e-02 3.589969318303562473e-02 2.000000000000000000e+00 1.000000000000000021e-08 -4.551401715330971598e-03 -7.993246356929205598e-01
-4.551401715330971598e-03 -7.993246356929205598e-01 1.000000000000000000e+00 1.000000000000000021e-08 -1.001506910675144385e-01 -9.559928935218345858e-01
-1.001506910675144385e-01 -9.559928935218345858e-01 0.000000000000000000e+00 1.000000000000000021e-08 -1.408317232896595939e-01 -4.068103222214516368e-01
-1.408317232896595939e-01 -4.068103222214516368e-01 0.000000000000000000e+00 1.000000000000000021e-08 -1.065176722270486931e-01 3.431405106261089522e-01
-1.065176722270486931e-01 3.431405106261089522e-01 0.000000000000000000e+00 1.000000000000000021e-08 -1.565722479306139170e-02 9.086044743398730139e-01
-1.565722479306139170e-02 9.086044743398730139e-01 0.000000000000000000e+00 1.000000000000000021e-08 1.462774486969655452e-01 1.619346734900269258e+00
1.462774486969655452e-01 1.619346734900269258e+00 1.000000000000000000e+00 1.000000000000000021e-08 3.429035742709937717e-01 1.966261255740282099e+00
3.429035742709937717e-01 1.966261255740282099e+00 1.000000000000000000e+00 1.000000000000000021e-08 5.891140779454612231e-01 2.462105036744674624e+00
5.891140779454612231e-01 2.462105036744674624e+00 2.000000000000000000e+00 1.000000000000000021e-08 8.524693798480058593e-01 2.633553019025446584e+00
8.524693798480058593e-01 2.633553019025446584e+00 0.000000000000000000e+00 1.000000000000000021e-08 1.283080039404923989e+00 4.306106595569181295e+00
1.283080039404923989e+00 4.306106595569181295e+00 2.000000000000000000e+00 9.999000000000000110e-01 1.570796326794896558e+00 5.000000000000000000e+00
8.582499116562072872e-03 -9.675617056709171285e-03 1.000000000000000000e+00 1.000000000000000021e-08 1.308343421074518662e-02 4.500935094183113744e-02
1.308343421074518662e-02 4.500935094183113744e-02 2.000000000000000000e+00 1.000000000000000021e-08 -8.280945854996375755e-02 -9.589289276070894763e-01
-8.280945854996375755e-02 -9.589289276070894763e-01 2.000000000000000000e+00 1.000000000000000021e-08 -2.672365952589938476e-01 -1.844271367090300595e+00
-2.672365952589938476e-01 -1.844271367090300595e+00 2.000000000000000000e+00 1.000000000000000021e-08 -5.931991032950397758e-01 -3.259625080360458949e+00
-5.931991032950397758e-01 -3.259625080360458949e+00 1.000000000000000000e+00 1.000000000000000021e-08 -1.004415640145704725e+00 -4.112165368506650154e+00
-1.004415640145704725e+00 -4.112165368506650154e+00 2.000000000000000000e+00 9.999000000000000110e-01 -1.570796326794896558e+00 -5.000000000000000000e+00
5.085506202694092814e-02 -8.054603727856275708e-02 1.000000000000000000e+00 1.000000000000000021e-08 6.757490966209825367e-02 1.671984763515732553e-01
6.757490966209825367e-02 1.671984763515732553e-01 1.000000000000000000e+00 1.000000000000000021e-08 8.785896433712803155e-02 2.028405467502977233e-01
8.785896433712803155e-02 2.028405467502977233e-01 2.000000000000000000e+00 1.000000000000000021e-08 5.066866616010229363e-02 -3.719029817702573792e-01
5.066866616010229363e-02 -3.719029817702573792e-01 1.000000000000000000e+00 1.000000000000000021e-08 2.045354279491677640e-02 -3.021512336518551445e-01
2.045354279491677640e-02 -3.021512336518551445e-01 1.000000000000000000e+00 1.000000000000000021e-08 -1.287666580927035453e-03 -2.174120937584381186e-01
-1.287666580927035453e-03 -2.174120937584381186e-01 1.000000000000000000e+00 1.000000000000000021e-08 -3.247409000781960320e-02 -3.118642342689256775e-01
-3.247409000781960320e-02 -3.118642342689256775e-01 0.000000000000000000e+00 1.000000000000000021e-08 2.023739688881451976e-02 5.271148689663411879e-01
2.023739688881451976e-02 5.271148689663411879e-01 2.000000000000000000e+00 1.000000000000000021e-08 -1.320003685570503293e-03 -2.155740057438502166e-01
-1.320003685570503293e-03 -2.155740057438502166e-01 2.000000000000000000e+00 1.000000000000000021e-08 -1.280877031549378098e-01 -1.267676994693673009e+00
-1.280877031549378098e-01 -1.267676994693673009e+00 1.000000000000000000e+00 1.000000000000000021e-08 -2.784165376459319940e-01 -1.503288344909942120e+00
-2.784165376459319940e-01 -1.503288344909942120e+00 0.000000000000000000e+00 1.000000000000000021e-08 -3.845960922245793556e-01 -1.061795545786473394e+00
-3.845960922245793556e-01 -1.061795545786473394e+00 1.000000000000000000e+00 1.000000000000000021e-08 -5.487058967492977057e-01 -1.641098045247183279e+00
-5.487058967492977057e-01 -1.641098045247183279e+00 2.000000000000000000e+00 1.000000000000000021e-08 -8.687539987354393478e-01 -3.200481019861415533e+00
-8.687539987354393478e-01 -3.200481019861415533e+00 2.000000000000000000e+00 1.000000000000000021e-08 -1.360189064134792680e+00 -4.914350653993533768e+00
-1.360189064134792680e+00 -4.914350653993533768e+00 1.000000000000000000e+00 9.999000000000000110e-01 -1.570796326794896558e+00 -5.000000000000000000e+00
7.061835058765510154e-02 -1.034598886583902068e-02 0.000000000000000000e+00 1.000000000000000021e-08 1.761995063455802923e-01 1.055811557579251714e+00
1.761995063455802923e-01 1.055811557579251714e+00 1.000000000000000000e+00 1.000000000000000021e-08 2.957496858824685271e-01 1.195501795368882458e+00
2.957496858824685271e-01 1.195501795368882458e+00 1.000000000000000000e+00 1.000000000000000021e-08 4.687499325987321552e-01 1.730002467162636171e+00
4.687499325987321552e-01 1.730002467162636171e+00 0.000000000000000000e+00 1.000000000000000021e-08 7.861702058461268461e-01 3.174202732473947464e+00
7.861702058461268461e-01 3.174202732473947464e+00 2.000000000000000000e+00 1.000000000000000021e-08 1.143623149637169156e+00 3.574529437910422214e+00
1.143623149637169156e+00 3.574529437910422214e+00 1.000000000000000000e+00 9.999000000000000110e-01 1.570796326794896558e+00 4.892295811384391513e+00
-5.315549844936064833e-03 -1.787055149549778704e-02 1.000000000000000000e+00 1.000000000000000021e-08 -1.597606248227331077e-02 -1.066051263733724386e-01
-1.597606248227331077e-02 -1.066051263733724386e-01 0.000000000000000000e+00 1.000000000000000021e-08 6.871528094817183629e-02 8.469134343044513180e-01
6.871528094817183629e-02 8.469134343044513180e-01 1.000000000000000000e+00 1.000000000000000021e-08 1.640008872815415519e-01 9.528560633336971009e-01
1.640008872815415519e-01 9.528560633336971009e-01 0.000000000000000000e+00 1.000000000000000021e-08 3.793372875838467717e-01 2.153364003023051865e+00
3.793372875838467717e-01 2.153364003023051865e+00 0.000000000000000000e+00 1.000000000000000021e-08 7.292273450958935976e-01 3.498900575120468037e+00
7.292273450958935976e-01 3.498900575120468037e+00 2.000000000000000000e+00 1.000000000000000021e-08 1.120656692654872666e+00 3.914293475589790017e+00
1.120656692654872666e+00 3.914293475589790017e+00 1.000000000000000000e+00 9.999000000000000110e-01 1.570796326794896558e+00 5.000000000000000000e+00
4.058211251069653719e-02 3.779185685512087556e-02 2.000000000000000000e+00 1.000000000000000021e-08 -4.103451353770243976e-02 -8.161662604839897694e-01
-4.103451353770243976e-02 -8.161662604839897694e-01 0.000000000000000000e+00 1.000000000000000021e-08 -3.164738385540660087e-02 9.387129682295836108e-02
-3.164738385540660087e-02 9.387129682295836108e-02 1.000000000000000000e+00 1.000000000000000021e-08 -3.806301832173940303e-02 -6.415634466332797992e-02
-3.806301832173940303e-02 -6.415634466332797992e-02 1.000000000000000000e+00 1.000000000000000021e-08 -6.817491513210835463e-02 -3.011189681036894328e-01
-6.817491513210835463e-02 -3.011189681036894328e-01 2.000000000000000000e+00 1.000000000000000021e-08 -2.106775668877135521e-01 -1.425026517556051919e+00
-2.106775668877135521e-01 -1.425026517556051919e+00 0.000000000000000000e+00 1.000000000000000021e-08 -2.946892350422344875e-01 -8.401166815452094649e-01
-2.946892350422344875e-01 -8.401166815452094649e-01 2.000000000000000000e+00 1.000000000000000021e-08 -5.009461205378876736e-01 -2.062568854956531972e+00
-5.009461205378876736e-01 -2.062568854956531972e+00 2.000000000000000000e+00 1.000000000000000021e-08 -8.686056434569136009e-01 -3.676595229190259495e+00
-8.686056434569136009e-01 -3.676595229190259495e+00 1.000000000000000000e+00 1.000000000000000021e-08 -1.350182108905623179e+00 -4.815764654487096230e+00
-1.350182108905623179e+00 -4.815764654487096230e+00 2.000000000000000000e+00 9.999000000000000110e-01 -1.570796326794896558e+00 -5.000000000000000000e+00
-7.516024273530992617e-02 -2.879419430541364094e-03 1.000000000000000000e+00 1.000000000000000021e-08 -7.655818057556129652e-02 -1.397937840251372611e-02
-7.655818057556129652e-02 -1.397937840251372611e-02 1.000000000000000000e+00 1.000000000000000021e-08 -1.005644688703783707e-01 -2.400628829481707693e-01
-1.005644688703783707e-01 -2.400628829481707693e-01 1.000000000000000000e+00 1.000000000000000021e-08 -1.554339044884169851e-01 -5.486943561803859781e-01
-1.554339044884169851e-01 -5.486943561803859781e-01 1.000000000000000000e+00 1.000000000000000021e-08 -2.481946000235512595e-01 -9.276069553513425214e-01
-2.481946000235512595e-01 -9.276069553513425214e-01 0.000000000000000000e+00 1.000000000000000021e-08 -3.002616953708888703e-01 -5.206709534733762190e-01
-3.002616953708888703e-01 -5.206709534733762190e-01 1.000000000000000000e+00 1.000000000000000021e-08 -4.142079103730517131e-01 -1.139462150021628428e+00
-4.142079103730517131e-01 -1.139462150021628428e+00 1.000000000000000000e+00 1.000000000000000021e-08 -5.829411646207557363e-01 -1.687332542477040009e+00
-5.829411646207557363e-01 -1.687332542477040009e+00 1.000000000000000000e+00 1.000000000000000021e-08 -8.388150534775644651e-01 -2.558738888568087955e+00
-8.388150534775644651e-01 -2.558738888568087955e+00 2.000000000000000000e+00 1.000000000000000021e-08 -1.252580677569479883e+00 -4.137656240919154627e+00
-1.252580677569479883e+00 -4.137656240919154627e+00 2.000000000000000000e+00 9.999000000000000110e-01 -1.570796326794896558e+00 -5.000000000000000000e+00
8.331400927709294024e-03 5.271099464578682392e-02 0.000000000000000000e+00 1.000000000000000021e-08 8.955107473507101234e-02 8.121967380736172526e-01
8.955107473507101234e-02 8.121967380736172526e-01 2.000000000000000000e+00 1.000000000000000021e-08 8.283204258878121284e-02 -6.719032146289793950e-02
8.283204258878121284e-02 -6.719032146289793950e-02 0.000000000000000000e+00 1.000000000000000021e-08 1.737587012554470678e-01 9.092665866666584940e-01
1.737587012554470678e-01 9.092665866666584940e-01 1.000000000000000000e+00 1.000000000000000021e-08 3.056448725929086230e-01 1.318861713374615663e+00
3.056448725929086230e-01 1.318861713374615663e+00 1.000000000000000000e+00 1.000000000000000021e-08 4.876771873386087641e-01 1.820323147457001189e+00
4.876771873386087641e-01 1.820323147457001189e+00 2.000000000000000000e+00 1.000000000000000021e-08 6.557063701115367627e-01 1.680291827729279541e+00
6.557063701115367627e-01 1.680291827729279541e+00 2.000000000000000000e+00 1.000000000000000021e-08 8.488703572888285365e-01 1.931639871772917072e+00
8.488703572888285365e-01 1.931639871772917072e+00 1.000000000000000000e+00 1.000000000000000021e-08 1.161578560322197973e+00 3.127082030333695251e+00
1.161578560322197973e+00 3.127082030333695251e+00 0.000000000000000000e+00 9.999000000000000110e-01 1.570796326794896558e+00 4.782286322459464500e+00
-7.963751906445958040e-03 5.279983607375847432e-02 1.000000000000000000e+00 1.000000000000000021e-08 2.161422985238001943e-03 1.012517489168395929e-01
2.161422985238001943e-03 1.012517489168395929e-01 0.000000000000000000e+00 1.000000000000000021e-08 8.851719936716018200e-02 8.635577638192217798e-01
8.851719936716018200e-02 8.635577638192217798e-01 0.000000000000000000e+00 1.000000000000000021e-08 2.753495994197227015e-01 1.868324000525624751e+00
2.753495994197227015e-01 1.868324000525624751e+00 1.000000000000000000e+00 1.000000000000000021e-08 5.035617660350083513e-01 2.282121666152856498e+00
5.035617660350083513e-01 2.282121666152856498e+00 0.000000000000000000e+00 1.000000000000000021e-08 8.774860144617150359e-01 3.739242484267066402e+00
8.774860144617150359e-01 3.739242484267066402e+00 0.000000000000000000e+00 1.000000000000000021e-08 1.402566875508136413e+00 5.000000000000000000e+00
1.402566875508136413e+00 5.000000000000000000e+00 1.000000000000000000e+00 9.999000000000000110e-01 1.570796326794896558e+00 5.000000000000000000e+00
-3.050497052309894541e-02 1.187815296830575795e-02 1.000000000000000000e+00 1.000000000000000021e-08 -3.008881633462327440e-02 4.161541884756723986e-03
-3.008881633462327440e-02 4.161541884756723986e-03 0.000000000000000000e+00 1.000000000000000021e-08 6.208877887835546894e-02 9.217759521297874681e-01
6.208877887835546894e-02 9.217759521297874681e-01 2.000000000000000000e+00 1.000000000000000021e-08 8.659344113927182340e-02 2.450466226091635447e-01
8.659344113927182340e-02 2.450466226091635447e-01 1.000000000000000000e+00 1.000000000000000021e-08 1.410834104984128867e-01 5.448996935914105499e-01
1.410834104984128867e-01 5.448996935914105499e-01 2.000000000000000000e+00 1.000000000000000021e-08 1.452708510665334518e-01 4.187440568120559536e-02
1.452708510665334518e-01 4.187440568120559536e-02 1.000000000000000000e+00 1.000000000000000021e-08 1.588857758533238629e-01 1.361492478679039997e-01
1.588857758533238629e-01 1.361492478679039997e-01 1.000000000000000000e+00 1.000000000000000021e-08 2.145251832795720681e-01 5.563940742624819968e-01
2.145251832795720681e-01 5.563940742624819968e-01 1.000000000000000000e+00 1.000000000000000021e-08 2.989157937995852166e-01 8.439061052001315399e-01
2.989157937995852166e-01 8.439061052001315399e-01 2.000000000000000000e+00 1.000000000000000021e-08 3.446428066604428908e-01 4.572701286085769645e-01
3.446428066604428908e-01 4.572701286085769645e-01 0.000000000000000000e+00 1.000000000000000021e-08 5.356344555262922968e-01 1.909916488658493616e+00
5.356344555262922968e-01 1.909916488658493616e+00 1.000000000000000000e+00 1.000000000000000021e-08 8.064811591285583336e-01 2.708467036022660590e+00
8.064811591285583336e-01 2.708467036022660590e+00 0.000000000000000000e+00 1.000000000000000021e-08 1.246818997658963646e+00 4.403378385304053566e+00
1.246818997658963646e+00 4.403378385304053566e+00 2.000000000000000000e+00 9.999000000000000110e-01 1.570796326794896558e+00 5.000000000000000000e+00
9.018900507431898417e-03 4.872889538448046953e-02 2.000000000000000000e+00 1.000000000000000021e-08 -5.736474556185057472e-02 -6.638364606928247591e-01
-5.736474556185057472e-02 -6.638364606928247591e-01 1.000000000000000000e+00 1.000000000000000021e-08 -1.481665601744011629e-01 -9.080181461255057984e-01
-1.481665601744011629e-01 -9.080181461255057984e-01 0.000000000000000000e+00 1.000000000000000021e-08 -1.785191757467641527e-01 -3.035261557236298424e-01
-1.785191757467641527e-01 -3.035261557236298424e-01 2.000000000000000000e+00 1.000000000000000021e-08 -3.328199745177585767e-01 -1.543007987709944295e+00
-3.328199745177585767e-01 -1.543007987709944295e+00 2.000000000000000000e+00 1.000000000000000021e-08 -6.129846638808882364e-01 -2.801646893631296820e+00
-6.129846638808882364e-01 -2.801646893631296820e+00 2.000000000000000000e+00 1.000000000000000021e-08 -1.038869733748205126e+00 -4.258850698673168012e+00
-1.038869733748205126e+00 -4.258850698673168012e+00 2.000000000000000000e+00 9.999000000000000110e-01 -1.570796326794896558e+00 -5.000000000000000000e+00
4.214761648697425145e-02 -6.865935688893536060e-02 2.000000000000000000e+00 1.000000000000000021e-08 -4.349709778100573077e-02 -8.564471426797998221e-01
-4.349709778100573077e-02 -8.564471426797998221e-01 0.000000000000000000e+00 1.000000000000000021e-08 -4.954864542808450067e-02 -6.051547647078769909e-02
-4.954864542808450067e-02 -6.051547647078769909e-02 2.000000000000000000e+00 1.000000000000000021e-08 -1.428472358932786901e-01 -9.329859046519417554e-01
-1.428472358932786901e-01 -9.329859046519417554e-01 1.000000000000000000e+00 1.000000000000000021e-08 -2.587061555896214560e-01 -1.158589196963427437e+00
-2.587061555896214560e-01 -1.158589196963427437e+00 0.000000000000000000e+00 1.000000000000000021e-08 -3.346163011316211633e-01 -7.591014554199971842e-01
-3.346163011316211633e-01 -7.591014554199971842e-01 0.000000000000000000e+00 1.000000000000000021e-08 -3.713808454476696941e-01 -3.676454431604851414e-01
-3.713808454476696941e-01 -3.676454431604851414e-01 2.000000000000000000e+00 1.000000000000000021e-08 -5.571431870914053119e-01 -1.857623416437355957e+00
-5.571431870914053119e-01 -1.857623416437355957e+00 1.000000000000000000e+00 1.000000000000000021e-08 -8.237803727538497434e-01 -2.666371856624443648e+00
-8.237803727538497434e-01 -2.666371856624443648e+00 2.000000000000000000e+00 1.000000000000000021e-08 -1.247593628032152013e+00 -4.238132552783023144e+00
-1.247593628032152013e+00 -4.238132552783023144e+00 1.000000000000000000e+00 9.999000000000000110e-01 -1.570796326794896558e+00 -5.000000000000000000e+00
-5.789360374689660194e-02 5.101532742845155816e-02 0.000000000000000000e+00 1.000000000000000021e-08 2.105867256780043217e-02 7.895227631469703411e-01
2.105867256780043217e-02 7.895227631469703411e-01 1.000000000000000000e+00 1.000000000000000021e-08 1.083810172970465086e-01 8.732234472924607083e-01
1.083810172970465086e-01 8.732234472924607083e-01 2.000000000000000000e+00 1.000000000000000021e-08 1.141671476721577289e-01 5.786130375111220303e-02
1.141671476721577289e-01 5.786130375111220303e-02 0.000000000000000000e+00 1.000000000000000021e-08 2.106240475287725622e-01 9.645689985661484167e-01
2.106240475287725622e-01 9.645689985661484167e-01 1.000000000000000000e+00 1.000000000000000021e-08 3.591895488767038458e-01 1.485655013479312725e+00
3.591895488767038458e-01 1.485655013479312725e+00 1.000000000000000000e+00 1.000000000000000021e-08 5.751013341837282189e-01 2.159117853070243953e+00
5.751013341837282189e-01 2.159117853070243953e+00 2.000000000000000000e+00 1.000000000000000021e-08 8.174803242013470861e-01 2.423789900176188894e+00
8.174803242013470861e-01 2.423789900176188894e+00 1.000000000000000000e+00 1.000000000000000021e-08 1.163157683771960160e+00 3.456773595706129854e+00
1.163157683771960160e+00 3.456773595706129854e+00 0.000000000000000000e+00 9.999000000000000110e-01 1.570796326794896558e+00 5.000000000000000000e+00
-5.727738609884441140e-02 2.408607145761859289e-02 2.000000000000000000e+00 1.000000000000000021e-08 -1.439920654692427027e-01 -8.671467937039829543e-01
-1.439920654692427027e-01 -8.671467937039829543e-01 0.000000000000000000e+00 1.000000000000000021e-08 -1.533631412469849686e-01 -9.371075777742265966e-02
-1.533631412469849686e-01 -9.371075777742265966e-02 1.000000000000000000e+00 1.000000000000000021e-08 -1.949437422920273777e-01 -4.158060104504241461e-01
-1.949437422920273777e-01 -4.158060104504241461e-01 1.000000000000000000e+00 1.000000000000000021e-08 -2.586456037488689130e-01 -6.370186145684150203e-01
-2.586456037488689130e-01 -6.370186145684150203e-01 0.000000000000000000e+00 1.000000000000000021e-08 -2.890123271732187304e-01 -3.036672342434980632e-01
-2.890123271732187304e-01 -3.036672342434980632e-01 1.000000000000000000e+00 1.000000000000000021e-08 -3.675468745041911012e-01 -7.853454733097238183e-01
-3.675468745041911012e-01 -7.853454733097238183e-01 0.000000000000000000e+00 1.000000000000000021e-08 -4.194163879715582799e-01 -5.186951346736718982e-01
-4.194163879715582799e-01 -5.186951346736718982e-01 1.000000000000000000e+00 1.000000000000000021e-08 -5.486750172485637123e-01 -1.292586292770054879e+00
-5.486750172485637123e-01 -1.292586292770054879e+00 1.000000000000000000e+00 1.000000000000000021e-08 -7.698737835262062790e-01 -2.211987662776425889e+00
-7.698737835262062790e-01 -2.211987662776425889e+00 0.000000000000000000e+00 1.000000000000000021e-08 -1.049491151904964781e+00 -2.796173683787586128e+00
-1.049491151904964781e+00 -2.796173683787586128e+00 0.000000000000000000e+00 1.000000000000000021e-08 -1.411932261740693972e+00 -3.624411098357291472e+00
-1.411932261740693972e+00 -3.624411098357291472e+00 0.000000000000000000e+00 9.999000000000000110e-01 -1.570796326794896558e+00 -4.915383242431306421e+00
-2.420575679393681401e-02 3.091394068391909236e-02 2.000000000000000000e+00 1.000000000000000021e-08 -1.218801367445252609e-01 -9.767437995058844136e-01
-1.218801367445252609e-01 -9.767437995058844136e-01 2.000000000000000000e+00 1.000000000000000021e-08 -3.316323469939750912e-01 -2.097522102494498331e+00
-3.316323469939750912e-01 -2.097522102494498331e+00 1.000000000000000000e+00 1.000000000000000021e-08 -5.974193843983273133e-01 -2.657870374043522776e+00
-5.974193843983273133e-01 -2.657870374043522776e+00 1.000000000000000000e+00 1.000000000000000021e-08 -9.443877478309936624e-01 -3.469683634326662602e+00
-9.443877478309936624e-01 -3.469683634326662602e+00 0.000000000000000000e+00 1.000000000000000021e-08 -1.362205933704970562e+00 -4.178181858739767662e+00
-1.362205933704970562e+00 -4.178181858739767662e+00 1.000000000000000000e+00 9.999000000000000110e-01 -1.570796326794896558e+00 -5.000000000000000000e+00
-3.819415538003210348e-02 -2.737578708268495128e-02 2.000000000000000000e+00 1.000000000000000021e-08 -1.403942838583729091e-01 -1.022001284783407904e+00
-1.403942838583729091e-01 -1.022001284783407904e+00 1.000000000000000000e+00 1.000000000000000021e-08 -2.597912385903945465e-01 -1.193969547320216540e+00
-2.597912385903945465e-01 -1.193969547320216540e+00 0.000000000000000000e+00 1.000000000000000021e-08 -3.393909772873311970e-01 -7.959973869693663939e-01
-3.393909772873311970e-01 -7.959973869693663939e-01 1.000000000000000000e+00 1.000000000000000021e-08 -4.781383579312588061e-01 -1.387473806439275759e+00
-4.781383579312588061e-01 -1.387473806439275759e+00 2.000000000000000000e+00 1.000000000000000021e-08 -7.802402804055301733e-01 -3.021019224742713671e+00
-7.802402804055301733e-01 -3.021019224742713671e+00 0.000000000000000000e+00 1.000000000000000021e-08 -1.134652462583017662e+00 -3.544121821774875780e+00
-1.134652462583017662e+00 -3.544121821774875780e+00 2.000000000000000000e+00 9.999000000000000110e-01 -1.570796326794896558e+00 -5.000000000000000000e+00
1.755603811589116769e-02 1.670953202932010800e-02 1.000000000000000000e+00 1.000000000000000021e-08 3.868990430962228333e-02 2.113386619373111008e-01
3.868990430962228333e-02 2.113386619373111008e-01 0.000000000000000000e+00 1.000000000000000021e-08 1.487685610116576407e-01 1.100786567020353601e+00
1.487685610116576407e-01 1.100786567020353601e+00 0.000000000000000000e+00 1.000000000000000021e-08 3.566003558345699487e-01 2.078317948229122969e+00
3.566003558345699487e-01 2.078317948229122969e+00 0.000000000000000000e+00 1.000000000000000021e-08 7.171836165461257240e-01 3.605832607115557309e+00
7.171836165461257240e-01 3.605832607115557309e+00 0.000000000000000000e+00 1.000000000000000021e-08 1.233756162199399986e+00 5.000000000000000000e+00
1.233756162199399986e+00 5.000000000000000000e+00 0.000000000000000000e+00 9.999000000000000110e-01 1.570796326794896558e+00 5.000000000000000000e+00
-7.900706553997591253e-02 -5.525498213221919502e-03 0.000000000000000000e+00 1.000000000000000021e-08 -5.984415048195385056e-03 7.302265049178052747e-01
-5.984415048195385056e-03 7.302265049178052747e-01 0.000000000000000000e+00 1.000000000000000021e-08 1.573139311032693000e-01 1.632983461514646795e+00
1.573139311032693000e-01 1.632983461514646795e+00 0.000000000000000000e+00 1.000000000000000021e-08 4.223518762069424781e-01 2.650379451036731560e+00
4.223518762069424781e-01 2.650379451036731560e+00 1.000000000000000000e+00 1.000000000000000021e-08 7.532705951374554232e-01 3.309187189305129895e+00
7.532705951374554232e-01 3.309187189305129895e+00 2.000000000000000000e+00 1.000000000000000021e-08 1.133381264904691932e+00 3.801106697672364199e+00
1.133381264904691932e+00 3.801106697672364199e+00 0.000000000000000000e+00 9.999000000000000110e-01 1.570796326794896558e+00 5.000000000000000000e+00
-1.102183690723802442e-02 -1.391417980313299115e-02 1.000000000000000000e+00 1.000000000000000021e-08 2.212070351868773710e-03 1.323390725910679744e-01
2.212070351868773710e-03 1.323390725910679744e-01 0.000000000000000000e+00 1.000000000000000021e-08 1.022634694340801564e-01 1.000513990822113675e+00
1.022634694340801564e-01 1.000513990822113675e+00 2.000000000000000000e+00 1.000000000000000021e-08 1.353958884931851792e-01 3.313241905910502272e-01
1.353958884931851792e-01 3.313241905910502272e-01 0.000000000000000000e+00 1.000000000000000021e-08 2.938181501421892605e-01 1.584222616490040370e+00
2.938181501421892605e-01 1.584222616490040370e+00 0.000000000000000000e+00 1.000000000000000021e-08 5.928100593105788407e-01 2.989919091683895580e+00
5.928100593105788407e-01 2.989919091683895580e+00 0.000000000000000000e+00 1.000000000000000021e-08 1.058875741562860018e+00 4.660656822522811993e+00
1.058875741562860018e+00 4.660656822522811993e+00 1.000000000000000000e+00 9.999000000000000110e-01 1.570796326794896558e+00 5.000000000000000000e+00
-9.673495576234683938e-03 -5.820769767449104209e-02 2.000000000000000000e+00 1.000000000000000021e-08 -9.037191633257764256e-02 -8.069842075634294787e-01
-9.037191633257764256e-02 -8.069842075634294787e-01 2.000000000000000000e+00 1.000000000000000021e-08 -2.678654006217593420e-01 -1.774934842891816800e+00
-2.678654006217593420e-01 -1.774934842891816800e+00 0.000000000000000000e+00 1.000000000000000021e-08 -4.117668685922255545e-01 -1.439014679704661903e+00
-4.117668685922255545e-01 -1.439014679704661903e+00 1.000000000000000000e+00 1.000000000000000021e-08 -6.268116825554485017e-01 -2.150448139632229250e+00
-6.268116825554485017e-01 -2.150448139632229250e+00 0.000000000000000000e+00 1.000000000000000021e-08 -8.718456073278789686e-01 -2.450339247724304226e+00
-8.718456073278789686e-01 -2.450339247724304226e+00 2.000000000000000000e+00 1.000000000000000021e-08 -1.282862659400472394e+00 -4.110170520725934473e+00
-1.282862659400472394e+00 -4.110170520725934473e+00 1.000000000000000000e+00 9.999000000000000110e-01 -1.570796326794896558e+00 -5.000000000000000000e+00
6.790516785869725458e-02 -7.744269904829713391e-02 0.000000000000000000e+00 1.000000000000000021e-08 1.445886666142379706e-01 7.668349875554069106e-01
1.445886666142379706e-01 7.668349875554069106e-01 0.000000000000000000e+00 1.000000000000000021e-08 3.491430940656357063e-01 2.045544274513976912e+00
3.491430940656357063e-01 2.045544274513976912e+00 1.000000000000000000e+00 1.000000000000000021e-08 6.150529616035749214e-01 2.659098675379391263e+00
6.150529616035749214e-01 2.659098675379391263e+00 1.000000000000000000e+00 1.000000000000000021e-08 9.795461955083893946e-01 3.644932339048144510e+00
9.795461955083893946e-01 3.644932339048144510e+00 2.000000000000000000e+00 1.000000000000000021e-08 1.426778619467887088e+00 4.472324239594976270e+00
1.426778619467887088e+00 4.472324239594976270e+00 2.000000000000000000e+00 9.999000000000000110e-01 1.570796326794896558e+00 5.000000000000000000e+00
-8.246601904966073537e-02 2.897995104210166969e-02 2.000000000000000000e+00 1.000000000000000021e-08 -1.943539998311306083e-01 -1.118879807814698646e+00
-1.943539998311306083e-01 -1.118879807814698646e+00 2.000000000000000000e+00 1.000000000000000021e-08 -4.307109213284151528e-01 -2.363569214972845334e+00
-4.307109213284151528e-01 -2.363569214972845334e+00 0.000000000000000000e+00 1.000000000000000021e-08 -6.510508731506305935e-01 -2.203399518222154185e+00
-6.510508731506305935e-01 -2.203399518222154185e+00 1.000000000000000000e+00 1.000000000000000021e-08 -9.773716002061607622e-01 -3.263207270555301243e+00
-9.773716002061607622e-01 -3.263207270555301243e+00 0.000000000000000000e+00 1.000000000000000021e-08 -1.384205045093518605e+00 -4.068334448873578424e+00
-1.384205045093518605e+00 -4.068334448873578424e+00 1.000000000000000000e+00 9.999000000000000110e-01 -1.570796326794896558e+00 -5.000000000000000000e+00
9.153557722307442690e-03 -4.912700680321905461e-02 0.000000000000000000e+00 1.000000000000000021e-08 1.072952003930518344e-01 9.814164267074438897e-01
1.072952003930518344e-01 9.814164267074438897e-01 1.000000000000000000e+00 1.000000000000000021e-08 2.076093764770808592e-01 1.003141760840290164e+00
2.076093764770808592e-01 1.003141760840290164e+00 0.000000000000000000e+00 1.000000000000000021e-08 4.295435963297642434e-01 2.219342198526833343e+00
4.295435963297642434e-01 2.219342198526833343e+00 0.000000000000000000e+00 1.000000000000000021e-08 7.855739182948797694e-01 3.560303219651155260e+00
7.855739182948797694e-01 3.560303219651155260e+00 0.000000000000000000e+00 1.000000000000000021e-08 1.311842563894638047e+00 5.000000000000000000e+00
1.311842563894638047e+00 5.000000000000000000e+00 0.000000000000000000e+00 9.999000000000000110e-01 1.570796326794896558e+00 5.000000000000000000e+00
7.387176688520258327e-02 2.131114590563695094e-02 2.000000000000000000e+00 1.000000000000000021e-08 -6.879714134370579215e-03 -8.075148101957315694e-01
-6.879714134370579215e-03 -8.075148101957315694e-01 1.000000000000000000e+00 1.000000000000000021e-08 -8.685073109728572160e-02 -7.997101696291514239e-01
-8.685073109728572160e-02 -7.997101696291514239e-01 1.000000000000000000e+00 1.000000000000000021e-08 -1.907535861874580518e-01 -1.039028550901723191e+00
-1.907535861874580518e-01 -1.039028550901723191e+00 2.000000000000000000e+00 1.000000000000000021e-08 -4.219879583962711234e-01 -2.312343722088130882e+00
-4.219879583962711234e-01 -2.312343722088130882e+00 2.000000000000000000e+00 1.000000000000000021e-08 -7.899208717021124482e-01 -3.679329133058412360e+00
-7.899208717021124482e-01 -3.679329133058412360e+00 2.000000000000000000e+00 1.000000000000000021e-08 -1.312287281719293208e+00 -5.000000000000000000e+00
-1.312287281719293208e+00 -5.000000000000000000e+00 0.000000000000000000e+00 9.999000000000000110e-01 -1.570796326794896558e+00 -5.000000000000000000e+00
-2.023272649457535238e-02 -2.318505073887738854e-02 1.000000000000000000e+00 1.000000000000000021e-08 -1.765461117617884296e-02 2.578115318396508038e-02
-1.765461117617884296e-02 2.578115318396508038e-02 0.000000000000000000e+00 1.000000000000000021e-08 6.126645661638439183e-02 7.892106779256322646e-01
6.126645661638439183e-02 7.892106779256322646e-01 0.000000000000000000e+00 1.000000000000000021e-08 2.476763988735904698e-01 1.864099422572060627e+00
2.476763988735904698e-01 1.864099422572060627e+00 0.000000000000000000e+00 1.000000000000000021e-08 5.516825772303852737e-01 3.040061783567947984e+00
5.516825772303852737e-01 3.040061783567947984e+00 0.000000000000000000e+00 1.000000000000000021e-08 9.993005730732358316e-01 4.476179958428504690e+00
9.993005730732358316e-01 4.476179958428504690e+00 2.000000000000000000e+00 1.000000000000000021e-08 1.512333242939850830e+00 5.000000000000000000e+00
1.512333242939850830e+00 5.000000000000000000e+00 1.000000000000000000e+00 9.999000000000000110e-01 1.570796326794896558e+00 5.000000000000000000e+00
-3.843125196114646758e-02 -4.652554614192425803e-02 2.000000000000000000e+00 1.000000000000000021e-08 -1.213212532716600178e-01 -8.289000131051355025e-01
-1.213212532716600178e-01 -8.289000131051355025e-01 2.000000000000000000e+00 1.000000000000000021e-08 -3.118733244884066558e-01 -1.905520712167465991e+00
-3.118733244884066558e-01 -1.905520712167465991e+00 1.000000000000000000e+00 1.000000000000000021e-08 -5.478804129551144708e-01 -2.360070884667078595e+00
-5.478804129551144708e-01 -2.360070884667078595e+00 1.000000000000000000e+00 1.000000000000000021e-08 -8.630031882417323885e-01 -3.151227752866179621e+00
-8.630031882417323885e-01 -3.151227752866179621e+00 2.000000000000000000e+00 1.000000000000000021e-08 -1.339010017896754334e+00 -4.760068296550218570e+00
-1.339010017896754334e+00 -4.760068296550218570e+00 2.000000000000000000e+00 9.999000000000000110e-01 -1.570796326794896558e+00 -5.000000000000000000e+00
6.803390369501291501e-02 5.080149158943106369e-02 1.000000000000000000e+00 1.000000000000000021e-08 9.641663220105295418e-02 2.838272850604004471e-01
9.641663220105295418e-02 2.838272850604004471e-01 2.000000000000000000e+00 1.000000000000000021e-08 6.223601451528656264e-02 -3.418061768576639015e-01
6.223601451528656264e-02 -3.418061768576639015e-01 0.000000000000000000e+00 1.000000000000000021e-08 1.334780355380798533e-01 7.124202102279328930e-01
1.334780355380798533e-01 7.124202102279328930e-01 1.000000000000000000e+00 1.000000000000000021e-08 2.310314485064020595e-01 9.755341296832219511e-01
2.310314485064020595e-01 9.755341296832219511e-01 1.000000000000000000e+00 1.000000000000000021e-08 3.635833031348221223e-01 1.325518546284200960e+00
3.635833031348221223e-01 1.325518546284200960e+00 1.000000000000000000e+00 1.000000000000000021e-08 5.654171142455385324e-01 2.018338111107164323e+00
5.654171142455385324e-01 2.018338111107164323e+00 2.000000000000000000e+00 1.000000000000000021e-08 7.898011622065557180e-01 2.243840479610171634e+00
7.898011622065557180e-01 2.243840479610171634e+00 1.000000000000000000e+00 1.000000000000000021e-08 1.123568268801153014e+00 3.337671065945973403e+00
1.123568268801153014e+00 3.337671065945973403e+00 1.000000000000000000e+00 9.999000000000000110e-01 1.570796326794896558e+00 4.635049025912195475e+00
2.892377544444546533e-02 -5.482499587947778363e-02 2.000000000000000000e+00 1.000000000000000021e-08 -7.131928780912880073e-02 -1.002430632535742605e+00
-7.131928780912880073e-02 -1.002430632535742605e+00 2.000000000000000000e+00 1.000000000000000021e-08 -2.854085844319488308e-01 -2.140892966228200578e+00
-2.854085844319488308e-01 -2.140892966228200578e+00 1.000000000000000000e+00 1.000000000000000021e-08 -5.466864063565076703e-01 -2.612778219245588396e+00
-5.466864063565076703e-01 -2.612778219245588396e+00 1.000000000000000000e+00 1.000000000000000021e-08 -8.832705784045058461e-01 -3.365841720479981092e+00
-8.832705784045058461e-01 -3.365841720479981092e+00 1.000000000000000000e+00 1.000000000000000021e-08 -1.333730490891153364e+00 -4.504599124866474291e+00
-1.333730490891153364e+00 -4.504599124866474291e+00 1.000000000000000000e+00 9.999000000000000110e-01 -1.570796326794896558e+00 -5.000000000000000000e+00
2.973163623212730575e-02 -2.487501464104150545e-02 2.000000000000000000e+00 1.000000000000000021e-08 -5.395331765768812682e-02 -8.368495388981542771e-01
-5.395331765768812682e-02 -8.368495388981542771e-01 1.000000000000000000e+00 1.000000000000000021e-08 -1.560852593012677647e-01 -1.021319416435796157e+00
-1.560852593012677647e-01 -1.021319416435796157e+00 1.000000000000000000e+00 1.000000000000000021e-08 -2.947601585316097506e-01 -1.386748992303420192e+00
-2.947601585316097506e-01 -1.386748992303420192e+00 2.000000000000000000e+00 1.000000000000000021e-08 -5.496972667988049288e-01 -2.549371082671950894e+00
-5.496972667988049288e-01 -2.549371082671950894e+00 0.000000000000000000e+00 1.000000000000000021e-08 -8.094371575126004803e-01 -2.597398907137955515e+00
-8.094371575126004803e-01 -2.597398907137955515e+00 1.000000000000000000e+00 1.000000000000000021e-08 -1.185602236359557748e+00 -3.761650788469571793e+00
-1.185602236359557748e+00 -3.761650788469571793e+00 1.000000000000000000e+00 9.999000000000000110e-01 -1.570796326794896558e+00 -5.000000000000000000e+00
-7.031071380619560718e-02 6.031786328608297609e-02 2.000000000000000000e+00 1.000000000000000021e-08 -1.646246425902147537e-01 -9.431392878401914093e-01
-1.646246425902147537e-01 -9.431392878401914093e-01 2.000000000000000000e+00 1.000000000000000021e-08 -3.857081581910295487e-01 -2.210835156008148061e+00
-3.857081581910295487e-01 -2.210835156008148061e+00 2.000000000000000000e+00 1.000000000000000021e-08 -7.465099558773704569e-01 -3.608017976863408638e+00
-7.465099558773704569e-01 -3.608017976863408638e+00 0.000000000000000000e+00 1.000000000000000021e-08 -1.151819770670392318e+00 -4.053098147930218609e+00
-1.151819770670392318e+00 -4.053098147930218609e+00 2.000000000000000000e+00 9.999000000000000110e-01 -1.570796326794896558e+00 -5.000000000000000000e+00
1.655649816455100065e-02 6.470836569104451708e-02 0.000000000000000000e+00 1.000000000000000021e-08 1.310787673133992082e-01 1.145222691488481992e+00
1.310787673133992082e-01 1.145222691488481992e+00 1.000000000000000000e+00 1.000000000000000021e-08 2.802992615556024747e-01 1.492204942422032721e+00
2.802992615556024747e-01 1.492204942422032721e+00 0.000000000000000000e+00 1.000000000000000021e-08 5.760735484177452737e-01 2.957742868621427768e+00
5.760735484177452737e-01 2.957742868621427768e+00 2.000000000000000000e+00 1.000000000000000021e-08 8.940774262324884258e-01 3.180038778147431078e+00
8.940774262324884258e-01 3.180038778147431078e+00 1.000000000000000000e+00 1.000000000000000021e-08 1.335663258860635860e+00 4.415858326281473012e+00
1.335663258860635860e+00 4.415858326281473012e+00 1.000000000000000000e+00 9.999000000000000110e-01 1.570796326794896558e+00 5.000000000000000000e+00
-5.094740175299405927e-02 8.455806561598043503e-02 1.000000000000000000e+00 1.000000000000000021e-08 -6.626851979096105849e-02 -1.532111803796699645e-01
-6.626851979096105849e-02 -1.532111803796699645e-01 2.000000000000000000e+00 1.000000000000000021e-08 -1.739155393281527906e-01 -1.076470195371917349e+00
-1.739155393281527906e-01 -1.076470195371917349e+00 2.000000000000000000e+00 1.000000000000000021e-08 -3.888264300763725201e-01 -2.149108907482196962e+00
-3.888264300763725201e-01 -2.149108907482196962e+00 0.000000000000000000e+00 1.000000000000000021e-08 -5.776480782810867742e-01 -1.888216482047142097e+00
-5.776480782810867742e-01 -1.888216482047142097e+00 2.000000000000000000e+00 1.000000000000000021e-08 -9.128245948578237456e-01 -3.351765165767369936e+00
-9.128245948578237456e-01 -3.351765165767369936e+00 1.000000000000000000e+00 1.000000000000000021e-08 -1.356212758707487254e+00 -4.433881638496634636e+00
-1.356212758707487254e+00 -4.433881638496634636e+00 2.000000000000000000e+00 9.999000000000000110e-01 -1.570796326794896558e+00 -5.000000000000000000e+00
8.521246988857338056e-02 3.051885426631878104e-02 2.000000000000000000e+00 1.000000000000000021e-08 2.142605076232345640e-02 -6.378641912624991583e-01
2.142605076232345640e-02 -6.378641912624991583e-01 2.000000000000000000e+00 1.000000000000000021e-08 -1.416285491164275823e-01 -1.630545998787510165e+00
-1.416285491164275823e-01 -1.630545998787510165e+00 1.000000000000000000e+00 1.000000000000000021e-08 -3.206614922010492252e-01 -1.790329430846216541e+00
-3.206614922010492252e-01 -1.790329430846216541e+00 1.000000000000000000e+00 1.000000000000000021e-08 -5.451511494287533122e-01 -2.244896572277040203e+00
-5.451511494287533122e-01 -2.244896572277040203e+00 0.000000000000000000e+00 1.000000000000000021e-08 -7.684847721365850592e-01 -2.233336227078317027e+00
-7.684847721365850592e-01 -2.233336227078317027e+00 1.000000000000000000e+00 1.000000000000000021e-08 -1.094744892601698272e+00 -3.262601204651132569e+00
-1.094744892601698272e+00 -3.262601204651132569e+00 0.000000000000000000e+00 1.000000000000000021e-08 -1.512384441294576165e+00 -4.176395486928779377e+00
-1.512384441294576165e+00 -4.176395486928779377e+00 0.000000000000000000e+00 9.999000000000000110e-01 -1.570796326794896558e+00 -5.000000000000000000e+00
-4.626141820187111564e-02 -3.786380716994438428e-03 0.000000000000000000e+00 1.000000000000000021e-08 2.478610199967838656e-02 7.104752020154949665e-01
2.478610199967838656e-02 7.104752020154949665e-01 1.000000000000000000e+00 1.000000000000000021e-08 8.852410381872499734e-02 6.373800181904660800e-01
8.852410381872499734e-02 6.373800181904660800e-01 2.000000000000000000e+00 1.000000000000000021e-08 7.791620865714647681e-02 -1.060789516157851775e-01
7.791620865714647681e-02 -1.060789516157851775e-01 1.000000000000000000e+00 1.000000000000000021e-08 7.068104523915713644e-02 -7.235163417989343149e-02
7.068104523915713644e-02 -7.235163417989343149e-02 2.000000000000000000e+00 1.000000000000000021e-08 -2.530481837392274669e-02 -9.598586361307988035e-01
-2.530481837392274669e-02 -9.598586361307988035e-01 0.000000000000000000e+00 1.000000000000000021e-08 -3.147341525209926966e-02 -6.168596878176524356e-02
-3.147341525209926966e-02 -6.168596878176524356e-02 1.000000000000000000e+00 1.000000000000000021e-08 -4.539030699234072874e-02 -1.391689174024146047e-01
-4.539030699234072874e-02 -1.391689174024146047e-01 0.000000000000000000e+00 1.000000000000000021e-08 1.292890285367993136e-02 5.831920984602065872e-01
1.292890285367993136e-02 5.831920984602065872e-01 2.000000000000000000e+00 1.000000000000000021e-08 -9.990351023947012521e-03 -2.291925387762694388e-01
-9.990351023947012521e-03 -2.291925387762694388e-01 2.000000000000000000e+00 1.000000000000000021e-08 -1.341773871605489998e-01 -1.241870361366019804e+00
-1.341773871605489998e-01 -1.241870361366019804e+00 1.000000000000000000e+00 1.000000000000000021e-08 -2.779346238496435140e-01 -1.437572366890945252e+00
-2.779346238496435140e-01 -1.437572366890945252e+00 2.000000000000000000e+00 1.000000000000000021e-08 -5.525880436664335482e-01 -2.746534198167900342e+00
-5.525880436664335482e-01 -2.746534198167900342e+00 2.000000000000000000e+00 1.000000000000000021e-08 -9.817108016062188192e-01 -4.291227579397852487e+00
-9.817108016062188192e-01 -4.291227579397852487e+00 1.000000000000000000e+00 1.000000000000000021e-08 -1.527321497761260138e+00 -5.000000000000000000e+00
-1.527321497761260138e+00 -5.000000000000000000e+00 1.000000000000000000e+00 9.999000000000000110e-01 -1.570796326794896558e+00 -5.000000000000000000e+00
-2.907267679040195438e-02 -6.898617537778768682e-03 0.000000000000000000e+00 1.000000000000000021e-08 5.075335544132833498e-02 7.982603223173028173e-01
5.075335544132833498e-02 7.982603223173028173e-01 0.000000000000000000e+00 1.000000000000000021e-08 2.321849773249441695e-01 1.814316218836158345e+00
2.321849773249441695e-01 1.814316218836158345e+00 2.000000000000000000e+00 1.000000000000000021e-08 3.701804544313227474e-01 1.379954771063785834e+00
3.701804544313227474e-01 1.379954771063785834e+00 0.000000000000000000e+00 1.000000000000000021e-08 6.506870623182663405e-01 2.805066078869435486e+00
6.506870623182663405e-01 2.805066078869435486e+00 1.000000000000000000e+00 1.000000000000000021e-08 1.026780649952746538e+00 3.760935876344801976e+00
1.026780649952746538e+00 3.760935876344801976e+00 0.000000000000000000e+00 1.000000000000000021e-08 1.562633276176344399e+00 5.000000000000000000e+00
1.562633276176344399e+00 5.000000000000000000e+00 0.000000000000000000e+00 9.999000000000000110e-01 1.570796326794896558e+00 5.000000000000000000e+00
2.304870784159179092e-02 -7.908031604275755910e-02 2.000000000000000000e+00 1.000000000000000021e-08 -6.095935178302534091e-02 -8.400805962461712628e-01
-6.095935178302534091e-02 -8.400805962461712628e-01 1.000000000000000000e+00 1.000000000000000021e-08 -1.527223244676631786e-01 -9.176297268463783352e-01
-1.527223244676631786e-01 -9.176297268463783352e-01 0.000000000000000000e+00 1.000000000000000021e-08 -1.838206959540780172e-01 -3.109837148641484417e-01
-1.838206959540780172e-01 -3.109837148641484417e-01 1.000000000000000000e+00 1.000000000000000021e-08 -2.389613613431681161e-01 -5.514066538909010440e-01
-2.389613613431681161e-01 -5.514066538909010440e-01 0.000000000000000000e+00 1.000000000000000021e-08 -2.562828398257092077e-01 -1.732147848254111944e-01
-2.562828398257092077e-01 -1.732147848254111944e-01 2.000000000000000000e+00 1.000000000000000021e-08 -3.874493638136373708e-01 -1.311665239879281852e+00
-3.874493638136373708e-01 -1.311665239879281852e+00 1.000000000000000000e+00 1.000000000000000021e-08 -5.748637213844201010e-01 -1.874143575707827303e+00
-5.748637213844201010e-01 -1.874143575707827303e+00 1.000000000000000000e+00 1.000000000000000021e-08 -8.517648934145140016e-01 -2.769011720300938784e+00
-8.517648934145140016e-01 -2.769011720300938784e+00 1.000000000000000000e+00 1.000000000000000021e-08 -1.250542204478492847e+00 -3.987773110639788676e+00
-1.250542204478492847e+00 -3.987773110639788676e+00 2.000000000000000000e+00 9.999000000000000110e-01 -1.570796326794896558e+00 -5.000000000000000000e+00
1.606502351075480423e-03 -9.678490509184680193e-03 0.000000000000000000e+00 1.000000000000000021e-08 8.046455982557430830e-02 7.885805747449882164e-01
8.046455982557430830e-02 7.885805747449882164e-01 2.000000000000000000e+00 1.000000000000000021e-08 7.159501833593977238e-02 -8.869541489634535925e-02
7.159501833593977238e-02 -8.869541489634535925e-02 1.000000000000000000e+00 1.000000000000000021e-08 6.770712165502472402e-02 -3.887896680915048364e-02
6.770712165502472402e-02 -3.887896680915048364e-02 1.000000000000000000e+00 1.000000000000000021e-08 8.382049668712547585e-02 1.611337503210074906e-01
8.382049668712547585e-02 1.611337503210074906e-01 0.000000000000000000e+00 1.000000000000000021e-08 2.094527909653548514e-01 1.256322942782293728e+00
2.094527909653548514e-01 1.256322942782293728e+00 2.000000000000000000e+00 1.000000000000000021e-08 2.710162325495765190e-01 6.156344158422168977e-01
2.710162325495765190e-01 6.156344158422168977e-01 2.000000000000000000e+00 1.000000000000000021e-08 3.018916624450249664e-01 3.087542989544846961e-01
3.018916624450249664e-01 3.087542989544846961e-01 0.000000000000000000e+00 1.000000000000000021e-08 4.776821890989566000e-01 1.757905266539316225e+00
4.776821890989566000e-01 1.757905266539316225e+00 0.000000000000000000e+00 1.000000000000000021e-08 8.126761990227238108e-01 3.349940099237672442e+00
8.126761990227238108e-01 3.349940099237672442e+00 2.000000000000000000e+00 1.000000000000000021e-08 1.201397681728850975e+00 3.887214827061272082e+00
1.201397681728850975e+00 3.887214827061272082e+00 0.000000000000000000e+00 9.999000000000000110e-01 1.570796326794896558e+00 5.000000000000000000e+00
2.600701774598215832e-02 -4.933616332917728498e-02 2.000000000000000000e+00 1.000000000000000021e-08 -7.179878434759667805e-02 -9.780580209357883081e-01
-7.179878434759667805e-02 -9.780580209357883081e-01 2.000000000000000000e+00 1.000000000000000021e-08 -2.782962540161203480e-01 -2.064974696685236921e+00
-2.782962540161203480e-01 -2.064974696685236921e+00 2.000000000000000000e+00 1.000000000000000021e-08 -6.099785931164748431e-01 -3.316823391003544508e+00
-6.099785931164748431e-01 -3.316823391003544508e+00 2.000000000000000000e+00 1.000000000000000021e-08 -1.104825777738311476e+00 -4.948471846218366998e+00
-1.104825777738311476e+00 -4.948471846218366998e+00 2.000000000000000000e+00 9.999000000000000110e-01 -1.570796326794896558e+00 -5.000000000000000000e+00
8.688352774556608316e-02 2.790974559089739668e-02 2.000000000000000000e+00 1.000000000000000021e-08 1.044219330667826851e-02 -7.644133443888780910e-01
1.044219330667826851e-02 -7.644133443888780910e-01 1.000000000000000000e+00 1.000000000000000021e-08 -5.354163194500165257e-02 -6.398382525167991552e-01
-5.354163194500165257e-02 -6.398382525167991552e-01 0.000000000000000000e+00 1.000000000000000021e-08 -3.520261895593718854e-02 1.833901298906446264e-01
-3.520261895593718854e-02 1.833901298906446264e-01 0.000000000000000000e+00 1.000000000000000021e-08 8.033971304330819740e-02 1.155423319992453735e+00
8.033971304330819740e-02 1.155423319992453735e+00 0.000000000000000000e+00 1.000000000000000021e-08 2.899617355195432400e-01 2.096220224762350259e+00
2.899617355195432400e-01 2.096220224762350259e+00 2.000000000000000000e+00 1.000000000000000021e-08 4.464197685486772649e-01 1.564580330291340360e+00
4.464197685486772649e-01 1.564580330291340360e+00 0.000000000000000000e+00 1.000000000000000021e-08 7.385336147253817041e-01 2.921138461767044170e+00
7.385336147253817041e-01 2.921138461767044170e+00 0.000000000000000000e+00 1.000000000000000021e-08 1.190785806892124876e+00 4.522521921667431499e+00
1.190785806892124876e+00 4.522521921667431499e+00 2.000000000000000000e+00 9.999000000000000110e-01 1.570796326794896558e+00 5.000000000000000000e+00
2.369180682269369717e-02 3.899219621694219318e-03 2.000000000000000000e+00 1.000000000000000021e-08 -7.665342399921086514e-02 -1.003452308219045630e+00
-7.665342399921086514e-02 -1.003452308219045630e+00 2.000000000000000000e+00 1.000000000000000021e-08 -2.823849363495375964e-01 -2.057315123503267174e+00
-2.823849363495375964e-01 -2.057315123503267174e+00 1.000000000000000000e+00 1.000000000000000021e-08 -5.477350471798509979e-01 -2.653501108303133904e+00
-5.477350471798509979e-01 -2.653501108303133904e+00 0.000000000000000000e+00 1.000000000000000021e-08 -8.339373683625943556e-01 -2.862023211827433133e+00
-8.339373683625943556e-01 -2.862023211827433133e+00 0.000000000000000000e+00 1.000000000000000021e-08 -1.185483658125166428e+00 -3.515462897625719396e+00
-1.185483658125166428e+00 -3.515462897625719396e+00 0.000000000000000000e+00 9.999000000000000110e-01 -1.570796326794896558e+00 -4.522602641108105281e+00
6.952938739582920080e-02 8.269473914542158077e-02 0.000000000000000000e+00 1.000000000000000021e-08 1.632005738173983866e-01 9.367118642156919694e-01
1.632005738173983866e-01 9.367118642156919694e-01 2.000000000000000000e+00 1.000000000000000021e-08 2.088297099380836686e-01 4.562913612068528746e-01
2.088297099380836686e-01 4.562913612068528746e-01 0.000000000000000000e+00 1.000000000000000021e-08 3.852836335877719565e-01 1.764539236496882824e+00
3.852836335877719565e-01 1.764539236496882824e+00 2.000000000000000000e+00 1.000000000000000021e-08 5.490056135713246022e-01 1.637219799835526679e+00
5.490056135713246022e-01 1.637219799835526679e+00 1.000000000000000000e+00 1.000000000000000021e-08 7.931243358667592336e-01 2.441187222954346314e+00
7.931243358667592336e-01 2.441187222954346314e+00 0.000000000000000000e+00 1.000000000000000021e-08 1.193120918158431465e+00 3.999965822916721425e+00
1.193120918158431465e+00 3.999965822916721425e+00 0.000000000000000000e+00 9.999000000000000110e-01 1.570796326794896558e+00 5.000000000000000000e+00
4.777172186296120560e-02 1.816165708841726428e-02 1.000000000000000000e+00 1.000000000000000021e-08 5.950682353854717943e-02 1.173510167558597106e-01
5.950682353854717943e-02 1.173510167558597106e-01 0.000000000000000000e+00 1.000000000000000021e-08 1.802726784489847023e-01 1.207658549104374979e+00
1.802726784489847023e-01 1.207658549104374979e+00 0.000000000000000000e+00 1.000000000000000021e-08 4.041403631392104789e-01 2.238676846902257545e+00
4.041403631392104789e-01 2.238676846902257545e+00 1.000000000000000000e+00 1.000000000000000021e-08 6.853397866895821755e-01 2.811994235503716855e+00
6.853397866895821755e-01 2.811994235503716855e+00 1.000000000000000000e+00 1.000000000000000021e-08 1.071404677609511413e+00 3.860648909199292156e+00
1.071404677609511413e+00 3.860648909199292156e+00 0.000000000000000000e+00 9.999000000000000110e-01 1.570796326794896558e+00 5.000000000000000000e+00
5.529387701283021428e-02 6.345431216560616650e-02 1.000000000000000000e+00 1.000000000000000021e-08 6.165891381962004120e-02 6.365036806789828305e-02
6.165891381962004120e-02 6.365036806789828305e-02 2.000000000000000000e+00 1.000000000000000021e-08 -1.809070944413786880e-02 -7.974962326375790722e-01
-1.809070944413786880e-02 -7.974962326375790722e-01 2.000000000000000000e+00 1.000000000000000021e-08 -1.765585382560859451e-01 -1.584678288119480527e+00
-1.765585382560859451e-01 -1.584678288119480527e+00 0.000000000000000000e+00 1.000000000000000021e-08 -2.775057161805793982e-01 -1.009471779244934808e+00
-2.775057161805793982e-01 -1.009471779244934808e+00 1.000000000000000000e+00 1.000000000000000021e-08 -4.121991179382329396e-01 -1.346934017576535636e+00
-4.121991179382329396e-01 -1.346934017576535636e+00 1.000000000000000000e+00 1.000000000000000021e-08 -6.093447015730470984e-01 -1.971455836348140922e+00
-6.093447015730470984e-01 -1.971455836348140922e+00 1.000000000000000000e+00 1.000000000000000021e-08 -8.986598734230311081e-01 -2.893151718499839653e+00
-8.986598734230311081e-01 -2.893151718499839653e+00 0.000000000000000000e+00 1.000000000000000021e-08 -1.251622912270290655e+00 -3.529630388472596358e+00
-1.251622912270290655e+00 -3.529630388472596358e+00 2.000000000000000000e+00 9.999000000000000110e-01 -1.570796326794896558e+00 -5.000000000000000000e+00
-1.680251092090360304e-02 4.235277166968838547e-02 0.000000000000000000e+00 1.000000000000000021e-08 7.775356314599921048e-02 9.455607406690279548e-01
7.775356314599921048e-02 9.455607406690279548e-01 2.000000000000000000e+00 1.000000000000000021e-08 9.351300689490124607e-02 1.575944374890203559e-01
9.351300689490124607e-02 1.575944374890203559e-01 1.000000000000000000e+00 1.000000000000000021e-08 1.085099772315385458e-01 1.499697033663730528e-01
1.085099772315385458e-01 1.499697033663730528e-01 0.000000000000000000e+00 1.000000000000000021e-08 2.291251466841364159e-01 1.206151694525978701e+00
2.291251466841364159e-01 1.206151694525978701e+00 0.000000000000000000e+00 1.000000000000000021e-08 4.658839528855291956e-01 2.367588062013927797e+00
4.658839528855291956e-01 2.367588062013927797e+00 0.000000000000000000e+00 1.000000000000000021e-08 8.597594438908222614e-01 3.938754910052931102e+00
8.597594438908222614e-01 3.938754910052931102e+00 1.000000000000000000e+00 1.000000000000000021e-08 1.355137527138748021e+00 4.953780832479258045e+00
1.355137527138748021e+00 4.953780832479258045e+00 2.000000000000000000e+00 9.999000000000000110e-01 1.570796326794896558e+00 5.000000000000000000e+00
-1.553512074309258348e-02 2.125620046175027283e-02 0.000000000000000000e+00 1.000000000000000021e-08 5.838058326567019396e-02 7.391570400876278368e-01
5.838058326567019396e-02 7.391570400876278368e-01 1.000000000000000000e+00 1.000000000000000021e-08 1.274679969579751160e-01 6.908741369230492202e-01
1.274679969579751160e-01 6.908741369230492202e-01 1.000000000000000000e+00 1.000000000000000021e-08 2.038144978667577600e-01 7.634650090878264406e-01
2.038144978667577600e-01 7.634650090878264406e-01 1.000000000000000000e+00 1.000000000000000021e-08 3.241600090872365225e-01 1.203455112204787847e+00
3.241600090872365225e-01 1.203455112204787847e+00 0.000000000000000000e+00 1.000000000000000021e-08 5.680249495140370364e-01 2.438649404268005583e+00
5.680249495140370364e-01 2.438649404268005583e+00 1.000000000000000000e+00 1.000000000000000021e-08 8.958361553233322727e-01 3.278112058092952807e+00
8.958361553233322727e-01 3.278112058092952807e+00 1.000000000000000000e+00 1.000000000000000021e-08 1.344713381368479066e+00 4.488772260451466600e+00
1.344713381368479066e+00 4.488772260451466600e+00 1.000000000000000000e+00 9.999000000000000110e-01 1.570796326794896558e+00 5.000000000000000000e+00
-3.061526857047071337e-02 -6.313559672382224042e-02 2.000000000000000000e+00 1.000000000000000021e-08 -1.344879917084641496e-01 -1.038727231379934501e+00
-1.344879917084641496e-01 -1.038727231379934501e+00 1.000000000000000000e+00 1.000000000000000021e-08 -2.598586545064665576e-01 -1.253706627980023969e+00
-2.598586545064665576e-01 -1.253706627980023969e+00 0.000000000000000000e+00 1.000000000000000021e-08 -3.350020188926374209e-01 -7.514336438617085223e-01
-3.350020188926374209e-01 -7.514336438617085223e-01 2.000000000000000000e+00 1.000000000000000021e-08 -5.389514737728217098e-01 -2.039494548801842555e+00
-5.389514737728217098e-01 -2.039494548801842555e+00 0.000000000000000000e+00 1.000000000000000021e-08 -7.608749027950797439e-01 -2.219234290222580341e+00
-7.608749027950797439e-01 -2.219234290222580341e+00 2.000000000000000000e+00 1.000000000000000021e-08 -1.140197964164531896e+00 -3.793230613694521303e+00
-1.140197964164531896e+00 -3.793230613694521303e+00 0.000000000000000000e+00 9.999000000000000110e-01 -1.570796326794896558e+00 -4.767405333457263694e+00
5.840264831713966320e-03 -8.887001067732838711e-03 2.000000000000000000e+00 1.000000000000000021e-08 -8.735660931539623864e-02 -9.319687414711020912e-01
-8.735660931539623864e-02 -9.319687414711020912e-01 0.000000000000000000e+00 1.000000000000000021e-08 -9.170564811746535760e-02 -4.349038802069116194e-02
-9.170564811746535760e-02 -4.349038802069116194e-02 1.000000000000000000e+00 1.000000000000000021e-08 -1.023740085064595712e-01 -1.066836038899420802e-01
-1.023740085064595712e-01 -1.066836038899420802e-01 2.000000000000000000e+00 1.000000000000000021e-08 -2.171725089375762807e-01 -1.147985004311167234e+00
-2.171725089375762807e-01 -1.147985004311167234e+00 1.000000000000000000e+00 1.000000000000000021e-08 -3.837510999966051717e-01 -1.665785910590289021e+00
-3.837510999966051717e-01 -1.665785910590289021e+00 2.000000000000000000e+00 1.000000000000000021e-08 -6.760395988334713113e-01 -2.922884988368660508e+00
-6.760395988334713113e-01 -2.922884988368660508e+00 2.000000000000000000e+00 1.000000000000000021e-08 -1.114938359798397727e+00 -4.388987609649264598e+00
-1.114938359798397727e+00 -4.388987609649264598e+00 2.000000000000000000e+00 9.999000000000000110e-01 -1.570796326794896558e+00 -5.000000000000000000e+00
-1.176728372264481542e-02 4.811412929924435700e-02 1.000000000000000000e+00 1.000000000000000021e-08 -6.926234026951248388e-03 4.841049695693566690e-02
-6.926234026951248388e-03 4.841049695693566690e-02 1.000000000000000000e+00 1.000000000000000021e-08 4.886052455322382332e-03 1.181228648227363037e-01
4.886052455322382332e-03 1.181228648227363037e-01 0.000000000000000000e+00 1.000000000000000021e-08 1.152280946747542556e-01 1.103420422194318684e+00
1.152280946747542556e-01 1.103420422194318684e+00 1.000000000000000000e+00 1.000000000000000021e-08 2.394125223422521320e-01 1.241844276674978875e+00
2.394125223422521320e-01 1.241844276674978875e+00 1.000000000000000000e+00 1.000000000000000021e-08 4.116570469252150977e-01 1.722445245829629767e+00
4.116570469252150977e-01 1.722445245829629767e+00 2.000000000000000000e+00 1.000000000000000021e-08 5.561223679898963379e-01 1.444653210646812402e+00
5.561223679898963379e-01 1.444653210646812402e+00 2.000000000000000000e+00 1.000000000000000021e-08 7.167782189884168709e-01 1.606558509985205774e+00
7.167782189884168709e-01 1.606558509985205774e+00 2.000000000000000000e+00 1.000000000000000021e-08 9.104979713826941712e-01 1.937197523942772559e+00
9.104979713826941712e-01 1.937197523942772559e+00 0.000000000000000000e+00 1.000000000000000021e-08 1.280133895290203716e+00 3.696359239075095449e+00
1.280133895290203716e+00 3.696359239075095449e+00 2.000000000000000000e+00 9.999000000000000110e-01 1.570796326794896558e+00 4.829473004337356379e+00
4.637840123985256802e-02 -1.877183097622116270e-02 1.000000000000000000e+00 1.000000000000000021e-08 5.617528947725762556e-02 9.796888237405056155e-02
5.617528947725762556e-02 9.796888237405056155e-02 0.000000000000000000e+00 1.000000000000000021e-08 1.673745261375886306e-01 1.111992366603309801e+00
1.673745261375886306e-01 1.111992366603309801e+00 1.000000000000000000e+00 1.000000000000000021e-08 2.951507616184018135e-01 1.277762354808131384e+00
2.951507616184018135e-01 1.277762354808131384e+00 2.000000000000000000e+00 1.000000000000000021e-08 3.912239996773726469e-01 9.607323805897083346e-01
3.912239996773726469e-01 9.607323805897083346e-01 2.000000000000000000e+00 1.000000000000000021e-08 4.710108629473200303e-01 7.978686326994736122e-01
4.710108629473200303e-01 7.978686326994736122e-01 2.000000000000000000e+00 1.000000000000000021e-08 5.468030365118965452e-01 7.579217356457645938e-01
5.468030365118965452e-01 7.579217356457645938e-01 0.000000000000000000e+00 1.000000000000000021e-08 7.817273329860202624e-01 2.349242964741236950e+00
7.817273329860202624e-01 2.349242964741236950e+00 1.000000000000000000e+00 1.000000000000000021e-08 1.127559033775547892e+00 3.458317007895275630e+00
1.127559033775547892e+00 3.458317007895275630e+00 2.000000000000000000e+00 1.000000000000000021e-08 1.568583952791257063e+00 4.410249190157091270e+00
1.568583952791257063e+00 4.410249190157091270e+00 0.000000000000000000e+00 9.999000000000000110e-01 1.570796326794896558e+00 5.000000000000000000e+00
1.076772310018918669e-02 -3.395689081484181554e-02 2.000000000000000000e+00 1.000000000000000021e-08 -6.475509827673693597e-02 -7.552282137692611919e-01
-6.475509827673693597e-02 -7.552282137692611919e-01 1.000000000000000000e+00 1.000000000000000021e-08 -1.419801489874081835e-01 -7.722505071067122806e-01
-1.419801489874081835e-01 -7.722505071067122806e-01 1.000000000000000000e+00 1.000000000000000021e-08 -2.527462786364818026e-01 -1.107661296490735969e+00
-2.527462786364818026e-01 -1.107661296490735969e+00 1.000000000000000000e+00 1.000000000000000021e-08 -4.026019037242025145e-01 -1.498556250877207008e+00
-4.026019037242025145e-01 -1.498556250877207008e+00 2.000000000000000000e+00 1.000000000000000021e-08 -6.902201066574377153e-01 -2.876182029332351675e+00
-6.902201066574377153e-01 -2.876182029332351675e+00 2.000000000000000000e+00 1.000000000000000021e-08 -1.147796444306702579e+00 -4.575763376492647971e+00
