7.968468351454366383e-02 -2.298262128116665415e-03 0.000000000000000000e+00 1.000000000000000021e-08 1.923502711674797971e-01 1.126655876529361278e+00
1.923502711674797971e-01 1.126655876529361278e+00 1.000000000000000000e+00 1.000000000000000021e-08 3.367734640903076726e-01 1.444231929228278588e+00
3.367734640903076726e-01 1.444231929228278588e+00 2.000000000000000000e+00 1.000000000000000021e-08 4.648290541324637815e-01 1.280555900421560755e+00
4.648290541324637815e-01 1.280555900421560755e+00 0.000000000000000000e+00 1.000000000000000021e-08 7.487647619488408957e-01 2.839357078163770254e+00
7.487647619488408957e-01 2.839357078163770254e+00 1.000000000000000000e+00 1.000000000000000021e-08 1.132243306808463856e+00 3.834785448596230495e+00
1.132243306808463856e+00 3.834785448596230495e+00 2.000000000000000000e+00 9.999000000000000110e-01 1.570796326794896558e+00 4.790060879974339159e+00
-6.466454181551448133e-02 5.707565904601169526e-02 2.000000000000000000e+00 1.000000000000000021e-08 -1.430087206855515936e-01 -7.834417887003710668e-01
-1.430087206855515936e-01 -7.834417887003710668e-01 2.000000000000000000e+00 1.000000000000000021e-08 -3.328498349712880611e-01 -1.898411142857364675e+00
-3.328498349712880611e-01 -1.898411142857364675e+00 0.000000000000000000e+00 1.000000000000000021e-08 -5.099373319632172219e-01 -1.770874969919291830e+00
-5.099373319632172219e-01 -1.770874969919291830e+00 1.000000000000000000e+00 1.000000000000000021e-08 -7.658900133942476707e-01 -2.559526814310304932e+00
-7.658900133942476707e-01 -2.559526814310304932e+00 0.000000000000000000e+00 1.000000000000000021e-08 -1.072650526864402876e+00 -3.067605134701552494e+00
-1.072650526864402876e+00 -3.067605134701552494e+00 2.000000000000000000e+00 1.000000000000000021e-08 -1.544478106041364374e+00 -4.718275791769613647e+00
-1.544478106041364374e+00 -4.718275791769613647e+00 0.000000000000000000e+00 9.999000000000000110e-01 -1.570796326794896558e+00 -5.000000000000000000e+00
-6.791375532856593067e-02 -1.783878427976488476e-02 1.000000000000000000e+00 1.000000000000000021e-08 -8.647920342986037401e-02 -1.856544810129444889e-01
-8.647920342986037401e-02 -1.856544810129444889e-01 2.000000000000000000e+00 1.000000000000000021e-08 -2.076818877117256879e-01 -1.212026842818652916e+00
-2.076818877117256879e-01 -1.212026842818652916e+00 0.000000000000000000e+00 1.000000000000000021e-08 -2.693486090105924324e-01 -6.166672129886672238e-01
-2.693486090105924324e-01 -6.166672129886672238e-01 0.000000000000000000e+00 1.000000000000000021e-08 -3.037303695746110255e-01 -3.438176056401860969e-01
-3.037303695746110255e-01 -3.438176056401860969e-01 1.000000000000000000e+00 1.000000000000000021e-08 -3.841169772269605875e-01 -8.038660765234956207e-01
-3.841169772269605875e-01 -8.038660765234956207e-01 1.000000000000000000e+00 1.000000000000000021e-08 -5.427447126154607560e-01 -1.586277353885001684e+00
-5.427447126154607560e-01 -1.586277353885001684e+00 1.000000000000000000e+00 1.000000000000000021e-08 -7.783793432336092444e-01 -2.356346306181484440e+00
-7.783793432336092444e-01 -2.356346306181484440e+00 1.000000000000000000e+00 1.000000000000000021e-08 -1.126345070289591410e+00 -3.479657270559821214e+00
-1.126345070289591410e+00 -3.479657270559821214e+00 0.000000000000000000e+00 1.000000000000000021e-08 -1.568225046934455413e+00 -4.418799766448639588e+00
-1.568225046934455413e+00 -4.418799766448639588e+00 1.000000000000000000e+00 9.999000000000000110e-01 -1.570796326794896558e+00 -5.000000000000000000e+00
-1.588211117707426928e-02 -3.245478178183849177e-02 0.000000000000000000e+00 1.000000000000000021e-08 7.227552169962386808e-02 8.815763287669814430e-01
7.227552169962386808e-02 8.815763287669814430e-01 2.000000000000000000e+00 1.000000000000000021e-08 8.831982973277302529e-02 1.604430803314915721e-01
8.831982973277302529e-02 1.604430803314915721e-01 2.000000000000000000e+00 1.000000000000000021e-08 2.848756481834693183e-02 -5.983226491442609207e-01
2.848756481834693183e-02 -5.983226491442609207e-01 0.000000000000000000e+00 1.000000000000000021e-08 7.848291488503908453e-02 4.999535006669214576e-01
7.848291488503908453e-02 4.999535006669214576e-01 0.000000000000000000e+00 1.000000000000000021e-08 2.397661602186703100e-01 1.612832453336312089e+00
2.397661602186703100e-01 1.612832453336312089e+00 2.000000000000000000e+00 1.000000000000000021e-08 3.392587796644637166e-01 9.949261944579338435e-01
3.392587796644637166e-01 9.949261944579338435e-01 2.000000000000000000e+00 1.000000000000000021e-08 4.240922888042203409e-01 8.483350913975662433e-01
4.240922888042203409e-01 8.483350913975662433e-01 2.000000000000000000e+00 1.000000000000000021e-08 4.867887272248039854e-01 6.269643842058363337e-01
4.867887272248039854e-01 6.269643842058363337e-01 0.000000000000000000e+00 1.000000000000000021e-08 6.932147720588515138e-01 2.064260448340474952e+00
6.932147720588515138e-01 2.064260448340474952e+00 2.000000000000000000e+00 1.000000000000000021e-08 9.260105783842950133e-01 2.327958063254435217e+00
9.260105783842950133e-01 2.327958063254435217e+00 1.000000000000000000e+00 1.000000000000000021e-08 1.280275894896518274e+00 3.542653165122231051e+00
1.280275894896518274e+00 3.542653165122231051e+00 2.000000000000000000e+00 9.999000000000000110e-01 1.570796326794896558e+00 4.710996134036180116e+00
1.864497215766628205e-02 -7.760846874651503025e-02 1.000000000000000000e+00 1.000000000000000021e-08 1.034826488538726982e-02 -8.296707272279012224e-02
1.034826488538726982e-02 -8.296707272279012224e-02 2.000000000000000000e+00 1.000000000000000021e-08 -8.720107250010926403e-02 -9.754933738549653732e-01
-8.720107250010926403e-02 -9.754933738549653732e-01 1.000000000000000000e+00 1.000000000000000021e-08 -1.979751379154594537e-01 -1.107740654153501758e+00
-1.979751379154594537e-01 -1.107740654153501758e+00 1.000000000000000000e+00 1.000000000000000021e-08 -3.535966520716938843e-01 -1.556215141562344417e+00
-3.535966520716938843e-01 -1.556215141562344417e+00 2.000000000000000000e+00 1.000000000000000021e-08 -6.484093225429470309e-01 -2.948126704712531243e+00
-6.484093225429470309e-01 -2.948126704712531243e+00 2.000000000000000000e+00 1.000000000000000021e-08 -1.110246456879818044e+00 -4.618371343368711024e+00
-1.110246456879818044e+00 -4.618371343368711024e+00 1.000000000000000000e+00 9.999000000000000110e-01 -1.570796326794896558e+00 -5.000000000000000000e+00
1.299988337599488480e-02 -4.538445442633287641e-02 2.000000000000000000e+00 1.000000000000000021e-08 -9.208692746820015818e-02 -1.050868108441950444e+00
-9.208692746820015818e-02 -1.050868108441950444e+00 1.000000000000000000e+00 1.000000000000000021e-08 -2.108454325667045437e-01 -1.187585050985043855e+00
-2.108454325667045437e-01 -1.187585050985043855e+00 0.000000000000000000e+00 1.000000000000000021e-08 -2.680290071230354565e-01 -5.718357455633094055e-01
-2.680290071230354565e-01 -5.718357455633094055e-01 0.000000000000000000e+00 1.000000000000000021e-08 -2.783837532684808602e-01 -1.035474614544537597e-01
-2.783837532684808602e-01 -1.035474614544537597e-01 1.000000000000000000e+00 1.000000000000000021e-08 -3.419941589748516364e-01 -6.361040570637079838e-01
-3.419941589748516364e-01 -6.361040570637079838e-01 2.000000000000000000e+00 1.000000000000000021e-08 -5.338972794803633626e-01 -1.919031205055117262e+00
-5.338972794803633626e-01 -1.919031205055117262e+00 0.000000000000000000e+00 1.000000000000000021e-08 -7.420545934154991752e-01 -2.081573139351357682e+00
-7.420545934154991752e-01 -2.081573139351357682e+00 0.000000000000000000e+00 1.000000000000000021e-08 -9.974981139591447832e-01 -2.554435205436455192e+00
-9.974981139591447832e-01 -2.554435205436455192e+00 0.000000000000000000e+00 1.000000000000000021e-08 -1.339067994999700417e+00 -3.415698810405555896e+00
-1.339067994999700417e+00 -3.415698810405555896e+00 0.000000000000000000e+00 9.999000000000000110e-01 -1.570796326794896558e+00 -4.675005316950737289e+00
-2.097943839076004541e-02 8.620802556724516119e-02 2.000000000000000000e+00 1.000000000000000021e-08 -1.157988445871045158e-01 -9.481940619634446898e-01
-1.157988445871045158e-01 -9.481940619634446898e-01 2.000000000000000000e+00 1.000000000000000021e-08 -3.260322042680547927e-01 -2.102333596809502492e+00
-3.260322042680547927e-01 -2.102333596809502492e+00 2.000000000000000000e+00 1.000000000000000021e-08 -6.595257949339383696e-01 -3.334935906658836213e+00
-6.595257949339383696e-01 -3.334935906658836213e+00 0.000000000000000000e+00 1.000000000000000021e-08 -1.022105447946465295e+00 -3.625796530125269257e+00
-1.022105447946465295e+00 -3.625796530125269257e+00 1.000000000000000000e+00 1.000000000000000021e-08 -1.506778506738612133e+00 -4.846730587921467936e+00
-1.506778506738612133e+00 -4.846730587921467936e+00 0.000000000000000000e+00 9.999000000000000110e-01 -1.570796326794896558e+00 -5.000000000000000000e+00
1.898725069372438762e-02 -6.975519151635987958e-03 0.000000000000000000e+00 1.000000000000000021e-08 1.186694203058158703e-01 9.968216961209147575e-01
1.186694203058158703e-01 9.968216961209147575e-01 1.000000000000000000e+00 1.000000000000000021e-08 2.260621792456734558e-01 1.073927589398575799e+00
2.260621792456734558e-01 1.073927589398575799e+00 2.000000000000000000e+00 1.000000000000000021e-08 2.704943235452536565e-01 4.443214429958020073e-01
2.704943235452536565e-01 4.443214429958020073e-01 1.000000000000000000e+00 1.000000000000000021e-08 3.726342768015055706e-01 1.021399532562519141e+00
3.726342768015055706e-01 1.021399532562519141e+00 2.000000000000000000e+00 1.000000000000000021e-08 4.601562066831231812e-01 8.752192988161762166e-01
4.601562066831231812e-01 8.752192988161762166e-01 0.000000000000000000e+00 1.000000000000000021e-08 7.114211429498285000e-01 2.512649362667052522e+00
7.114211429498285000e-01 2.512649362667052522e+00 1.000000000000000000e+00 1.000000000000000021e-08 1.051679093223460537e+00 3.402579502736319039e+00
1.051679093223460537e+00 3.402579502736319039e+00 1.000000000000000000e+00 1.000000000000000021e-08 1.520805324681357096e+00 4.691262314578964698e+00
1.520805324681357096e+00 4.691262314578964698e+00 0.000000000000000000e+00 9.999000000000000110e-01 1.570796326794896558e+00 5.000000000000000000e+00
6.788589739619675656e-03 7.666926297802466317e-02 2.000000000000000000e+00 1.000000000000000021e-08 -5.700633277661808912e-02 -6.379492251623776200e-01
-5.700633277661808912e-02 -6.379492251623776200e-01 1.000000000000000000e+00 1.000000000000000021e-08 -1.419089397766536698e-01 -8.490260700003557925e-01
-1.419089397766536698e-01 -8.490260700003557925e-01 0.000000000000000000e+00 1.000000000000000021e-08 -1.686394274226795942e-01 -2.673048764602591332e-01
-1.686394274226795942e-01 -2.673048764602591332e-01 1.000000000000000000e+00 1.000000000000000021e-08 -2.372567993885056348e-01 -6.861737196582604614e-01
-2.372567993885056348e-01 -6.861737196582604614e-01 2.000000000000000000e+00 1.000000000000000021e-08 -4.200901203599650691e-01 -1.828333209714593899e+00
-4.200901203599650691e-01 -1.828333209714593899e+00 2.000000000000000000e+00 1.000000000000000021e-08 -7.569689109652693038e-01 -3.368787906053042569e+00
-7.569689109652693038e-01 -3.368787906053042569e+00 0.000000000000000000e+00 1.000000000000000021e-08 -1.138371686703845809e+00 -3.814027757385764605e+00
-1.138371686703845809e+00 -3.814027757385764605e+00 2.000000000000000000e+00 9.999000000000000110e-01 -1.570796326794896558e+00 -5.000000000000000000e+00
5.207555896733356837e-03 4.508680404754435850e-02 0.000000000000000000e+00 1.000000000000000021e-08 1.036701038273867420e-01 9.846254793065337685e-01
1.036701038273867420e-01 9.846254793065337685e-01 2.000000000000000000e+00 1.000000000000000021e-08 1.290970483431679861e-01 2.542694451578125792e-01
1.290970483431679861e-01 2.542694451578125792e-01 2.000000000000000000e+00 1.000000000000000021e-08 1.064074472027257967e-01 -2.268960114044218934e-01
1.064074472027257967e-01 -2.268960114044218934e-01 0.000000000000000000e+00 1.000000000000000021e-08 2.047406163666185552e-01 9.833316916389274187e-01
2.047406163666185552e-01 9.833316916389274187e-01 0.000000000000000000e+00 1.000000000000000021e-08 4.251555220243953270e-01 2.204149056577767496e+00
4.251555220243953270e-01 2.204149056577767496e+00 1.000000000000000000e+00 1.000000000000000021e-08 6.996615380735828893e-01 2.745060160491874957e+00
6.996615380735828893e-01 2.745060160491874957e+00 1.000000000000000000e+00 1.000000000000000021e-08 1.066124518217659300e+00 3.664629801440765000e+00
1.066124518217659300e+00 3.664629801440765000e+00 1.000000000000000000e+00 1.000000000000000021e-08 1.553204564354733419e+00 4.870800461370741630e+00
1.553204564354733419e+00 4.870800461370741630e+00 2.000000000000000000e+00 9.999000000000000110e-01 1.570796326794896558e+00 5.000000000000000000e+00
-1.566360226734862804e-03 -1.068505455493664463e-03 2.000000000000000000e+00 1.000000000000000021e-08 -8.420865067635782686e-02 -8.264229044962295712e-01
-8.420865067635782686e-02 -8.264229044962295712e-01 0.000000000000000000e+00 1.000000000000000021e-08 -8.888035003152632008e-02 -4.671699355168490442e-02
-8.888035003152632008e-02 -4.671699355168490442e-02 0.000000000000000000e+00 1.000000000000000021e-08 -2.406915625041250451e-02 6.481119378111381835e-01
-2.406915625041250451e-02 6.481119378111381835e-01 0.000000000000000000e+00 1.000000000000000021e-08 1.354916490065555257e-01 1.595608052569680080e+00
1.354916490065555257e-01 1.595608052569680080e+00 2.000000000000000000e+00 1.000000000000000021e-08 2.255504354393634281e-01 9.005878643280790241e-01
2.255504354393634281e-01 9.005878643280790241e-01 2.000000000000000000e+00 1.000000000000000021e-08 2.765161997154593765e-01 5.096576427609592619e-01
2.765161997154593765e-01 5.096576427609592619e-01 1.000000000000000000e+00 1.000000000000000021e-08 3.635506499838221384e-01 8.703445026836273968e-01
3.635506499838221384e-01 8.703445026836273968e-01 2.000000000000000000e+00 1.000000000000000021e-08 4.196298440286508891e-01 5.607919404482877290e-01
4.196298440286508891e-01 5.607919404482877290e-01 1.000000000000000000e+00 1.000000000000000021e-08 5.524576658173027122e-01 1.328278217886518231e+00
5.524576658173027122e-01 1.328278217886518231e+00 2.000000000000000000e+00 1.000000000000000021e-08 7.026923988591420311e-01 1.502347330418392524e+00
7.026923988591420311e-01 1.502347330418392524e+00 2.000000000000000000e+00 1.000000000000000021e-08 9.008793433740184264e-01 1.981869445148763953e+00
9.008793433740184264e-01 1.981869445148763953e+00 2.000000000000000000e+00 1.000000000000000021e-08 1.165790014940340624e+00 2.649106715663221756e+00
1.165790014940340624e+00 2.649106715663221756e+00 0.000000000000000000e+00 9.999000000000000110e-01 1.570796326794896558e+00 4.310185432663054428e+00
-5.859143241659627022e-02 -8.117939214770009126e-02 0.000000000000000000e+00 1.000000000000000021e-08 3.283479837580795258e-03 6.187491225417706131e-01
3.283479837580795258e-03 6.187491225417706131e-01 2.000000000000000000e+00 1.000000000000000021e-08 -1.267240408443945712e-02 -1.595588392202025307e-01
-1.267240408443945712e-02 -1.595588392202025307e-01 2.000000000000000000e+00 1.000000000000000021e-08 -1.286743753364540666e-01 -1.160019712520145907e+00
-1.286743753364540666e-01 -1.160019712520145907e+00 2.000000000000000000e+00 1.000000000000000021e-08 -3.436905568784525133e-01 -2.150161815419984190e+00
-3.436905568784525133e-01 -2.150161815419984190e+00 2.000000000000000000e+00 1.000000000000000021e-08 -6.831878112508940060e-01 -3.394972543724415370e+00
-6.831878112508940060e-01 -3.394972543724415370e+00 0.000000000000000000e+00 1.000000000000000021e-08 -1.059298003607266114e+00 -3.761101923563721527e+00
-1.059298003607266114e+00 -3.761101923563721527e+00 1.000000000000000000e+00 1.000000000000000021e-08 -1.563647688431577087e+00 -5.000000000000000000e+00
-1.563647688431577087e+00 -5.000000000000000000e+00 2.000000000000000000e+00 9.999000000000000110e-01 -1.570796326794896558e+00 -5.000000000000000000e+00
-5.010107034258089176e-02 4.823836770481844394e-02 1.000000000000000000e+00 1.000000000000000021e-08 -6.922201416492827775e-02 -1.912094382234738044e-01
-6.922201416492827775e-02 -1.912094382234738044e-01 0.000000000000000000e+00 1.000000000000000021e-08 -6.550703274780911300e-03 6.267131089014735812e-01
-6.550703274780911300e-03 6.267131089014735812e-01 2.000000000000000000e+00 1.000000000000000021e-08 -4.063878117409195495e-02 -3.408807789931104226e-01
-4.063878117409195495e-02 -3.408807789931104226e-01 0.000000000000000000e+00 1.000000000000000021e-08 3.534029899431717636e-05 4.067412147308626658e-01
3.534029899431717636e-05 4.067412147308626658e-01 0.000000000000000000e+00 1.000000000000000021e-08 1.418304804625054316e-01 1.417951401635110908e+00
1.418304804625054316e-01 1.417951401635110908e+00 0.000000000000000000e+00 1.000000000000000021e-08 3.887295166739661578e-01 2.468990362114607429e+00
3.887295166739661578e-01 2.468990362114607429e+00 2.000000000000000000e+00 1.000000000000000021e-08 6.076395205104718755e-01 2.189100038365057177e+00
6.076395205104718755e-01 2.189100038365057177e+00 1.000000000000000000e+00 1.000000000000000021e-08 9.234624547004055550e-01 3.158229341899335907e+00
9.234624547004055550e-01 3.158229341899335907e+00 0.000000000000000000e+00 1.000000000000000021e-08 1.398560360923282175e+00 4.750979062228767091e+00
1.398560360923282175e+00 4.750979062228767091e+00 2.000000000000000000e+00 9.999000000000000110e-01 1.570796326794896558e+00 5.000000000000000000e+00
4.153710798279189320e-02 -7.947521551928152239e-02 0.000000000000000000e+00 1.000000000000000021e-08 1.447491522387956697e-01 1.032120442560037654e+00
1.447491522387956697e-01 1.032120442560037654e+00 0.000000000000000000e+00 1.000000000000000021e-08 3.599269658799141292e-01 2.151778136411184317e+00
3.599269658799141292e-01 2.151778136411184317e+00 0.000000000000000000e+00 1.000000000000000021e-08 7.006124297865247152e-01 3.406854639066105861e+00
7.006124297865247152e-01 3.406854639066105861e+00 0.000000000000000000e+00 1.000000000000000021e-08 1.209208248155373866e+00 5.000000000000000000e+00
1.209208248155373866e+00 5.000000000000000000e+00 1.000000000000000000e+00 9.999000000000000110e-01 1.570796326794896558e+00 5.000000000000000000e+00
3.839721954193636710e-02 -2.234579132696236370e-02 1.000000000000000000e+00 1.000000000000000021e-08 5.349854785800568779e-02 1.510132831606931791e-01
5.349854785800568779e-02 1.510132831606931791e-01 0.000000000000000000e+00 1.000000000000000021e-08 1.565386990350645102e-01 1.030401511770588252e+00
1.565386990350645102e-01 1.030401511770588252e+00 1.000000000000000000e+00 1.000000000000000021e-08 2.930041373742263699e-01 1.364654383391618264e+00
2.930041373742263699e-01 1.364654383391618264e+00 0.000000000000000000e+00 1.000000000000000021e-08 5.598383092729641852e-01 2.668341718987378819e+00
5.598383092729641852e-01 2.668341718987378819e+00 1.000000000000000000e+00 1.000000000000000021e-08 9.095845802416537840e-01 3.497462709686896432e+00
9.095845802416537840e-01 3.497462709686896432e+00 0.000000000000000000e+00 1.000000000000000021e-08 1.423053017544946730e+00 5.000000000000000000e+00
1.423053017544946730e+00 5.000000000000000000e+00 0.000000000000000000e+00 9.999000000000000110e-01 1.570796326794896558e+00 5.000000000000000000e+00
-6.360221609373190033e-02 2.283673751961439249e-02 2.000000000000000000e+00 1.000000000000000021e-08 -1.445404018525317524e-01 -8.093818575879984101e-01
-1.445404018525317524e-01 -8.093818575879984101e-01 1.000000000000000000e+00 1.000000000000000021e-08 -2.560425600530967238e-01 -1.115021582005649714e+00
-2.560425600530967238e-01 -1.115021582005649714e+00 1.000000000000000000e+00 1.000000000000000021e-08 -4.256219577144542687e-01 -1.695793976613575449e+00
-4.256219577144542687e-01 -1.695793976613575449e+00 2.000000000000000000e+00 1.000000000000000021e-08 -7.482100137806346751e-01 -3.225880560661803731e+00
-7.482100137806346751e-01 -3.225880560661803731e+00 1.000000000000000000e+00 1.000000000000000021e-08 -1.162883703028905868e+00 -4.146736892482712378e+00
-1.162883703028905868e+00 -4.146736892482712378e+00 0.000000000000000000e+00 9.999000000000000110e-01 -1.570796326794896558e+00 -5.000000000000000000e+00
1.515555724819562036e-02 -5.035739711061262835e-04 1.000000000000000000e+00 1.000000000000000021e-08 2.775368453057528925e-02 1.259812728237966750e-01
2.775368453057528925e-02 1.259812728237966750e-01 2.000000000000000000e+00 1.000000000000000021e-08 -5.651123477295297293e-02 -8.426491930352826287e-01
-5.651123477295297293e-02 -8.426491930352826287e-01 0.000000000000000000e+00 1.000000000000000021e-08 -6.700857785517037868e-02 -1.049734308221740298e-01
-6.700857785517037868e-02 -1.049734308221740298e-01 1.000000000000000000e+00 1.000000000000000021e-08 -9.789703009056516247e-02 -3.088845223539478102e-01
-9.789703009056516247e-02 -3.088845223539478102e-01 2.000000000000000000e+00 1.000000000000000021e-08 -2.486718887620503471e-01 -1.507748586714851680e+00
-2.486718887620503471e-01 -1.507748586714851680e+00 2.000000000000000000e+00 1.000000000000000021e-08 -5.325397222265829678e-01 -2.838678334645325929e+00
-5.325397222265829678e-01 -2.838678334645325929e+00 0.000000000000000000e+00 1.000000000000000021e-08 -8.215966300214754270e-01 -2.890569077948925258e+00
-8.215966300214754270e-01 -2.890569077948925258e+00 0.000000000000000000e+00 1.000000000000000021e-08 -1.162790041975916733e+00 -3.411934119544412169e+00
-1.162790041975916733e+00 -3.411934119544412169e+00 1.000000000000000000e+00 9.999000000000000110e-01 -1.570796326794896558e+00 -4.764726240807292790e+00
6.748577988514092851e-02 -3.115376414886403267e-02 1.000000000000000000e+00 1.000000000000000021e-08 8.818520246263122919e-02 2.069942257749029513e-01
8.818520246263122919e-02 2.069942257749029513e-01 0.000000000000000000e+00 1.000000000000000021e-08 2.026390275171720823e-01 1.144538250545408475e+00
2.026390275171720823e-01 1.144538250545408475e+00 0.000000000000000000e+00 1.000000000000000021e-08 4.344369360161558502e-01 2.317979084989837624e+00
4.344369360161558502e-01 2.317979084989837624e+00 1.000000000000000000e+00 1.000000000000000021e-08 7.230100533678290864e-01 2.885731173516732362e+00
7.230100533678290864e-01 2.885731173516732362e+00 1.000000000000000000e+00 1.000000000000000021e-08 1.114267028916115176e+00 3.912569755482861567e+00
1.114267028916115176e+00 3.912569755482861567e+00 2.000000000000000000e+00 9.999000000000000110e-01 1.570796326794896558e+00 4.886378979429676583e+00
-3.991873541467919756e-02 -6.608074455693362104e-02 0.000000000000000000e+00 1.000000000000000021e-08 4.574250561924150110e-02 8.566124103392069866e-01
4.574250561924150110e-02 8.566124103392069866e-01 1.000000000000000000e+00 1.000000000000000021e-08 1.506148524311366477e-01 1.048723468118951452e+00
1.506148524311366477e-01 1.048723468118951452e+00 0.000000000000000000e+00 1.000000000000000021e-08 3.546876890182937281e-01 2.040728365871570471e+00
3.546876890182937281e-01 2.040728365871570471e+00 1.000000000000000000e+00 1.000000000000000021e-08 6.233123612897077948e-01 2.686246722714141111e+00
6.233123612897077948e-01 2.686246722714141111e+00 1.000000000000000000e+00 1.000000000000000021e-08 9.775490885680357955e-01 3.542367272783280008e+00
9.775490885680357955e-01 3.542367272783280008e+00 0.000000000000000000e+00 1.000000000000000021e-08 1.495381934594693707e+00 5.000000000000000000e+00
1.495381934594693707e+00 5.000000000000000000e+00 1.000000000000000000e+00 9.999000000000000110e-01 1.570796326794896558e+00 5.000000000000000000e+00
4.119442724845028686e-02 -2.025618830773876639e-02 2.000000000000000000e+00 1.000000000000000021e-08 -3.988473606337179095e-02 -8.107916331182206671e-01
-3.988473606337179095e-02 -8.107916331182206671e-01 0.000000000000000000e+00 1.000000000000000021e-08 -5.463935014077733743e-02 -1.475461407740554787e-01
-5.463935014077733743e-02 -1.475461407740554787e-01 2.000000000000000000e+00 1.000000000000000021e-08 -1.495817446747455259e-01 -9.494239453396818851e-01
-1.495817446747455259e-01 -9.494239453396818851e-01 2.000000000000000000e+00 1.000000000000000021e-08 -3.552513125100404956e-01 -2.056695678352949308e+00
-3.552513125100404956e-01 -2.056695678352949308e+00 1.000000000000000000e+00 1.000000000000000021e-08 -6.034053129778711444e-01 -2.481540004678306044e+00
-6.034053129778711444e-01 -2.481540004678306044e+00 2.000000000000000000e+00 1.000000000000000021e-08 -1.011666369082487416e+00 -4.082610561046163156e+00
-1.011666369082487416e+00 -4.082610561046163156e+00 1.000000000000000000e+00 1.000000000000000021e-08 -1.542236190008218877e+00 -5.000000000000000000e+00
-1.542236190008218877e+00 -5.000000000000000000e+00 1.000000000000000000e+00 9.999000000000000110e-01 -1.570796326794896558e+00 -5.000000000000000000e+00
2.282309526305679320e-02 5.041637860706896235e-02 0.000000000000000000e+00 1.000000000000000021e-08 1.205630872612573623e-01 9.773999199820055939e-01
1.205630872612573623e-01 9.773999199820055939e-01 0.000000000000000000e+00 1.000000000000000021e-08 3.301658223735494113e-01 2.096027351122920379e+00
3.301658223735494113e-01 2.096027351122920379e+00 1.000000000000000000e+00 1.000000000000000021e-08 5.779668897374137249e-01 2.478010673638642469e+00
5.779668897374137249e-01 2.478010673638642469e+00 0.000000000000000000e+00 1.000000000000000021e-08 9.812774782217756897e-01 4.033105884843619648e+00
9.812774782217756897e-01 4.033105884843619648e+00 0.000000000000000000e+00 1.000000000000000021e-08 1.541124453873813138e+00 5.000000000000000000e+00
1.541124453873813138e+00 5.000000000000000000e+00 2.000000000000000000e+00 9.999000000000000110e-01 1.570796326794896558e+00 5.000000000000000000e+00
1.002101210931168399e-02 -2.577369744439700350e-02 0.000000000000000000e+00 1.000000000000000021e-08 1.022674696670528155e-01 9.224645755774112388e-01
1.022674696670528155e-01 9.224645755774112388e-01 1.000000000000000000e+00 1.000000000000000021e-08 2.084892864375006427e-01 1.062218167704478411e+00
2.084892864375006427e-01 1.062218167704478411e+00 2.000000000000000000e+00 1.000000000000000021e-08 2.538346738059678587e-01 4.534538736846719376e-01
2.538346738059678587e-01 4.534538736846719376e-01 2.000000000000000000e+00 1.000000000000000021e-08 2.489636311819777847e-01 -4.871042623990062825e-02
2.489636311819777847e-01 -4.871042623990062825e-02 0.000000000000000000e+00 1.000000000000000021e-08 3.839621302339870645e-01 1.349984990520092687e+00
3.839621302339870645e-01 1.349984990520092687e+00 0.000000000000000000e+00 1.000000000000000021e-08 6.656313592252455225e-01 2.816692289912584357e+00
6.656313592252455225e-01 2.816692289912584357e+00 1.000000000000000000e+00 1.000000000000000021e-08 1.049792132084550911e+00 3.841607728593054105e+00
1.049792132084550911e+00 3.841607728593054105e+00 0.000000000000000000e+00 9.999000000000000110e-01 1.570796326794896558e+00 5.000000000000000000e+00
7.057607562348579278e-02 3.416379437461496138e-02 1.000000000000000000e+00 1.000000000000000021e-08 9.210887366357750627e-02 2.153279804009171072e-01
9.210887366357750627e-02 2.153279804009171072e-01 0.000000000000000000e+00 1.000000000000000021e-08 2.224492908342758091e-01 1.303404171706983083e+00
2.224492908342758091e-01 1.303404171706983083e+00 2.000000000000000000e+00 1.000000000000000021e-08 3.205598276652003031e-01 9.811053683092447741e-01
3.205598276652003031e-01 9.811053683092447741e-01 2.000000000000000000e+00 1.000000000000000021e-08 3.779297640363286082e-01 5.736993637112832722e-01
3.779297640363286082e-01 5.736993637112832722e-01 2.000000000000000000e+00 1.000000000000000021e-08 4.050745183188419474e-01 2.714475428251336142e-01
4.050745183188419474e-01 2.714475428251336142e-01 1.000000000000000000e+00 1.000000000000000021e-08 4.841956267498848110e-01 7.912110843104285252e-01
4.841956267498848110e-01 7.912110843104285252e-01 2.000000000000000000e+00 1.000000000000000021e-08 5.553565498504225983e-01 7.116092310053780956e-01
5.553565498504225983e-01 7.116092310053780956e-01 2.000000000000000000e+00 1.000000000000000021e-08 6.354401700182380486e-01 8.008362016781540582e-01
6.354401700182380486e-01 8.008362016781540582e-01 1.000000000000000000e+00 1.000000000000000021e-08 8.241913023626314949e-01 1.887511323443934019e+00
8.241913023626314949e-01 1.887511323443934019e+00 1.000000000000000000e+00 1.000000000000000021e-08 1.132653600232425672e+00 3.084622978697940887e+00
1.132653600232425672e+00 3.084622978697940887e+00 0.000000000000000000e+00 9.999000000000000110e-01 1.570796326794896558e+00 4.768863619173656865e+00
-6.296955707620197074e-02 4.121493492838711192e-02 1.000000000000000000e+00 1.000000000000000021e-08 -5.217860879088201398e-02 1.079094828531995953e-01
-5.217860879088201398e-02 1.079094828531995953e-01 2.000000000000000000e+00 1.000000000000000021e-08 -1.226704050965385789e-01 -7.049179630565656218e-01
-1.226704050965385789e-01 -7.049179630565656218e-01 2.000000000000000000e+00 1.000000000000000021e-08 -3.122380245567450974e-01 -1.895676194602065268e+00
-3.122380245567450974e-01 -1.895676194602065268e+00 2.000000000000000000e+00 1.000000000000000021e-08 -6.474618148332121903e-01 -3.352237902764670707e+00
-6.474618148332121903e-01 -3.352237902764670707e+00 1.000000000000000000e+00 1.000000000000000021e-08 -1.076443598021330494e+00 -4.289817831881181931e+00
-1.076443598021330494e+00 -4.289817831881181931e+00 2.000000000000000000e+00 9.999000000000000110e-01 -1.570796326794896558e+00 -5.000000000000000000e+00
1.862822632554415186e-02 8.674931193045024719e-03 0.000000000000000000e+00 1.000000000000000021e-08 1.062259014644780786e-01 8.759767513893392810e-01
1.062259014644780786e-01 8.759767513893392810e-01 0.000000000000000000e+00 1.000000000000000021e-08 3.095977827543745509e-01 2.033718812898964501e+00
3.095977827543745509e-01 2.033718812898964501e+00 2.000000000000000000e+00 1.000000000000000021e-08 4.673050830874236894e-01 1.577073003330491163e+00
4.673050830874236894e-01 1.577073003330491163e+00 1.000000000000000000e+00 1.000000000000000021e-08 7.122162856242902906e-01 2.449112025368665790e+00
7.122162856242902906e-01 2.449112025368665790e+00 1.000000000000000000e+00 1.000000000000000021e-08 1.068586610440010354e+00 3.563703248157199077e+00
1.068586610440010354e+00 3.563703248157199077e+00 2.000000000000000000e+00 1.000000000000000021e-08 1.505465660638879211e+00 4.368790501988688568e+00
1.505465660638879211e+00 4.368790501988688568e+00 1.000000000000000000e+00 9.999000000000000110e-01 1.570796326794896558e+00 5.000000000000000000e+00
6.192298882668539894e-02 7.943511351051901759e-02 1.000000000000000000e+00 1.000000000000000021e-08 7.115087177846005084e-02 9.227882951774649123e-02
7.115087177846005084e-02 9.227882951774649123e-02 2.000000000000000000e+00 1.000000000000000021e-08 2.230771217081310015e-02 -4.884315960764694653e-01
2.230771217081310015e-02 -4.884315960764694653e-01 1.000000000000000000e+00 1.000000000000000021e-08 -9.197268095498270513e-03 -3.150498026631137205e-01
-9.197268095498270513e-03 -3.150498026631137205e-01 2.000000000000000000e+00 1.000000000000000021e-08 -1.369116279578027617e-01 -1.277143598623044829e+00
-1.369116279578027617e-01 -1.277143598623044829e+00 2.000000000000000000e+00 1.000000000000000021e-08 -3.781834747220328419e-01 -2.412718467642300801e+00
-3.781834747220328419e-01 -2.412718467642300801e+00 1.000000000000000000e+00 1.000000000000000021e-08 -6.656544306378047171e-01 -2.874709559157719418e+00
-6.656544306378047171e-01 -2.874709559157719418e+00 0.000000000000000000e+00 1.000000000000000021e-08 -9.777277862860659363e-01 -3.120733556482611970e+00
-9.777277862860659363e-01 -3.120733556482611970e+00 2.000000000000000000e+00 1.000000000000000021e-08 -1.456908883042348890e+00 -4.791810967562830648e+00
-1.456908883042348890e+00 -4.791810967562830648e+00 0.000000000000000000e+00 9.999000000000000110e-01 -1.570796326794896558e+00 -5.000000000000000000e+00
4.735402464651539134e-02 6.748440362870011811e-02 1.000000000000000000e+00 1.000000000000000021e-08 5.885201762155559818e-02 1.149799297504020823e-01
5.885201762155559818e-02 1.149799297504020823e-01 1.000000000000000000e+00 1.000000000000000021e-08 7.094621559546734901e-02 1.209419797391174806e-01
7.094621559546734901e-02 1.209419797391174806e-01 1.000000000000000000e+00 1.000000000000000021e-08 1.058757602526217145e-01 3.492954465715435441e-01
1.058757602526217145e-01 3.492954465715435441e-01 1.000000000000000000e+00 1.000000000000000021e-08 1.621243928524535027e-01 5.624863259983179375e-01
1.621243928524535027e-01 5.624863259983179375e-01 2.000000000000000000e+00 1.000000000000000021e-08 1.674968216026560819e-01 5.372428750202573600e-02
1.674968216026560819e-01 5.372428750202573600e-02 2.000000000000000000e+00 1.000000000000000021e-08 1.089516281141111875e-01 -5.854519348854488880e-01
1.089516281141111875e-01 -5.854519348854488880e-01 2.000000000000000000e+00 1.000000000000000021e-08 -3.583031096636699053e-02 -1.447819390804781836e+00
-3.583031096636699053e-02 -1.447819390804781836e+00 2.000000000000000000e+00 1.000000000000000021e-08 -2.843995170305030351e-01 -2.485692060641360612e+00
-2.843995170305030351e-01 -2.485692060641360612e+00 1.000000000000000000e+00 1.000000000000000021e-08 -5.630005295625168937e-01 -2.786010125320139252e+00
-5.630005295625168937e-01 -2.786010125320139252e+00 1.000000000000000000e+00 1.000000000000000021e-08 -9.158068761248556733e-01 -3.528063465623386907e+00
-9.158068761248556733e-01 -3.528063465623386907e+00 1.000000000000000000e+00 1.000000000000000021e-08 -1.377853858563963252e+00 -4.620469824391076230e+00
-1.377853858563963252e+00 -4.620469824391076230e+00 1.000000000000000000e+00 9.999000000000000110e-01 -1.570796326794896558e+00 -5.000000000000000000e+00
-7.965904238828723505e-02 -2.971622810486655372e-02 0.000000000000000000e+00 1.000000000000000021e-08 1.612334663866260565e-03 8.127137705215349284e-01
1.612334663866260565e-03 8.127137705215349284e-01 0.000000000000000000e+00 1.000000000000000021e-08 1.886728058577193667e-01 1.870604711938530951e+00
1.886728058577193667e-01 1.870604711938530951e+00 2.000000000000000000e+00 1.000000000000000021e-08 3.301294828567281625e-01 1.414566769990087902e+00
3.301294828567281625e-01 1.414566769990087902e+00 2.000000000000000000e+00 1.000000000000000021e-08 4.355807920984617887e-01 1.054513092417336484e+00
4.355807920984617887e-01 1.054513092417336484e+00 2.000000000000000000e+00 1.000000000000000021e-08 5.344986715705618563e-01 9.891787947210002319e-01
5.344986715705618563e-01 9.891787947210002319e-01 1.000000000000000000e+00 1.000000000000000021e-08 7.073831337556379939e-01 1.728844621850761154e+00
7.073831337556379939e-01 1.728844621850761154e+00 0.000000000000000000e+00 1.000000000000000021e-08 1.040584115858515180e+00 3.332009821028770524e+00
1.040584115858515180e+00 3.332009821028770524e+00 2.000000000000000000e+00 1.000000000000000021e-08 1.453665576808095272e+00 4.130814609495801371e+00
1.453665576808095272e+00 4.130814609495801371e+00 0.000000000000000000e+00 9.999000000000000110e-01 1.570796326794896558e+00 5.000000000000000000e+00
-8.384513922837351363e-02 -6.126677851693226873e-04 1.000000000000000000e+00 1.000000000000000021e-08 -9.367468983548110639e-02 -9.829550607107595539e-02
-9.367468983548110639e-02 -9.829550607107595539e-02 2.000000000000000000e+00 1.000000000000000021e-08 -2.107296302535095478e-01 -1.170549404180284192e+00
-2.107296302535095478e-01 -1.170549404180284192e+00 1.000000000000000000e+00 1.000000000000000021e-08 -3.798711253461832804e-01 -1.691414950926736882e+00
-3.798711253461832804e-01 -1.691414950926736882e+00 0.000000000000000000e+00 1.000000000000000021e-08 -5.160299108974067961e-01 -1.361587855512235157e+00
-5.160299108974067961e-01 -1.361587855512235157e+00 0.000000000000000000e+00 1.000000000000000021e-08 -6.671181996199027076e-01 -1.510882887224958449e+00
-6.671181996199027076e-01 -1.510882887224958449e+00 2.000000000000000000e+00 1.000000000000000021e-08 -9.938655403377726349e-01 -3.267473407178699052e+00
-9.938655403377726349e-01 -3.267473407178699052e+00 2.000000000000000000e+00 1.000000000000000021e-08 -1.487401094611789265e+00 -4.935355542740165191e+00
-1.487401094611789265e+00 -4.935355542740165191e+00 2.000000000000000000e+00 9.999000000000000110e-01 -1.570796326794896558e+00 -5.000000000000000000e+00
-1.627290787763153307e-02 1.236554267011047772e-02 1.000000000000000000e+00 1.000000000000000021e-08 -1.922742199289396298e-02 -2.954514115262429561e-02
-1.922742199289396298e-02 -2.954514115262429561e-02 1.000000000000000000e+00 1.000000000000000021e-08 -1.735848221415210724e-02 1.868939778741857474e-02
-1.735848221415210724e-02 1.868939778741857474e-02 0.000000000000000000e+00 1.000000000000000021e-08 8.242863256564343655e-02 9.978711477979553823e-01
8.242863256564343655e-02 9.978711477979553823e-01 2.000000000000000000e+00 1.000000000000000021e-08 1.075999971100348174e-01 2.517136454439137250e-01
1.075999971100348174e-01 2.517136454439137250e-01 1.000000000000000000e+00 1.000000000000000021e-08 1.620730667010296666e-01 5.447306959099486035e-01
1.620730667010296666e-01 5.447306959099486035e-01 1.000000000000000000e+00 1.000000000000000021e-08 2.326331802104498747e-01 7.056011350942019700e-01
2.326331802104498747e-01 7.056011350942019700e-01 2.000000000000000000e+00 1.000000000000000021e-08 2.432735521127752376e-01 1.064037190232536290e-01
2.432735521127752376e-01 1.064037190232536290e-01 0.000000000000000000e+00 1.000000000000000021e-08 3.761087389540169745e-01 1.328351868412416925e+00
3.761087389540169745e-01 1.328351868412416925e+00 0.000000000000000000e+00 1.000000000000000021e-08 6.548945002867792020e-01 2.787857613327622275e+00
6.548945002867792020e-01 2.787857613327622275e+00 0.000000000000000000e+00 1.000000000000000021e-08 1.095528694066176811e+00 4.406341937793975205e+00
1.095528694066176811e+00 4.406341937793975205e+00 0.000000000000000000e+00 9.999000000000000110e-01 1.570796326794896558e+00 5.000000000000000000e+00
8.424766585790209594e-02 -6.286282932101605603e-02 0.000000000000000000e+00 1.000000000000000021e-08 1.765936735057692664e-01 9.234600764786715654e-01
1.765936735057692664e-01 9.234600764786715654e-01 0.000000000000000000e+00 1.000000000000000021e-08 3.943053636824515595e-01 2.177116901766822821e+00
3.943053636824515595e-01 2.177116901766822821e+00 0.000000000000000000e+00 1.000000000000000021e-08 7.683192711677705455e-01 3.740139074853189527e+00
7.683192711677705455e-01 3.740139074853189527e+00 2.000000000000000000e+00 1.000000000000000021e-08 1.181660903705205712e+00 4.133416325374351885e+00
1.181660903705205712e+00 4.133416325374351885e+00 0.000000000000000000e+00 9.999000000000000110e-01 1.570796326794896558e+00 5.000000000000000000e+00
6.867349383831097831e-02 -2.884432193849016668e-02 0.000000000000000000e+00 1.000000000000000021e-08 1.620606363543642681e-01 9.338714251605328975e-01
1.620606363543642681e-01 9.338714251605328975e-01 0.000000000000000000e+00 1.000000000000000021e-08 3.781475196307277908e-01 2.160868832763634728e+00
3.781475196307277908e-01 2.160868832763634728e+00 0.000000000000000000e+00 1.000000000000000021e-08 7.397486117260068106e-01 3.616010920952790642e+00
7.397486117260068106e-01 3.616010920952790642e+00 2.000000000000000000e+00 1.000000000000000021e-08 1.147376780856645739e+00 4.076281691306388844e+00
1.147376780856645739e+00 4.076281691306388844e+00 2.000000000000000000e+00 9.999000000000000110e-01 1.570796326794896558e+00 5.000000000000000000e+00
5.552021054866535660e-02 4.361211157162262625e-02 0.000000000000000000e+00 1.000000000000000021e-08 1.646531460041700812e-01 1.091329354555047093e+00
1.646531460041700812e-01 1.091329354555047093e+00 0.000000000000000000e+00 1.000000000000000021e-08 3.967481332167137054e-01 2.320949872125436020e+00
3.967481332167137054e-01 2.320949872125436020e+00 0.000000000000000000e+00 1.000000000000000021e-08 7.852265310689665601e-01 3.884783978522528436e+00
7.852265310689665601e-01 3.884783978522528436e+00 1.000000000000000000e+00 1.000000000000000021e-08 1.270696875922951330e+00 4.854703448539846811e+00
1.270696875922951330e+00 4.854703448539846811e+00 1.000000000000000000e+00 9.999000000000000110e-01 1.570796326794896558e+00 5.000000000000000000e+00
7.294693759750169038e-02 -1.081042763766865665e-02 2.000000000000000000e+00 1.000000000000000021e-08 1.380211239223273767e-02 -5.914482520526894715e-01
1.380211239223273767e-02 -5.914482520526894715e-01 2.000000000000000000e+00 1.000000000000000021e-08 -1.458975479020299670e-01 -1.596996602942626797e+00
-1.458975479020299670e-01 -1.596996602942626797e+00 1.000000000000000000e+00 1.000000000000000021e-08 -3.387450086226188040e-01 -1.928474607205888258e+00
-3.387450086226188040e-01 -1.928474607205888258e+00 0.000000000000000000e+00 1.000000000000000021e-08 -5.100566163028498190e-01 -1.713116076802309928e+00
-5.100566163028498190e-01 -1.713116076802309928e+00 0.000000000000000000e+00 1.000000000000000021e-08 -6.966477085071669517e-01 -1.865910922043171327e+00
-6.966477085071669517e-01 -1.865910922043171327e+00 1.000000000000000000e+00 1.000000000000000021e-08 -9.931885652942229470e-01 -2.965408567870559509e+00
-9.931885652942229470e-01 -2.965408567870559509e+00 1.000000000000000000e+00 1.000000000000000021e-08 -1.406710920796846898e+00 -4.135223555026239062e+00
-1.406710920796846898e+00 -4.135223555026239062e+00 1.000000000000000000e+00 9.999000000000000110e-01 -1.570796326794896558e+00 -5.000000000000000000e+00
1.572130688465267143e-02 -7.836832631233496549e-02 2.000000000000000000e+00 1.000000000000000021e-08 -8.199709180485637017e-02 -9.771839868950903396e-01
-8.199709180485637017e-02 -9.771839868950903396e-01 1.000000000000000000e+00 1.000000000000000021e-08 -1.806435841702053735e-01 -9.864649236534901444e-01
-1.806435841702053735e-01 -9.864649236534901444e-01 0.000000000000000000e+00 1.000000000000000021e-08 -2.376546150692373516e-01 -5.701103089903198917e-01
-2.376546150692373516e-01 -5.701103089903198917e-01 1.000000000000000000e+00 1.000000000000000021e-08 -3.205151068973550177e-01 -8.286049182811764391e-01
-3.205151068973550177e-01 -8.286049182811764391e-01 1.000000000000000000e+00 1.000000000000000021e-08 -4.713695296167348392e-01 -1.508544227193798104e+00
-4.713695296167348392e-01 -1.508544227193798104e+00 0.000000000000000000e+00 1.000000000000000021e-08 -6.183077446952903733e-01 -1.469382150785555119e+00
-6.183077446952903733e-01 -1.469382150785555119e+00 0.000000000000000000e+00 1.000000000000000021e-08 -7.975987232838380736e-01 -1.792909785885477225e+00
-7.975987232838380736e-01 -1.792909785885477225e+00 2.000000000000000000e+00 1.000000000000000021e-08 -1.154217769174022745e+00 -3.566190458901846938e+00
-1.154217769174022745e+00 -3.566190458901846938e+00 2.000000000000000000e+00 9.999000000000000110e-01 -1.570796326794896558e+00 -5.000000000000000000e+00
-3.076466033401389216e-02 5.268456790799715128e-02 2.000000000000000000e+00 1.000000000000000021e-08 -1.079582306998607133e-01 -7.719357036584680865e-01
-1.079582306998607133e-01 -7.719357036584680865e-01 1.000000000000000000e+00 1.000000000000000021e-08 -2.153628940534627056e-01 -1.074046633536019701e+00
-2.153628940534627056e-01 -1.074046633536019701e+00 0.000000000000000000e+00 1.000000000000000021e-08 -2.792154021700531397e-01 -6.385250811659044512e-01
-2.792154021700531397e-01 -6.385250811659044512e-01 2.000000000000000000e+00 1.000000000000000021e-08 -4.718234134809440317e-01 -1.926080113108908476e+00
-4.718234134809440317e-01 -1.926080113108908476e+00 2.000000000000000000e+00 1.000000000000000021e-08 -8.249678254904927455e-01 -3.531444120095486916e+00
-8.249678254904927455e-01 -3.531444120095486916e+00 1.000000000000000000e+00 1.000000000000000021e-08 -1.290595513212976719e+00 -4.656276877224840405e+00
-1.290595513212976719e+00 -4.656276877224840405e+00 1.000000000000000000e+00 9.999000000000000110e-01 -1.570796326794896558e+00 -5.000000000000000000e+00
-6.010766320178398403e-03 -7.273525544424563893e-02 0.000000000000000000e+00 1.000000000000000021e-08 7.192037481947546884e-02 7.793114113965385892e-01
7.192037481947546884e-02 7.793114113965385892e-01 0.000000000000000000e+00 1.000000000000000021e-08 2.567674255012054596e-01 1.848470506817299519e+00
2.567674255012054596e-01 1.848470506817299519e+00 1.000000000000000000e+00 1.000000000000000021e-08 4.702599448210813549e-01 2.134925193198758731e+00
4.702599448210813549e-01 2.134925193198758731e+00 2.000000000000000000e+00 1.000000000000000021e-08 6.932852345166617969e-01 2.230252896955804864e+00
6.932852345166617969e-01 2.230252896955804864e+00 1.000000000000000000e+00 1.000000000000000021e-08 1.008865978710599576e+00 3.155807441939377789e+00
1.008865978710599576e+00 3.155807441939377789e+00 2.000000000000000000e+00 1.000000000000000021e-08 1.399379952728104781e+00 3.905139740175052054e+00
1.399379952728104781e+00 3.905139740175052054e+00 0.000000000000000000e+00 9.999000000000000110e-01 1.570796326794896558e+00 5.000000000000000000e+00
-2.833296253509497153e-02 -7.966888801943371179e-02 2.000000000000000000e+00 1.000000000000000021e-08 -1.273819303893587995e-01 -9.904896785426383632e-01
-1.273819303893587995e-01 -9.904896785426383632e-01 1.000000000000000000e+00 1.000000000000000021e-08 -2.427236418164440135e-01 -1.153417114270852029e+00
-2.427236418164440135e-01 -1.153417114270852029e+00 1.000000000000000000e+00 1.000000000000000021e-08 -3.880218936545020147e-01 -1.452982518380580235e+00
-3.880218936545020147e-01 -1.452982518380580235e+00 2.000000000000000000e+00 1.000000000000000021e-08 -6.708630308551583044e-01 -2.828411372006562896e+00
-6.708630308551583044e-01 -2.828411372006562896e+00 2.000000000000000000e+00 1.000000000000000021e-08 -1.123754286570706418e+00 -4.528912557155480911e+00
-1.123754286570706418e+00 -4.528912557155480911e+00 1.000000000000000000e+00 9.999000000000000110e-01 -1.570796326794896558e+00 -5.000000000000000000e+00
7.784663023735689802e-02 -2.631546042511628131e-02 2.000000000000000000e+00 1.000000000000000021e-08 -1.169552477894802989e-02 -8.954215501630492513e-01
-1.169552477894802989e-02 -8.954215501630492513e-01 0.000000000000000000e+00 1.000000000000000021e-08 7.131826854593695253e-04 1.240870746440739802e-01
7.131826854593695253e-04 1.240870746440739802e-01 1.000000000000000000e+00 1.000000000000000021e-08 1.734020268322063315e-03 1.020837582862693660e-02
1.734020268322063315e-03 1.020837582862693660e-02 1.000000000000000000e+00 1.000000000000000021e-08 1.564139545210027626e-02 1.390737518377821447e-01
1.564139545210027626e-02 1.390737518377821447e-01 0.000000000000000000e+00 1.000000000000000021e-08 1.080812940862800192e-01 9.243989863417974018e-01
1.080812940862800192e-01 9.243989863417974018e-01 1.000000000000000000e+00 1.000000000000000021e-08 2.271937164341370496e-01 1.191124223478570165e+00
2.271937164341370496e-01 1.191124223478570165e+00 2.000000000000000000e+00 1.000000000000000021e-08 2.974458110167055302e-01 7.025209458256849171e-01
2.974458110167055302e-01 7.025209458256849171e-01 1.000000000000000000e+00 1.000000000000000021e-08 4.102120293056303879e-01 1.127662182889248577e+00
4.102120293056303879e-01 1.127662182889248577e+00 1.000000000000000000e+00 1.000000000000000021e-08 5.813239248735970754e-01 1.711118955679666431e+00
5.813239248735970754e-01 1.711118955679666431e+00 2.000000000000000000e+00 1.000000000000000021e-08 7.670762362051406491e-01 1.857523113315435515e+00
7.670762362051406491e-01 1.857523113315435515e+00 0.000000000000000000e+00 1.000000000000000021e-08 1.128538341020818070e+00 3.614621048156773320e+00
1.128538341020818070e+00 3.614621048156773320e+00 0.000000000000000000e+00 9.999000000000000110e-01 1.570796326794896558e+00 5.000000000000000000e+00
4.597318044446402352e-02 6.264059928850120723e-03 1.000000000000000000e+00 1.000000000000000021e-08 4.572784084167900304e-02 -2.453396027850213504e-03
4.572784084167900304e-02 -2.453396027850213504e-03 1.000000000000000000e+00 1.000000000000000021e-08 5.812943119798248681e-02 1.240159035630348516e-01
5.812943119798248681e-02 1.240159035630348516e-01 0.000000000000000000e+00 1.000000000000000021e-08 1.733827890499159141e-01 1.152533578519334245e+00
1.733827890499159141e-01 1.152533578519334245e+00 1.000000000000000000e+00 1.000000000000000021e-08 3.133582713149933863e-01 1.399754822650774777e+00
3.133582713149933863e-01 1.399754822650774777e+00 1.000000000000000000e+00 1.000000000000000021e-08 4.991658185570634898e-01 1.858075472420700924e+00
4.991658185570634898e-01 1.858075472420700924e+00 2.000000000000000000e+00 1.000000000000000021e-08 6.760524150181740355e-01 1.768865964611105124e+00
6.760524150181740355e-01 1.768865964611105124e+00 0.000000000000000000e+00 1.000000000000000021e-08 1.005219964322169979e+00 3.291675493039960099e+00
1.005219964322169979e+00 3.291675493039960099e+00 1.000000000000000000e+00 1.000000000000000021e-08 1.448645497154908535e+00 4.434255328327385115e+00
1.448645497154908535e+00 4.434255328327385115e+00 2.000000000000000000e+00 9.999000000000000110e-01 1.570796326794896558e+00 5.000000000000000000e+00
3.619619776362123509e-02 -4.316314946195998203e-02 0.000000000000000000e+00 1.000000000000000021e-08 1.256462849883062671e-01 8.945008722468501539e-01
1.256462849883062671e-01 8.945008722468501539e-01 0.000000000000000000e+00 1.000000000000000021e-08 3.324311027941375674e-01 2.067848178058312669e+00
3.324311027941375674e-01 2.067848178058312669e+00 1.000000000000000000e+00 1.000000000000000021e-08 5.923677495862352815e-01 2.599366467920976920e+00
5.923677495862352815e-01 2.599366467920976920e+00 2.000000000000000000e+00 1.000000000000000021e-08 8.766826515005782250e-01 2.843149019143429435e+00
8.766826515005782250e-01 2.843149019143429435e+00 0.000000000000000000e+00 1.000000000000000021e-08 1.335342313721447516e+00 4.586596622208692686e+00
1.335342313721447516e+00 4.586596622208692686e+00 1.000000000000000000e+00 9.999000000000000110e-01 1.570796326794896558e+00 5.000000000000000000e+00
-1.665911247292470310e-02 -1.726223568617846205e-02 0.000000000000000000e+00 1.000000000000000021e-08 6.368438178000548899e-02 8.034349425293018099e-01
6.368438178000548899e-02 8.034349425293018099e-01 2.000000000000000000e+00 1.000000000000000021e-08 7.286024099219716443e-02 9.175859212191672665e-02
7.286024099219716443e-02 9.175859212191672665e-02 2.000000000000000000e+00 1.000000000000000021e-08 2.176182777594939943e-02 -5.109841321624776223e-01
2.176182777594939943e-02 -5.109841321624776223e-01 2.000000000000000000e+00 1.000000000000000021e-08 -1.289266077399195687e-01 -1.506884355158689459e+00
-1.289266077399195687e-01 -1.506884355158689459e+00 2.000000000000000000e+00 1.000000000000000021e-08 -3.880776481937860956e-01 -2.591510404538665213e+00
-3.880776481937860956e-01 -2.591510404538665213e+00 1.000000000000000000e+00 1.000000000000000021e-08 -7.132408636382472356e-01 -3.251632154444610734e+00
-7.132408636382472356e-01 -3.251632154444610734e+00 0.000000000000000000e+00 1.000000000000000021e-08 -1.078901549511494640e+00 -3.656606858732472709e+00
-1.078901549511494640e+00 -3.656606858732472709e+00 2.000000000000000000e+00 9.999000000000000110e-01 -1.570796326794896558e+00 -5.000000000000000000e+00
7.110735264377944509e-02 -7.008730797641320176e-02 1.000000000000000000e+00 1.000000000000000021e-08 6.511298168686648069e-02 -5.994370956912964399e-02
6.511298168686648069e-02 -5.994370956912964399e-02 0.000000000000000000e+00 1.000000000000000021e-08 1.498481285603822100e-01 8.473514687351572094e-01
1.498481285603822100e-01 8.473514687351572094e-01 2.000000000000000000e+00 1.000000000000000021e-08 1.720680986739311913e-01 2.221997011354898133e-01
1.720680986739311913e-01 2.221997011354898133e-01 0.000000000000000000e+00 1.000000000000000021e-08 2.980143397412750028e-01 1.259462410673438004e+00
2.980143397412750028e-01 1.259462410673438004e+00 0.000000000000000000e+00 1.000000000000000021e-08 5.649003822103437766e-01 2.668860424690687516e+00
5.649003822103437766e-01 2.668860424690687516e+00 2.000000000000000000e+00 1.000000000000000021e-08 8.357868421906058387e-01 2.708864599802620177e+00
8.357868421906058387e-01 2.708864599802620177e+00 2.000000000000000000e+00 1.000000000000000021e-08 1.174132162702198556e+00 3.383453205115925844e+00
1.174132162702198556e+00 3.383453205115925844e+00 0.000000000000000000e+00 9.999000000000000110e-01 1.570796326794896558e+00 4.991481784085399553e+00
-7.075836946626409829e-02 7.658446202741893416e-02 0.000000000000000000e+00 1.000000000000000021e-08 -1.649003152478234480e-04 7.059346915101627484e-01
-1.649003152478234480e-04 7.059346915101627484e-01 2.000000000000000000e+00 1.000000000000000021e-08 -1.537662117817832456e-02 -1.521172086293050008e-01
-1.537662117817832456e-02 -1.521172086293050008e-01 2.000000000000000000e+00 1.000000000000000021e-08 -1.347624725724852479e-01 -1.193858513943069299e+00
-1.347624725724852479e-01 -1.193858513943069299e+00 1.000000000000000000e+00 1.000000000000000021e-08 -2.890063083908387953e-01 -1.542438358183535474e+00
-2.890063083908387953e-01 -1.542438358183535474e+00 1.000000000000000000e+00 1.000000000000000021e-08 -5.010823842958250784e-01 -2.120760759049862720e+00
-5.010823842958250784e-01 -2.120760759049862720e+00 2.000000000000000000e+00 1.000000000000000021e-08 -8.566269635167418350e-01 -3.555445792209167344e+00
-8.566269635167418350e-01 -3.555445792209167344e+00 2.000000000000000000e+00 1.000000000000000021e-08 -1.381354523675381918e+00 -5.000000000000000000e+00
-1.381354523675381918e+00 -5.000000000000000000e+00 2.000000000000000000e+00 9.999000000000000110e-01 -1.570796326794896558e+00 -5.000000000000000000e+00
4.271876823902006487e-03 7.444077744609098324e-02 2.000000000000000000e+00 1.000000000000000021e-08 -8.126121315354627173e-02 -8.553308997744827336e-01
-8.126121315354627173e-02 -8.553308997744827336e-01 0.000000000000000000e+00 1.000000000000000021e-08 -9.469264121013742930e-02 -1.343142805659115480e-01
-9.469264121013742930e-02 -1.343142805659115480e-01 1.000000000000000000e+00 1.000000000000000021e-08 -1.277716005140883682e-01 -3.307895930395094442e-01
-1.277716005140883682e-01 -3.307895930395094442e-01 2.000000000000000000e+00 1.000000000000000021e-08 -2.698521174637071862e-01 -1.420805169496188292e+00
-2.698521174637071862e-01 -1.420805169496188292e+00 0.000000000000000000e+00 1.000000000000000021e-08 -3.580788874106917707e-01 -8.822676994698456232e-01
-3.580788874106917707e-01 -8.822676994698456232e-01 2.000000000000000000e+00 1.000000000000000021e-08 -5.860524795341722770e-01 -2.279735921234804952e+00
-5.860524795341722770e-01 -2.279735921234804952e+00 1.000000000000000000e+00 1.000000000000000021e-08 -9.126809882832132015e-01 -3.266285087490409467e+00
-9.126809882832132015e-01 -3.266285087490409467e+00 0.000000000000000000e+00 1.000000000000000021e-08 -1.310789075551195282e+00 -3.981080872679820803e+00
-1.310789075551195282e+00 -3.981080872679820803e+00 2.000000000000000000e+00 9.999000000000000110e-01 -1.570796326794896558e+00 -5.000000000000000000e+00
-2.145369206373590187e-02 4.097989846381336343e-02 1.000000000000000000e+00 1.000000000000000021e-08 -8.685093022983696176e-03 1.276859904075220431e-01
-8.685093022983696176e-03 1.276859904075220431e-01 0.000000000000000000e+00 1.000000000000000021e-08 9.689774099110859407e-02 1.055828340140922750e+00
9.689774099110859407e-02 1.055828340140922750e+00 0.000000000000000000e+00 1.000000000000000021e-08 3.048159565076724586e-01 2.079182155165638424e+00
3.048159565076724586e-01 2.079182155165638424e+00 2.000000000000000000e+00 1.000000000000000021e-08 4.646167771785446599e-01 1.598008206708721568e+00
4.646167771785446599e-01 1.598008206708721568e+00 0.000000000000000000e+00 1.000000000000000021e-08 7.658351838175385673e-01 3.012184066389938408e+00
7.658351838175385673e-01 3.012184066389938408e+00 2.000000000000000000e+00 1.000000000000000021e-08 1.107524907065571940e+00 3.416897232480333280e+00
1.107524907065571940e+00 3.416897232480333280e+00 0.000000000000000000e+00 9.999000000000000110e-01 1.570796326794896558e+00 4.988064059250039151e+00
7.974935737466591623e-02 -4.394498301078855751e-02 0.000000000000000000e+00 1.000000000000000021e-08 1.749604135496435897e-01 9.521105617497764850e-01
1.749604135496435897e-01 9.521105617497764850e-01 1.000000000000000000e+00 1.000000000000000021e-08 3.003315094222210879e-01 1.253710958725775093e+00
3.003315094222210879e-01 1.253710958725775093e+00 2.000000000000000000e+00 1.000000000000000021e-08 3.860673275117926240e-01 8.573581808957151384e-01
3.860673275117926240e-01 8.573581808957151384e-01 2.000000000000000000e+00 1.000000000000000021e-08 4.592826207619449264e-01 7.321529325015226908e-01
4.592826207619449264e-01 7.321529325015226908e-01 1.000000000000000000e+00 1.000000000000000021e-08 6.113172202892425133e-01 1.520345995272975870e+00
6.113172202892425133e-01 1.520345995272975870e+00 2.000000000000000000e+00 1.000000000000000021e-08 7.846870626241309044e-01 1.733698423348884354e+00
7.846870626241309044e-01 1.733698423348884354e+00 1.000000000000000000e+00 1.000000000000000021e-08 1.068056857060282860e+00 2.833697944361519561e+00
1.068056857060282860e+00 2.833697944361519561e+00 0.000000000000000000e+00 1.000000000000000021e-08 1.510663793958719747e+00 4.426069368984368424e+00
1.510663793958719747e+00 4.426069368984368424e+00 1.000000000000000000e+00 9.999000000000000110e-01 1.570796326794896558e+00 5.000000000000000000e+00
-3.462756999051105899e-02 -3.004408275232250264e-02 2.000000000000000000e+00 1.000000000000000021e-08 -1.389627605637380747e-01 -1.043351905732270213e+00
-1.389627605637380747e-01 -1.043351905732270213e+00 0.000000000000000000e+00 1.000000000000000021e-08 -1.645899125449388212e-01 -2.562715198120073534e-01
-1.645899125449388212e-01 -2.562715198120073534e-01 2.000000000000000000e+00 1.000000000000000021e-08 -3.212158317212977510e-01 -1.566259191763589520e+00
-3.212158317212977510e-01 -1.566259191763589520e+00 0.000000000000000000e+00 1.000000000000000021e-08 -4.550643595456409507e-01 -1.338485278243432219e+00
-4.550643595456409507e-01 -1.338485278243432219e+00 0.000000000000000000e+00 1.000000000000000021e-08 -5.892123544769157784e-01 -1.341479949312748055e+00
-5.892123544769157784e-01 -1.341479949312748055e+00 2.000000000000000000e+00 1.000000000000000021e-08 -8.878250316123607044e-01 -2.986126771354449261e+00
-8.878250316123607044e-01 -2.986126771354449261e+00 0.000000000000000000e+00 1.000000000000000021e-08 -1.243743640054986166e+00 -3.559186084426254393e+00
-1.243743640054986166e+00 -3.559186084426254393e+00 1.000000000000000000e+00 9.999000000000000110e-01 -1.570796326794896558e+00 -4.927543963806538585e+00
-5.709510419726771674e-03 -6.669847477818958981e-02 0.000000000000000000e+00 1.000000000000000021e-08 8.413278997257758740e-02 8.984230039230435283e-01
8.413278997257758740e-02 8.984230039230435283e-01 2.000000000000000000e+00 1.000000000000000021e-08 1.133494786466327925e-01 2.921668867405520231e-01
1.133494786466327925e-01 2.921668867405520231e-01 2.000000000000000000e+00 1.000000000000000021e-08 6.048838361135251002e-02 -5.286109503528028108e-01
6.048838361135251002e-02 -5.286109503528028108e-01 1.000000000000000000e+00 1.000000000000000021e-08 2.809019176474864682e-02 -3.239819184660386320e-01
2.809019176474864682e-02 -3.239819184660386320e-01 2.000000000000000000e+00 1.000000000000000021e-08 -8.086329644991091525e-02 -1.089534882146595551e+00
-8.086329644991091525e-02 -1.089534882146595551e+00 0.000000000000000000e+00 1.000000000000000021e-08 -1.063177498689482775e-01 -2.545445341903735947e-01
-1.063177498689482775e-01 -2.545445341903735947e-01 2.000000000000000000e+00 1.000000000000000021e-08 -2.430842837562742775e-01 -1.367665338873259806e+00
-2.430842837562742775e-01 -1.367665338873259806e+00 2.000000000000000000e+00 1.000000000000000021e-08 -5.089811780327901936e-01 -2.658968942765159493e+00
-5.089811780327901936e-01 -2.658968942765159493e+00 0.000000000000000000e+00 1.000000000000000021e-08 -7.823308258146053351e-01 -2.733496477818150527e+00
-7.823308258146053351e-01 -2.733496477818150527e+00 1.000000000000000000e+00 1.000000000000000021e-08 -1.158511628157778750e+00 -3.761808023431733261e+00
-1.158511628157778750e+00 -3.761808023431733261e+00 1.000000000000000000e+00 9.999000000000000110e-01 -1.570796326794896558e+00 -5.000000000000000000e+00
-5.150217905317552164e-02 4.999933599946713991e-02 1.000000000000000000e+00 1.000000000000000021e-08 -7.041723860700047077e-02 -1.891505955382494775e-01
-7.041723860700047077e-02 -1.891505955382494775e-01 2.000000000000000000e+00 1.000000000000000021e-08 -1.968681997286046148e-01 -1.264509611216041440e+00
-1.968681997286046148e-01 -1.264509611216041440e+00 2.000000000000000000e+00 1.000000000000000021e-08 -4.510927116458021136e-01 -2.542245119171974821e+00
-4.510927116458021136e-01 -2.542245119171974821e+00 2.000000000000000000e+00 1.000000000000000021e-08 -8.522328298789176859e-01 -4.011401182331155724e+00
-8.522328298789176859e-01 -4.011401182331155724e+00 1.000000000000000000e+00 1.000000000000000021e-08 -1.360316451282446160e+00 -5.000000000000000000e+00
-1.360316451282446160e+00 -5.000000000000000000e+00 2.000000000000000000e+00 9.999000000000000110e-01 -1.570796326794896558e+00 -5.000000000000000000e+00
-3.472143105221568715e-02 1.526765658455411095e-02 0.000000000000000000e+00 1.000000000000000021e-08 6.543901342816427213e-02 1.001604444803799510e+00
6.543901342816427213e-02 1.001604444803799510e+00 0.000000000000000000e+00 1.000000000000000021e-08 2.690801726124096294e-01 2.036411591842453461e+00
2.690801726124096294e-01 2.036411591842453461e+00 2.000000000000000000e+00 1.000000000000000021e-08 4.229417874920748943e-01 1.538616148796652761e+00
4.229417874920748943e-01 1.538616148796652761e+00 0.000000000000000000e+00 1.000000000000000021e-08 7.268396655653309724e-01 3.038978780732560558e+00
7.268396655653309724e-01 3.038978780732560558e+00 1.000000000000000000e+00 1.000000000000000021e-08 1.133292117072996597e+00 4.064524515076657352e+00
1.133292117072996597e+00 4.064524515076657352e+00 0.000000000000000000e+00 9.999000000000000110e-01 1.570796326794896558e+00 5.000000000000000000e+00
4.555810253300882073e-02 -2.168944328383011488e-02 2.000000000000000000e+00 1.000000000000000021e-08 -3.061876986096204178e-02 -7.617687239397085142e-01
-3.061876986096204178e-02 -7.617687239397085142e-01 2.000000000000000000e+00 1.000000000000000021e-08 -2.013803664325501674e-01 -1.707615965715881146e+00
-2.013803664325501674e-01 -1.707615965715881146e+00 0.000000000000000000e+00 1.000000000000000021e-08 -3.159888454081833942e-01 -1.146084789756332434e+00
-3.159888454081833942e-01 -1.146084789756332434e+00 0.000000000000000000e+00 1.000000000000000021e-08 -4.118815480842706878e-01 -9.589270267608731579e-01
-4.118815480842706878e-01 -9.589270267608731579e-01 1.000000000000000000e+00 1.000000000000000021e-08 -5.824104408996922944e-01 -1.705288928154215622e+00
-5.824104408996922944e-01 -1.705288928154215622e+00 2.000000000000000000e+00 1.000000000000000021e-08 -9.221650872902277252e-01 -3.397546463905354308e+00
-9.221650872902277252e-01 -3.397546463905354308e+00 2.000000000000000000e+00 1.000000000000000021e-08 -1.416649695519095253e+00 -4.944846082288675504e+00
-1.416649695519095253e+00 -4.944846082288675504e+00 1.000000000000000000e+00 9.999000000000000110e-01 -1.570796326794896558e+00 -5.000000000000000000e+00
3.484415449086366440e-02 -1.142370954629272524e-02 0.000000000000000000e+00 1.000000000000000021e-08 1.258178065746766161e-01 9.097365208381295032e-01
1.258178065746766161e-01 9.097365208381295032e-01 1.000000000000000000e+00 1.000000000000000021e-08 2.347936172240032704e-01 1.089758106493266432e+00
2.347936172240032704e-01 1.089758106493266432e+00 1.000000000000000000e+00 1.000000000000000021e-08 3.846436879043054757e-01 1.498500706803022275e+00
3.846436879043054757e-01 1.498500706803022275e+00 2.000000000000000000e+00 1.000000000000000021e-08 5.258619746469508360e-01 1.412182867426453825e+00
5.258619746469508360e-01 1.412182867426453825e+00 0.000000000000000000e+00 1.000000000000000021e-08 8.201021238720367368e-01 2.942401492250859008e+00
8.201021238720367368e-01 2.942401492250859008e+00 1.000000000000000000e+00 1.000000000000000021e-08 1.222454578721324570e+00 4.023524548492877884e+00
1.222454578721324570e+00 4.023524548492877884e+00 0.000000000000000000e+00 9.999000000000000110e-01 1.570796326794896558e+00 5.000000000000000000e+00
5.641350536242074887e-02 -6.176349994960247253e-02 2.000000000000000000e+00 1.000000000000000021e-08 -3.986392213186085165e-02 -9.627742749428159774e-01
-3.986392213186085165e-02 -9.627742749428159774e-01 1.000000000000000000e+00 1.000000000000000021e-08 -1.425044742391427532e-01 -1.026405521072818905e+00
-1.425044742391427532e-01 -1.026405521072818905e+00 2.000000000000000000e+00 1.000000000000000021e-08 -3.669646113281385125e-01 -2.244601370889957259e+00
-3.669646113281385125e-01 -2.244601370889957259e+00 1.000000000000000000e+00 1.000000000000000021e-08 -6.511682895646181413e-01 -2.842036782364796288e+00
-6.511682895646181413e-01 -2.842036782364796288e+00 0.000000000000000000e+00 1.000000000000000021e-08 -9.663801311270798777e-01 -3.152118415624617143e+00
-9.663801311270798777e-01 -3.152118415624617143e+00 0.000000000000000000e+00 1.000000000000000021e-08 -1.354657322973837674e+00 -3.882771918467578409e+00
-1.354657322973837674e+00 -3.882771918467578409e+00 1.000000000000000000e+00 9.999000000000000110e-01 -1.570796326794896558e+00 -5.000000000000000000e+00
3.091439358329391845e-02 -4.809179449878324408e-02 1.000000000000000000e+00 1.000000000000000021e-08 1.651979651811835009e-02 -1.439459706517556559e-01
1.651979651811835009e-02 -1.439459706517556559e-01 1.000000000000000000e+00 1.000000000000000021e-08 1.447347440070046766e-02 -2.046322117417882780e-02
1.447347440070046766e-02 -2.046322117417882780e-02 1.000000000000000000e+00 1.000000000000000021e-08 2.691559052558790271e-02 1.244211612488743263e-01
2.691559052558790271e-02 1.244211612488743263e-01 2.000000000000000000e+00 1.000000000000000021e-08 -3.892087315354366556e-02 -6.583646367913156272e-01
-3.892087315354366556e-02 -6.583646367913156272e-01 1.000000000000000000e+00 1.000000000000000021e-08 -1.101765805306376134e-01 -7.125570737709394642e-01
-1.101765805306376134e-01 -7.125570737709394642e-01 1.000000000000000000e+00 1.000000000000000021e-08 -1.955704329684317400e-01 -8.539385243779410439e-01
-1.955704329684317400e-01 -8.539385243779410439e-01 2.000000000000000000e+00 1.000000000000000021e-08 -3.868768846381415161e-01 -1.913064516697097428e+00
-3.868768846381415161e-01 -1.913064516697097428e+00 2.000000000000000000e+00 1.000000000000000021e-08 -7.172699345595039411e-01 -3.303930499213624472e+00
-7.172699345595039411e-01 -3.303930499213624472e+00 2.000000000000000000e+00 1.000000000000000021e-08 -1.205980757955215088e+00 -4.887108233957111914e+00
-1.205980757955215088e+00 -4.887108233957111914e+00 2.000000000000000000e+00 9.999000000000000110e-01 -1.570796326794896558e+00 -5.000000000000000000e+00
-4.632129096046599948e-03 7.476288700792603492e-02 2.000000000000000000e+00 1.000000000000000021e-08 -8.550791156354559108e-02 -8.087578246749899114e-01
-8.550791156354559108e-02 -8.087578246749899114e-01 0.000000000000000000e+00 1.000000000000000021e-08 -8.639754451984260619e-02 -8.896329562970151095e-03
-8.639754451984260619e-02 -8.896329562970151095e-03 1.000000000000000000e+00 1.000000000000000021e-08 -8.566099794775096365e-02 7.365465720916394149e-03
-8.566099794775096365e-02 7.365465720916394149e-03 2.000000000000000000e+00 1.000000000000000021e-08 -1.955968090729774955e-01 -1.099358111252265235e+00
-1.955968090729774955e-01 -1.099358111252265235e+00 0.000000000000000000e+00 1.000000000000000021e-08 -2.590366031639385058e-01 -6.343979409096101030e-01
-2.590366031639385058e-01 -6.343979409096101030e-01 1.000000000000000000e+00 1.000000000000000021e-08 -3.627062643615772686e-01 -1.036696611976387850e+00
-3.627062643615772686e-01 -1.036696611976387850e+00 2.000000000000000000e+00 1.000000000000000021e-08 -6.154711790839448859e-01 -2.527649147223675286e+00
-6.154711790839448859e-01 -2.527649147223675286e+00 1.000000000000000000e+00 1.000000000000000021e-08 -9.657650315625203596e-01 -3.502938524785754293e+00
-9.657650315625203596e-01 -3.502938524785754293e+00 2.000000000000000000e+00 1.000000000000000021e-08 -1.483820693853135975e+00 -5.000000000000000000e+00
-1.483820693853135975e+00 -5.000000000000000000e+00 1.000000000000000000e+00 9.999000000000000110e-01 -1.570796326794896558e+00 -5.000000000000000000e+00
4.622329123047230065e-02 7.954975953176907089e-02 1.000000000000000000e+00 1.000000000000000021e-08 6.439389917517021611e-02 1.817060794469791407e-01
6.439389917517021611e-02 1.817060794469791407e-01 2.000000000000000000e+00 1.000000000000000021e-08 -6.449559506527813291e-04 -6.503885512582299189e-01
-6.449559506527813291e-04 -6.503885512582299189e-01 2.000000000000000000e+00 1.000000000000000021e-08 -1.707660888395313159e-01 -1.701211328888785124e+00
-1.707660888395313159e-01 -1.701211328888785124e+00 1.000000000000000000e+00 1.000000000000000021e-08 -3.522356316867427117e-01 -1.814695428472113736e+00
-3.522356316867427117e-01 -1.814695428472113736e+00 0.000000000000000000e+00 1.000000000000000021e-08 -5.236610040260253340e-01 -1.714253723392826112e+00
-5.236610040260253340e-01 -1.714253723392826112e+00 1.000000000000000000e+00 1.000000000000000021e-08 -7.894943308785777880e-01 -2.658333268525524318e+00
-7.894943308785777880e-01 -2.658333268525524318e+00 1.000000000000000000e+00 1.000000000000000021e-08 -1.151992639455421186e+00 -3.624983085768434421e+00
-1.151992639455421186e+00 -3.624983085768434421e+00 1.000000000000000000e+00 9.999000000000000110e-01 -1.570796326794896558e+00 -4.940796176720842148e+00
-2.206805752307482160e-02 8.258570092308624433e-02 1.000000000000000000e+00 1.000000000000000021e-08 -3.377352997741950302e-02 -1.170547245434468003e-01
-3.377352997741950302e-02 -1.170547245434468003e-01 2.000000000000000000e+00 1.000000000000000021e-08 -1.408920454517669785e-01 -1.071185154743474532e+00
-1.408920454517669785e-01 -1.071185154743474532e+00 0.000000000000000000e+00 1.000000000000000021e-08 -1.847859133683012467e-01 -4.389386791653427933e-01
-1.847859133683012467e-01 -4.389386791653427933e-01 1.000000000000000000e+00 1.000000000000000021e-08 -2.610013959880255197e-01 -7.621548261972427296e-01
-2.610013959880255197e-01 -7.621548261972427296e-01 2.000000000000000000e+00 1.000000000000000021e-08 -4.569435248236434211e-01 -1.959421288356178792e+00
-4.569435248236434211e-01 -1.959421288356178792e+00 1.000000000000000000e+00 1.000000000000000021e-08 -7.351684357772281242e-01 -2.782249109535846365e+00
-7.351684357772281242e-01 -2.782249109535846365e+00 2.000000000000000000e+00 1.000000000000000021e-08 -1.167384464798903787e+00 -4.322160290216755740e+00
-1.167384464798903787e+00 -4.322160290216755740e+00 2.000000000000000000e+00 9.999000000000000110e-01 -1.570796326794896558e+00 -5.000000000000000000e+00
1.965045100104229059e-02 9.238684323720040836e-03 1.000000000000000000e+00 1.000000000000000021e-08 3.211223534333263602e-02 1.246178434229034404e-01
3.211223534333263602e-02 1.246178434229034404e-01 2.000000000000000000e+00 1.000000000000000021e-08 -2.820308858365305066e-02 -6.031532392698568668e-01
-2.820308858365305066e-02 -6.031532392698568668e-01 1.000000000000000000e+00 1.000000000000000021e-08 -9.389782118214592965e-02 -6.569473259849288871e-01
-9.389782118214592965e-02 -6.569473259849288871e-01 1.000000000000000000e+00 1.000000000000000021e-08 -1.734864322672697579e-01 -7.958861108512381710e-01
-1.734864322672697579e-01 -7.958861108512381710e-01 1.000000000000000000e+00 1.000000000000000021e-08 -2.717443310061239403e-01 -9.825789873885415471e-01
-2.717443310061239403e-01 -9.825789873885415471e-01 2.000000000000000000e+00 1.000000000000000021e-08 -5.024216811893309487e-01 -2.306773501832069861e+00
-5.024216811893309487e-01 -2.306773501832069861e+00 1.000000000000000000e+00 1.000000000000000021e-08 -8.233688549140141255e-01 -3.209471737246832213e+00
-8.233688549140141255e-01 -3.209471737246832213e+00 2.000000000000000000e+00 1.000000000000000021e-08 -1.317549614684946580e+00 -4.941807597709324540e+00
-1.317549614684946580e+00 -4.941807597709324540e+00 0.000000000000000000e+00 9.999000000000000110e-01 -1.570796326794896558e+00 -5.000000000000000000e+00
7.593793176247891352e-02 1.959411269479465964e-02 0.000000000000000000e+00 1.000000000000000021e-08 1.740966368344127324e-01 9.815870507193380501e-01
1.740966368344127324e-01 9.815870507193380501e-01 1.000000000000000000e+00 1.000000000000000021e-08 3.028762595799514568e-01 1.287796227455387132e+00
3.028762595799514568e-01 1.287796227455387132e+00 1.000000000000000000e+00 1.000000000000000021e-08 4.914983562137655859e-01 1.886220966338140848e+00
4.914983562137655859e-01 1.886220966338140848e+00 1.000000000000000000e+00 1.000000000000000021e-08 7.612329025125603721e-01 2.697345462987948306e+00
7.612329025125603721e-01 2.697345462987948306e+00 2.000000000000000000e+00 1.000000000000000021e-08 1.079336948621817616e+00 3.181040461092571547e+00
1.079336948621817616e+00 3.181040461092571547e+00 1.000000000000000000e+00 1.000000000000000021e-08 1.531835022703140092e+00 4.524980740813224322e+00
1.531835022703140092e+00 4.524980740813224322e+00 2.000000000000000000e+00 9.999000000000000110e-01 1.570796326794896558e+00 5.000000000000000000e+00
7.773216886813252846e-02 -4.434367059079903639e-02 0.000000000000000000e+00 1.000000000000000021e-08 1.859386238083205467e-01 1.082064549401880127e+00
1.859386238083205467e-01 1.082064549401880127e+00 0.000000000000000000e+00 1.000000000000000021e-08 4.215205133112121527e-01 2.355818895028916060e+00
4.215205133112121527e-01 2.355818895028916060e+00 1.000000000000000000e+00 1.000000000000000021e-08 7.378570600733694862e-01 3.163365467621573224e+00
7.378570600733694862e-01 3.163365467621573224e+00 1.000000000000000000e+00 1.000000000000000021e-08 1.147300498818361492e+00 4.094434387449919832e+00
1.147300498818361492e+00 4.094434387449919832e+00 0.000000000000000000e+00 9.999000000000000110e-01 1.570796326794896558e+00 5.000000000000000000e+00
-7.126488611268620710e-02 -7.857687416358688504e-02 0.000000000000000000e+00 1.000000000000000021e-08 1.157980858830527648e-02 8.284469470099147248e-01
1.157980858830527648e-02 8.284469470099147248e-01 0.000000000000000000e+00 1.000000000000000021e-08 1.989281512709126232e-01 1.873483426826073384e+00
1.989281512709126232e-01 1.873483426826073384e+00 2.000000000000000000e+00 1.000000000000000021e-08 3.182651471495071549e-01 1.193369958785944984e+00
3.182651471495071549e-01 1.193369958785944984e+00 1.000000000000000000e+00 1.000000000000000021e-08 4.749796535601545910e-01 1.567145064106474139e+00
4.749796535601545910e-01 1.567145064106474139e+00 2.000000000000000000e+00 1.000000000000000021e-08 6.299218361845717595e-01 1.549421826244171907e+00
6.299218361845717595e-01 1.549421826244171907e+00 2.000000000000000000e+00 1.000000000000000021e-08 8.182832771122068305e-01 1.883614409276350266e+00
8.182832771122068305e-01 1.883614409276350266e+00 1.000000000000000000e+00 1.000000000000000021e-08 1.124544524953851266e+00 3.062612478416443906e+00
1.124544524953851266e+00 3.062612478416443906e+00 2.000000000000000000e+00 1.000000000000000021e-08 1.533397041254070281e+00 4.088525163002190155e+00
1.533397041254070281e+00 4.088525163002190155e+00 2.000000000000000000e+00 9.999000000000000110e-01 1.570796326794896558e+00 5.000000000000000000e+00
-2.111752681453744895e-02 3.158370434612629840e-02 2.000000000000000000e+00 1.000000000000000021e-08 -1.229640589737915762e-01 -1.018465321592541217e+00
-1.229640589737915762e-01 -1.018465321592541217e+00 2.000000000000000000e+00 1.000000000000000021e-08 -3.392629967056466911e-01 -2.162989377318551121e+00
-3.392629967056466911e-01 -2.162989377318551121e+00 0.000000000000000000e+00 1.000000000000000021e-08 -5.341001299798761037e-01 -1.948371332742293793e+00
