-5.083612176102690616e-02 -2.931675311004884946e-02 2.000000000000000000e+00 1.000000000000000021e-08 -1.570898627252220181e-01 -1.062537409641951092e+00
-1.570898627252220181e-01 -1.062537409641951092e+00 0.000000000000000000e+00 1.000000000000000021e-08 -1.876770293959471314e-01 -3.058716667072510775e-01
-1.876770293959471314e-01 -3.058716667072510775e-01 0.000000000000000000e+00 1.000000000000000021e-08 -1.806246193031732228e-01 7.052410092773914174e-02
-1.806246193031732228e-01 7.052410092773914174e-02 0.000000000000000000e+00 1.000000000000000021e-08 -1.128443775423132456e-01 6.778024176085997166e-01
-1.128443775423132456e-01 6.778024176085997166e-01 2.000000000000000000e+00 1.000000000000000021e-08 -1.620072767468070940e-01 -4.916289920449385953e-01
-1.620072767468070940e-01 -4.916289920449385953e-01 2.000000000000000000e+00 1.000000000000000021e-08 -3.186666538365293677e-01 -1.566593770897222404e+00
-3.186666538365293677e-01 -1.566593770897222404e+00 1.000000000000000000e+00 1.000000000000000021e-08 -5.238348502684193608e-01 -2.051681964318899709e+00
-5.238348502684193608e-01 -2.051681964318899709e+00 2.000000000000000000e+00 1.000000000000000021e-08 -8.695900953902179209e-01 -3.457552451217985379e+00
-8.695900953902179209e-01 -3.457552451217985379e+00 0.000000000000000000e+00 1.000000000000000021e-08 -1.276442221858954174e+00 -4.068521264687361416e+00
-1.276442221858954174e+00 -4.068521264687361416e+00 2.000000000000000000e+00 9.999000000000000110e-01 -1.570796326794896558e+00 -5.000000000000000000e+00
3.941354013366142606e-02 6.328598300893618911e-02 1.000000000000000000e+00 1.000000000000000021e-08 4.620856556277680438e-02 6.795025429115378324e-02
4.620856556277680438e-02 6.795025429115378324e-02 2.000000000000000000e+00 1.000000000000000021e-08 -3.587962392292287639e-02 -8.208818948569968077e-01
-3.587962392292287639e-02 -8.208818948569968077e-01 1.000000000000000000e+00 1.000000000000000021e-08 -1.158149588893976900e-01 -7.993533496647481362e-01
-1.158149588893976900e-01 -7.993533496647481362e-01 2.000000000000000000e+00 1.000000000000000021e-08 -3.198317135125895438e-01 -2.040167546231918205e+00
-3.198317135125895438e-01 -2.040167546231918205e+00 0.000000000000000000e+00 1.000000000000000021e-08 -4.865959590580816174e-01 -1.667642455454920736e+00
-4.865959590580816174e-01 -1.667642455454920736e+00 2.000000000000000000e+00 1.000000000000000021e-08 -7.975104738359026779e-01 -3.109145147778209939e+00
-7.975104738359026779e-01 -3.109145147778209939e+00 0.000000000000000000e+00 1.000000000000000021e-08 -1.168489744882634351e+00 -3.709792710467315846e+00
-1.168489744882634351e+00 -3.709792710467315846e+00 2.000000000000000000e+00 9.999000000000000110e-01 -1.570796326794896558e+00 -5.000000000000000000e+00
4.311694809159723196e-03 1.985827590119742039e-02 1.000000000000000000e+00 1.000000000000000021e-08 8.382936213326042281e-04 -3.473401187827118708e-02
8.382936213326042281e-04 -3.473401187827118708e-02 2.000000000000000000e+00 1.000000000000000021e-08 -7.974285015152582368e-02 -8.058114377285842123e-01
-7.974285015152582368e-02 -8.058114377285842123e-01 1.000000000000000000e+00 1.000000000000000021e-08 -1.885997406549861921e-01 -1.088568905034603684e+00
-1.885997406549861921e-01 -1.088568905034603684e+00 1.000000000000000000e+00 1.000000000000000021e-08 -3.158756117960587195e-01 -1.272758711410725496e+00
-3.158756117960587195e-01 -1.272758711410725496e+00 2.000000000000000000e+00 1.000000000000000021e-08 -5.791026899150422125e-01 -2.632270781189835596e+00
-5.791026899150422125e-01 -2.632270781189835596e+00 2.000000000000000000e+00 1.000000000000000021e-08 -1.009675137543163626e+00 -4.305724476281213242e+00
-1.009675137543163626e+00 -4.305724476281213242e+00 1.000000000000000000e+00 1.000000000000000021e-08 -1.553228147949882398e+00 -5.000000000000000000e+00
-1.553228147949882398e+00 -5.000000000000000000e+00 0.000000000000000000e+00 9.999000000000000110e-01 -1.570796326794896558e+00 -5.000000000000000000e+00
4.764008608244608978e-02 4.181104428482940172e-02 2.000000000000000000e+00 1.000000000000000021e-08 -3.158849414982051185e-02 -7.922858023226659885e-01
-3.158849414982051185e-02 -7.922858023226659885e-01 1.000000000000000000e+00 1.000000000000000021e-08 -1.172870543867771675e-01 -8.569856023695665570e-01
-1.172870543867771675e-01 -8.569856023695665570e-01 1.000000000000000000e+00 1.000000000000000021e-08 -2.074223104217361169e-01 -9.013525603495894378e-01
-2.074223104217361169e-01 -9.013525603495894378e-01 0.000000000000000000e+00 1.000000000000000021e-08 -2.332598104328733879e-01 -2.583750001113727102e-01
-2.332598104328733879e-01 -2.583750001113727102e-01 0.000000000000000000e+00 1.000000000000000021e-08 -2.061673643193211447e-01 2.709244611355224874e-01
-2.061673643193211447e-01 2.709244611355224874e-01 2.000000000000000000e+00 1.000000000000000021e-08 -2.913009548318320485e-01 -8.513359051251087051e-01
-2.913009548318320485e-01 -8.513359051251087051e-01 0.000000000000000000e+00 1.000000000000000021e-08 -3.317924403544582068e-01 -4.049148552262616385e-01
-3.317924403544582068e-01 -4.049148552262616385e-01 0.000000000000000000e+00 1.000000000000000021e-08 -3.439398990544717538e-01 -1.214745870001351924e-01
-3.439398990544717538e-01 -1.214745870001351924e-01 2.000000000000000000e+00 1.000000000000000021e-08 -5.025964888724543389e-01 -1.586565898179825851e+00
-5.025964888724543389e-01 -1.586565898179825851e+00 1.000000000000000000e+00 1.000000000000000021e-08 -7.473755328001164822e-01 -2.447790439276621210e+00
-7.473755328001164822e-01 -2.447790439276621210e+00 2.000000000000000000e+00 1.000000000000000021e-08 -1.151872049683576593e+00 -4.044965168834600888e+00
-1.151872049683576593e+00 -4.044965168834600888e+00 0.000000000000000000e+00 9.999000000000000110e-01 -1.570796326794896558e+00 -4.980301635193691290e+00
-4.818413123913679874e-02 -3.807070594318787138e-02 0.000000000000000000e+00 1.000000000000000021e-08 4.117711050610174672e-02 8.936124174523853991e-01
4.117711050610174672e-02 8.936124174523853991e-01 2.000000000000000000e+00 1.000000000000000021e-08 4.256959806525687645e-02 1.392487559155131116e-02
4.256959806525687645e-02 1.392487559155131116e-02 2.000000000000000000e+00 1.000000000000000021e-08 -4.764605091286668731e-02 -9.021564897812356376e-01
-4.764605091286668731e-02 -9.021564897812356376e-01 1.000000000000000000e+00 1.000000000000000021e-08 -1.391427452446526991e-01 -9.149669433178601041e-01
-1.391427452446526991e-01 -9.149669433178601041e-01 0.000000000000000000e+00 1.000000000000000021e-08 -1.764271073993795569e-01 -3.728436215472685777e-01
-1.764271073993795569e-01 -3.728436215472685777e-01 2.000000000000000000e+00 1.000000000000000021e-08 -3.212363382788131494e-01 -1.448092308794335814e+00
-3.212363382788131494e-01 -1.448092308794335814e+00 2.000000000000000000e+00 1.000000000000000021e-08 -5.985770682701401224e-01 -2.773407299913269952e+00
-5.985770682701401224e-01 -2.773407299913269952e+00 2.000000000000000000e+00 1.000000000000000021e-08 -1.042246539528739024e+00 -4.436694712585987688e+00
-1.042246539528739024e+00 -4.436694712585987688e+00 1.000000000000000000e+00 9.999000000000000110e-01 -1.570796326794896558e+00 -5.000000000000000000e+00
1.282422915334195668e-03 -3.445476650906320604e-02 2.000000000000000000e+00 1.000000000000000021e-08 -7.987739969560661568e-02 -8.115982261094081274e-01
-7.987739969560661568e-02 -8.115982261094081274e-01 1.000000000000000000e+00 1.000000000000000021e-08 -1.900342427803233536e-01 -1.101568430847167379e+00
-1.900342427803233536e-01 -1.101568430847167379e+00 2.000000000000000000e+00 1.000000000000000021e-08 -4.253354254810399748e-01 -2.353011827007166268e+00
-4.253354254810399748e-01 -2.353011827007166268e+00 0.000000000000000000e+00 1.000000000000000021e-08 -6.609473756962036539e-01 -2.356119502151636791e+00
-6.609473756962036539e-01 -2.356119502151636791e+00 1.000000000000000000e+00 1.000000000000000021e-08 -9.840481962466252064e-01 -3.231008205504214637e+00
-9.840481962466252064e-01 -3.231008205504214637e+00 0.000000000000000000e+00 1.000000000000000021e-08 -1.392219535596448843e+00 -4.081713393498235476e+00
-1.392219535596448843e+00 -4.081713393498235476e+00 1.000000000000000000e+00 9.999000000000000110e-01 -1.570796326794896558e+00 -5.000000000000000000e+00
-3.490605651343969829e-02 -8.134829881045259337e-02 2.000000000000000000e+00 1.000000000000000021e-08 -1.290647227963471477e-01 -9.415866628290744389e-01
-1.290647227963471477e-01 -9.415866628290744389e-01 0.000000000000000000e+00 1.000000000000000021e-08 -1.692505118806714726e-01 -4.018578908432433039e-01
-1.692505118806714726e-01 -4.018578908432433039e-01 0.000000000000000000e+00 1.000000000000000021e-08 -1.564839454117037953e-01 1.276656646896768832e-01
-1.564839454117037953e-01 1.276656646896768832e-01 2.000000000000000000e+00 1.000000000000000021e-08 -2.521641113187654826e-01 -9.568016590706170943e-01
-2.521641113187654826e-01 -9.568016590706170943e-01 0.000000000000000000e+00 1.000000000000000021e-08 -3.093206076823328265e-01 -5.715649636356734398e-01
-3.093206076823328265e-01 -5.715649636356734398e-01 0.000000000000000000e+00 1.000000000000000021e-08 -3.313550284788819855e-01 -2.203442079654914787e-01
-3.313550284788819855e-01 -2.203442079654914787e-01 2.000000000000000000e+00 1.000000000000000021e-08 -4.924339883770681991e-01 -1.610789598981861914e+00
-4.924339883770681991e-01 -1.610789598981861914e+00 2.000000000000000000e+00 1.000000000000000021e-08 -7.997273096555932437e-01 -3.072933212785250667e+00
-7.997273096555932437e-01 -3.072933212785250667e+00 1.000000000000000000e+00 1.000000000000000021e-08 -1.219168840564424983e+00 -4.194415309088316945e+00
-1.219168840564424983e+00 -4.194415309088316945e+00 0.000000000000000000e+00 9.999000000000000110e-01 -1.570796326794896558e+00 -5.000000000000000000e+00
-2.292970852404791621e-02 9.833060985968214429e-03 1.000000000000000000e+00 1.000000000000000021e-08 -1.936447344159480249e-02 3.565235082453112325e-02
-1.936447344159480249e-02 3.565235082453112325e-02 1.000000000000000000e+00 1.000000000000000021e-08 -6.211739064711905081e-03 1.315273437688289637e-01
-6.211739064711905081e-03 1.315273437688289637e-01 2.000000000000000000e+00 1.000000000000000021e-08 -6.641640540123568137e-02 -6.020466633652377109e-01
-6.641640540123568137e-02 -6.020466633652377109e-01 1.000000000000000000e+00 1.000000000000000021e-08 -1.273115187496821066e-01 -6.089511334844643908e-01
-1.273115187496821066e-01 -6.089511334844643908e-01 0.000000000000000000e+00 1.000000000000000021e-08 -1.184237334588254809e-01 8.887785290856631271e-02
-1.184237334588254809e-01 8.887785290856631271e-02 0.000000000000000000e+00 1.000000000000000021e-08 -4.003406508385434770e-02 7.838966837497113316e-01
-4.003406508385434770e-02 7.838966837497113316e-01 0.000000000000000000e+00 1.000000000000000021e-08 1.122327795474191148e-01 1.522668446312734458e+00
1.122327795474191148e-01 1.522668446312734458e+00 1.000000000000000000e+00 1.000000000000000021e-08 2.766817081942532508e-01 1.644489286468341360e+00
2.766817081942532508e-01 1.644489286468341360e+00 0.000000000000000000e+00 1.000000000000000021e-08 5.692860559698862399e-01 2.926043477756330446e+00
5.692860559698862399e-01 2.926043477756330446e+00 2.000000000000000000e+00 1.000000000000000021e-08 8.796286713155818671e-01 3.103426153456955383e+00
8.796286713155818671e-01 3.103426153456955383e+00 0.000000000000000000e+00 1.000000000000000021e-08 1.346743778931458468e+00 4.671151076158765569e+00
1.346743778931458468e+00 4.671151076158765569e+00 2.000000000000000000e+00 9.999000000000000110e-01 1.570796326794896558e+00 5.000000000000000000e+00
8.025718066252558736e-02 -7.950789383017550782e-02 1.000000000000000000e+00 1.000000000000000021e-08 7.549778929681758011e-02 -4.759391365708013494e-02
7.549778929681758011e-02 -4.759391365708013494e-02 1.000000000000000000e+00 1.000000000000000021e-08 9.265777576907578694e-02 1.715998647225820406e-01
9.265777576907578694e-02 1.715998647225820406e-01 0.000000000000000000e+00 1.000000000000000021e-08 1.998979171412144651e-01 1.072401413721386643e+00
1.998979171412144651e-01 1.072401413721386643e+00 2.000000000000000000e+00 1.000000000000000021e-08 2.560818546568608967e-01 5.618393751564644267e-01
2.560818546568608967e-01 5.618393751564644267e-01 0.000000000000000000e+00 1.000000000000000021e-08 4.526501497549558217e-01 1.965682950980949251e+00
4.526501497549558217e-01 1.965682950980949251e+00 1.000000000000000000e+00 1.000000000000000021e-08 7.258642032088298279e-01 2.732140534538739285e+00
7.258642032088298279e-01 2.732140534538739285e+00 0.000000000000000000e+00 1.000000000000000021e-08 1.164711354721214676e+00 4.388471515123848476e+00
1.164711354721214676e+00 4.388471515123848476e+00 0.000000000000000000e+00 9.999000000000000110e-01 1.570796326794896558e+00 5.000000000000000000e+00
7.291384243419742062e-02 4.670550282941873799e-02 2.000000000000000000e+00 1.000000000000000021e-08 1.918583925613241703e-02 -5.372800317806499804e-01
1.918583925613241703e-02 -5.372800317806499804e-01 1.000000000000000000e+00 1.000000000000000021e-08 -3.679291828963952848e-02 -5.597875754577193996e-01
-3.679291828963952848e-02 -5.597875754577193996e-01 1.000000000000000000e+00 1.000000000000000021e-08 -1.074188876606780446e-01 -7.062596937103851058e-01
-1.074188876606780446e-01 -7.062596937103851058e-01 1.000000000000000000e+00 1.000000000000000021e-08 -2.053358143647946721e-01 -9.791692670411662469e-01
-2.053358143647946721e-01 -9.791692670411662469e-01 1.000000000000000000e+00 1.000000000000000021e-08 -3.377108799573877440e-01 -1.323750655925930664e+00
-3.377108799573877440e-01 -1.323750655925930664e+00 1.000000000000000000e+00 1.000000000000000021e-08 -5.121993164675467947e-01 -1.744884365101590395e+00
-5.121993164675467947e-01 -1.744884365101590395e+00 2.000000000000000000e+00 1.000000000000000021e-08 -8.285067887408044118e-01 -3.163074722732576394e+00
-8.285067887408044118e-01 -3.163074722732576394e+00 1.000000000000000000e+00 1.000000000000000021e-08 -1.247730195487484872e+00 -4.192234067466803715e+00
-1.247730195487484872e+00 -4.192234067466803715e+00 0.000000000000000000e+00 9.999000000000000110e-01 -1.570796326794896558e+00 -5.000000000000000000e+00
-7.047178981871415199e-03 7.357962678638477888e-03 2.000000000000000000e+00 1.000000000000000021e-08 -1.082435969795600139e-01 -1.011964179976885925e+00
-1.082435969795600139e-01 -1.011964179976885925e+00 0.000000000000000000e+00 1.000000000000000021e-08 -1.353972557455614956e-01 -2.715365876600146500e-01
-1.353972557455614956e-01 -2.715365876600146500e-01 2.000000000000000000e+00 1.000000000000000021e-08 -2.609008533269544516e-01 -1.255035975813929117e+00
-2.609008533269544516e-01 -1.255035975813929117e+00 0.000000000000000000e+00 1.000000000000000021e-08 -3.613922995168794561e-01 -1.004914461899250266e+00
-3.613922995168794561e-01 -1.004914461899250266e+00 1.000000000000000000e+00 1.000000000000000021e-08 -5.249922575929477642e-01 -1.635999580760683303e+00
-5.249922575929477642e-01 -1.635999580760683303e+00 1.000000000000000000e+00 1.000000000000000021e-08 -7.571471492026341510e-01 -2.321548916096864090e+00
-7.571471492026341510e-01 -2.321548916096864090e+00 1.000000000000000000e+00 1.000000000000000021e-08 -1.096154962414594980e+00 -3.390078132119607623e+00
-1.096154962414594980e+00 -3.390078132119607623e+00 1.000000000000000000e+00 1.000000000000000021e-08 -1.557961266210703410e+00 -4.618063037961085193e+00
-1.557961266210703410e+00 -4.618063037961085193e+00 2.000000000000000000e+00 9.999000000000000110e-01 -1.570796326794896558e+00 -5.000000000000000000e+00
-4.505522492183762495e-02 1.075653562958979112e-02 2.000000000000000000e+00 1.000000000000000021e-08 -1.303156940180838497e-01 -8.526046909624622749e-01
-1.303156940180838497e-01 -8.526046909624622749e-01 0.000000000000000000e+00 1.000000000000000021e-08 -1.665490397993524552e-01 -3.623334578126859995e-01
-1.665490397993524552e-01 -3.623334578126859995e-01 1.000000000000000000e+00 1.000000000000000021e-08 -2.212343349937858084e-01 -5.468529519443334763e-01
-2.212343349937858084e-01 -5.468529519443334763e-01 2.000000000000000000e+00 1.000000000000000021e-08 -4.064660354896675321e-01 -1.852317004958817348e+00
-4.064660354896675321e-01 -1.852317004958817348e+00 2.000000000000000000e+00 1.000000000000000021e-08 -7.356844334913112959e-01 -3.292183980016437417e+00
-7.356844334913112959e-01 -3.292183980016437417e+00 1.000000000000000000e+00 1.000000000000000021e-08 -1.168490842614220870e+00 -4.328064091229096633e+00
-1.168490842614220870e+00 -4.328064091229096633e+00 2.000000000000000000e+00 9.999000000000000110e-01 -1.570796326794896558e+00 -5.000000000000000000e+00
4.708429163510212401e-02 2.321503684208985410e-02 0.000000000000000000e+00 1.000000000000000021e-08 1.386355878104885697e-01 9.155129617538643183e-01
1.386355878104885697e-01 9.155129617538643183e-01 2.000000000000000000e+00 1.000000000000000021e-08 1.642579938818919116e-01 2.562240607140333637e-01
1.642579938818919116e-01 2.562240607140333637e-01 1.000000000000000000e+00 1.000000000000000021e-08 2.230932582423776900e-01 5.883526436048577279e-01
2.230932582423776900e-01 5.883526436048577279e-01 1.000000000000000000e+00 1.000000000000000021e-08 3.252525427728975016e-01 1.021592845305197894e+00
3.252525427728975016e-01 1.021592845305197894e+00 2.000000000000000000e+00 1.000000000000000021e-08 3.998147655641080545e-01 7.456222279121054175e-01
3.998147655641080545e-01 7.456222279121054175e-01 0.000000000000000000e+00 1.000000000000000021e-08 6.163951960986731038e-01 2.165804305345649716e+00
6.163951960986731038e-01 2.165804305345649716e+00 1.000000000000000000e+00 1.000000000000000021e-08 9.368688650712527766e-01 3.204736689725796506e+00
9.368688650712527766e-01 3.204736689725796506e+00 2.000000000000000000e+00 1.000000000000000021e-08 1.331267466337607841e+00 3.943986012663550866e+00
1.331267466337607841e+00 3.943986012663550866e+00 2.000000000000000000e+00 9.999000000000000110e-01 1.570796326794896558e+00 5.000000000000000000e+00
-6.652917022316917617e-02 4.187604748357214024e-02 2.000000000000000000e+00 1.000000000000000021e-08 -1.655037120385282057e-01 -9.897454181535904061e-01
-1.655037120385282057e-01 -9.897454181535904061e-01 0.000000000000000000e+00 1.000000000000000021e-08 -1.943353141796737571e-01 -2.883160214114556252e-01
-1.943353141796737571e-01 -2.883160214114556252e-01 0.000000000000000000e+00 1.000000000000000021e-08 -1.842317739803865650e-01 1.010354019928719205e-01
-1.842317739803865650e-01 1.010354019928719205e-01 2.000000000000000000e+00 1.000000000000000021e-08 -2.746308227563334370e-01 -9.039904877594688859e-01
-2.746308227563334370e-01 -9.039904877594688859e-01 2.000000000000000000e+00 1.000000000000000021e-08 -4.790622678183741323e-01 -2.044314450620406731e+00
-4.790622678183741323e-01 -2.044314450620406731e+00 2.000000000000000000e+00 1.000000000000000021e-08 -8.453940589246693449e-01 -3.663317911062951460e+00
-8.453940589246693449e-01 -3.663317911062951460e+00 0.000000000000000000e+00 1.000000000000000021e-08 -1.258209942390170255e+00 -4.128158834655009990e+00
-1.258209942390170255e+00 -4.128158834655009990e+00 2.000000000000000000e+00 9.999000000000000110e-01 -1.570796326794896558e+00 -5.000000000000000000e+00
4.892678855419954620e-02 -7.515070448770923284e-02 0.000000000000000000e+00 1.000000000000000021e-08 1.416509936045524387e-01 9.272420505035289251e-01
1.416509936045524387e-01 9.272420505035289251e-01 1.000000000000000000e+00 1.000000000000000021e-08 2.613921691125759006e-01 1.197411755080234563e+00
2.613921691125759006e-01 1.197411755080234563e+00 2.000000000000000000e+00 1.000000000000000021e-08 3.314948752348842453e-01 7.010270612230833365e-01
3.314948752348842453e-01 7.010270612230833365e-01 1.000000000000000000e+00 1.000000000000000021e-08 4.681130217549542838e-01 1.366181465200700273e+00
4.681130217549542838e-01 1.366181465200700273e+00 2.000000000000000000e+00 1.000000000000000021e-08 6.027319525512244702e-01 1.346189307962701864e+00
6.027319525512244702e-01 1.346189307962701864e+00 1.000000000000000000e+00 1.000000000000000021e-08 8.240370881041753082e-01 2.213051355529508601e+00
8.240370881041753082e-01 2.213051355529508601e+00 0.000000000000000000e+00 1.000000000000000021e-08 1.219019428658362214e+00 3.949823405541868837e+00
1.219019428658362214e+00 3.949823405541868837e+00 1.000000000000000000e+00 9.999000000000000110e-01 1.570796326794896558e+00 5.000000000000000000e+00
-7.647048931089356349e-02 6.892407205663286796e-02 1.000000000000000000e+00 1.000000000000000021e-08 -7.434545933805833395e-02 2.125029972835226072e-02
-7.434545933805833395e-02 2.125029972835226072e-02 1.000000000000000000e+00 1.000000000000000021e-08 -6.810014504393735457e-02 6.245314294120983545e-02
-6.810014504393735457e-02 6.245314294120983545e-02 2.000000000000000000e+00 1.000000000000000021e-08 -1.650876857267255526e-01 -9.698754068278818696e-01
-1.650876857267255526e-01 -9.698754068278818696e-01 1.000000000000000000e+00 1.000000000000000021e-08 -2.904135157899238040e-01 -1.253258300631982625e+00
-2.904135157899238040e-01 -1.253258300631982625e+00 2.000000000000000000e+00 1.000000000000000021e-08 -5.499587012710402956e-01 -2.595451854811164250e+00
-5.499587012710402956e-01 -2.595451854811164250e+00 0.000000000000000000e+00 1.000000000000000021e-08 -8.325726969155431423e-01 -2.826139956445027579e+00
-8.325726969155431423e-01 -2.826139956445027579e+00 2.000000000000000000e+00 1.000000000000000021e-08 -1.279718293828881803e+00 -4.471455969133386610e+00
-1.279718293828881803e+00 -4.471455969133386610e+00 1.000000000000000000e+00 9.999000000000000110e-01 -1.570796326794896558e+00 -5.000000000000000000e+00
7.857035574565614244e-02 -2.909413204062892902e-02 0.000000000000000000e+00 1.000000000000000021e-08 1.876854947898316528e-01 1.091151390441755131e+00
1.876854947898316528e-01 1.091151390441755131e+00 0.000000000000000000e+00 1.000000000000000021e-08 4.304432737606350701e-01 2.427577789708034395e+00
4.304432737606350701e-01 2.427577789708034395e+00 1.000000000000000000e+00 1.000000000000000021e-08 7.486912487151311524e-01 3.182479749544961045e+00
7.486912487151311524e-01 3.182479749544961045e+00 2.000000000000000000e+00 1.000000000000000021e-08 1.114745782621006764e+00 3.660545339058756564e+00
1.114745782621006764e+00 3.660545339058756564e+00 2.000000000000000000e+00 9.999000000000000110e-01 1.570796326794896558e+00 4.584318559010139182e+00
-6.268349773599335428e-02 -4.261492955002749161e-02 1.000000000000000000e+00 1.000000000000000021e-08 -8.913135598693863737e-02 -2.644785825094528309e-01
-8.913135598693863737e-02 -2.644785825094528309e-01 2.000000000000000000e+00 1.000000000000000021e-08 -2.234102541621087457e-01 -1.342788981751700916e+00
-2.234102541621087457e-01 -1.342788981751700916e+00 2.000000000000000000e+00 1.000000000000000021e-08 -4.684535315882104589e-01 -2.450432774261017244e+00
-4.684535315882104589e-01 -2.450432774261017244e+00 0.000000000000000000e+00 1.000000000000000021e-08 -7.043911197734737950e-01 -2.359375881852633139e+00
-7.043911197734737950e-01 -2.359375881852633139e+00 0.000000000000000000e+00 1.000000000000000021e-08 -9.796343166474388298e-01 -2.752431968739649459e+00
-9.796343166474388298e-01 -2.752431968739649459e+00 1.000000000000000000e+00 1.000000000000000021e-08 -1.378477460014265299e+00 -3.988431433668265136e+00
-1.378477460014265299e+00 -3.988431433668265136e+00 0.000000000000000000e+00 9.999000000000000110e-01 -1.570796326794896558e+00 -5.000000000000000000e+00
5.171861069296249114e-02 -3.438464241135732319e-02 1.000000000000000000e+00 1.000000000000000021e-08 5.996854260646836826e-02 8.249931913505878511e-02
5.996854260646836826e-02 8.249931913505878511e-02 1.000000000000000000e+00 1.000000000000000021e-08 7.462078104196824546e-02 1.465223843549987304e-01
7.462078104196824546e-02 1.465223843549987304e-01 0.000000000000000000e+00 1.000000000000000021e-08 1.760986509160510083e-01 1.014778698740827600e+00
1.760986509160510083e-01 1.014778698740827600e+00 1.000000000000000000e+00 1.000000000000000021e-08 3.176735742670953044e-01 1.415749233510442906e+00
3.176735742670953044e-01 1.415749233510442906e+00 1.000000000000000000e+00 1.000000000000000021e-08 5.176463162513643690e-01 1.999727419842690423e+00
5.176463162513643690e-01 1.999727419842690423e+00 1.000000000000000000e+00 1.000000000000000021e-08 7.972237982086993746e-01 2.795774819573349390e+00
7.972237982086993746e-01 2.795774819573349390e+00 2.000000000000000000e+00 1.000000000000000021e-08 1.133002687352745452e+00 3.357788891440460333e+00
1.133002687352745452e+00 3.357788891440460333e+00 2.000000000000000000e+00 1.000000000000000021e-08 1.568507849503651075e+00 4.355051621509056226e+00
1.568507849503651075e+00 4.355051621509056226e+00 1.000000000000000000e+00 9.999000000000000110e-01 1.570796326794896558e+00 5.000000000000000000e+00
1.519240972942056608e-02 -4.517557776871074238e-02 1.000000000000000000e+00 1.000000000000000021e-08 1.072176091120121202e-03 -1.412023363830044453e-01
1.072176091120121202e-03 -1.412023363830044453e-01 0.000000000000000000e+00 1.000000000000000021e-08 8.733129392471082608e-02 8.625911783359070384e-01
8.733129392471082608e-02 8.625911783359070384e-01 2.000000000000000000e+00 1.000000000000000021e-08 1.021572231011480397e-01 1.482592917643721364e-01
1.021572231011480397e-01 1.482592917643721364e-01 1.000000000000000000e+00 1.000000000000000021e-08 1.289634062127897329e-01 2.680618311164170153e-01
1.289634062127897329e-01 2.680618311164170153e-01 1.000000000000000000e+00 1.000000000000000021e-08 1.689849434218478608e-01 4.002153720905812229e-01
1.689849434218478608e-01 4.002153720905812229e-01 0.000000000000000000e+00 1.000000000000000021e-08 3.244124915586372726e-01 1.554275481367893841e+00
3.244124915586372726e-01 1.554275481367893841e+00 1.000000000000000000e+00 1.000000000000000021e-08 5.199010513366828512e-01 1.954885597780455120e+00
5.199010513366828512e-01 1.954885597780455120e+00 0.000000000000000000e+00 1.000000000000000021e-08 8.646265337946920093e-01 3.447254824580091359e+00
8.646265337946920093e-01 3.447254824580091359e+00 0.000000000000000000e+00 1.000000000000000021e-08 1.374410219937642452e+00 5.000000000000000000e+00
1.374410219937642452e+00 5.000000000000000000e+00 0.000000000000000000e+00 9.999000000000000110e-01 1.570796326794896558e+00 5.000000000000000000e+00
-7.377805838627787827e-02 8.324227839695946818e-02 1.000000000000000000e+00 1.000000000000000021e-08 -7.632907645001435482e-02 -2.551018063736469610e-02
-7.632907645001435482e-02 -2.551018063736469610e-02 2.000000000000000000e+00 1.000000000000000021e-08 -1.655605620143051904e-01 -8.923148556429083555e-01
-1.655605620143051904e-01 -8.923148556429083555e-01 2.000000000000000000e+00 1.000000000000000021e-08 -3.640319811155289242e-01 -1.984714191012237006e+00
-3.640319811155289242e-01 -1.984714191012237006e+00 0.000000000000000000e+00 1.000000000000000021e-08 -5.350378943961939804e-01 -1.710059132806650561e+00
-5.350378943961939804e-01 -1.710059132806650561e+00 2.000000000000000000e+00 1.000000000000000021e-08 -8.707348860310255567e-01 -3.356969916348314875e+00
-8.707348860310255567e-01 -3.356969916348314875e+00 0.000000000000000000e+00 1.000000000000000021e-08 -1.260895632651073628e+00 -3.901607466200480268e+00
-1.260895632651073628e+00 -3.901607466200480268e+00 2.000000000000000000e+00 9.999000000000000110e-01 -1.570796326794896558e+00 -5.000000000000000000e+00
2.705716365257524250e-02 8.304940773356550565e-02 2.000000000000000000e+00 1.000000000000000021e-08 -3.990079261629454754e-02 -6.695795626886978935e-01
-3.990079261629454754e-02 -6.695795626886978935e-01 0.000000000000000000e+00 1.000000000000000021e-08 -4.058119331355916626e-02 -6.804006972646159390e-03
-4.058119331355916626e-02 -6.804006972646159390e-03 2.000000000000000000e+00 1.000000000000000021e-08 -1.304655057121139605e-01 -8.988431239855478871e-01
-1.304655057121139605e-01 -8.988431239855478871e-01 0.000000000000000000e+00 1.000000000000000021e-08 -1.660296023663662413e-01 -3.556409665425227518e-01
-1.660296023663662413e-01 -3.556409665425227518e-01 1.000000000000000000e+00 1.000000000000000021e-08 -2.204224311161977201e-01 -5.439282874983146776e-01
-2.204224311161977201e-01 -5.439282874983146776e-01 2.000000000000000000e+00 1.000000000000000021e-08 -3.827068800697792650e-01 -1.622844489535814949e+00
-3.827068800697792650e-01 -1.622844489535814949e+00 2.000000000000000000e+00 1.000000000000000021e-08 -6.854586773529363075e-01 -3.027517972831569537e+00
-6.854586773529363075e-01 -3.027517972831569537e+00 1.000000000000000000e+00 1.000000000000000021e-08 -1.070549150299345165e+00 -3.850904729464087239e+00
-1.070549150299345165e+00 -3.850904729464087239e+00 2.000000000000000000e+00 9.999000000000000110e-01 -1.570796326794896558e+00 -5.000000000000000000e+00
-4.690928329054479262e-02 -6.481009587842059827e-02 0.000000000000000000e+00 1.000000000000000021e-08 2.040656733712675752e-02 6.731585062767154737e-01
2.040656733712675752e-02 6.731585062767154737e-01 1.000000000000000000e+00 1.000000000000000021e-08 1.032212785247186709e-01 8.281471118759190508e-01
1.032212785247186709e-01 8.281471118759190508e-01 2.000000000000000000e+00 1.000000000000000021e-08 1.140268457370054167e-01 1.080556721228674855e-01
1.140268457370054167e-01 1.080556721228674855e-01 1.000000000000000000e+00 1.000000000000000021e-08 1.404436860792503683e-01 2.641684034224495159e-01
1.404436860792503683e-01 2.641684034224495159e-01 1.000000000000000000e+00 1.000000000000000021e-08 1.838015261003054235e-01 4.335784002105504964e-01
1.838015261003054235e-01 4.335784002105504964e-01 0.000000000000000000e+00 1.000000000000000021e-08 3.602895064793396052e-01 1.764879803790341706e+00
3.602895064793396052e-01 1.764879803790341706e+00 0.000000000000000000e+00 1.000000000000000021e-08 6.725263050016453414e-01 3.122367985223057030e+00
6.725263050016453414e-01 3.122367985223057030e+00 0.000000000000000000e+00 1.000000000000000021e-08 1.137275917003548464e+00 4.647496120019031451e+00
1.137275917003548464e+00 4.647496120019031451e+00 2.000000000000000000e+00 9.999000000000000110e-01 1.570796326794896558e+00 5.000000000000000000e+00
-5.726362474403472874e-02 -3.203354331919278791e-02 0.000000000000000000e+00 1.000000000000000021e-08 1.888464518782536489e-02 7.614826993186009085e-01
1.888464518782536489e-02 7.614826993186009085e-01 2.000000000000000000e+00 1.000000000000000021e-08 7.762594093480909910e-03 -1.112205109434445394e-01
7.762594093480909910e-03 -1.112205109434445394e-01 0.000000000000000000e+00 1.000000000000000021e-08 8.332188882798070850e-02 7.555929473449978229e-01
8.332188882798070850e-02 7.555929473449978229e-01 2.000000000000000000e+00 1.000000000000000021e-08 1.020774471749623796e-01 1.875555834698167113e-01
1.020774471749623796e-01 1.875555834698167113e-01 0.000000000000000000e+00 1.000000000000000021e-08 2.362363259961903217e-01 1.341588788212279226e+00
2.362363259961903217e-01 1.341588788212279226e+00 0.000000000000000000e+00 1.000000000000000021e-08 5.063373814728441280e-01 2.701010554766537730e+00
5.063373814728441280e-01 2.701010554766537730e+00 2.000000000000000000e+00 1.000000000000000021e-08 7.767766324352718410e-01 2.704392509624276908e+00
7.767766324352718410e-01 2.704392509624276908e+00 2.000000000000000000e+00 1.000000000000000021e-08 1.084464502277931119e+00 3.076878698426591896e+00
1.084464502277931119e+00 3.076878698426591896e+00 2.000000000000000000e+00 1.000000000000000021e-08 1.483729929889625154e+00 3.992654276116939016e+00
1.483729929889625154e+00 3.992654276116939016e+00 0.000000000000000000e+00 9.999000000000000110e-01 1.570796326794896558e+00 5.000000000000000000e+00
4.614320692408731273e-02 6.585250254812727300e-02 2.000000000000000000e+00 1.000000000000000021e-08 -3.162393605978582045e-02 -7.776714298387312763e-01
-3.162393605978582045e-02 -7.776714298387312763e-01 1.000000000000000000e+00 1.000000000000000021e-08 -1.221467664640115414e-01 -9.052283040422571814e-01
-1.221467664640115414e-01 -9.052283040422571814e-01 1.000000000000000000e+00 1.000000000000000021e-08 -2.251364211092841405e-01 -1.029896546452725881e+00
-2.251364211092841405e-01 -1.029896546452725881e+00 1.000000000000000000e+00 1.000000000000000021e-08 -3.758328612229104859e-01 -1.506964401136263509e+00
-3.758328612229104859e-01 -1.506964401136263509e+00 1.000000000000000000e+00 1.000000000000000021e-08 -5.850349270907744259e-01 -2.092020658678639400e+00
-5.850349270907744259e-01 -2.092020658678639400e+00 0.000000000000000000e+00 1.000000000000000021e-08 -8.238093289330726821e-01 -2.387744018422982784e+00
-8.238093289330726821e-01 -2.387744018422982784e+00 1.000000000000000000e+00 1.000000000000000021e-08 -1.168241506154056975e+00 -3.444321772209842702e+00
-1.168241506154056975e+00 -3.444321772209842702e+00 2.000000000000000000e+00 9.999000000000000110e-01 -1.570796326794896558e+00 -5.000000000000000000e+00
7.732897177168147201e-03 -7.766339334747673906e-02 0.000000000000000000e+00 1.000000000000000021e-08 9.504873000442680409e-02 8.731583282725865480e-01
9.504873000442680409e-02 8.731583282725865480e-01 2.000000000000000000e+00 1.000000000000000021e-08 1.135492835748103946e-01 1.850055357038358217e-01
1.135492835748103946e-01 1.850055357038358217e-01 1.000000000000000000e+00 1.000000000000000021e-08 1.366467704469857269e-01 2.309748687217532126e-01
1.366467704469857269e-01 2.309748687217532126e-01 1.000000000000000000e+00 1.000000000000000021e-08 1.725208121566717268e-01 3.587404170968599981e-01
1.725208121566717268e-01 3.587404170968599981e-01 1.000000000000000000e+00 1.000000000000000021e-08 2.543584411757338071e-01 8.183762901906206366e-01
2.543584411757338071e-01 8.183762901906206366e-01 0.000000000000000000e+00 1.000000000000000021e-08 4.725744948209099072e-01 2.182160536451760890e+00
4.725744948209099072e-01 2.182160536451760890e+00 2.000000000000000000e+00 1.000000000000000021e-08 6.754828672596189243e-01 2.029083724387090282e+00
6.754828672596189243e-01 2.029083724387090282e+00 0.000000000000000000e+00 1.000000000000000021e-08 1.028629716335292432e+00 3.531468490756733747e+00
1.028629716335292432e+00 3.531468490756733747e+00 0.000000000000000000e+00 1.000000000000000021e-08 1.543881748138063781e+00 5.000000000000000000e+00
1.543881748138063781e+00 5.000000000000000000e+00 2.000000000000000000e+00 9.999000000000000110e-01 1.570796326794896558e+00 5.000000000000000000e+00
-8.315196321376952526e-02 1.874968087418112106e-02 0.000000000000000000e+00 1.000000000000000021e-08 -1.405960151056966090e-02 6.909236170319985604e-01
-1.405960151056966090e-02 6.909236170319985604e-01 2.000000000000000000e+00 1.000000000000000021e-08 -4.621041514962380414e-02 -3.215081363905414324e-01
-4.621041514962380414e-02 -3.215081363905414324e-01 0.000000000000000000e+00 1.000000000000000021e-08 1.379914477847549170e-03 4.759032962747135054e-01
1.379914477847549170e-03 4.759032962747135054e-01 2.000000000000000000e+00 1.000000000000000021e-08 -5.192513721547376004e-02 -5.330505169332130366e-01
-5.192513721547376004e-02 -5.330505169332130366e-01 1.000000000000000000e+00 1.000000000000000021e-08 -1.144077602142779815e-01 -6.248262299880422699e-01
-1.144077602142779815e-01 -6.248262299880422699e-01 0.000000000000000000e+00 1.000000000000000021e-08 -1.132246790962685157e-01 1.183081118009465804e-02
-1.132246790962685157e-01 1.183081118009465804e-02 1.000000000000000000e+00 1.000000000000000021e-08 -1.451947006741951818e-01 -3.197002157792667165e-01
-1.451947006741951818e-01 -3.197002157792667165e-01 1.000000000000000000e+00 1.000000000000000021e-08 -1.870772830574440326e-01 -4.188258238324885641e-01
-1.870772830574440326e-01 -4.188258238324885641e-01 2.000000000000000000e+00 1.000000000000000021e-08 -3.474172953959931975e-01 -1.603400123385491760e+00
-3.474172953959931975e-01 -1.603400123385491760e+00 1.000000000000000000e+00 1.000000000000000021e-08 -5.791760100404037548e-01 -2.317587146444105795e+00
-5.791760100404037548e-01 -2.317587146444105795e+00 0.000000000000000000e+00 1.000000000000000021e-08 -8.279630604198680022e-01 -2.487870503794642918e+00
-8.279630604198680022e-01 -2.487870503794642918e+00 0.000000000000000000e+00 1.000000000000000021e-08 -1.140704884936662555e+00 -3.127418245167946420e+00
-1.140704884936662555e+00 -3.127418245167946420e+00 2.000000000000000000e+00 9.999000000000000110e-01 -1.570796326794896558e+00 -4.816813201664184696e+00
8.043663543849619013e-02 8.503708862813873226e-02 0.000000000000000000e+00 1.000000000000000021e-08 1.939003113241863363e-01 1.134636758856901295e+00
1.939003113241863363e-01 1.134636758856901295e+00 1.000000000000000000e+00 1.000000000000000021e-08 3.406607425932846045e-01 1.467604312690983015e+00
3.406607425932846045e-01 1.467604312690983015e+00 1.000000000000000000e+00 1.000000000000000021e-08 5.475141160737725388e-01 2.068533734804879121e+00
5.475141160737725388e-01 2.068533734804879121e+00 1.000000000000000000e+00 1.000000000000000021e-08 8.351249999342382768e-01 2.876108838604657159e+00
8.351249999342382768e-01 2.876108838604657159e+00 2.000000000000000000e+00 1.000000000000000021e-08 1.168854870602958007e+00 3.337298706687197747e+00
1.168854870602958007e+00 3.337298706687197747e+00 2.000000000000000000e+00 9.999000000000000110e-01 1.570796326794896558e+00 4.328238014214834450e+00
-7.296845540970052502e-02 -6.429587467983570448e-02 2.000000000000000000e+00 1.000000000000000021e-08 -1.790343542125767407e-01 -1.060658988028762018e+00
-1.790343542125767407e-01 -1.060658988028762018e+00 0.000000000000000000e+00 1.000000000000000021e-08 -2.277112954999080674e-01 -4.867694128733132120e-01
-2.277112954999080674e-01 -4.867694128733132120e-01 0.000000000000000000e+00 1.000000000000000021e-08 -2.462131355153584777e-01 -1.850184001545041590e-01
-2.462131355153584777e-01 -1.850184001545041590e-01 1.000000000000000000e+00 1.000000000000000021e-08 -3.218238930500720296e-01 -7.561075753471353522e-01
-3.218238930500720296e-01 -7.561075753471353522e-01 2.000000000000000000e+00 1.000000000000000021e-08 -5.232317236323293930e-01 -2.014078305822573078e+00
-5.232317236323293930e-01 -2.014078305822573078e+00 0.000000000000000000e+00 1.000000000000000021e-08 -7.312876713557606712e-01 -2.080559477234312560e+00
-7.312876713557606712e-01 -2.080559477234312560e+00 0.000000000000000000e+00 1.000000000000000021e-08 -9.756088255867984005e-01 -2.443211542310376849e+00
-9.756088255867984005e-01 -2.443211542310376849e+00 1.000000000000000000e+00 1.000000000000000021e-08 -1.350954097731479342e+00 -3.753452721446809193e+00
-1.350954097731479342e+00 -3.753452721446809193e+00 0.000000000000000000e+00 9.999000000000000110e-01 -1.570796326794896558e+00 -4.993526916826473538e+00
5.528132642046741652e-02 -2.518590434944761175e-02 2.000000000000000000e+00 1.000000000000000021e-08 -1.049516076149106802e-02 -6.577648718195847621e-01
-1.049516076149106802e-02 -6.577648718195847621e-01 0.000000000000000000e+00 1.000000000000000021e-08 1.316195535481380977e-02 2.365711611630487710e-01
1.316195535481380977e-02 2.365711611630487710e-01 1.000000000000000000e+00 1.000000000000000021e-08 3.074082461015154033e-02 1.757886925533773126e-01
3.074082461015154033e-02 1.757886925533773126e-01 0.000000000000000000e+00 1.000000000000000021e-08 1.440839150801531687e-01 1.133430904700016395e+00
1.440839150801531687e-01 1.133430904700016395e+00 0.000000000000000000e+00 1.000000000000000021e-08 3.558210664485229602e-01 2.117371513683697692e+00
3.558210664485229602e-01 2.117371513683697692e+00 1.000000000000000000e+00 1.000000000000000021e-08 6.234715867737952166e-01 2.676505203252721898e+00
6.234715867737952166e-01 2.676505203252721898e+00 0.000000000000000000e+00 1.000000000000000021e-08 1.058647145006295753e+00 4.351755582325004923e+00
1.058647145006295753e+00 4.351755582325004923e+00 0.000000000000000000e+00 9.999000000000000110e-01 1.570796326794896558e+00 5.000000000000000000e+00
-1.731208944547045492e-02 -1.723975835674938784e-02 0.000000000000000000e+00 1.000000000000000021e-08 6.287255345409159535e-02 8.018464289956204194e-01
6.287255345409159535e-02 8.018464289956204194e-01 2.000000000000000000e+00 1.000000000000000021e-08 7.145671593230608354e-02 8.584162478214485414e-02
7.145671593230608354e-02 8.584162478214485414e-02 2.000000000000000000e+00 1.000000000000000021e-08 -3.949144780806337907e-03 -7.540586071311241589e-01
-3.949144780806337907e-03 -7.540586071311241589e-01 2.000000000000000000e+00 1.000000000000000021e-08 -1.785163328391080606e-01 -1.745671880583016922e+00
-1.785163328391080606e-01 -1.745671880583016922e+00 0.000000000000000000e+00 1.000000000000000021e-08 -3.131150598630336179e-01 -1.345987270239255462e+00
-3.131150598630336179e-01 -1.345987270239255462e+00 1.000000000000000000e+00 1.000000000000000021e-08 -5.156264018761330670e-01 -2.025113420130994601e+00
-5.156264018761330670e-01 -2.025113420130994601e+00 1.000000000000000000e+00 1.000000000000000021e-08 -7.907079212937360158e-01 -2.750815194176029710e+00
-7.907079212937360158e-01 -2.750815194176029710e+00 2.000000000000000000e+00 1.000000000000000021e-08 -1.219408714012339967e+00 -4.287007927186039957e+00
-1.219408714012339967e+00 -4.287007927186039957e+00 1.000000000000000000e+00 9.999000000000000110e-01 -1.570796326794896558e+00 -5.000000000000000000e+00
-4.112455821563735375e-02 2.906559742313241657e-02 1.000000000000000000e+00 1.000000000000000021e-08 -3.181701954348809674e-02 9.307538672149255621e-02
-3.181701954348809674e-02 9.307538672149255621e-02 2.000000000000000000e+00 1.000000000000000021e-08 -1.336928354464948787e-01 -1.018758159030067834e+00
-1.336928354464948787e-01 -1.018758159030067834e+00 0.000000000000000000e+00 1.000000000000000021e-08 -1.698496611131598555e-01 -3.615682566666497122e-01
-1.698496611131598555e-01 -3.615682566666497122e-01 0.000000000000000000e+00 1.000000000000000021e-08 -1.655394391852401392e-01 4.310221927919727358e-02
-1.655394391852401392e-01 4.310221927919727358e-02 1.000000000000000000e+00 1.000000000000000021e-08 -1.870633790755622805e-01 -2.152393989032214128e-01
-1.870633790755622805e-01 -2.152393989032214128e-01 2.000000000000000000e+00 1.000000000000000021e-08 -3.173647881281198013e-01 -1.303014090525575153e+00
-3.173647881281198013e-01 -1.303014090525575153e+00 1.000000000000000000e+00 1.000000000000000021e-08 -5.027177068536378135e-01 -1.853529187255180233e+00
-5.027177068536378135e-01 -1.853529187255180233e+00 1.000000000000000000e+00 1.000000000000000021e-08 -7.794521518955124240e-01 -2.767344450418745438e+00
-7.794521518955124240e-01 -2.767344450418745438e+00 1.000000000000000000e+00 1.000000000000000021e-08 -1.152110388344893765e+00 -3.726582364493812971e+00
-1.152110388344893765e+00 -3.726582364493812971e+00 1.000000000000000000e+00 9.999000000000000110e-01 -1.570796326794896558e+00 -4.975829557593979047e+00
-3.998430196297458189e-02 -3.038490755988650788e-02 2.000000000000000000e+00 1.000000000000000021e-08 -1.450407253257395002e-01 -1.050564233627649058e+00
-1.450407253257395002e-01 -1.050564233627649058e+00 0.000000000000000000e+00 1.000000000000000021e-08 -2.011792905858104386e-01 -5.613856526007092729e-01
-2.011792905858104386e-01 -5.613856526007092729e-01 0.000000000000000000e+00 1.000000000000000021e-08 -2.156515263540100535e-01 -1.447223576819960944e-01
-2.156515263540100535e-01 -1.447223576819960944e-01 0.000000000000000000e+00 1.000000000000000021e-08 -1.754865279176830439e-01 4.016499843632700961e-01
-1.754865279176830439e-01 4.016499843632700961e-01 2.000000000000000000e+00 1.000000000000000021e-08 -2.680041232307626142e-01 -9.251759531307959250e-01
-2.680041232307626142e-01 -9.251759531307959250e-01 2.000000000000000000e+00 1.000000000000000021e-08 -4.844605696307469622e-01 -2.164564463999843369e+00
-4.844605696307469622e-01 -2.164564463999843369e+00 1.000000000000000000e+00 1.000000000000000021e-08 -7.719346959589286072e-01 -2.874741263281816561e+00
-7.719346959589286072e-01 -2.874741263281816561e+00 1.000000000000000000e+00 1.000000000000000021e-08 -1.154919568339163094e+00 -3.829848723802345312e+00
-1.154919568339163094e+00 -3.829848723802345312e+00 2.000000000000000000e+00 9.999000000000000110e-01 -1.570796326794896558e+00 -5.000000000000000000e+00
-6.085917345897421532e-02 5.003877108604004587e-02 2.000000000000000000e+00 1.000000000000000021e-08 -1.671152482289078034e-01 -1.062560747699335728e+00
-1.671152482289078034e-01 -1.062560747699335728e+00 0.000000000000000000e+00 1.000000000000000021e-08 -2.061977352059774782e-01 -3.908248697706967478e-01
-2.061977352059774782e-01 -3.908248697706967478e-01 1.000000000000000000e+00 1.000000000000000021e-08 -2.906354144913190218e-01 -8.443767928534157141e-01
-2.906354144913190218e-01 -8.443767928534157141e-01 1.000000000000000000e+00 1.000000000000000021e-08 -4.278762254264011355e-01 -1.372408109350821359e+00
-4.278762254264011355e-01 -1.372408109350821359e+00 2.000000000000000000e+00 1.000000000000000021e-08 -7.181114706810958204e-01 -2.902352452546947070e+00
-7.181114706810958204e-01 -2.902352452546947070e+00 2.000000000000000000e+00 1.000000000000000021e-08 -1.178618834856505426e+00 -4.605073641754096947e+00
-1.178618834856505426e+00 -4.605073641754096947e+00 0.000000000000000000e+00 9.999000000000000110e-01 -1.570796326794896558e+00 -5.000000000000000000e+00
5.794389091691680427e-02 3.667294441542018335e-02 1.000000000000000000e+00 1.000000000000000021e-08 8.039820894214617930e-02 2.245431802522937226e-01
8.039820894214617930e-02 2.245431802522937226e-01 0.000000000000000000e+00 1.000000000000000021e-08 1.930683873648850191e-01 1.126701784227388314e+00
1.930683873648850191e-01 1.126701784227388314e+00 0.000000000000000000e+00 1.000000000000000021e-08 4.368035371194771144e-01 2.437351497545920953e+00
4.368035371194771144e-01 2.437351497545920953e+00 0.000000000000000000e+00 1.000000000000000021e-08 8.146995525683998762e-01 3.778960154489227286e+00
8.146995525683998762e-01 3.778960154489227286e+00 0.000000000000000000e+00 1.000000000000000021e-08 1.353851438439888089e+00 5.000000000000000000e+00
1.353851438439888089e+00 5.000000000000000000e+00 2.000000000000000000e+00 9.999000000000000110e-01 1.570796326794896558e+00 5.000000000000000000e+00
2.104515974418645977e-02 4.477772128817744668e-02 2.000000000000000000e+00 1.000000000000000021e-08 -5.890788046730650873e-02 -7.995304021149296503e-01
-5.890788046730650873e-02 -7.995304021149296503e-01 2.000000000000000000e+00 1.000000000000000021e-08 -2.525292675335173431e-01 -1.936213870662108372e+00
-2.525292675335173431e-01 -1.936213870662108372e+00 1.000000000000000000e+00 1.000000000000000021e-08 -4.916102995999739322e-01 -2.390810320664566113e+00
-4.916102995999739322e-01 -2.390810320664566113e+00 2.000000000000000000e+00 1.000000000000000021e-08 -8.797687852581135282e-01 -3.881584856581396181e+00
-8.797687852581135282e-01 -3.881584856581396181e+00 2.000000000000000000e+00 1.000000000000000021e-08 -1.434714336387848288e+00 -5.000000000000000000e+00
-1.434714336387848288e+00 -5.000000000000000000e+00 0.000000000000000000e+00 9.999000000000000110e-01 -1.570796326794896558e+00 -5.000000000000000000e+00
-1.471682797199031813e-02 -5.356592392334906527e-02 2.000000000000000000e+00 1.000000000000000021e-08 -9.439244336762860066e-02 -7.967561539563826623e-01
-9.439244336762860066e-02 -7.967561539563826623e-01 1.000000000000000000e+00 1.000000000000000021e-08 -1.771015685280671326e-01 -8.270912516043853469e-01
-1.771015685280671326e-01 -8.270912516043853469e-01 0.000000000000000000e+00 1.000000000000000021e-08 -2.196762307923861568e-01 -4.257466226431902978e-01
-2.196762307923861568e-01 -4.257466226431902978e-01 1.000000000000000000e+00 1.000000000000000021e-08 -3.052670028913763156e-01 -8.559077209899013106e-01
-3.052670028913763156e-01 -8.559077209899013106e-01 2.000000000000000000e+00 1.000000000000000021e-08 -5.145508988196968447e-01 -2.092838959283204847e+00
-5.145508988196968447e-01 -2.092838959283204847e+00 1.000000000000000000e+00 1.000000000000000021e-08 -7.990644683318355312e-01 -2.845135695121386199e+00
-7.990644683318355312e-01 -2.845135695121386199e+00 0.000000000000000000e+00 1.000000000000000021e-08 -1.133080616920496109e+00 -3.340161485886604442e+00
-1.133080616920496109e+00 -3.340161485886604442e+00 0.000000000000000000e+00 1.000000000000000021e-08 -1.564758607930895495e+00 -4.316779910103994311e+00
-1.564758607930895495e+00 -4.316779910103994311e+00 2.000000000000000000e+00 9.999000000000000110e-01 -1.570796326794896558e+00 -5.000000000000000000e+00
-6.583784636283451785e-02 2.269358843148149354e-02 0.000000000000000000e+00 1.000000000000000021e-08 4.067010774540733009e-03 6.990485713737524254e-01
4.067010774540733009e-03 6.990485713737524254e-01 1.000000000000000000e+00 1.000000000000000021e-08 8.818862963025510260e-02 8.412161885571436404e-01
8.818862963025510260e-02 8.412161885571436404e-01 2.000000000000000000e+00 1.000000000000000021e-08 1.004685980395206429e-01 1.227996840926554034e-01
1.004685980395206429e-01 1.227996840926554034e-01 2.000000000000000000e+00 1.000000000000000021e-08 5.661617138702033231e-02 -4.385242665250030925e-01
5.661617138702033231e-02 -4.385242665250030925e-01 0.000000000000000000e+00 1.000000000000000021e-08 1.089646942711676725e-01 5.234852288414734156e-01
1.089646942711676725e-01 5.234852288414734156e-01 0.000000000000000000e+00 1.000000000000000021e-08 2.546562322238224985e-01 1.456915379526548593e+00
2.546562322238224985e-01 1.456915379526548593e+00 1.000000000000000000e+00 1.000000000000000021e-08 4.331405957169591758e-01 1.784843634931366996e+00
4.331405957169591758e-01 1.784843634931366996e+00 1.000000000000000000e+00 1.000000000000000021e-08 6.952655951867663386e-01 2.621249994698070740e+00
6.952655951867663386e-01 2.621249994698070740e+00 0.000000000000000000e+00 1.000000000000000021e-08 1.123492298745359719e+00 4.282267035585933357e+00
1.123492298745359719e+00 4.282267035585933357e+00 0.000000000000000000e+00 9.999000000000000110e-01 1.570796326794896558e+00 5.000000000000000000e+00
5.535007650490122999e-02 -7.731862381030459030e-02 0.000000000000000000e+00 1.000000000000000021e-08 1.492720680455384696e-01 9.392199154063723965e-01
1.492720680455384696e-01 9.392199154063723965e-01 2.000000000000000000e+00 1.000000000000000021e-08 1.936881569897646871e-01 4.441608894422622300e-01
1.936881569897646871e-01 4.441608894422622300e-01 2.000000000000000000e+00 1.000000000000000021e-08 1.783077266979366249e-01 -1.538043029182805665e-01
1.783077266979366249e-01 -1.538043029182805665e-01 2.000000000000000000e+00 1.000000000000000021e-08 1.243169864512750633e-01 -5.399074024666155047e-01
1.243169864512750633e-01 -5.399074024666155047e-01 1.000000000000000000e+00 1.000000000000000021e-08 8.857391206920084414e-02 -3.574307438207422472e-01
8.857391206920084414e-02 -3.574307438207422472e-01 2.000000000000000000e+00 1.000000000000000021e-08 -2.372211570080340337e-02 -1.122960277700042475e+00
-2.372211570080340337e-02 -1.122960277700042475e+00 1.000000000000000000e+00 1.000000000000000021e-08 -1.291652402696429336e-01 -1.054431245688395080e+00
-1.291652402696429336e-01 -1.054431245688395080e+00 2.000000000000000000e+00 1.000000000000000021e-08 -3.438585091447545761e-01 -2.146932688751116203e+00
-3.438585091447545761e-01 -2.146932688751116203e+00 1.000000000000000000e+00 1.000000000000000021e-08 -6.137450215792805697e-01 -2.698865124345259936e+00
-6.137450215792805697e-01 -2.698865124345259936e+00 0.000000000000000000e+00 1.000000000000000021e-08 -9.087004068001471868e-01 -2.949553852208665283e+00
-9.087004068001471868e-01 -2.949553852208665283e+00 1.000000000000000000e+00 1.000000000000000021e-08 -1.326467472805534342e+00 -4.177670660053871110e+00
-1.326467472805534342e+00 -4.177670660053871110e+00 1.000000000000000000e+00 9.999000000000000110e-01 -1.570796326794896558e+00 -5.000000000000000000e+00
8.590296249861023581e-02 -1.026570401359360764e-02 0.000000000000000000e+00 1.000000000000000021e-08 1.792981569961984434e-01 9.339519449758818537e-01
1.792981569961984434e-01 9.339519449758818537e-01 0.000000000000000000e+00 1.000000000000000021e-08 3.935135183675478321e-01 2.142153613713493776e+00
3.935135183675478321e-01 2.142153613713493776e+00 1.000000000000000000e+00 1.000000000000000021e-08 6.589423513740491067e-01 2.654288330065011969e+00
6.589423513740491067e-01 2.654288330065011969e+00 2.000000000000000000e+00 1.000000000000000021e-08 9.587942119430541421e-01 2.998518605690050354e+00
9.587942119430541421e-01 2.998518605690050354e+00 0.000000000000000000e+00 1.000000000000000021e-08 1.424842743812799517e+00 4.660485318697453749e+00
1.424842743812799517e+00 4.660485318697453749e+00 2.000000000000000000e+00 9.999000000000000110e-01 1.570796326794896558e+00 5.000000000000000000e+00
6.243461253360126778e-02 -7.926624947048295511e-02 2.000000000000000000e+00 1.000000000000000021e-08 -3.800822416140493126e-02 -1.004428366950061990e+00
-3.800822416140493126e-02 -1.004428366950061990e+00 1.000000000000000000e+00 1.000000000000000021e-08 -1.339136463732664428e-01 -9.590542221186150185e-01
-1.339136463732664428e-01 -9.590542221186150185e-01 0.000000000000000000e+00 1.000000000000000021e-08 -1.826595305235409472e-01 -4.874588415027450994e-01
-1.826595305235409472e-01 -4.874588415027450994e-01 1.000000000000000000e+00 1.000000000000000021e-08 -2.595460857311072678e-01 -7.688655520756628725e-01
-2.595460857311072678e-01 -7.688655520756628725e-01 1.000000000000000000e+00 1.000000000000000021e-08 -3.779227292253216075e-01 -1.183766434942143286e+00
-3.779227292253216075e-01 -1.183766434942143286e+00 0.000000000000000000e+00 1.000000000000000021e-08 -4.827622709368588061e-01 -1.048395417115371764e+00
-4.827622709368588061e-01 -1.048395417115371764e+00 2.000000000000000000e+00 1.000000000000000021e-08 -7.483310084057054334e-01 -2.655687374688466384e+00
-7.483310084057054334e-01 -2.655687374688466384e+00 0.000000000000000000e+00 1.000000000000000021e-08 -1.064901574682549201e+00 -3.165705662768437900e+00
-1.064901574682549201e+00 -3.165705662768437900e+00 1.000000000000000000e+00 1.000000000000000021e-08 -1.510740822664748517e+00 -4.458392479821991827e+00
-1.510740822664748517e+00 -4.458392479821991827e+00 0.000000000000000000e+00 9.999000000000000110e-01 -1.570796326794896558e+00 -5.000000000000000000e+00
-8.178989435459003282e-03 -6.810760631052646674e-02 1.000000000000000000e+00 1.000000000000000021e-08 -2.521127903006130030e-02 -1.703228959460229563e-01
-2.521127903006130030e-02 -1.703228959460229563e-01 2.000000000000000000e+00 1.000000000000000021e-08 -1.409065415873062277e-01 -1.156952625572449156e+00
-1.409065415873062277e-01 -1.156952625572449156e+00 0.000000000000000000e+00 1.000000000000000021e-08 -1.794087537480296146e-01 -3.850221216072337027e-01
-1.794087537480296146e-01 -3.850221216072337027e-01 1.000000000000000000e+00 1.000000000000000021e-08 -2.332268203016233110e-01 -5.381806655359370195e-01
-2.332268203016233110e-01 -5.381806655359370195e-01 1.000000000000000000e+00 1.000000000000000021e-08 -3.108808750338345472e-01 -7.765405473221120847e-01
-3.108808750338345472e-01 -7.765405473221120847e-01 0.000000000000000000e+00 1.000000000000000021e-08 -3.695617931339658102e-01 -5.868091810013125187e-01
-3.695617931339658102e-01 -5.868091810013125187e-01 2.000000000000000000e+00 1.000000000000000021e-08 -5.601123240248656598e-01 -1.905505308908998385e+00
-5.601123240248656598e-01 -1.905505308908998385e+00 2.000000000000000000e+00 1.000000000000000021e-08 -8.976505544243458257e-01 -3.375382303994800992e+00
-8.976505544243458257e-01 -3.375382303994800992e+00 0.000000000000000000e+00 1.000000000000000021e-08 -1.296991607830688675e+00 -3.993410534063427608e+00
-1.296991607830688675e+00 -3.993410534063427608e+00 1.000000000000000000e+00 9.999000000000000110e-01 -1.570796326794896558e+00 -5.000000000000000000e+00
-3.547360227810739119e-02 -1.804153944059000425e-02 0.000000000000000000e+00 1.000000000000000021e-08 3.496471533873535265e-02 7.043831761684273829e-01
3.496471533873535265e-02 7.043831761684273829e-01 0.000000000000000000e+00 1.000000000000000021e-08 1.835902786296458311e-01 1.486255632909104785e+00
1.835902786296458311e-01 1.486255632909104785e+00 2.000000000000000000e+00 1.000000000000000021e-08 2.742550657773397682e-01 9.066478714769393710e-01
2.742550657773397682e-01 9.066478714769393710e-01 0.000000000000000000e+00 1.000000000000000021e-08 4.780903561737903651e-01 2.038352903964506080e+00
4.780903561737903651e-01 2.038352903964506080e+00 1.000000000000000000e+00 1.000000000000000021e-08 7.600491721133031398e-01 2.819588159395126858e+00
7.600491721133031398e-01 2.819588159395126858e+00 0.000000000000000000e+00 1.000000000000000021e-08 1.212864989388710901e+00 4.528158172754077171e+00
1.212864989388710901e+00 4.528158172754077171e+00 1.000000000000000000e+00 9.999000000000000110e-01 1.570796326794896558e+00 5.000000000000000000e+00
5.489765032486687568e-02 4.416185496847951225e-02 2.000000000000000000e+00 1.000000000000000021e-08 -3.463488649786913842e-02 -8.953253682273600855e-01
-3.463488649786913842e-02 -8.953253682273600855e-01 0.000000000000000000e+00 1.000000000000000021e-08 -3.226528940498664400e-02 2.369597092882491651e-02
-3.226528940498664400e-02 2.369597092882491651e-02 2.000000000000000000e+00 1.000000000000000021e-08 -1.261923371506264435e-01 -9.392704774563980230e-01
-1.261923371506264435e-01 -9.392704774563980230e-01 1.000000000000000000e+00 1.000000000000000021e-08 -2.322989566452844934e-01 -1.061066194946580499e+00
-2.322989566452844934e-01 -1.061066194946580499e+00 2.000000000000000000e+00 1.000000000000000021e-08 -4.628889617076977769e-01 -2.305900050624132724e+00
-4.628889617076977769e-01 -2.305900050624132724e+00 0.000000000000000000e+00 1.000000000000000021e-08 -7.011394973535032271e-01 -2.382505356458053836e+00
-7.011394973535032271e-01 -2.382505356458053836e+00 2.000000000000000000e+00 1.000000000000000021e-08 -1.104066713792253740e+00 -4.029272164387506017e+00
-1.104066713792253740e+00 -4.029272164387506017e+00 1.000000000000000000e+00 9.999000000000000110e-01 -1.570796326794896558e+00 -5.000000000000000000e+00
5.008829748380655422e-02 -4.436994878630570738e-02 2.000000000000000000e+00 1.000000000000000021e-08 -4.278245812089323530e-02 -9.287075560469978397e-01
-4.278245812089323530e-02 -9.287075560469978397e-01 0.000000000000000000e+00 1.000000000000000021e-08 -4.943325543575939618e-02 -6.650797314866163656e-02
-4.943325543575939618e-02 -6.650797314866163656e-02 1.000000000000000000e+00 1.000000000000000021e-08 -7.739213867612131093e-02 -2.795888324036190919e-01
-7.739213867612131093e-02 -2.795888324036190919e-01 1.000000000000000000e+00 1.000000000000000021e-08 -1.296009985897619010e-01 -5.220885991364058176e-01
-1.296009985897619010e-01 -5.220885991364058176e-01 0.000000000000000000e+00 1.000000000000000021e-08 -1.160028252189219677e-01 1.359817337083992772e-01
-1.160028252189219677e-01 1.359817337083992772e-01 2.000000000000000000e+00 1.000000000000000021e-08 -1.962148489149749819e-01 -8.021202369605301419e-01
-1.962148489149749819e-01 -8.021202369605301419e-01 2.000000000000000000e+00 1.000000000000000021e-08 -3.886438071380865500e-01 -1.924289582231115237e+00
-3.886438071380865500e-01 -1.924289582231115237e+00 1.000000000000000000e+00 1.000000000000000021e-08 -6.551220381048588060e-01 -2.664782309667721893e+00
-6.551220381048588060e-01 -2.664782309667721893e+00 0.000000000000000000e+00 1.000000000000000021e-08 -9.392906912697056576e-01 -2.841686531648468961e+00
-9.392906912697056576e-01 -2.841686531648468961e+00 1.000000000000000000e+00 1.000000000000000021e-08 -1.347376839471046139e+00 -4.080861482013404817e+00
-1.347376839471046139e+00 -4.080861482013404817e+00 0.000000000000000000e+00 9.999000000000000110e-01 -1.570796326794896558e+00 -5.000000000000000000e+00
1.144994881488704819e-02 -7.491924936965450865e-02 1.000000000000000000e+00 1.000000000000000021e-08 1.894835430935552095e-04 -1.126046527179349194e-01
1.894835430935552095e-04 -1.126046527179349194e-01 1.000000000000000000e+00 1.000000000000000021e-08 -2.368500646788565533e-02 -2.387449001097921020e-01
-2.368500646788565533e-02 -2.387449001097921020e-01 0.000000000000000000e+00 1.000000000000000021e-08 2.176938361434220537e-02 4.545439008222785793e-01
2.176938361434220537e-02 4.545439008222785793e-01 0.000000000000000000e+00 1.000000000000000021e-08 1.598859220154085770e-01 1.381165384010663466e+00
1.598859220154085770e-01 1.381165384010663466e+00 1.000000000000000000e+00 1.000000000000000021e-08 3.377073367699515716e-01 1.778214147545430057e+00
3.377073367699515716e-01 1.778214147545430057e+00 0.000000000000000000e+00 1.000000000000000021e-08 6.492066873264178417e-01 3.114993505564662257e+00
6.492066873264178417e-01 3.114993505564662257e+00 2.000000000000000000e+00 1.000000000000000021e-08 9.790074004699564902e-01 3.298007131435386707e+00
9.790074004699564902e-01 3.298007131435386707e+00 2.000000000000000000e+00 1.000000000000000021e-08 1.389808379442654562e+00 4.108009789726981609e+00
1.389808379442654562e+00 4.108009789726981609e+00 0.000000000000000000e+00 9.999000000000000110e-01 1.570796326794896558e+00 5.000000000000000000e+00
-1.957785863865534742e-02 -7.253871835370533094e-02 2.000000000000000000e+00 1.000000000000000021e-08 -1.194142744185457128e-01 -9.983641577989036398e-01
-1.194142744185457128e-01 -9.983641577989036398e-01 2.000000000000000000e+00 1.000000000000000021e-08 -3.362243174842339810e-01 -2.168100430656882960e+00
-3.362243174842339810e-01 -2.168100430656882960e+00 2.000000000000000000e+00 1.000000000000000021e-08 -6.996301790780120600e-01 -3.634058615937780345e+00
-6.996301790780120600e-01 -3.634058615937780345e+00 2.000000000000000000e+00 1.000000000000000021e-08 -1.212731600780056596e+00 -5.000000000000000000e+00
-1.212731600780056596e+00 -5.000000000000000000e+00 0.000000000000000000e+00 9.999000000000000110e-01 -1.570796326794896558e+00 -5.000000000000000000e+00
3.820905312555489264e-02 -5.002823451890141271e-02 0.000000000000000000e+00 1.000000000000000021e-08 1.251240245658645778e-01 8.691497144030968514e-01
1.251240245658645778e-01 8.691497144030968514e-01 0.000000000000000000e+00 1.000000000000000021e-08 3.088198383415833304e-01 1.836958137757187082e+00
3.088198383415833304e-01 1.836958137757187082e+00 2.000000000000000000e+00 1.000000000000000021e-08 4.501435147514369906e-01 1.413236764098536380e+00
4.501435147514369906e-01 1.413236764098536380e+00 2.000000000000000000e+00 1.000000000000000021e-08 5.742542867168388687e-01 1.241107719654019004e+00
5.742542867168388687e-01 1.241107719654019004e+00 0.000000000000000000e+00 1.000000000000000021e-08 8.472104304742387182e-01 2.729561437573999161e+00
8.472104304742387182e-01 2.729561437573999161e+00 0.000000000000000000e+00 1.000000000000000021e-08 1.285322615418105219e+00 4.381121849438665450e+00
1.285322615418105219e+00 4.381121849438665450e+00 0.000000000000000000e+00 9.999000000000000110e-01 1.570796326794896558e+00 5.000000000000000000e+00
2.611854624230212918e-02 2.635110557124804159e-02 0.000000000000000000e+00 1.000000000000000021e-08 1.114018737275298543e-01 8.528332748522772233e-01
1.114018737275298543e-01 8.528332748522772233e-01 1.000000000000000000e+00 1.000000000000000021e-08 2.141802329866126509e-01 1.027783592590827855e+00
2.141802329866126509e-01 1.027783592590827855e+00 2.000000000000000000e+00 1.000000000000000021e-08 2.737800202710156672e-01 5.959978728440298301e-01
2.737800202710156672e-01 5.959978728440298301e-01 0.000000000000000000e+00 1.000000000000000021e-08 4.520902410474367805e-01 1.783102207764211133e+00
4.520902410474367805e-01 1.783102207764211133e+00 0.000000000000000000e+00 1.000000000000000021e-08 7.763289928776784254e-01 3.242387518302416893e+00
7.763289928776784254e-01 3.242387518302416893e+00 1.000000000000000000e+00 1.000000000000000021e-08 1.202393130056266024e+00 4.260641371785874654e+00
1.202393130056266024e+00 4.260641371785874654e+00 1.000000000000000000e+00 9.999000000000000110e-01 1.570796326794896558e+00 5.000000000000000000e+00
-7.036090317380293280e-02 -7.120256527163325300e-02 1.000000000000000000e+00 1.000000000000000021e-08 -9.813181868608529534e-02 -2.777091551228235700e-01
-9.813181868608529534e-02 -2.777091551228235700e-01 1.000000000000000000e+00 1.000000000000000021e-08 -1.398001026684843051e-01 -4.166828398239900699e-01
-1.398001026684843051e-01 -4.166828398239900699e-01 1.000000000000000000e+00 1.000000000000000021e-08 -2.026947945172514198e-01 -6.289469184876711472e-01
-2.026947945172514198e-01 -6.289469184876711472e-01 0.000000000000000000e+00 1.000000000000000021e-08 -2.125910160979557206e-01 -9.896221580704289700e-02
-2.125910160979557206e-01 -9.896221580704289700e-02 2.000000000000000000e+00 1.000000000000000021e-08 -3.273499654789159274e-01 -1.147589493809602068e+00
-3.273499654789159274e-01 -1.147589493809602068e+00 0.000000000000000000e+00 1.000000000000000021e-08 -3.985494217530335392e-01 -7.119945627411761180e-01
-3.985494217530335392e-01 -7.119945627411761180e-01 0.000000000000000000e+00 1.000000000000000021e-08 -4.638616746623238640e-01 -6.531225290929029148e-01
-4.638616746623238640e-01 -6.531225290929029148e-01 2.000000000000000000e+00 1.000000000000000021e-08 -6.887890048996373471e-01 -2.249273302373134609e+00
-6.887890048996373471e-01 -2.249273302373134609e+00 1.000000000000000000e+00 1.000000000000000021e-08 -1.022687865343376856e+00 -3.338988604437395757e+00
-1.022687865343376856e+00 -3.338988604437395757e+00 1.000000000000000000e+00 1.000000000000000021e-08 -1.477451646812055763e+00 -4.547637814686788182e+00
-1.477451646812055763e+00 -4.547637814686788182e+00 1.000000000000000000e+00 9.999000000000000110e-01 -1.570796326794896558e+00 -5.000000000000000000e+00
-2.059775946151375103e-02 -6.814909133148969178e-02 0.000000000000000000e+00 1.000000000000000021e-08 6.710827342754760449e-02 8.770603288906134720e-01
6.710827342754760449e-02 8.770603288906134720e-01 0.000000000000000000e+00 1.000000000000000021e-08 2.632870974048607815e-01 1.961788239773131437e+00
2.632870974048607815e-01 1.961788239773131437e+00 0.000000000000000000e+00 1.000000000000000021e-08 5.698814339773541349e-01 3.065943365724933756e+00
5.698814339773541349e-01 3.065943365724933756e+00 1.000000000000000000e+00 1.000000000000000021e-08 9.536922988796758816e-01 3.838108649023217467e+00
9.536922988796758816e-01 3.838108649023217467e+00 1.000000000000000000e+00 1.000000000000000021e-08 1.456001714100697786e+00 5.000000000000000000e+00
1.456001714100697786e+00 5.000000000000000000e+00 0.000000000000000000e+00 9.999000000000000110e-01 1.570796326794896558e+00 5.000000000000000000e+00
-3.607556948708992572e-02 8.656295058880139615e-02 0.000000000000000000e+00 1.000000000000000021e-08 3.731458046256191929e-02 7.339014994965183947e-01
3.731458046256191929e-02 7.339014994965183947e-01 0.000000000000000000e+00 1.000000000000000021e-08 2.001130862183741477e-01 1.627985057558122284e+00
2.001130862183741477e-01 1.627985057558122284e+00 0.000000000000000000e+00 1.000000000000000021e-08 4.814927329445267690e-01 2.813796467261525880e+00
4.814927329445267690e-01 2.813796467261525880e+00 1.000000000000000000e+00 1.000000000000000021e-08 8.252115895758975750e-01 3.437188566313707838e+00
8.252115895758975750e-01 3.437188566313707838e+00 0.000000000000000000e+00 1.000000000000000021e-08 1.336060805693743525e+00 5.000000000000000000e+00
1.336060805693743525e+00 5.000000000000000000e+00 1.000000000000000000e+00 9.999000000000000110e-01 1.570796326794896558e+00 5.000000000000000000e+00
6.995555621322495365e-02 3.029962812415031709e-02 0.000000000000000000e+00 1.000000000000000021e-08 1.851795961421520975e-01 1.152240399289271355e+00
1.851795961421520975e-01 1.152240399289271355e+00 1.000000000000000000e+00 1.000000000000000021e-08 3.334266865266596880e-01 1.482470903845075849e+00
3.334266865266596880e-01 1.482470903845075849e+00 1.000000000000000000e+00 1.000000000000000021e-08 5.516661674047647068e-01 2.182394808781049633e+00
5.516661674047647068e-01 2.182394808781049633e+00 1.000000000000000000e+00 1.000000000000000021e-08 8.452542528614324091e-01 2.935880854566677023e+00
8.452542528614324091e-01 2.935880854566677023e+00 2.000000000000000000e+00 1.000000000000000021e-08 1.194218815075547724e+00 3.489645622141151815e+00
1.194218815075547724e+00 3.489645622141151815e+00 0.000000000000000000e+00 9.999000000000000110e-01 1.570796326794896558e+00 5.000000000000000000e+00
1.333968829444982795e-02 -5.228935311045491280e-02 2.000000000000000000e+00 1.000000000000000021e-08 -6.190389290898981600e-02 -7.524358120343963563e-01
-6.190389290898981600e-02 -7.524358120343963563e-01 1.000000000000000000e+00 1.000000000000000021e-08 -1.511511519233704470e-01 -8.924725901438061992e-01
-1.511511519233704470e-01 -8.924725901438061992e-01 1.000000000000000000e+00 1.000000000000000021e-08 -2.747334770161516948e-01 -1.235823250927812200e+00
-2.747334770161516948e-01 -1.235823250927812200e+00 0.000000000000000000e+00 1.000000000000000021e-08 -3.636261976221896730e-01 -8.889272060603795600e-01
-3.636261976221896730e-01 -8.889272060603795600e-01 1.000000000000000000e+00 1.000000000000000021e-08 -5.007610663850223798e-01 -1.371348687628327401e+00
-5.007610663850223798e-01 -1.371348687628327401e+00 0.000000000000000000e+00 1.000000000000000021e-08 -6.283853988365506460e-01 -1.276243324515283106e+00
-6.283853988365506460e-01 -1.276243324515283106e+00 1.000000000000000000e+00 1.000000000000000021e-08 -8.404030769170780513e-01 -2.120176780805274497e+00
-8.404030769170780513e-01 -2.120176780805274497e+00 2.000000000000000000e+00 1.000000000000000021e-08 -1.226938822639344506e+00 -3.865357457222664550e+00
-1.226938822639344506e+00 -3.865357457222664550e+00 0.000000000000000000e+00 9.999000000000000110e-01 -1.570796326794896558e+00 -4.955828770530659177e+00
3.347877717262071756e-02 3.536105017841982556e-03 0.000000000000000000e+00 1.000000000000000021e-08 1.227379615135940627e-01 8.925918434097335208e-01
1.227379615135940627e-01 8.925918434097335208e-01 2.000000000000000000e+00 1.000000000000000021e-08 1.627042058335503305e-01 3.996624431995625670e-01
1.627042058335503305e-01 3.996624431995625670e-01 1.000000000000000000e+00 1.000000000000000021e-08 2.404719465280673596e-01 7.776774069451704019e-01
2.404719465280673596e-01 7.776774069451704019e-01 0.000000000000000000e+00 1.000000000000000021e-08 4.287042299345215079e-01 1.882322834064541706e+00
4.287042299345215079e-01 1.882322834064541706e+00 2.000000000000000000e+00 1.000000000000000021e-08 5.973844259489717867e-01 1.686801960144502566e+00
5.973844259489717867e-01 1.686801960144502566e+00 2.000000000000000000e+00 1.000000000000000021e-08 7.800663578065988313e-01 1.826819318576270668e+00
7.800663578065988313e-01 1.826819318576270668e+00 2.000000000000000000e+00 1.000000000000000021e-08 1.012412739813205009e+00 2.323463820066062002e+00
1.012412739813205009e+00 2.323463820066062002e+00 1.000000000000000000e+00 1.000000000000000021e-08 1.368123912540644804e+00 3.557111727274397506e+00
1.368123912540644804e+00 3.557111727274397506e+00 2.000000000000000000e+00 9.999000000000000110e-01 1.570796326794896558e+00 4.805061929883640559e+00
-6.750826991360299456e-02 -7.883800642419931670e-02 0.000000000000000000e+00 1.000000000000000021e-08 1.500979428384723036e-02 8.251806419745022492e-01
1.500979428384723036e-02 8.251806419745022492e-01 1.000000000000000000e+00 1.000000000000000021e-08 1.021752111584382228e-01 8.716541687459098409e-01
1.021752111584382228e-01 8.716541687459098409e-01 0.000000000000000000e+00 1.000000000000000021e-08 2.891013924602953145e-01 1.869261813018570972e+00
2.891013924602953145e-01 1.869261813018570972e+00 1.000000000000000000e+00 1.000000000000000021e-08 5.128672424022546750e-01 2.237658499419592939e+00
5.128672424022546750e-01 2.237658499419592939e+00 1.000000000000000000e+00 1.000000000000000021e-08 8.166316100317755344e-01 3.037643676295208373e+00
8.166316100317755344e-01 3.037643676295208373e+00 0.000000000000000000e+00 1.000000000000000021e-08 1.289126160823941714e+00 4.724945507921660237e+00
1.289126160823941714e+00 4.724945507921660237e+00 1.000000000000000000e+00 9.999000000000000110e-01 1.570796326794896558e+00 5.000000000000000000e+00
3.551973936391969455e-02 -6.004611149209249099e-02 0.000000000000000000e+00 1.000000000000000021e-08 1.127509585015294136e-01 7.723121913760970791e-01
1.127509585015294136e-01 7.723121913760970791e-01 2.000000000000000000e+00 1.000000000000000021e-08 1.238326912291639048e-01 1.108173272763448569e-01
1.238326912291639048e-01 1.108173272763448569e-01 0.000000000000000000e+00 1.000000000000000021e-08 2.340814760848156650e-01 1.102487848556517713e+00
2.340814760848156650e-01 1.102487848556517713e+00 1.000000000000000000e+00 1.000000000000000021e-08 3.760547550010037154e-01 1.419732789161880060e+00
3.760547550010037154e-01 1.419732789161880060e+00 0.000000000000000000e+00 1.000000000000000021e-08 6.544548566857064653e-01 2.784001016847027721e+00
6.544548566857064653e-01 2.784001016847027721e+00 2.000000000000000000e+00 1.000000000000000021e-08 9.575492691186542338e-01 3.030944124329476796e+00
9.575492691186542338e-01 3.030944124329476796e+00 0.000000000000000000e+00 1.000000000000000021e-08 1.419335740738020935e+00 4.617864716193666119e+00
1.419335740738020935e+00 4.617864716193666119e+00 2.000000000000000000e+00 9.999000000000000110e-01 1.570796326794896558e+00 5.000000000000000000e+00
8.040762587629401992e-02 3.399877567093836234e-02 1.000000000000000000e+00 1.000000000000000021e-08 8.162884156090252641e-02 1.221215684608500246e-02
8.162884156090252641e-02 1.221215684608500246e-02 1.000000000000000000e+00 1.000000000000000021e-08 9.646653161700897983e-02 1.483769005610645342e-01
9.646653161700897983e-02 1.483769005610645342e-01 1.000000000000000000e+00 1.000000000000000021e-08 1.391036125487880026e-01 4.263708093177900338e-01
1.391036125487880026e-01 4.263708093177900338e-01 1.000000000000000000e+00 1.000000000000000021e-08 1.986555175438124432e-01 5.955190499502442947e-01
1.986555175438124432e-01 5.955190499502442947e-01 2.000000000000000000e+00 1.000000000000000021e-08 2.199206290712803213e-01 2.126511152746787814e-01
2.199206290712803213e-01 2.126511152746787814e-01 2.000000000000000000e+00 1.000000000000000021e-08 1.889438964433400592e-01 -3.097673262794026772e-01
1.889438964433400592e-01 -3.097673262794026772e-01 0.000000000000000000e+00 1.000000000000000021e-08 2.653116289319330523e-01 7.636773248859298757e-01
2.653116289319330523e-01 7.636773248859298757e-01 2.000000000000000000e+00 1.000000000000000021e-08 2.999208215341434003e-01 3.460919260221033689e-01
2.999208215341434003e-01 3.460919260221033689e-01 2.000000000000000000e+00 1.000000000000000021e-08 3.120313172334432950e-01 1.211049569929989744e-01
3.120313172334432950e-01 1.211049569929989744e-01 2.000000000000000000e+00 1.000000000000000021e-08 2.984988247327595157e-01 -1.353249250068375986e-01
2.984988247327595157e-01 -1.353249250068375986e-01 2.000000000000000000e+00 1.000000000000000021e-08 2.489596392065079877e-01 -4.953918552625151683e-01
2.489596392065079877e-01 -4.953918552625151683e-01 0.000000000000000000e+00 1.000000000000000021e-08 3.180645723915496159e-01 6.910493318504162819e-01
3.180645723915496159e-01 6.910493318504162819e-01 0.000000000000000000e+00 1.000000000000000021e-08 5.273195320581918200e-01 2.092549596666422040e+00
5.273195320581918200e-01 2.092549596666422040e+00 1.000000000000000000e+00 1.000000000000000021e-08 8.039920930875266158e-01 2.766725610293348403e+00
8.039920930875266158e-01 2.766725610293348403e+00 0.000000000000000000e+00 1.000000000000000021e-08 1.252744106513788536e+00 4.487520134262618754e+00
1.252744106513788536e+00 4.487520134262618754e+00 2.000000000000000000e+00 9.999000000000000110e-01 1.570796326794896558e+00 5.000000000000000000e+00
-1.286415856085501921e-02 -5.172962376008798102e-02 1.000000000000000000e+00 1.000000000000000021e-08 -3.781645539043887450e-02 -2.495229682958385320e-01
-3.781645539043887450e-02 -2.495229682958385320e-01 1.000000000000000000e+00 1.000000000000000021e-08 -7.808645110543804835e-02 -4.026999571499917385e-01
