2.210339239098961517e-02 -2.169901151847682119e-02 0.000000000000000000e+00 1.000000000000000021e-08 1.116859310056316917e-01 8.958253861464207102e-01
1.116859310056316917e-01 8.958253861464207102e-01 1.000000000000000000e+00 1.000000000000000021e-08 2.144030069231064595e-01 1.027170759174747650e+00
2.144030069231064595e-01 1.027170759174747650e+00 1.000000000000000000e+00 1.000000000000000021e-08 3.695060252237216680e-01 1.551030183006152141e+00
3.695060252237216680e-01 1.551030183006152141e+00 1.000000000000000000e+00 1.000000000000000021e-08 5.847932632443691991e-01 2.152872380206475533e+00
5.847932632443691991e-01 2.152872380206475533e+00 2.000000000000000000e+00 1.000000000000000021e-08 8.192316083103459157e-01 2.344383450659766943e+00
8.192316083103459157e-01 2.344383450659766943e+00 1.000000000000000000e+00 1.000000000000000021e-08 1.174862631553850401e+00 3.556310232435045293e+00
1.174862631553850401e+00 3.556310232435045293e+00 1.000000000000000000e+00 9.999000000000000110e-01 1.570796326794896558e+00 4.931543740246479679e+00
-5.141298473283473919e-02 2.225176607207245139e-02 2.000000000000000000e+00 1.000000000000000021e-08 -1.609497857653202635e-01 -1.095368010324855090e+00
-1.609497857653202635e-01 -1.095368010324855090e+00 2.000000000000000000e+00 1.000000000000000021e-08 -3.888545002060538325e-01 -2.279047144407335690e+00
-3.888545002060538325e-01 -2.279047144407335690e+00 2.000000000000000000e+00 1.000000000000000021e-08 -7.441935647471178417e-01 -3.553390645410639870e+00
-7.441935647471178417e-01 -3.553390645410639870e+00 2.000000000000000000e+00 1.000000000000000021e-08 -1.264255537189798773e+00 -5.000000000000000000e+00
-1.264255537189798773e+00 -5.000000000000000000e+00 0.000000000000000000e+00 9.999000000000000110e-01 -1.570796326794896558e+00 -5.000000000000000000e+00
9.049498431803366938e-03 -9.031386303971957602e-03 2.000000000000000000e+00 1.000000000000000021e-08 -6.327706121796686234e-02 -7.232655964977021679e-01
-6.327706121796686234e-02 -7.232655964977021679e-01 1.000000000000000000e+00 1.000000000000000021e-08 -1.501748812422620816e-01 -8.689782002429521368e-01
-1.501748812422620816e-01 -8.689782002429521368e-01 0.000000000000000000e+00 1.000000000000000021e-08 -1.869978493543408005e-01 -3.682296811207872445e-01
-1.869978493543408005e-01 -3.682296811207872445e-01 2.000000000000000000e+00 1.000000000000000021e-08 -3.390478732883125401e-01 -1.520500239339716897e+00
-3.390478732883125401e-01 -1.520500239339716897e+00 2.000000000000000000e+00 1.000000000000000021e-08 -6.245516433759394914e-01 -2.855037700876268847e+00
-6.245516433759394914e-01 -2.855037700876268847e+00 1.000000000000000000e+00 1.000000000000000021e-08 -9.987929764473799654e-01 -3.742413330714405184e+00
-9.987929764473799654e-01 -3.742413330714405184e+00 1.000000000000000000e+00 1.000000000000000021e-08 -1.484371868074978895e+00 -4.855788916275989742e+00
-1.484371868074978895e+00 -4.855788916275989742e+00 1.000000000000000000e+00 9.999000000000000110e-01 -1.570796326794896558e+00 -5.000000000000000000e+00
2.393898577313768178e-03 3.100005001647546110e-03 1.000000000000000000e+00 1.000000000000000021e-08 -5.827462446705495777e-03 -8.221361024019263608e-02
-5.827462446705495777e-03 -8.221361024019263608e-02 2.000000000000000000e+00 1.000000000000000021e-08 -9.050277341987421342e-02 -8.467531097316871591e-01
-9.050277341987421342e-02 -8.467531097316871591e-01 0.000000000000000000e+00 1.000000000000000021e-08 -1.021201991518399105e-01 -1.161742573196569150e-01
-1.021201991518399105e-01 -1.161742573196569150e-01 1.000000000000000000e+00 1.000000000000000021e-08 -1.191738660817479173e-01 -1.705366692990800959e-01
-1.191738660817479173e-01 -1.705366692990800959e-01 0.000000000000000000e+00 1.000000000000000021e-08 -6.265985675528348842e-02 5.651400932646443165e-01
-6.265985675528348842e-02 5.651400932646443165e-01 1.000000000000000000e+00 1.000000000000000021e-08 -1.448064088278399469e-02 4.817921587249949233e-01
-1.448064088278399469e-02 4.817921587249949233e-01 2.000000000000000000e+00 1.000000000000000021e-08 -6.020319601831577994e-02 -4.572255513553178385e-01
-6.020319601831577994e-02 -4.572255513553178385e-01 2.000000000000000000e+00 1.000000000000000021e-08 -2.089781910388812669e-01 -1.487749950205654814e+00
-2.089781910388812669e-01 -1.487749950205654814e+00 2.000000000000000000e+00 1.000000000000000021e-08 -4.717911614127801578e-01 -2.628129703738988798e+00
-4.717911614127801578e-01 -2.628129703738988798e+00 1.000000000000000000e+00 1.000000000000000021e-08 -7.930857554566193013e-01 -3.212945940438390657e+00
-7.930857554566193013e-01 -3.212945940438390657e+00 1.000000000000000000e+00 1.000000000000000021e-08 -1.214844170110979116e+00 -4.217584146543597257e+00
-1.214844170110979116e+00 -4.217584146543597257e+00 2.000000000000000000e+00 9.999000000000000110e-01 -1.570796326794896558e+00 -5.000000000000000000e+00
5.290515518259521210e-02 5.401943523324390095e-02 0.000000000000000000e+00 1.000000000000000021e-08 1.418411884458800065e-01 8.893603326328478609e-01
1.418411884458800065e-01 8.893603326328478609e-01 0.000000000000000000e+00 1.000000000000000021e-08 3.414566179513282007e-01 1.996154295054481942e+00
3.414566179513282007e-01 1.996154295054481942e+00 1.000000000000000000e+00 1.000000000000000021e-08 5.885553995375132352e-01 2.470987815861850123e+00
5.885553995375132352e-01 2.470987815861850123e+00 1.000000000000000000e+00 1.000000000000000021e-08 9.351014345233144009e-01 3.465460349858012101e+00
9.351014345233144009e-01 3.465460349858012101e+00 2.000000000000000000e+00 1.000000000000000021e-08 1.354099046443221432e+00 4.189976119199069871e+00
1.354099046443221432e+00 4.189976119199069871e+00 2.000000000000000000e+00 9.999000000000000110e-01 1.570796326794896558e+00 5.000000000000000000e+00
6.661822780938929378e-02 -8.346058755287436709e-03 0.000000000000000000e+00 1.000000000000000021e-08 1.624931831382981362e-01 9.587495532890883965e-01
1.624931831382981362e-01 9.587495532890883965e-01 0.000000000000000000e+00 1.000000000000000021e-08 3.556398865693816136e-01 1.931467034310834663e+00
3.556398865693816136e-01 1.931467034310834663e+00 0.000000000000000000e+00 1.000000000000000021e-08 6.791923544986646633e-01 3.235524679292830719e+00
6.791923544986646633e-01 3.235524679292830719e+00 0.000000000000000000e+00 1.000000000000000021e-08 1.159676937897115012e+00 4.804845833984503933e+00
1.159676937897115012e+00 4.804845833984503933e+00 0.000000000000000000e+00 9.999000000000000110e-01 1.570796326794896558e+00 5.000000000000000000e+00
-5.098504657829894954e-02 6.028455998757276807e-02 0.000000000000000000e+00 1.000000000000000021e-08 4.580705409986269433e-02 9.679210067816164109e-01
4.580705409986269433e-02 9.679210067816164109e-01 1.000000000000000000e+00 1.000000000000000021e-08 1.365219289854581741e-01 9.071487488559547563e-01
1.365219289854581741e-01 9.071487488559547563e-01 2.000000000000000000e+00 1.000000000000000021e-08 1.698036199633390086e-01 3.328169097788082897e-01
1.698036199633390086e-01 3.328169097788082897e-01 0.000000000000000000e+00 1.000000000000000021e-08 3.349596801612331198e-01 1.651560601978940612e+00
3.349596801612331198e-01 1.651560601978940612e+00 0.000000000000000000e+00 1.000000000000000021e-08 6.408107350929892476e-01 3.058510549317561278e+00
6.408107350929892476e-01 3.058510549317561278e+00 1.000000000000000000e+00 1.000000000000000021e-08 1.027016742815345607e+00 3.862060077223563148e+00
1.027016742815345607e+00 3.862060077223563148e+00 1.000000000000000000e+00 1.000000000000000021e-08 1.526281974641074513e+00 4.992652318257289501e+00
1.526281974641074513e+00 4.992652318257289501e+00 2.000000000000000000e+00 9.999000000000000110e-01 1.570796326794896558e+00 5.000000000000000000e+00
-1.005089081253329394e-02 -4.259752303515925570e-02 1.000000000000000000e+00 1.000000000000000021e-08 -2.711347066728261174e-02 -1.706257985474931571e-01
-2.711347066728261174e-02 -1.706257985474931571e-01 1.000000000000000000e+00 1.000000000000000021e-08 -3.895521358935147282e-02 -1.184174292206885831e-01
-3.895521358935147282e-02 -1.184174292206885831e-01 1.000000000000000000e+00 1.000000000000000021e-08 -4.550586567247224407e-02 -6.550652083120769853e-02
-4.550586567247224407e-02 -6.550652083120769853e-02 0.000000000000000000e+00 1.000000000000000021e-08 3.152521777164788569e-02 7.703108344412011865e-01
3.152521777164788569e-02 7.703108344412011865e-01 0.000000000000000000e+00 1.000000000000000021e-08 2.176397167120359410e-01 1.861144989403880512e+00
2.176397167120359410e-01 1.861144989403880512e+00 1.000000000000000000e+00 1.000000000000000021e-08 4.346453566952693803e-01 2.170056399832334559e+00
4.346453566952693803e-01 2.170056399832334559e+00 0.000000000000000000e+00 1.000000000000000021e-08 7.851047712124418210e-01 3.504594145171724406e+00
7.851047712124418210e-01 3.504594145171724406e+00 1.000000000000000000e+00 1.000000000000000021e-08 1.236234848425854516e+00 4.511300772134127612e+00
1.236234848425854516e+00 4.511300772134127612e+00 0.000000000000000000e+00 9.999000000000000110e-01 1.570796326794896558e+00 5.000000000000000000e+00
8.702962479404516283e-02 4.547315425287370982e-03 2.000000000000000000e+00 1.000000000000000021e-08 2.409121392562434127e-02 -6.293841086842081323e-01
2.409121392562434127e-02 -6.293841086842081323e-01 1.000000000000000000e+00 1.000000000000000021e-08 -2.122392494998784351e-02 -4.531513887561218201e-01
-2.122392494998784351e-02 -4.531513887561218201e-01 2.000000000000000000e+00 1.000000000000000021e-08 -1.735011942562229570e-01 -1.522772693062351079e+00
-1.735011942562229570e-01 -1.522772693062351079e+00 2.000000000000000000e+00 1.000000000000000021e-08 -4.423896590219372760e-01 -2.688884647657142857e+00
-4.423896590219372760e-01 -2.688884647657142857e+00 0.000000000000000000e+00 1.000000000000000021e-08 -7.073100465647750301e-01 -2.649203875428377319e+00
-7.073100465647750301e-01 -2.649203875428377319e+00 2.000000000000000000e+00 1.000000000000000021e-08 -1.142452391308679926e+00 -4.351423447439048076e+00
-1.142452391308679926e+00 -4.351423447439048076e+00 1.000000000000000000e+00 9.999000000000000110e-01 -1.570796326794896558e+00 -5.000000000000000000e+00
-2.729931185893418391e-02 5.635339955620063956e-02 1.000000000000000000e+00 1.000000000000000021e-08 -2.754185155617396019e-02 -2.425396972397762807e-03
-2.754185155617396019e-02 -2.425396972397762807e-03 0.000000000000000000e+00 1.000000000000000021e-08 5.095622490854943842e-02 7.849807646472339862e-01
5.095622490854943842e-02 7.849807646472339862e-01 1.000000000000000000e+00 1.000000000000000021e-08 1.220327148090560587e-01 7.107648990050662308e-01
1.220327148090560587e-01 7.107648990050662308e-01 2.000000000000000000e+00 1.000000000000000021e-08 1.324195696632717301e-01 1.038685485421567689e-01
1.324195696632717301e-01 1.038685485421567689e-01 2.000000000000000000e+00 1.000000000000000021e-08 6.186633708130929998e-02 -7.055323258196242175e-01
6.186633708130929998e-02 -7.055323258196242175e-01 0.000000000000000000e+00 1.000000000000000021e-08 7.460277571321149992e-02 1.273643863190220271e-01
7.460277571321149992e-02 1.273643863190220271e-01 2.000000000000000000e+00 1.000000000000000021e-08 2.796966529595635437e-02 -4.663311041725514139e-01
2.796966529595635437e-02 -4.663311041725514139e-01 0.000000000000000000e+00 1.000000000000000021e-08 7.906440795120614484e-02 5.109474265524979186e-01
7.906440795120614484e-02 5.109474265524979186e-01 1.000000000000000000e+00 1.000000000000000021e-08 1.593288336399023841e-01 8.026442568869622818e-01
1.593288336399023841e-01 8.026442568869622818e-01 1.000000000000000000e+00 1.000000000000000021e-08 2.692272512268577556e-01 1.098984175869553770e+00
2.692272512268577556e-01 1.098984175869553770e+00 2.000000000000000000e+00 1.000000000000000021e-08 3.533522553640904840e-01 8.412500413723273951e-01
3.533522553640904840e-01 8.412500413723273951e-01 0.000000000000000000e+00 1.000000000000000021e-08 5.635103276607831280e-01 2.101580722966925663e+00
5.635103276607831280e-01 2.101580722966925663e+00 0.000000000000000000e+00 1.000000000000000021e-08 9.315841221125777949e-01 3.680737944517946225e+00
9.315841221125777949e-01 3.680737944517946225e+00 1.000000000000000000e+00 1.000000000000000021e-08 1.422657852107562571e+00 4.910737299949847312e+00
1.422657852107562571e+00 4.910737299949847312e+00 2.000000000000000000e+00 9.999000000000000110e-01 1.570796326794896558e+00 5.000000000000000000e+00
4.409147185874592173e-03 -4.982340282001791743e-02 1.000000000000000000e+00 1.000000000000000021e-08 1.524232880633992655e-02 1.083318162046533334e-01
1.524232880633992655e-02 1.083318162046533334e-01 2.000000000000000000e+00 1.000000000000000021e-08 -4.782816534090018890e-02 -6.307049414724010816e-01
-4.782816534090018890e-02 -6.307049414724010816e-01 0.000000000000000000e+00 1.000000000000000021e-08 -3.088890166988279840e-02 1.693926367101739050e-01
-3.088890166988279840e-02 1.693926367101739050e-01 2.000000000000000000e+00 1.000000000000000021e-08 -1.094014083659745618e-01 -7.851250669609175503e-01
-1.094014083659745618e-01 -7.851250669609175503e-01 0.000000000000000000e+00 1.000000000000000021e-08 -1.321733513816400474e-01 -2.277194301566548562e-01
-1.321733513816400474e-01 -2.277194301566548562e-01 2.000000000000000000e+00 1.000000000000000021e-08 -2.645595996613867573e-01 -1.323862482797467433e+00
-2.645595996613867573e-01 -1.323862482797467433e+00 2.000000000000000000e+00 1.000000000000000021e-08 -5.226737780723016424e-01 -2.581141784109147963e+00
-5.226737780723016424e-01 -2.581141784109147963e+00 2.000000000000000000e+00 1.000000000000000021e-08 -9.452596929167988993e-01 -4.225859148444972568e+00
-9.452596929167988993e-01 -4.225859148444972568e+00 2.000000000000000000e+00 1.000000000000000021e-08 -1.526251235250696503e+00 -5.000000000000000000e+00
-1.526251235250696503e+00 -5.000000000000000000e+00 1.000000000000000000e+00 9.999000000000000110e-01 -1.570796326794896558e+00 -5.000000000000000000e+00
-3.311648569278929921e-02 4.525673601083810005e-02 1.000000000000000000e+00 1.000000000000000021e-08 -1.951910606759536815e-02 1.359737962519392829e-01
-1.951910606759536815e-02 1.359737962519392829e-01 0.000000000000000000e+00 1.000000000000000021e-08 6.214888636320088644e-02 8.166799243079624349e-01
6.214888636320088644e-02 8.166799243079624349e-01 0.000000000000000000e+00 1.000000000000000021e-08 2.251264436663953927e-01 1.629775573031944980e+00
2.251264436663953927e-01 1.629775573031944980e+00 1.000000000000000000e+00 1.000000000000000021e-08 4.166458943758699074e-01 1.915194507094744925e+00
4.166458943758699074e-01 1.915194507094744925e+00 0.000000000000000000e+00 1.000000000000000021e-08 7.663806576090642642e-01 3.497347632331943235e+00
7.663806576090642642e-01 3.497347632331943235e+00 1.000000000000000000e+00 1.000000000000000021e-08 1.212456528600579952e+00 4.460758709915156217e+00
1.212456528600579952e+00 4.460758709915156217e+00 2.000000000000000000e+00 9.999000000000000110e-01 1.570796326794896558e+00 5.000000000000000000e+00
6.766874218064617558e-03 3.335988061350354805e-02 0.000000000000000000e+00 1.000000000000000021e-08 9.258204175501701105e-02 8.581516753695238586e-01
9.258204175501701105e-02 8.581516753695238586e-01 2.000000000000000000e+00 1.000000000000000021e-08 1.154084519692066269e-01 2.282641021418961857e-01
1.154084519692066269e-01 2.282641021418961857e-01 1.000000000000000000e+00 1.000000000000000021e-08 1.727530556169430687e-01 5.734460364773643626e-01
1.727530556169430687e-01 5.734460364773643626e-01 2.000000000000000000e+00 1.000000000000000021e-08 1.620124528986083279e-01 -1.074060271833473523e-01
1.620124528986083279e-01 -1.074060271833473523e-01 0.000000000000000000e+00 1.000000000000000021e-08 2.774975550239026090e-01 1.154851021252942811e+00
2.774975550239026090e-01 1.154851021252942811e+00 1.000000000000000000e+00 1.000000000000000021e-08 4.310717406279673813e-01 1.535741856040647724e+00
4.310717406279673813e-01 1.535741856040647724e+00 1.000000000000000000e+00 1.000000000000000021e-08 6.582199660051522017e-01 2.271482253771847759e+00
6.582199660051522017e-01 2.271482253771847759e+00 2.000000000000000000e+00 1.000000000000000021e-08 9.101957854006215154e-01 2.519758193954693137e+00
9.101957854006215154e-01 2.519758193954693137e+00 1.000000000000000000e+00 1.000000000000000021e-08 1.275142003330341112e+00 3.649462179297195519e+00
1.275142003330341112e+00 3.649462179297195519e+00 2.000000000000000000e+00 9.999000000000000110e-01 1.570796326794896558e+00 4.832723420626100719e+00
1.233167348954882642e-02 4.312129726483759917e-02 1.000000000000000000e+00 1.000000000000000021e-08 2.520053199503402216e-02 1.286885850548519505e-01
2.520053199503402216e-02 1.286885850548519505e-01 1.000000000000000000e+00 1.000000000000000021e-08 3.246086504816346474e-02 7.260333053129441883e-02
3.246086504816346474e-02 7.260333053129441883e-02 1.000000000000000000e+00 1.000000000000000021e-08 3.910279796579588241e-02 6.641932917632420441e-02
3.910279796579588241e-02 6.641932917632420441e-02 1.000000000000000000e+00 1.000000000000000021e-08 6.404221249092754975e-02 2.493941452513166457e-01
6.404221249092754975e-02 2.493941452513166457e-01 2.000000000000000000e+00 1.000000000000000021e-08 -1.701148318799652892e-03 -6.574336080972720264e-01
-1.701148318799652892e-03 -6.574336080972720264e-01 0.000000000000000000e+00 1.000000000000000021e-08 1.837149418838472659e-02 2.007264250718437948e-01
1.837149418838472659e-02 2.007264250718437948e-01 0.000000000000000000e+00 1.000000000000000021e-08 1.213388682480410763e-01 1.029673740596563469e+00
1.213388682480410763e-01 1.029673740596563469e+00 1.000000000000000000e+00 1.000000000000000021e-08 2.441598547926625007e-01 1.228209865446214133e+00
2.441598547926625007e-01 1.228209865446214133e+00 0.000000000000000000e+00 1.000000000000000021e-08 4.939238448133705384e-01 2.497639900207080377e+00
4.939238448133705384e-01 2.497639900207080377e+00 0.000000000000000000e+00 1.000000000000000021e-08 8.883897518453902631e-01 3.944659070320196470e+00
8.883897518453902631e-01 3.944659070320196470e+00 2.000000000000000000e+00 1.000000000000000021e-08 1.338239363746878130e+00 4.498496119014877337e+00
1.338239363746878130e+00 4.498496119014877337e+00 0.000000000000000000e+00 9.999000000000000110e-01 1.570796326794896558e+00 5.000000000000000000e+00
9.746946409730436467e-03 6.506610729439589458e-02 2.000000000000000000e+00 1.000000000000000021e-08 -6.899153527064727509e-02 -7.873848168037770323e-01
-6.899153527064727509e-02 -7.873848168037770323e-01 2.000000000000000000e+00 1.000000000000000021e-08 -2.604228463093244961e-01 -1.914313110386772099e+00
-2.604228463093244961e-01 -1.914313110386772099e+00 0.000000000000000000e+00 1.000000000000000021e-08 -4.253870869767667484e-01 -1.649642406674422190e+00
-4.253870869767667484e-01 -1.649642406674422190e+00 2.000000000000000000e+00 1.000000000000000021e-08 -7.253192091746676340e-01 -2.999321221979008190e+00
-7.253192091746676340e-01 -2.999321221979008190e+00 0.000000000000000000e+00 1.000000000000000021e-08 -1.066149734347462186e+00 -3.408305251727946406e+00
-1.066149734347462186e+00 -3.408305251727946406e+00 0.000000000000000000e+00 1.000000000000000021e-08 -1.489292553701666577e+00 -4.231428193542043914e+00
-1.489292553701666577e+00 -4.231428193542043914e+00 0.000000000000000000e+00 9.999000000000000110e-01 -1.570796326794896558e+00 -5.000000000000000000e+00
-1.163272862398386127e-02 -7.709204687281408230e-02 1.000000000000000000e+00 1.000000000000000021e-08 -3.582022333395517427e-02 -2.418749470997131334e-01
-3.582022333395517427e-02 -2.418749470997131334e-01 2.000000000000000000e+00 1.000000000000000021e-08 -1.550665209871215644e-01 -1.192462976531663887e+00
-1.550665209871215644e-01 -1.192462976531663887e+00 1.000000000000000000e+00 1.000000000000000021e-08 -3.023886427952015010e-01 -1.473221218080799089e+00
-3.023886427952015010e-01 -1.473221218080799089e+00 2.000000000000000000e+00 1.000000000000000021e-08 -5.955163595486185901e-01 -2.931277167534170225e+00
-5.955163595486185901e-01 -2.931277167534170225e+00 2.000000000000000000e+00 1.000000000000000021e-08 -1.037136758122571445e+00 -4.416203985739528548e+00
-1.037136758122571445e+00 -4.416203985739528548e+00 0.000000000000000000e+00 1.000000000000000021e-08 -1.557603524279741691e+00 -5.000000000000000000e+00
-1.557603524279741691e+00 -5.000000000000000000e+00 0.000000000000000000e+00 9.999000000000000110e-01 -1.570796326794896558e+00 -5.000000000000000000e+00
6.236884763277530941e-02 -3.996060586649270024e-02 0.000000000000000000e+00 1.000000000000000021e-08 1.582883183223253165e-01 9.591947068955000155e-01
1.582883183223253165e-01 9.591947068955000155e-01 2.000000000000000000e+00 1.000000000000000021e-08 2.053021032745515062e-01 4.701378495222618970e-01
2.053021032745515062e-01 4.701378495222618970e-01 1.000000000000000000e+00 1.000000000000000021e-08 2.765919033352273182e-01 7.128980006067578978e-01
2.765919033352273182e-01 7.128980006067578978e-01 1.000000000000000000e+00 1.000000000000000021e-08 4.071708008979564308e-01 1.305788975627291126e+00
4.071708008979564308e-01 1.305788975627291126e+00 1.000000000000000000e+00 1.000000000000000021e-08 6.049665360949457726e-01 1.977957351969893418e+00
6.049665360949457726e-01 1.977957351969893418e+00 0.000000000000000000e+00 1.000000000000000021e-08 9.697081818781286833e-01 3.647416457831829106e+00
9.697081818781286833e-01 3.647416457831829106e+00 0.000000000000000000e+00 1.000000000000000021e-08 1.504702910721420261e+00 5.000000000000000000e+00
1.504702910721420261e+00 5.000000000000000000e+00 0.000000000000000000e+00 9.999000000000000110e-01 1.570796326794896558e+00 5.000000000000000000e+00
-5.838212014932398636e-02 -1.209897814094616081e-03 1.000000000000000000e+00 1.000000000000000021e-08 -8.023563277498818591e-02 -2.185351262566419261e-01
-8.023563277498818591e-02 -2.185351262566419261e-01 0.000000000000000000e+00 1.000000000000000021e-08 -1.454206775248120809e-02 6.569356502250697227e-01
-1.454206775248120809e-02 6.569356502250697227e-01 0.000000000000000000e+00 1.000000000000000021e-08 1.500889199058278445e-01 1.646309876583090359e+00
1.500889199058278445e-01 1.646309876583090359e+00 1.000000000000000000e+00 1.000000000000000021e-08 3.481349466281814520e-01 1.980460267223536075e+00
3.481349466281814520e-01 1.980460267223536075e+00 1.000000000000000000e+00 1.000000000000000021e-08 6.173628003600093450e-01 2.692278537318278264e+00
6.173628003600093450e-01 2.692278537318278264e+00 2.000000000000000000e+00 1.000000000000000021e-08 9.150520581343881688e-01 2.976892577743787793e+00
9.150520581343881688e-01 2.976892577743787793e+00 0.000000000000000000e+00 1.000000000000000021e-08 1.376297071183106180e+00 4.612450130487180111e+00
1.376297071183106180e+00 4.612450130487180111e+00 1.000000000000000000e+00 9.999000000000000110e-01 1.570796326794896558e+00 5.000000000000000000e+00
6.114616759846548677e-02 1.225583631251600178e-02 1.000000000000000000e+00 1.000000000000000021e-08 8.939990624443168443e-02 2.825373864596619766e-01
8.939990624443168443e-02 2.825373864596619766e-01 1.000000000000000000e+00 1.000000000000000021e-08 1.315404513547424048e-01 4.214054511031071759e-01
1.315404513547424048e-01 4.214054511031071759e-01 1.000000000000000000e+00 1.000000000000000021e-08 1.895541932322237777e-01 5.801374187748136180e-01
1.895541932322237777e-01 5.801374187748136180e-01 2.000000000000000000e+00 1.000000000000000021e-08 1.923534331797674968e-01 2.799239947543730178e-02
1.923534331797674968e-01 2.799239947543730178e-02 2.000000000000000000e+00 1.000000000000000021e-08 1.458053168434737257e-01 -4.654811633629377665e-01
1.458053168434737257e-01 -4.654811633629377665e-01 2.000000000000000000e+00 1.000000000000000021e-08 2.106016129043347673e-02 -1.247451555530402434e+00
2.106016129043347673e-02 -1.247451555530402434e+00 1.000000000000000000e+00 1.000000000000000021e-08 -8.566141900650686702e-02 -1.067215802969403438e+00
-8.566141900650686702e-02 -1.067215802969403438e+00 1.000000000000000000e+00 1.000000000000000021e-08 -2.211354542749389973e-01 -1.354740352684321136e+00
-2.211354542749389973e-01 -1.354740352684321136e+00 2.000000000000000000e+00 1.000000000000000021e-08 -4.811587017885853301e-01 -2.600232475136462718e+00
-4.811587017885853301e-01 -2.600232475136462718e+00 0.000000000000000000e+00 1.000000000000000021e-08 -7.337145291459838958e-01 -2.525558273573984991e+00
-7.337145291459838958e-01 -2.525558273573984991e+00 2.000000000000000000e+00 1.000000000000000021e-08 -1.147976542767867647e+00 -4.142620136218837956e+00
-1.147976542767867647e+00 -4.142620136218837956e+00 1.000000000000000000e+00 9.999000000000000110e-01 -1.570796326794896558e+00 -5.000000000000000000e+00
-8.004069280440202772e-02 -8.814866018802148401e-03 2.000000000000000000e+00 1.000000000000000021e-08 -1.879458576651929502e-01 -1.079051648607909142e+00
-1.879458576651929502e-01 -1.079051648607909142e+00 1.000000000000000000e+00 1.000000000000000021e-08 -3.424670352169769116e-01 -1.545211775517839614e+00
-3.424670352169769116e-01 -1.545211775517839614e+00 0.000000000000000000e+00 1.000000000000000021e-08 -4.768703370639746364e-01 -1.344033018469977137e+00
-4.768703370639746364e-01 -1.344033018469977137e+00 0.000000000000000000e+00 1.000000000000000021e-08 -6.153669117594451343e-01 -1.384965746954704757e+00
-6.153669117594451343e-01 -1.384965746954704757e+00 0.000000000000000000e+00 1.000000000000000021e-08 -7.693174821899417815e-01 -1.539505704304966249e+00
-7.693174821899417815e-01 -1.539505704304966249e+00 1.000000000000000000e+00 1.000000000000000021e-08 -1.037755672162478326e+00 -2.684381899725364562e+00
-1.037755672162478326e+00 -2.684381899725364562e+00 1.000000000000000000e+00 1.000000000000000021e-08 -1.425987071297733833e+00 -3.882313991352554616e+00
-1.425987071297733833e+00 -3.882313991352554616e+00 0.000000000000000000e+00 9.999000000000000110e-01 -1.570796326794896558e+00 -5.000000000000000000e+00
5.580595683631617288e-03 1.931035755194578096e-02 0.000000000000000000e+00 1.000000000000000021e-08 8.413614325940502181e-02 7.855554757577339897e-01
8.413614325940502181e-02 7.855554757577339897e-01 1.000000000000000000e+00 1.000000000000000021e-08 1.934034677973834326e-01 1.092673245379784053e+00
1.934034677973834326e-01 1.092673245379784053e+00 1.000000000000000000e+00 1.000000000000000021e-08 3.243273031388109184e-01 1.309238353414274858e+00
3.243273031388109184e-01 1.309238353414274858e+00 2.000000000000000000e+00 1.000000000000000021e-08 4.403093910251699716e-01 1.159820878863590421e+00
4.403093910251699716e-01 1.159820878863590421e+00 0.000000000000000000e+00 1.000000000000000021e-08 7.178176694929117030e-01 2.775082784677416647e+00
7.178176694929117030e-01 2.775082784677416647e+00 2.000000000000000000e+00 1.000000000000000021e-08 1.040318731564845001e+00 3.225010620719332533e+00
1.040318731564845001e+00 3.225010620719332533e+00 2.000000000000000000e+00 1.000000000000000021e-08 1.447776694258416708e+00 4.074579626935716625e+00
1.447776694258416708e+00 4.074579626935716625e+00 0.000000000000000000e+00 9.999000000000000110e-01 1.570796326794896558e+00 5.000000000000000000e+00
-1.208586153446724286e-02 -1.612947364131173122e-03 2.000000000000000000e+00 1.000000000000000021e-08 -1.079422679288682407e-01 -9.585640639440099475e-01
-1.079422679288682407e-01 -9.585640639440099475e-01 1.000000000000000000e+00 1.000000000000000021e-08 -2.265105395007219746e-01 -1.185682715718537228e+00
-2.265105395007219746e-01 -1.185682715718537228e+00 2.000000000000000000e+00 1.000000000000000021e-08 -4.769628766321907798e-01 -2.504523371314688163e+00
-4.769628766321907798e-01 -2.504523371314688163e+00 2.000000000000000000e+00 1.000000000000000021e-08 -8.763129730139531670e-01 -3.993500963817623539e+00
-8.763129730139531670e-01 -3.993500963817623539e+00 2.000000000000000000e+00 1.000000000000000021e-08 -1.429234707864015519e+00 -5.000000000000000000e+00
-1.429234707864015519e+00 -5.000000000000000000e+00 1.000000000000000000e+00 9.999000000000000110e-01 -1.570796326794896558e+00 -5.000000000000000000e+00
3.504567236267228103e-02 5.179184442088997226e-03 1.000000000000000000e+00 1.000000000000000021e-08 4.495091777379252307e-02 9.905245411120240651e-02
4.495091777379252307e-02 9.905245411120240651e-02 1.000000000000000000e+00 1.000000000000000021e-08 6.050418282943580139e-02 1.555326505564327833e-01
6.050418282943580139e-02 1.555326505564327833e-01 2.000000000000000000e+00 1.000000000000000021e-08 4.905649734612611834e-03 -5.559853309482318817e-01
4.905649734612611834e-03 -5.559853309482318817e-01 1.000000000000000000e+00 1.000000000000000021e-08 -3.283238138266170864e-02 -3.773803111727431769e-01
-3.283238138266170864e-02 -3.773803111727431769e-01 2.000000000000000000e+00 1.000000000000000021e-08 -1.544655721923419711e-01 -1.216331908096802694e+00
-1.544655721923419711e-01 -1.216331908096802694e+00 2.000000000000000000e+00 1.000000000000000021e-08 -3.912697769424819949e-01 -2.368042047501400127e+00
-3.912697769424819949e-01 -2.368042047501400127e+00 2.000000000000000000e+00 1.000000000000000021e-08 -7.682074514109311636e-01 -3.769376744684492131e+00
-7.682074514109311636e-01 -3.769376744684492131e+00 1.000000000000000000e+00 1.000000000000000021e-08 -1.251631604889816618e+00 -4.834241534788853656e+00
-1.251631604889816618e+00 -4.834241534788853656e+00 2.000000000000000000e+00 9.999000000000000110e-01 -1.570796326794896558e+00 -5.000000000000000000e+00
6.954546701181606172e-02 7.404280727800570394e-02 0.000000000000000000e+00 1.000000000000000021e-08 1.733750330379664195e-01 1.038295660261503661e+00
1.733750330379664195e-01 1.038295660261503661e+00 2.000000000000000000e+00 1.000000000000000021e-08 2.370749482370428374e-01 6.369991519907640676e-01
2.370749482370428374e-01 6.369991519907640676e-01 1.000000000000000000e+00 1.000000000000000021e-08 3.384289273368011330e-01 1.013539790997582957e+00
3.384289273368011330e-01 1.013539790997582957e+00 1.000000000000000000e+00 1.000000000000000021e-08 5.077792052944652967e-01 1.693502779576641304e+00
5.077792052944652967e-01 1.693502779576641304e+00 0.000000000000000000e+00 1.000000000000000021e-08 8.159922126471790271e-01 3.082130073527136638e+00
8.159922126471790271e-01 3.082130073527136638e+00 1.000000000000000000e+00 1.000000000000000021e-08 1.235183049650046883e+00 4.191908370028678554e+00
1.235183049650046883e+00 4.191908370028678554e+00 0.000000000000000000e+00 9.999000000000000110e-01 1.570796326794896558e+00 5.000000000000000000e+00
5.820213279276179735e-02 5.481445553538636523e-02 2.000000000000000000e+00 1.000000000000000021e-08 2.432187085586609565e-03 -5.576994570717518362e-01
2.432187085586609565e-03 -5.576994570717518362e-01 0.000000000000000000e+00 1.000000000000000021e-08 2.185888683696507462e-02 1.942669975137846228e-01
2.185888683696507462e-02 1.942669975137846228e-01 1.000000000000000000e+00 1.000000000000000021e-08 4.786349440556953577e-02 2.600460756860445977e-01
4.786349440556953577e-02 2.600460756860445977e-01 1.000000000000000000e+00 1.000000000000000021e-08 8.808661668654660382e-02 4.022312228097706388e-01
8.808661668654660382e-02 4.022312228097706388e-01 1.000000000000000000e+00 1.000000000000000021e-08 1.422001512945045842e-01 5.411353460795798043e-01
1.422001512945045842e-01 5.411353460795798043e-01 2.000000000000000000e+00 1.000000000000000021e-08 1.478661176131680355e-01 5.665966318663445689e-02
1.478661176131680355e-01 5.665966318663445689e-02 1.000000000000000000e+00 1.000000000000000021e-08 1.784275790831330033e-01 3.056146146996496782e-01
1.784275790831330033e-01 3.056146146996496782e-01 2.000000000000000000e+00 1.000000000000000021e-08 1.684325748501601938e-01 -9.995004232972803937e-02
1.684325748501601938e-01 -9.995004232972803937e-02 0.000000000000000000e+00 1.000000000000000021e-08 2.891709654819939468e-01 1.207383906318337363e+00
2.891709654819939468e-01 1.207383906318337363e+00 1.000000000000000000e+00 1.000000000000000021e-08 4.478287122955454391e-01 1.586577468135515145e+00
4.478287122955454391e-01 1.586577468135515145e+00 2.000000000000000000e+00 1.000000000000000021e-08 5.932610956810899783e-01 1.454323833855444725e+00
5.932610956810899783e-01 1.454323833855444725e+00 2.000000000000000000e+00 1.000000000000000021e-08 7.639862037724276522e-01 1.707251080913376518e+00
7.639862037724276522e-01 1.707251080913376518e+00 0.000000000000000000e+00 1.000000000000000021e-08 1.097115205375755576e+00 3.331290016033278789e+00
1.097115205375755576e+00 3.331290016033278789e+00 2.000000000000000000e+00 1.000000000000000021e-08 1.518195379614622809e+00 4.210801742388671443e+00
1.518195379614622809e+00 4.210801742388671443e+00 1.000000000000000000e+00 9.999000000000000110e-01 1.570796326794896558e+00 5.000000000000000000e+00
3.531527450531679602e-02 1.516790173741826980e-02 1.000000000000000000e+00 1.000000000000000021e-08 4.572595020677464733e-02 1.041067570145784993e-01
4.572595020677464733e-02 1.041067570145784993e-01 0.000000000000000000e+00 1.000000000000000021e-08 1.622289048024797287e-01 1.165029545957050772e+00
1.622289048024797287e-01 1.165029545957050772e+00 1.000000000000000000e+00 1.000000000000000021e-08 2.945581977460189349e-01 1.323292929435391896e+00
2.945581977460189349e-01 1.323292929435391896e+00 1.000000000000000000e+00 1.000000000000000021e-08 4.830902445671952927e-01 1.885320468211763245e+00
4.830902445671952927e-01 1.885320468211763245e+00 1.000000000000000000e+00 1.000000000000000021e-08 7.409624138466234244e-01 2.578721692794281317e+00
7.409624138466234244e-01 2.578721692794281317e+00 1.000000000000000000e+00 1.000000000000000021e-08 1.099995264576341114e+00 3.590328507297176674e+00
1.099995264576341114e+00 3.590328507297176674e+00 0.000000000000000000e+00 9.999000000000000110e-01 1.570796326794896558e+00 5.000000000000000000e+00
-3.948349391198338609e-02 -4.333298874689078123e-02 1.000000000000000000e+00 1.000000000000000021e-08 -3.833217960118516510e-02 1.151314310798224466e-02
-3.833217960118516510e-02 1.151314310798224466e-02 0.000000000000000000e+00 1.000000000000000021e-08 5.544264824157010829e-02 9.377482784275527061e-01
5.544264824157010829e-02 9.377482784275527061e-01 2.000000000000000000e+00 1.000000000000000021e-08 6.669837413951769378e-02 1.125572589794758827e-01
6.669837413951769378e-02 1.125572589794758827e-01 2.000000000000000000e+00 1.000000000000000021e-08 6.638277360192269827e-03 -6.006009677932542257e-01
6.638277360192269827e-03 -6.006009677932542257e-01 2.000000000000000000e+00 1.000000000000000021e-08 -1.338934416357652757e-01 -1.405317189959575330e+00
-1.338934416357652757e-01 -1.405317189959575330e+00 0.000000000000000000e+00 1.000000000000000021e-08 -2.169726527600513988e-01 -8.307921112428611199e-01
-2.169726527600513988e-01 -8.307921112428611199e-01 1.000000000000000000e+00 1.000000000000000021e-08 -3.251590256499481968e-01 -1.081863728898967869e+00
-3.251590256499481968e-01 -1.081863728898967869e+00 2.000000000000000000e+00 1.000000000000000021e-08 -5.671761494343909860e-01 -2.420171237844427559e+00
-5.671761494343909860e-01 -2.420171237844427559e+00 1.000000000000000000e+00 1.000000000000000021e-08 -9.005151694250680405e-01 -3.333390199906770324e+00
-9.005151694250680405e-01 -3.333390199906770324e+00 0.000000000000000000e+00 1.000000000000000021e-08 -1.307765575424381321e+00 -4.072504059993132586e+00
-1.307765575424381321e+00 -4.072504059993132586e+00 0.000000000000000000e+00 9.999000000000000110e-01 -1.570796326794896558e+00 -5.000000000000000000e+00
1.219527595418859814e-02 -6.291958361412677836e-02 2.000000000000000000e+00 1.000000000000000021e-08 -7.526629828694655910e-02 -8.746157424113514267e-01
-7.526629828694655910e-02 -8.746157424113514267e-01 0.000000000000000000e+00 1.000000000000000021e-08 -9.734088090181038100e-02 -2.207458261486382467e-01
-9.734088090181038100e-02 -2.207458261486382467e-01 0.000000000000000000e+00 1.000000000000000021e-08 -3.443612723907840678e-02 6.290475366273197144e-01
-3.443612723907840678e-02 6.290475366273197144e-01 2.000000000000000000e+00 1.000000000000000021e-08 -7.990522510848982463e-02 -4.546909786941141229e-01
-7.990522510848982463e-02 -4.546909786941141229e-01 1.000000000000000000e+00 1.000000000000000021e-08 -1.348386839980427465e-01 -5.493345888955292189e-01
-1.348386839980427465e-01 -5.493345888955292189e-01 0.000000000000000000e+00 1.000000000000000021e-08 -1.253799313714860642e-01 9.458752626556687915e-02
-1.253799313714860642e-01 9.458752626556687915e-02 2.000000000000000000e+00 1.000000000000000021e-08 -2.130432936036518454e-01 -8.766336223216577572e-01
-2.130432936036518454e-01 -8.766336223216577572e-01 2.000000000000000000e+00 1.000000000000000021e-08 -4.353719351418050554e-01 -2.223286415381531711e+00
-4.353719351418050554e-01 -2.223286415381531711e+00 2.000000000000000000e+00 1.000000000000000021e-08 -8.049530548198557955e-01 -3.695811196780507402e+00
-8.049530548198557955e-01 -3.695811196780507402e+00 1.000000000000000000e+00 1.000000000000000021e-08 -1.266970418059646164e+00 -4.620173632397903241e+00
-1.266970418059646164e+00 -4.620173632397903241e+00 2.000000000000000000e+00 9.999000000000000110e-01 -1.570796326794896558e+00 -5.000000000000000000e+00
7.741988361418808418e-02 7.469265812411318012e-03 0.000000000000000000e+00 1.000000000000000021e-08 1.896617400812301568e-01 1.122418564670420782e+00
1.896617400812301568e-01 1.122418564670420782e+00 1.000000000000000000e+00 1.000000000000000021e-08 3.496667930700183002e-01 1.600050529887881323e+00
3.496667930700183002e-01 1.600050529887881323e+00 0.000000000000000000e+00 1.000000000000000021e-08 6.544475194380542371e-01 3.047807263680359036e+00
6.544475194380542371e-01 3.047807263680359036e+00 1.000000000000000000e+00 1.000000000000000021e-08 1.053086125169471865e+00 3.986386057314176501e+00
1.053086125169471865e+00 3.986386057314176501e+00 0.000000000000000000e+00 9.999000000000000110e-01 1.570796326794896558e+00 5.000000000000000000e+00
-6.345221358792907385e-02 -5.314008441890762102e-02 1.000000000000000000e+00 1.000000000000000021e-08 -8.792255427225381670e-02 -2.447034068432473730e-01
-8.792255427225381670e-02 -2.447034068432473730e-01 1.000000000000000000e+00 1.000000000000000021e-08 -1.434717178924776737e-01 -5.554916362022386256e-01
-1.434717178924776737e-01 -5.554916362022386256e-01 1.000000000000000000e+00 1.000000000000000021e-08 -2.296174544728234179e-01 -8.614573658034574422e-01
-2.296174544728234179e-01 -8.614573658034574422e-01 2.000000000000000000e+00 1.000000000000000021e-08 -4.516804596823292273e-01 -2.220630052095057927e+00
-4.516804596823292273e-01 -2.220630052095057927e+00 2.000000000000000000e+00 1.000000000000000021e-08 -8.108991208206877133e-01 -3.592186611383584527e+00
-8.108991208206877133e-01 -3.592186611383584527e+00 2.000000000000000000e+00 1.000000000000000021e-08 -1.326729147426281674e+00 -5.000000000000000000e+00
-1.326729147426281674e+00 -5.000000000000000000e+00 2.000000000000000000e+00 9.999000000000000110e-01 -1.570796326794896558e+00 -5.000000000000000000e+00
3.821308586483358749e-02 -1.613474426794796884e-02 0.000000000000000000e+00 1.000000000000000021e-08 1.487295160740735867e-01 1.105164302092399797e+00
1.487295160740735867e-01 1.105164302092399797e+00 0.000000000000000000e+00 1.000000000000000021e-08 3.596703759373170439e-01 2.109408598632434462e+00
3.596703759373170439e-01 2.109408598632434462e+00 1.000000000000000000e+00 1.000000000000000021e-08 6.373087817417830703e-01 2.776384058044659930e+00
6.373087817417830703e-01 2.776384058044659930e+00 0.000000000000000000e+00 1.000000000000000021e-08 1.085463756830887361e+00 4.481549750891042905e+00
1.085463756830887361e+00 4.481549750891042905e+00 0.000000000000000000e+00 9.999000000000000110e-01 1.570796326794896558e+00 5.000000000000000000e+00
-6.985577778672164007e-02 -6.175022412845009023e-02 1.000000000000000000e+00 1.000000000000000021e-08 -7.424412207539977937e-02 -4.388344288678144162e-02
-7.424412207539977937e-02 -4.388344288678144162e-02 1.000000000000000000e+00 1.000000000000000021e-08 -7.983091362101486788e-02 -5.586791545615094057e-02
-7.983091362101486788e-02 -5.586791545615094057e-02 1.000000000000000000e+00 1.000000000000000021e-08 -8.508117261159985067e-02 -5.250258990584979329e-02
-8.508117261159985067e-02 -5.250258990584979329e-02 1.000000000000000000e+00 1.000000000000000021e-08 -1.212204032201649184e-01 -3.613923060856505942e-01
-1.212204032201649184e-01 -3.613923060856505942e-01 0.000000000000000000e+00 1.000000000000000021e-08 -1.023734591555319207e-01 1.884694406463299221e-01
-1.023734591555319207e-01 1.884694406463299221e-01 0.000000000000000000e+00 1.000000000000000021e-08 -9.942788077621833587e-03 9.243067107791007597e-01
-9.942788077621833587e-03 9.243067107791007597e-01 0.000000000000000000e+00 1.000000000000000021e-08 1.531367459553004129e-01 1.630795340329222354e+00
1.531367459553004129e-01 1.630795340329222354e+00 2.000000000000000000e+00 1.000000000000000021e-08 2.404057964073014753e-01 8.726905045200107347e-01
2.404057964073014753e-01 8.726905045200107347e-01 1.000000000000000000e+00 1.000000000000000021e-08 3.787051822776100751e-01 1.382993858703085888e+00
3.787051822776100751e-01 1.382993858703085888e+00 1.000000000000000000e+00 1.000000000000000021e-08 5.666183251448921876e-01 1.879131428672821569e+00
5.666183251448921876e-01 1.879131428672821569e+00 1.000000000000000000e+00 1.000000000000000021e-08 8.458965567130507512e-01 2.792782315681585192e+00
8.458965567130507512e-01 2.792782315681585192e+00 0.000000000000000000e+00 1.000000000000000021e-08 1.287706752565980883e+00 4.418101958529300433e+00
1.287706752565980883e+00 4.418101958529300433e+00 2.000000000000000000e+00 9.999000000000000110e-01 1.570796326794896558e+00 5.000000000000000000e+00
5.483473733672420553e-02 5.813252530125100070e-02 2.000000000000000000e+00 1.000000000000000021e-08 -2.787780050567403162e-02 -8.271253784239823714e-01
-2.787780050567403162e-02 -8.271253784239823714e-01 2.000000000000000000e+00 1.000000000000000021e-08 -2.185718122885259018e-01 -1.906940117828518577e+00
-2.185718122885259018e-01 -1.906940117828518577e+00 0.000000000000000000e+00 1.000000000000000021e-08 -3.596801046808927316e-01 -1.411082923923668409e+00
-3.596801046808927316e-01 -1.411082923923668409e+00 1.000000000000000000e+00 1.000000000000000021e-08 -5.634345986756192914e-01 -2.037544939947265821e+00
-5.634345986756192914e-01 -2.037544939947265821e+00 2.000000000000000000e+00 1.000000000000000021e-08 -9.102540368795914993e-01 -3.468194382039721635e+00
-9.102540368795914993e-01 -3.468194382039721635e+00 0.000000000000000000e+00 1.000000000000000021e-08 -1.312393723647028665e+00 -4.021396867674370768e+00
-1.312393723647028665e+00 -4.021396867674370768e+00 0.000000000000000000e+00 9.999000000000000110e-01 -1.570796326794896558e+00 -5.000000000000000000e+00
8.575695271769880057e-02 -5.199713072900363775e-02 0.000000000000000000e+00 1.000000000000000021e-08 1.705128320244690965e-01 8.475587930677028758e-01
1.705128320244690965e-01 8.475587930677028758e-01 2.000000000000000000e+00 1.000000000000000021e-08 2.120721617056695874e-01 4.155932968120047977e-01
2.120721617056695874e-01 4.155932968120047977e-01 0.000000000000000000e+00 1.000000000000000021e-08 3.906946782341600422e-01 1.786225165284904604e+00
3.906946782341600422e-01 1.786225165284904604e+00 0.000000000000000000e+00 1.000000000000000021e-08 7.148173726009434681e-01 3.241226943667833815e+00
7.148173726009434681e-01 3.241226943667833815e+00 2.000000000000000000e+00 1.000000000000000021e-08 1.079169614901305252e+00 3.643522423003616950e+00
1.079169614901305252e+00 3.643522423003616950e+00 0.000000000000000000e+00 9.999000000000000110e-01 1.570796326794896558e+00 5.000000000000000000e+00
5.580745106502967706e-02 -5.031079567729705715e-02 1.000000000000000000e+00 1.000000000000000021e-08 5.868304375616483631e-02 2.875592691135157863e-02
5.868304375616483631e-02 2.875592691135157863e-02 2.000000000000000000e+00 1.000000000000000021e-08 -2.357225559632446926e-02 -8.225529935248929725e-01
-2.357225559632446926e-02 -8.225529935248929725e-01 1.000000000000000000e+00 1.000000000000000021e-08 -9.623837299448617655e-02 -7.266611739816171145e-01
-9.623837299448617655e-02 -7.266611739816171145e-01 0.000000000000000000e+00 1.000000000000000021e-08 -8.450317187061141821e-02 1.173520112387476111e-01
-8.450317187061141821e-02 1.173520112387476111e-01 2.000000000000000000e+00 1.000000000000000021e-08 -1.672745449400601658e-01 -8.277137306944873929e-01
-1.672745449400601658e-01 -8.277137306944873929e-01 2.000000000000000000e+00 1.000000000000000021e-08 -3.483149545881220610e-01 -1.810404096480618730e+00
-3.483149545881220610e-01 -1.810404096480618730e+00 0.000000000000000000e+00 1.000000000000000021e-08 -4.985441934756379423e-01 -1.502292388875158702e+00
-4.985441934756379423e-01 -1.502292388875158702e+00 2.000000000000000000e+00 1.000000000000000021e-08 -8.134140401644793794e-01 -3.148698466888413705e+00
-8.134140401644793794e-01 -3.148698466888413705e+00 0.000000000000000000e+00 1.000000000000000021e-08 -1.184994579416463356e+00 -3.715805392519838435e+00
-1.184994579416463356e+00 -3.715805392519838435e+00 1.000000000000000000e+00 9.999000000000000110e-01 -1.570796326794896558e+00 -5.000000000000000000e+00
6.170248796414172510e-02 -5.832106251707658284e-02 1.000000000000000000e+00 1.000000000000000021e-08 5.616532382348096708e-02 -5.537164140660760098e-02
5.616532382348096708e-02 -5.537164140660760098e-02 1.000000000000000000e+00 1.000000000000000021e-08 4.376126472901906150e-02 -1.240405909446190835e-01
4.376126472901906150e-02 -1.240405909446190835e-01 1.000000000000000000e+00 1.000000000000000021e-08 3.022981155023958533e-02 -1.353145317877947618e-01
3.022981155023958533e-02 -1.353145317877947618e-01 1.000000000000000000e+00 1.000000000000000021e-08 1.542409666102340787e-02 -1.480571488921617607e-01
1.542409666102340787e-02 -1.480571488921617607e-01 1.000000000000000000e+00 1.000000000000000021e-08 1.341544565203681844e-02 -2.008651008986589437e-02
1.341544565203681844e-02 -2.008651008986589437e-02 0.000000000000000000e+00 1.000000000000000021e-08 1.167108136063574053e-01 1.032953679543205716e+00
1.167108136063574053e-01 1.032953679543205716e+00 0.000000000000000000e+00 1.000000000000000021e-08 3.229214058402213317e-01 2.062105922338639097e+00
3.229214058402213317e-01 2.062105922338639097e+00 0.000000000000000000e+00 1.000000000000000021e-08 6.765730520955998140e-01 3.536516462553784379e+00
6.765730520955998140e-01 3.536516462553784379e+00 2.000000000000000000e+00 1.000000000000000021e-08 1.054260087176509764e+00 3.776870350809100607e+00
1.054260087176509764e+00 3.776870350809100607e+00 2.000000000000000000e+00 1.000000000000000021e-08 1.509195980393150283e+00 4.549358932166405189e+00
1.509195980393150283e+00 4.549358932166405189e+00 0.000000000000000000e+00 9.999000000000000110e-01 1.570796326794896558e+00 5.000000000000000000e+00
5.719938774030730588e-02 -1.233703010558738836e-02 1.000000000000000000e+00 1.000000000000000021e-08 5.638733078629063616e-02 -8.120569540166669431e-03
5.638733078629063616e-02 -8.120569540166669431e-03 1.000000000000000000e+00 1.000000000000000021e-08 8.287628740556116091e-02 2.648895661927053169e-01
8.287628740556116091e-02 2.648895661927053169e-01 2.000000000000000000e+00 1.000000000000000021e-08 4.119811742091984696e-02 -4.167816998464131117e-01
4.119811742091984696e-02 -4.167816998464131117e-01 2.000000000000000000e+00 1.000000000000000021e-08 -9.758063769576937052e-02 -1.387787551166892008e+00
-9.758063769576937052e-02 -1.387787551166892008e+00 0.000000000000000000e+00 1.000000000000000021e-08 -1.639310689885011829e-01 -6.635043129273182627e-01
-1.639310689885011829e-01 -6.635043129273182627e-01 2.000000000000000000e+00 1.000000000000000021e-08 -3.453192076577480951e-01 -1.813881386692469011e+00
-3.453192076577480951e-01 -1.813881386692469011e+00 0.000000000000000000e+00 1.000000000000000021e-08 -5.069774388086504269e-01 -1.616582311509023206e+00
-5.069774388086504269e-01 -1.616582311509023206e+00 2.000000000000000000e+00 1.000000000000000021e-08 -8.331260757638995207e-01 -3.261486369552490938e+00
-8.331260757638995207e-01 -3.261486369552490938e+00 1.000000000000000000e+00 1.000000000000000021e-08 -1.265225337425127439e+00 -4.320992616612279846e+00
-1.265225337425127439e+00 -4.320992616612279846e+00 2.000000000000000000e+00 9.999000000000000110e-01 -1.570796326794896558e+00 -5.000000000000000000e+00
-1.426208049035843084e-04 -4.677620328306913294e-03 0.000000000000000000e+00 1.000000000000000021e-08 1.024493212019861876e-01 1.025919420068897692e+00
1.024493212019861876e-01 1.025919420068897692e+00 0.000000000000000000e+00 1.000000000000000021e-08 2.989087850131324497e-01 1.964594638111462510e+00
2.989087850131324497e-01 1.964594638111462510e+00 1.000000000000000000e+00 1.000000000000000021e-08 5.292720069172693886e-01 2.303632219041369389e+00
5.292720069172693886e-01 2.303632219041369389e+00 1.000000000000000000e+00 1.000000000000000021e-08 8.310787632716590823e-01 3.018067563543896714e+00
8.310787632716590823e-01 3.018067563543896714e+00 1.000000000000000000e+00 1.000000000000000021e-08 1.239423974532805506e+00 4.083452112611463569e+00
1.239423974532805506e+00 4.083452112611463569e+00 1.000000000000000000e+00 9.999000000000000110e-01 1.570796326794896558e+00 5.000000000000000000e+00
3.261248093430194062e-02 -6.186057972232532343e-02 0.000000000000000000e+00 1.000000000000000021e-08 1.269479857805603518e-01 9.433550484625841115e-01
1.269479857805603518e-01 9.433550484625841115e-01 0.000000000000000000e+00 1.000000000000000021e-08 3.399249696680621824e-01 2.129769838875017918e+00
3.399249696680621824e-01 2.129769838875017918e+00 2.000000000000000000e+00 1.000000000000000021e-08 5.290894375014197903e-01 1.891644678333575857e+00
5.290894375014197903e-01 1.891644678333575857e+00 1.000000000000000000e+00 1.000000000000000021e-08 7.985309094294477106e-01 2.694414719280278980e+00
7.985309094294477106e-01 2.694414719280278980e+00 0.000000000000000000e+00 1.000000000000000021e-08 1.239966764120700615e+00 4.414358546912529491e+00
1.239966764120700615e+00 4.414358546912529491e+00 0.000000000000000000e+00 9.999000000000000110e-01 1.570796326794896558e+00 5.000000000000000000e+00
-5.433298276968399204e-02 -2.429152263991498500e-02 0.000000000000000000e+00 1.000000000000000021e-08 1.107555765758643646e-02 6.540854042727042295e-01
1.107555765758643646e-02 6.540854042727042295e-01 2.000000000000000000e+00 1.000000000000000021e-08 -2.548646122898268196e-02 -3.656201888656911425e-01
-2.548646122898268196e-02 -3.656201888656911425e-01 1.000000000000000000e+00 1.000000000000000021e-08 -7.108176852387335098e-02 -4.559530729489067458e-01
-7.108176852387335098e-02 -4.559530729489067458e-01 2.000000000000000000e+00 1.000000000000000021e-08 -2.085508582612694006e-01 -1.374690897373960441e+00
-2.085508582612694006e-01 -1.374690897373960441e+00 0.000000000000000000e+00 1.000000000000000021e-08 -2.961417140588253338e-01 -8.759085579755594431e-01
-2.961417140588253338e-01 -8.759085579755594431e-01 1.000000000000000000e+00 1.000000000000000021e-08 -4.304129690610897230e-01 -1.342712550022644225e+00
-4.304129690610897230e-01 -1.342712550022644225e+00 1.000000000000000000e+00 1.000000000000000021e-08 -6.479655434942207526e-01 -2.175525744331309852e+00
-6.479655434942207526e-01 -2.175525744331309852e+00 1.000000000000000000e+00 1.000000000000000021e-08 -9.489192515021587226e-01 -3.009537080079379479e+00
-9.489192515021587226e-01 -3.009537080079379479e+00 1.000000000000000000e+00 1.000000000000000021e-08 -1.368923262305681732e+00 -4.200040108035230979e+00
-1.368923262305681732e+00 -4.200040108035230979e+00 1.000000000000000000e+00 9.999000000000000110e-01 -1.570796326794896558e+00 -5.000000000000000000e+00
3.522945507016982114e-02 2.848630211091879652e-02 2.000000000000000000e+00 1.000000000000000021e-08 -3.328858042504556636e-02 -6.851803549521539027e-01
-3.328858042504556636e-02 -6.851803549521539027e-01 2.000000000000000000e+00 1.000000000000000021e-08 -2.050093034145311910e-01 -1.717207229894856191e+00
-2.050093034145311910e-01 -1.717207229894856191e+00 2.000000000000000000e+00 1.000000000000000021e-08 -4.926664646147178583e-01 -2.876571612001866285e+00
-4.926664646147178583e-01 -2.876571612001866285e+00 2.000000000000000000e+00 1.000000000000000021e-08 -9.367866449199774292e-01 -4.441201803052595487e+00
-9.367866449199774292e-01 -4.441201803052595487e+00 1.000000000000000000e+00 1.000000000000000021e-08 -1.490473133311801313e+00 -5.000000000000000000e+00
-1.490473133311801313e+00 -5.000000000000000000e+00 1.000000000000000000e+00 9.999000000000000110e-01 -1.570796326794896558e+00 -5.000000000000000000e+00
-4.766863235257930154e-02 -3.600427959687838020e-02 2.000000000000000000e+00 1.000000000000000021e-08 -1.422845429150551011e-01 -9.461591056247581344e-01
-1.422845429150551011e-01 -9.461591056247581344e-01 0.000000000000000000e+00 1.000000000000000021e-08 -1.765081706528522643e-01 -3.422362773779715761e-01
-1.765081706528522643e-01 -3.422362773779715761e-01 1.000000000000000000e+00 1.000000000000000021e-08 -2.509618994781326329e-01 -7.445372882528036307e-01
-2.509618994781326329e-01 -7.445372882528036307e-01 2.000000000000000000e+00 1.000000000000000021e-08 -4.361221230753803413e-01 -1.851602235972476862e+00
-4.361221230753803413e-01 -1.851602235972476862e+00 0.000000000000000000e+00 1.000000000000000021e-08 -6.251047246839761540e-01 -1.889826016085957905e+00
-6.251047246839761540e-01 -1.889826016085957905e+00 2.000000000000000000e+00 1.000000000000000021e-08 -9.763026300433990112e-01 -3.511979053594228350e+00
-9.763026300433990112e-01 -3.511979053594228350e+00 0.000000000000000000e+00 1.000000000000000021e-08 -1.403528418154240232e+00 -4.272257881108410871e+00
-1.403528418154240232e+00 -4.272257881108410871e+00 2.000000000000000000e+00 9.999000000000000110e-01 -1.570796326794896558e+00 -5.000000000000000000e+00
6.500057320950457240e-02 -6.286634916544599216e-02 1.000000000000000000e+00 1.000000000000000021e-08 6.701197023572792733e-02 2.011397026223353535e-02
6.701197023572792733e-02 2.011397026223353535e-02 1.000000000000000000e+00 1.000000000000000021e-08 7.917392310006389489e-02 1.216195286433597034e-01
7.917392310006389489e-02 1.216195286433597034e-01 0.000000000000000000e+00 1.000000000000000021e-08 2.094747296468396081e-01 1.303008065467756937e+00
2.094747296468396081e-01 1.303008065467756937e+00 2.000000000000000000e+00 1.000000000000000021e-08 2.901965866522192017e-01 8.072185700537959363e-01
2.901965866522192017e-01 8.072185700537959363e-01 2.000000000000000000e+00 1.000000000000000021e-08 3.413396471854425185e-01 5.114306053322328349e-01
3.413396471854425185e-01 5.114306053322328349e-01 1.000000000000000000e+00 1.000000000000000021e-08 4.334174873318242249e-01 9.207784014638170644e-01
4.334174873318242249e-01 9.207784014638170644e-01 0.000000000000000000e+00 1.000000000000000021e-08 6.769197334509556852e-01 2.435022461191314491e+00
6.769197334509556852e-01 2.435022461191314491e+00 0.000000000000000000e+00 1.000000000000000021e-08 1.077010014447085329e+00 4.000902809961297102e+00
1.077010014447085329e+00 4.000902809961297102e+00 2.000000000000000000e+00 1.000000000000000021e-08 1.566030113184004202e+00 4.890200987369189178e+00
1.566030113184004202e+00 4.890200987369189178e+00 1.000000000000000000e+00 9.999000000000000110e-01 1.570796326794896558e+00 5.000000000000000000e+00
2.268962382071079004e-02 1.431641568965960273e-02 0.000000000000000000e+00 1.000000000000000021e-08 1.051858334917116777e-01 8.249620967100087521e-01
1.051858334917116777e-01 8.249620967100087521e-01 0.000000000000000000e+00 1.000000000000000021e-08 3.106028419493940262e-01 2.054170084576823374e+00
3.106028419493940262e-01 2.054170084576823374e+00 0.000000000000000000e+00 1.000000000000000021e-08 6.616738451658654707e-01 3.510710032164713557e+00
6.616738451658654707e-01 3.510710032164713557e+00 1.000000000000000000e+00 1.000000000000000021e-08 1.110916286186009572e+00 4.492424410201440566e+00
1.110916286186009572e+00 4.492424410201440566e+00 2.000000000000000000e+00 9.999000000000000110e-01 1.570796326794896558e+00 5.000000000000000000e+00
-1.019103220052412426e-02 7.787133593721443092e-02 2.000000000000000000e+00 1.000000000000000021e-08 -7.917166563782719602e-02 -6.898063343730306274e-01
-7.917166563782719602e-02 -6.898063343730306274e-01 2.000000000000000000e+00 1.000000000000000021e-08 -2.392051449135559338e-01 -1.600334792757287516e+00
-2.392051449135559338e-01 -1.600334792757287516e+00 0.000000000000000000e+00 1.000000000000000021e-08 -3.583337571407617661e-01 -1.191286122272058101e+00
-3.583337571407617661e-01 -1.191286122272058101e+00 2.000000000000000000e+00 1.000000000000000021e-08 -6.136289072386702514e-01 -2.552951500979084187e+00
-6.136289072386702514e-01 -2.552951500979084187e+00 1.000000000000000000e+00 1.000000000000000021e-08 -9.509128890381841614e-01 -3.372839817995138212e+00
-9.509128890381841614e-01 -3.372839817995138212e+00 2.000000000000000000e+00 1.000000000000000021e-08 -1.454878873696157093e+00 -5.000000000000000000e+00
-1.454878873696157093e+00 -5.000000000000000000e+00 0.000000000000000000e+00 9.999000000000000110e-01 -1.570796326794896558e+00 -5.000000000000000000e+00
3.395643748347200452e-02 8.684093749818119767e-02 2.000000000000000000e+00 1.000000000000000021e-08 -4.281564313281929768e-02 -7.677208061629129388e-01
-4.281564313281929768e-02 -7.677208061629129388e-01 2.000000000000000000e+00 1.000000000000000021e-08 -1.988220824076067927e-01 -1.560064392747874784e+00
-1.988220824076067927e-01 -1.560064392747874784e+00 0.000000000000000000e+00 1.000000000000000021e-08 -3.088704670518390150e-01 -1.100483846442322111e+00
-3.088704670518390150e-01 -1.100483846442322111e+00 2.000000000000000000e+00 1.000000000000000021e-08 -5.402525361328425202e-01 -2.313820690810035607e+00
-5.402525361328425202e-01 -2.313820690810035607e+00 0.000000000000000000e+00 1.000000000000000021e-08 -7.940467064282406007e-01 -2.537941702953981249e+00
-7.940467064282406007e-01 -2.537941702953981249e+00 0.000000000000000000e+00 1.000000000000000021e-08 -1.091401490625827808e+00 -2.973547841975871187e+00
-1.091401490625827808e+00 -2.973547841975871187e+00 0.000000000000000000e+00 1.000000000000000021e-08 -1.485465283162720862e+00 -3.940637925368930095e+00
-1.485465283162720862e+00 -3.940637925368930095e+00 1.000000000000000000e+00 9.999000000000000110e-01 -1.570796326794896558e+00 -5.000000000000000000e+00
-3.372299758339421943e-02 2.459406245201011323e-02 2.000000000000000000e+00 1.000000000000000021e-08 -1.347250563263916179e-01 -1.010020587429973915e+00
-1.347250563263916179e-01 -1.010020587429973915e+00 0.000000000000000000e+00 1.000000000000000021e-08 -1.711288004163650234e-01 -3.640374408997338884e-01
-1.711288004163650234e-01 -3.640374408997338884e-01 1.000000000000000000e+00 1.000000000000000021e-08 -2.241325153714155693e-01 -5.300371495505055153e-01
-2.241325153714155693e-01 -5.300371495505055153e-01 0.000000000000000000e+00 1.000000000000000021e-08 -2.272887594919310306e-01 -3.156244120515472318e-02
-2.272887594919310306e-01 -3.156244120515472318e-02 2.000000000000000000e+00 1.000000000000000021e-08 -3.609958080142460224e-01 -1.337070485223149863e+00
-3.609958080142460224e-01 -1.337070485223149863e+00 1.000000000000000000e+00 1.000000000000000021e-08 -5.421175424894852934e-01 -1.811217344752392933e+00
-5.421175424894852934e-01 -1.811217344752392933e+00 2.000000000000000000e+00 1.000000000000000021e-08 -8.659045820191382248e-01 -3.237870395296528869e+00
-8.659045820191382248e-01 -3.237870395296528869e+00 0.000000000000000000e+00 1.000000000000000021e-08 -1.248524814895157542e+00 -3.826202328760193616e+00
-1.248524814895157542e+00 -3.826202328760193616e+00 2.000000000000000000e+00 9.999000000000000110e-01 -1.570796326794896558e+00 -5.000000000000000000e+00
-8.125057254155013120e-02 -1.910532501797439914e-02 2.000000000000000000e+00 1.000000000000000021e-08 -1.716361129150218712e-01 -9.038554037347173997e-01
-1.716361129150218712e-01 -9.038554037347173997e-01 2.000000000000000000e+00 1.000000000000000021e-08 -3.699959672789011611e-01 -1.983598543638792400e+00
-3.699959672789011611e-01 -1.983598543638792400e+00 0.000000000000000000e+00 1.000000000000000021e-08 -5.398471130369911775e-01 -1.698511457580899719e+00
-5.398471130369911775e-01 -1.698511457580899719e+00 2.000000000000000000e+00 1.000000000000000021e-08 -8.783600801306683525e-01 -3.385129670936771529e+00
-8.783600801306683525e-01 -3.385129670936771529e+00 0.000000000000000000e+00 1.000000000000000021e-08 -1.287118620652524914e+00 -4.087585405218565171e+00
-1.287118620652524914e+00 -4.087585405218565171e+00 2.000000000000000000e+00 9.999000000000000110e-01 -1.570796326794896558e+00 -5.000000000000000000e+00
-7.698653758386164725e-02 8.421201734497779645e-02 2.000000000000000000e+00 1.000000000000000021e-08 -1.540268220615686190e-01 -7.704028447770696619e-01
-1.540268220615686190e-01 -7.704028447770696619e-01 2.000000000000000000e+00 1.000000000000000021e-08 -3.575191108364914050e-01 -2.034922887749227804e+00
-3.575191108364914050e-01 -2.034922887749227804e+00 0.000000000000000000e+00 1.000000000000000021e-08 -5.524155528100440637e-01 -1.948964419735526254e+00
-5.524155528100440637e-01 -1.948964419735526254e+00 0.000000000000000000e+00 1.000000000000000021e-08 -7.706974055778192945e-01 -2.182818527677752307e+00
-7.706974055778192945e-01 -2.182818527677752307e+00 2.000000000000000000e+00 1.000000000000000021e-08 -1.163251884760860388e+00 -3.925544791830409608e+00
-1.163251884760860388e+00 -3.925544791830409608e+00 2.000000000000000000e+00 9.999000000000000110e-01 -1.570796326794896558e+00 -5.000000000000000000e+00
3.193512504519043643e-02 4.606587873212436568e-02 1.000000000000000000e+00 1.000000000000000021e-08 5.721109876405264250e-02 2.527597371886220468e-01
5.721109876405264250e-02 2.527597371886220468e-01 1.000000000000000000e+00 1.000000000000000021e-08 9.241145594249808304e-02 3.520035717844542944e-01
9.241145594249808304e-02 3.520035717844542944e-01 0.000000000000000000e+00 1.000000000000000021e-08 2.234821733732992866e-01 1.310707174308011869e+00
2.234821733732992866e-01 1.310707174308011869e+00 2.000000000000000000e+00 1.000000000000000021e-08 3.137409677341025382e-01 9.025879436080326279e-01
3.137409677341025382e-01 9.025879436080326279e-01 0.000000000000000000e+00 1.000000000000000021e-08 5.228660286534879686e-01 2.091250609193854082e+00
5.228660286534879686e-01 2.091250609193854082e+00 1.000000000000000000e+00 1.000000000000000021e-08 8.089439514320286850e-01 2.860779227785406498e+00
8.089439514320286850e-01 2.860779227785406498e+00 0.000000000000000000e+00 1.000000000000000021e-08 1.254745343406279412e+00 4.458013919742507269e+00
1.254745343406279412e+00 4.458013919742507269e+00 0.000000000000000000e+00 9.999000000000000110e-01 1.570796326794896558e+00 5.000000000000000000e+00
2.250937776566867832e-02 -1.084907780974155543e-02 1.000000000000000000e+00 1.000000000000000021e-08 4.095243495125459876e-02 1.844305718558591489e-01
4.095243495125459876e-02 1.844305718558591489e-01 2.000000000000000000e+00 1.000000000000000021e-08 -2.161790965598064940e-02 -6.257034460723525093e-01
-2.161790965598064940e-02 -6.257034460723525093e-01 2.000000000000000000e+00 1.000000000000000021e-08 -1.718158724897540512e-01 -1.501979628337733796e+00
-1.718158724897540512e-01 -1.501979628337733796e+00 2.000000000000000000e+00 1.000000000000000021e-08 -4.474082688372563732e-01 -2.755923963475022997e+00
-4.474082688372563732e-01 -2.755923963475022997e+00 0.000000000000000000e+00 1.000000000000000021e-08 -7.137795829405455539e-01 -2.663713141032892473e+00
-7.137795829405455539e-01 -2.663713141032892473e+00 2.000000000000000000e+00 1.000000000000000021e-08 -1.151341134978210334e+00 -4.375615520376646472e+00
-1.151341134978210334e+00 -4.375615520376646472e+00 0.000000000000000000e+00 9.999000000000000110e-01 -1.570796326794896558e+00 -5.000000000000000000e+00
4.699906247910976692e-02 1.554235248715198775e-02 2.000000000000000000e+00 1.000000000000000021e-08 -1.957239480899088807e-02 -6.657145728810065499e-01
-1.957239480899088807e-02 -6.657145728810065499e-01 1.000000000000000000e+00 1.000000000000000021e-08 -7.329706981716421765e-02 -5.372467500817332819e-01
-7.329706981716421765e-02 -5.372467500817332819e-01 1.000000000000000000e+00 1.000000000000000021e-08 -1.482263550332982849e-01 -7.492928521613406723e-01
-1.482263550332982849e-01 -7.492928521613406723e-01 1.000000000000000000e+00 1.000000000000000021e-08 -2.540888943975606051e-01 -1.058625393642623314e+00
-2.540888943975606051e-01 -1.058625393642623314e+00 2.000000000000000000e+00 1.000000000000000021e-08 -4.708733883762524219e-01 -2.167844939786918168e+00
-4.708733883762524219e-01 -2.167844939786918168e+00 1.000000000000000000e+00 1.000000000000000021e-08 -7.628448122301767498e-01 -2.919714238539242501e+00
-7.628448122301767498e-01 -2.919714238539242501e+00 2.000000000000000000e+00 1.000000000000000021e-08 -1.226333144693227961e+00 -4.634883324630512114e+00
-1.226333144693227961e+00 -4.634883324630512114e+00 1.000000000000000000e+00 9.999000000000000110e-01 -1.570796326794896558e+00 -5.000000000000000000e+00
-3.909379669942535107e-02 2.037925357768765461e-02 2.000000000000000000e+00 1.000000000000000021e-08 -1.395930911438850175e-01 -1.004992944444596636e+00
-1.395930911438850175e-01 -1.004992944444596636e+00 0.000000000000000000e+00 1.000000000000000021e-08 -1.935702538540491902e-01 -5.397716271016417267e-01
-1.935702538540491902e-01 -5.397716271016417267e-01 0.000000000000000000e+00 1.000000000000000021e-08 -1.862552366665456427e-01 7.315017187503536356e-02
-1.862552366665456427e-01 7.315017187503536356e-02 0.000000000000000000e+00 1.000000000000000021e-08 -1.340870312944862919e-01 5.216820537205933972e-01
-1.340870312944862919e-01 5.216820537205933972e-01 1.000000000000000000e+00 1.000000000000000021e-08 -1.112569238718006948e-01 2.283010742268559157e-01
-1.112569238718006948e-01 2.283010742268559157e-01 1.000000000000000000e+00 1.000000000000000021e-08 -1.222460247471269801e-01 -1.098910087532629087e-01
-1.222460247471269801e-01 -1.098910087532629087e-01 1.000000000000000000e+00 1.000000000000000021e-08 -1.656022323575698507e-01 -4.335620761044285953e-01
-1.656022323575698507e-01 -4.335620761044285953e-01 0.000000000000000000e+00 1.000000000000000021e-08 -1.425025209424536365e-01 2.309971141511620307e-01
-1.425025209424536365e-01 2.309971141511620307e-01 1.000000000000000000e+00 1.000000000000000021e-08 -1.274986186930220922e-01 1.500390224943155548e-01
-1.274986186930220922e-01 1.500390224943155548e-01 1.000000000000000000e+00 1.000000000000000021e-08 -1.253909804447621568e-01 2.107638248259946501e-02
-1.253909804447621568e-01 2.107638248259946501e-02 0.000000000000000000e+00 1.000000000000000021e-08 -4.542034366289612879e-02 7.997063678186602242e-01
-4.542034366289612879e-02 7.997063678186602242e-01 2.000000000000000000e+00 1.000000000000000021e-08 -6.681793651221973329e-02 -2.139759284932361005e-01
-6.681793651221973329e-02 -2.139759284932361005e-01 0.000000000000000000e+00 1.000000000000000021e-08 -5.594041635713295491e-03 6.122389487650643503e-01
-5.594041635713295491e-03 6.122389487650643503e-01 1.000000000000000000e+00 1.000000000000000021e-08 4.454932925658051934e-02 5.014337089229381483e-01
4.454932925658051934e-02 5.014337089229381483e-01 0.000000000000000000e+00 1.000000000000000021e-08 1.780150542989585860e-01 1.334657250423780805e+00
1.780150542989585860e-01 1.334657250423780805e+00 0.000000000000000000e+00 1.000000000000000021e-08 4.129868543982527784e-01 2.349718000992941924e+00
4.129868543982527784e-01 2.349718000992941924e+00 1.000000000000000000e+00 1.000000000000000021e-08 7.261836643710715133e-01 3.131968099728187127e+00
7.261836643710715133e-01 3.131968099728187127e+00 0.000000000000000000e+00 1.000000000000000021e-08 1.198294940727691049e+00 4.721112763566194026e+00
1.198294940727691049e+00 4.721112763566194026e+00 2.000000000000000000e+00 9.999000000000000110e-01 1.570796326794896558e+00 5.000000000000000000e+00
2.657433353428830317e-02 6.603907060296503040e-02 2.000000000000000000e+00 1.000000000000000021e-08 -5.161637191791468293e-02 -7.819070545220297985e-01
-5.161637191791468293e-02 -7.819070545220297985e-01 2.000000000000000000e+00 1.000000000000000021e-08 -2.107352360041585826e-01 -1.591188640862438941e+00
-2.107352360041585826e-01 -1.591188640862438941e+00 0.000000000000000000e+00 1.000000000000000021e-08 -3.225568971487864367e-01 -1.118216611446278819e+00
-3.225568971487864367e-01 -1.118216611446278819e+00 0.000000000000000000e+00 1.000000000000000021e-08 -4.131429480644398522e-01 -9.058605091565343770e-01
-4.131429480644398522e-01 -9.058605091565343770e-01 1.000000000000000000e+00 1.000000000000000021e-08 -5.671619329490789063e-01 -1.540189848846390319e+00
-5.671619329490789063e-01 -1.540189848846390319e+00 0.000000000000000000e+00 1.000000000000000021e-08 -7.258984472283543932e-01 -1.587365142792754646e+00
-7.258984472283543932e-01 -1.587365142792754646e+00 0.000000000000000000e+00 1.000000000000000021e-08 -9.170271608653545181e-01 -1.911287136370000805e+00
-9.170271608653545181e-01 -1.911287136370000805e+00 2.000000000000000000e+00 1.000000000000000021e-08 -1.284808287695860196e+00 -3.677811268305056558e+00
-1.284808287695860196e+00 -3.677811268305056558e+00 2.000000000000000000e+00 9.999000000000000110e-01 -1.570796326794896558e+00 -5.000000000000000000e+00
2.970881153098898012e-02 -4.075956610692087201e-02 0.000000000000000000e+00 1.000000000000000021e-08 1.047870539230513764e-01 7.507824239206239980e-01
1.047870539230513764e-01 7.507824239206239980e-01 1.000000000000000000e+00 1.000000000000000021e-08 2.103716163650013460e-01 1.055845624419499584e+00
2.103716163650013460e-01 1.055845624419499584e+00 1.000000000000000000e+00 1.000000000000000021e-08 3.419151286642641008e-01 1.315435122992627548e+00
3.419151286642641008e-01 1.315435122992627548e+00 2.000000000000000000e+00 1.000000000000000021e-08 4.580239354120925199e-01 1.161088067478284191e+00
4.580239354120925199e-01 1.161088067478284191e+00 0.000000000000000000e+00 1.000000000000000021e-08 7.154744724039641124e-01 2.574505369918716369e+00
7.154744724039641124e-01 2.574505369918716369e+00 2.000000000000000000e+00 1.000000000000000021e-08 1.011589213733768533e+00 2.961147413298043318e+00
1.011589213733768533e+00 2.961147413298043318e+00 0.000000000000000000e+00 1.000000000000000021e-08 1.477527094253311191e+00 4.659378805195425244e+00
1.477527094253311191e+00 4.659378805195425244e+00 1.000000000000000000e+00 9.999000000000000110e-01 1.570796326794896558e+00 5.000000000000000000e+00
-6.923935646283553569e-02 -2.179983776063266349e-02 2.000000000000000000e+00 1.000000000000000021e-08 -1.869035856526722605e-01 -1.176642291898367221e+00
-1.869035856526722605e-01 -1.176642291898367221e+00 1.000000000000000000e+00 1.000000000000000021e-08 -3.194682746799669126e-01 -1.325646890272946354e+00
-3.194682746799669126e-01 -1.325646890272946354e+00 0.000000000000000000e+00 1.000000000000000021e-08 -4.275714750020809252e-01 -1.081032003221140236e+00
-4.275714750020809252e-01 -1.081032003221140236e+00 0.000000000000000000e+00 1.000000000000000021e-08 -5.324036677154612152e-01 -1.048321927133802900e+00
-5.324036677154612152e-01 -1.048321927133802900e+00 2.000000000000000000e+00 1.000000000000000021e-08 -8.070523924247272607e-01 -2.746487247092661121e+00
-8.070523924247272607e-01 -2.746487247092661121e+00 1.000000000000000000e+00 1.000000000000000021e-08 -1.184743146208064868e+00 -3.776907537833376516e+00
-1.184743146208064868e+00 -3.776907537833376516e+00 2.000000000000000000e+00 9.999000000000000110e-01 -1.570796326794896558e+00 -5.000000000000000000e+00
-7.472759973691363300e-02 5.005374122128218584e-02 1.000000000000000000e+00 1.000000000000000021e-08 -8.228087919213729340e-02 -7.553279455223659011e-02
-8.228087919213729340e-02 -7.553279455223659011e-02 1.000000000000000000e+00 1.000000000000000021e-08 -1.033786686110358677e-01 -2.109778941889857706e-01
-1.033786686110358677e-01 -2.109778941889857706e-01 0.000000000000000000e+00 1.000000000000000021e-08 -4.733919378751447887e-02 5.603947482352138465e-01
-4.733919378751447887e-02 5.603947482352138465e-01 2.000000000000000000e+00 1.000000000000000021e-08 -8.431115893162632879e-02 -3.697196514411184021e-01
-8.431115893162632879e-02 -3.697196514411184021e-01 0.000000000000000000e+00 1.000000000000000021e-08 -3.811083961799836828e-02 4.620031931362795774e-01
-3.811083961799836828e-02 4.620031931362795774e-01 0.000000000000000000e+00 1.000000000000000021e-08 9.072007763514559897e-02 1.288309172531439728e+00
9.072007763514559897e-02 1.288309172531439728e+00 0.000000000000000000e+00 1.000000000000000021e-08 3.132444211371709364e-01 2.225243435020253457e+00
3.132444211371709364e-01 2.225243435020253457e+00 2.000000000000000000e+00 1.000000000000000021e-08 4.905907268872931049e-01 1.773463057501221574e+00
4.905907268872931049e-01 1.773463057501221574e+00 2.000000000000000000e+00 1.000000000000000021e-08 6.649092609861058101e-01 1.743185340988127496e+00
6.649092609861058101e-01 1.743185340988127496e+00 0.000000000000000000e+00 1.000000000000000021e-08 1.010754910797608375e+00 3.458456498115025646e+00
1.010754910797608375e+00 3.458456498115025646e+00 2.000000000000000000e+00 1.000000000000000021e-08 1.429118126065737071e+00 4.183632152681286520e+00
1.429118126065737071e+00 4.183632152681286520e+00 1.000000000000000000e+00 9.999000000000000110e-01 1.570796326794896558e+00 5.000000000000000000e+00
5.819858849481178431e-02 -2.272148832032104548e-02 1.000000000000000000e+00 1.000000000000000021e-08 6.779347140329974875e-02 9.594882908487960271e-02
6.779347140329974875e-02 9.594882908487960271e-02 0.000000000000000000e+00 1.000000000000000021e-08 1.917471343026435626e-01 1.239536628993438194e+00
1.917471343026435626e-01 1.239536628993438194e+00 0.000000000000000000e+00 1.000000000000000021e-08 4.363434669041775793e-01 2.445963326015339945e+00
4.363434669041775793e-01 2.445963326015339945e+00 0.000000000000000000e+00 1.000000000000000021e-08 8.119613207815347122e-01 3.756178538773571329e+00
8.119613207815347122e-01 3.756178538773571329e+00 1.000000000000000000e+00 1.000000000000000021e-08 1.283053595332170671e+00 4.710922745506358922e+00
1.283053595332170671e+00 4.710922745506358922e+00 2.000000000000000000e+00 9.999000000000000110e-01 1.570796326794896558e+00 5.000000000000000000e+00
6.173399686803821701e-03 -6.187443922304079746e-02 0.000000000000000000e+00 1.000000000000000021e-08 1.044548237350367281e-01 9.828142404823290157e-01
1.044548237350367281e-01 9.828142404823290157e-01 0.000000000000000000e+00 1.000000000000000021e-08 3.045384845084103675e-01 2.000836607733736283e+00
3.045384845084103675e-01 2.000836607733736283e+00 2.000000000000000000e+00 1.000000000000000021e-08 4.721583456185327599e-01 1.676198611101223701e+00
4.721583456185327599e-01 1.676198611101223701e+00 1.000000000000000000e+00 1.000000000000000021e-08 7.035243325578826035e-01 2.313659869393497992e+00
7.035243325578826035e-01 2.313659869393497992e+00 2.000000000000000000e+00 1.000000000000000021e-08 9.791812829385677652e-01 2.756569503806850729e+00
9.791812829385677652e-01 2.756569503806850729e+00 0.000000000000000000e+00 1.000000000000000021e-08 1.418585780736470792e+00 4.394044977979029376e+00
1.418585780736470792e+00 4.394044977979029376e+00 2.000000000000000000e+00 9.999000000000000110e-01 1.570796326794896558e+00 5.000000000000000000e+00
3.267470777895457867e-02 -3.682653411266924304e-04 2.000000000000000000e+00 1.000000000000000021e-08 -4.941189702254392135e-02 -8.208660480149849725e-01
-4.941189702254392135e-02 -8.208660480149849725e-01 2.000000000000000000e+00 1.000000000000000021e-08 -2.337248129724637524e-01 -1.843129159499198311e+00
-2.337248129724637524e-01 -1.843129159499198311e+00 1.000000000000000000e+00 1.000000000000000021e-08 -4.669227454323325865e-01 -2.331979324598687953e+00
