3.638924680317220939e-03 -4.712054457777255234e-02 1.000000000000000000e+00 1.000000000000000021e-08 1.563497859673559573e-02 1.199605391641837410e-01
1.563497859673559573e-02 1.199605391641837410e-01 1.000000000000000000e+00 1.000000000000000021e-08 4.693588844665455562e-02 3.130090984991896197e-01
4.693588844665455562e-02 3.130090984991896197e-01 0.000000000000000000e+00 1.000000000000000021e-08 1.665066365515384950e-01 1.195707481048839282e+00
1.665066365515384950e-01 1.195707481048839282e+00 0.000000000000000000e+00 1.000000000000000021e-08 3.964857370968263295e-01 2.299791005452878068e+00
3.964857370968263295e-01 2.299791005452878068e+00 2.000000000000000000e+00 1.000000000000000021e-08 5.932618465247350148e-01 1.967761094279086409e+00
5.932618465247350148e-01 1.967761094279086409e+00 0.000000000000000000e+00 1.000000000000000021e-08 9.581865572177887813e-01 3.649247106930537221e+00
9.581865572177887813e-01 3.649247106930537221e+00 1.000000000000000000e+00 1.000000000000000021e-08 1.440089995425411384e+00 4.819034382076225143e+00
1.440089995425411384e+00 4.819034382076225143e+00 1.000000000000000000e+00 9.999000000000000110e-01 1.570796326794896558e+00 5.000000000000000000e+00
4.244385629492578027e-02 3.036584771895183346e-02 2.000000000000000000e+00 1.000000000000000021e-08 -2.705637531826500519e-02 -6.950023161319077714e-01
-2.705637531826500519e-02 -6.950023161319077714e-01 1.000000000000000000e+00 1.000000000000000021e-08 -1.107020000794756293e-01 -8.364562476121061296e-01
-1.107020000794756293e-01 -8.364562476121061296e-01 0.000000000000000000e+00 1.000000000000000021e-08 -1.130666526656736448e-01 -2.364652586198012774e-02
-1.130666526656736448e-01 -2.364652586198012774e-02 0.000000000000000000e+00 1.000000000000000021e-08 -5.216949286727898955e-02 6.089715979839465110e-01
-5.216949286727898955e-02 6.089715979839465110e-01 2.000000000000000000e+00 1.000000000000000021e-08 -7.539823365473691252e-02 -2.322874078745792437e-01
-7.539823365473691252e-02 -2.322874078745792437e-01 2.000000000000000000e+00 1.000000000000000021e-08 -2.148546758839319781e-01 -1.394564422291950656e+00
-2.148546758839319781e-01 -1.394564422291950656e+00 0.000000000000000000e+00 1.000000000000000021e-08 -3.091076521821576883e-01 -9.425297629822568801e-01
-3.091076521821576883e-01 -9.425297629822568801e-01 2.000000000000000000e+00 1.000000000000000021e-08 -5.285390410784107651e-01 -2.194313888962530434e+00
-5.285390410784107651e-01 -2.194313888962530434e+00 2.000000000000000000e+00 1.000000000000000021e-08 -9.065803512262716746e-01 -3.780413101478608873e+00
-9.065803512262716746e-01 -3.780413101478608873e+00 1.000000000000000000e+00 1.000000000000000021e-08 -1.387465601364927803e+00 -4.808852501386559730e+00
-1.387465601364927803e+00 -4.808852501386559730e+00 2.000000000000000000e+00 9.999000000000000110e-01 -1.570796326794896558e+00 -5.000000000000000000e+00
-8.470921243401598189e-02 -2.987724902303920405e-02 2.000000000000000000e+00 1.000000000000000021e-08 -1.797312368231468449e-01 -9.502202438913085469e-01
-1.797312368231468449e-01 -9.502202438913085469e-01 0.000000000000000000e+00 1.000000000000000021e-08 -2.332169840260689131e-01 -5.348574720292207374e-01
-2.332169840260689131e-01 -5.348574720292207374e-01 1.000000000000000000e+00 1.000000000000000021e-08 -3.420020106767041046e-01 -1.087850266506351637e+00
-3.420020106767041046e-01 -1.087850266506351637e+00 1.000000000000000000e+00 1.000000000000000021e-08 -5.124533018989048117e-01 -1.704512912222006626e+00
-5.124533018989048117e-01 -1.704512912222006626e+00 0.000000000000000000e+00 1.000000000000000021e-08 -6.949222903279319574e-01 -1.824689884290271680e+00
-6.949222903279319574e-01 -1.824689884290271680e+00 2.000000000000000000e+00 1.000000000000000021e-08 -1.042635341662485837e+00 -3.477130513345539242e+00
-1.042635341662485837e+00 -3.477130513345539242e+00 2.000000000000000000e+00 1.000000000000000021e-08 -1.545902364798325657e+00 -5.000000000000000000e+00
-1.545902364798325657e+00 -5.000000000000000000e+00 0.000000000000000000e+00 9.999000000000000110e-01 -1.570796326794896558e+00 -5.000000000000000000e+00
-1.425822318669165908e-02 8.182430812816698928e-02 2.000000000000000000e+00 1.000000000000000021e-08 -8.236025325103463191e-02 -6.810203006434296658e-01
-8.236025325103463191e-02 -6.810203006434296658e-01 2.000000000000000000e+00 1.000000000000000021e-08 -2.360454183682797469e-01 -1.536851651172451039e+00
-2.360454183682797469e-01 -1.536851651172451039e+00 1.000000000000000000e+00 1.000000000000000021e-08 -4.169076011846253316e-01 -1.808621828163456069e+00
-4.169076011846253316e-01 -1.808621828163456069e+00 2.000000000000000000e+00 1.000000000000000021e-08 -7.375777672733925261e-01 -3.206701660887671057e+00
-7.375777672733925261e-01 -3.206701660887671057e+00 2.000000000000000000e+00 1.000000000000000021e-08 -1.206141490939442118e+00 -4.685637236660495475e+00
-1.206141490939442118e+00 -4.685637236660495475e+00 0.000000000000000000e+00 9.999000000000000110e-01 -1.570796326794896558e+00 -5.000000000000000000e+00
-6.916064903867791269e-02 6.635423730167142042e-02 2.000000000000000000e+00 1.000000000000000021e-08 -1.460695363104567712e-01 -7.690888727177886963e-01
-1.460695363104567712e-01 -7.690888727177886963e-01 1.000000000000000000e+00 1.000000000000000021e-08 -2.645481275786115694e-01 -1.184785912681547870e+00
-2.645481275786115694e-01 -1.184785912681547870e+00 0.000000000000000000e+00 1.000000000000000021e-08 -3.357509410399155403e-01 -7.120281346130394873e-01
-3.357509410399155403e-01 -7.120281346130394873e-01 2.000000000000000000e+00 1.000000000000000021e-08 -5.522242087627542428e-01 -2.164732677228386581e+00
-5.522242087627542428e-01 -2.164732677228386581e+00 0.000000000000000000e+00 1.000000000000000021e-08 -7.891564476612689116e-01 -2.369322388985147132e+00
-7.891564476612689116e-01 -2.369322388985147132e+00 1.000000000000000000e+00 1.000000000000000021e-08 -1.134280660057165768e+00 -3.451242123958968122e+00
-1.134280660057165768e+00 -3.451242123958968122e+00 0.000000000000000000e+00 9.999000000000000110e-01 -1.570796326794896558e+00 -4.422774973532122900e+00
-7.310209066189067573e-02 1.078789438298389039e-02 0.000000000000000000e+00 1.000000000000000021e-08 -1.123096415166524586e-02 6.187112651022542709e-01
-1.123096415166524586e-02 6.187112651022542709e-01 2.000000000000000000e+00 1.000000000000000021e-08 -5.054351349650535591e-02 -3.931254934484010866e-01
-5.054351349650535591e-02 -3.931254934484010866e-01 2.000000000000000000e+00 1.000000000000000021e-08 -1.807985573478050612e-01 -1.302550438512997122e+00
-1.807985573478050612e-01 -1.302550438512997122e+00 0.000000000000000000e+00 1.000000000000000021e-08 -2.614400021489028392e-01 -8.064144480109778357e-01
-2.614400021489028392e-01 -8.064144480109778357e-01 0.000000000000000000e+00 1.000000000000000021e-08 -3.101607497174278527e-01 -4.872074756852502464e-01
-3.101607497174278527e-01 -4.872074756852502464e-01 2.000000000000000000e+00 1.000000000000000021e-08 -4.883054462719866873e-01 -1.781446965545588457e+00
-4.883054462719866873e-01 -1.781446965545588457e+00 0.000000000000000000e+00 1.000000000000000021e-08 -6.676454693233458970e-01 -1.793400230513591653e+00
-6.676454693233458970e-01 -1.793400230513591653e+00 1.000000000000000000e+00 1.000000000000000021e-08 -9.343031437544214723e-01 -2.666576744310755753e+00
-9.343031437544214723e-01 -2.666576744310755753e+00 1.000000000000000000e+00 1.000000000000000021e-08 -1.322455138978612776e+00 -3.881519952241913707e+00
-1.322455138978612776e+00 -3.881519952241913707e+00 0.000000000000000000e+00 9.999000000000000110e-01 -1.570796326794896558e+00 -5.000000000000000000e+00
2.916221348280026437e-02 -7.542565046742954332e-03 0.000000000000000000e+00 1.000000000000000021e-08 1.115884794468113561e-01 8.242626596401108063e-01
1.115884794468113561e-01 8.242626596401108063e-01 2.000000000000000000e+00 1.000000000000000021e-08 1.256313039375570872e-01 1.404282449074573114e-01
1.256313039375570872e-01 1.404282449074573114e-01 1.000000000000000000e+00 1.000000000000000021e-08 1.721065730335647470e-01 4.647526909600764311e-01
1.721065730335647470e-01 4.647526909600764311e-01 2.000000000000000000e+00 1.000000000000000021e-08 1.560066748094625644e-01 -1.609989822410217153e-01
1.560066748094625644e-01 -1.609989822410217153e-01 2.000000000000000000e+00 1.000000000000000021e-08 6.286449620646498981e-02 -9.314217860299757179e-01
6.286449620646498981e-02 -9.314217860299757179e-01 0.000000000000000000e+00 1.000000000000000021e-08 6.064119721535427693e-02 -2.223298991110711498e-02
6.064119721535427693e-02 -2.223298991110711498e-02 1.000000000000000000e+00 1.000000000000000021e-08 6.432216686490649371e-02 3.680969649552215395e-02
6.432216686490649371e-02 3.680969649552215395e-02 2.000000000000000000e+00 1.000000000000000021e-08 1.258958803515120017e-03 -6.306320806139137369e-01
1.258958803515120017e-03 -6.306320806139137369e-01 1.000000000000000000e+00 1.000000000000000021e-08 -5.817304640359081264e-02 -5.943200520710593127e-01
-5.817304640359081264e-02 -5.943200520710593127e-01 0.000000000000000000e+00 1.000000000000000021e-08 -5.643247272380418761e-02 1.740573679786627803e-02
-5.643247272380418761e-02 1.740573679786627803e-02 2.000000000000000000e+00 1.000000000000000021e-08 -1.465564939557529034e-01 -9.012402123194870329e-01
-1.465564939557529034e-01 -9.012402123194870329e-01 1.000000000000000000e+00 1.000000000000000021e-08 -2.758769365330966394e-01 -1.293204425773437638e+00
-2.758769365330966394e-01 -1.293204425773437638e+00 1.000000000000000000e+00 1.000000000000000021e-08 -4.669012200609059526e-01 -1.910242835278093132e+00
-4.669012200609059526e-01 -1.910242835278093132e+00 0.000000000000000000e+00 1.000000000000000021e-08 -6.529098921756470997e-01 -1.860086721147411915e+00
-6.529098921756470997e-01 -1.860086721147411915e+00 2.000000000000000000e+00 1.000000000000000021e-08 -9.922537984952062295e-01 -3.393439063195590855e+00
-9.922537984952062295e-01 -3.393439063195590855e+00 2.000000000000000000e+00 1.000000000000000021e-08 -1.496598103818479686e+00 -5.000000000000000000e+00
-1.496598103818479686e+00 -5.000000000000000000e+00 2.000000000000000000e+00 9.999000000000000110e-01 -1.570796326794896558e+00 -5.000000000000000000e+00
1.629732710046944907e-02 -8.317308127845153554e-02 1.000000000000000000e+00 1.000000000000000021e-08 -2.155256615023717209e-03 -1.845258371549316490e-01
-2.155256615023717209e-03 -1.845258371549316490e-01 2.000000000000000000e+00 1.000000000000000021e-08 -1.087748628959346181e-01 -1.066196062809108946e+00
-1.087748628959346181e-01 -1.066196062809108946e+00 2.000000000000000000e+00 1.000000000000000021e-08 -3.371770383459822829e-01 -2.284021754500476398e+00
-3.371770383459822829e-01 -2.284021754500476398e+00 1.000000000000000000e+00 1.000000000000000021e-08 -6.083008868023789262e-01 -2.711238484563966544e+00
-6.083008868023789262e-01 -2.711238484563966544e+00 2.000000000000000000e+00 1.000000000000000021e-08 -1.036248374489519453e+00 -4.279474876871406153e+00
-1.036248374489519453e+00 -4.279474876871406153e+00 2.000000000000000000e+00 9.999000000000000110e-01 -1.570796326794896558e+00 -5.000000000000000000e+00
-8.400500328559351582e-03 -7.901110679278167126e-02 0.000000000000000000e+00 1.000000000000000021e-08 7.933367635877436319e-02 8.773417668733370922e-01
7.933367635877436319e-02 8.773417668733370922e-01 2.000000000000000000e+00 1.000000000000000021e-08 1.014862661674243299e-01 2.215258980864996952e-01
1.014862661674243299e-01 2.215258980864996952e-01 2.000000000000000000e+00 1.000000000000000021e-08 5.710732590623611438e-02 -4.437894026118821555e-01
5.710732590623611438e-02 -4.437894026118821555e-01 2.000000000000000000e+00 1.000000000000000021e-08 -5.175250278534716808e-02 -1.088598286915832825e+00
-5.175250278534716808e-02 -1.088598286915832825e+00 0.000000000000000000e+00 1.000000000000000021e-08 -9.882127846862838461e-02 -4.706877568328121653e-01
-9.882127846862838461e-02 -4.706877568328121653e-01 1.000000000000000000e+00 1.000000000000000021e-08 -1.802567425446199301e-01 -8.143546407599155934e-01
-1.802567425446199301e-01 -8.143546407599155934e-01 1.000000000000000000e+00 1.000000000000000021e-08 -2.988111082983331279e-01 -1.185543657537131867e+00
-2.988111082983331279e-01 -1.185543657537131867e+00 2.000000000000000000e+00 1.000000000000000021e-08 -5.427096781442846130e-01 -2.438985698459514406e+00
-5.427096781442846130e-01 -2.438985698459514406e+00 0.000000000000000000e+00 1.000000000000000021e-08 -7.992725940493399239e-01 -2.565629159050553110e+00
-7.992725940493399239e-01 -2.565629159050553110e+00 1.000000000000000000e+00 1.000000000000000021e-08 -1.159453582429055718e+00 -3.601809883797158385e+00
-1.159453582429055718e+00 -3.601809883797158385e+00 0.000000000000000000e+00 9.999000000000000110e-01 -1.570796326794896558e+00 -4.561921527418406619e+00
3.392336047870847526e-02 -5.301379910667958911e-02 1.000000000000000000e+00 1.000000000000000021e-08 2.699287676466693639e-02 -6.930483714041538179e-02
2.699287676466693639e-02 -6.930483714041538179e-02 0.000000000000000000e+00 1.000000000000000021e-08 1.142361126952670808e-01 8.724323593060013815e-01
1.142361126952670808e-01 8.724323593060013815e-01 0.000000000000000000e+00 1.000000000000000021e-08 3.068277145355683966e-01 1.925916018403013297e+00
3.068277145355683966e-01 1.925916018403013297e+00 2.000000000000000000e+00 1.000000000000000021e-08 4.785456872706870257e-01 1.717179727351185958e+00
4.785456872706870257e-01 1.717179727351185958e+00 0.000000000000000000e+00 1.000000000000000021e-08 8.140173612319459018e-01 3.354716739612587872e+00
8.140173612319459018e-01 3.354716739612587872e+00 2.000000000000000000e+00 1.000000000000000021e-08 1.191838571166975669e+00 3.778212099350296338e+00
1.191838571166975669e+00 3.778212099350296338e+00 2.000000000000000000e+00 9.999000000000000110e-01 1.570796326794896558e+00 4.824248449641515002e+00
-6.657423269830395340e-02 -1.019646850936349949e-02 1.000000000000000000e+00 1.000000000000000021e-08 -9.187666290318159679e-02 -2.530243020487764061e-01
-9.187666290318159679e-02 -2.530243020487764061e-01 1.000000000000000000e+00 1.000000000000000021e-08 -1.275371227677489228e-01 -3.566045986456733985e-01
-1.275371227677489228e-01 -3.566045986456733985e-01 1.000000000000000000e+00 1.000000000000000021e-08 -1.682407210479415494e-01 -4.070359828019263215e-01
-1.682407210479415494e-01 -4.070359828019263215e-01 1.000000000000000000e+00 1.000000000000000021e-08 -2.258062344374872910e-01 -5.756551338954574160e-01
-2.258062344374872910e-01 -5.756551338954574160e-01 2.000000000000000000e+00 1.000000000000000021e-08 -4.207281680651697719e-01 -1.949219336276824643e+00
-4.207281680651697719e-01 -1.949219336276824643e+00 2.000000000000000000e+00 1.000000000000000021e-08 -7.696461836464327799e-01 -3.489180155812629636e+00
-7.696461836464327799e-01 -3.489180155812629636e+00 0.000000000000000000e+00 1.000000000000000021e-08 -1.169796068242688891e+00 -4.001498845962560225e+00
-1.169796068242688891e+00 -4.001498845962560225e+00 0.000000000000000000e+00 9.999000000000000110e-01 -1.570796326794896558e+00 -4.963182024507246659e+00
4.627353691941676894e-02 7.218914666549721554e-03 1.000000000000000000e+00 1.000000000000000021e-08 6.853234745888385493e-02 2.225881053946708321e-01
6.853234745888385493e-02 2.225881053946708321e-01 2.000000000000000000e+00 1.000000000000000021e-08 1.160180018791627521e-02 -5.693054727096757972e-01
1.160180018791627521e-02 -5.693054727096757972e-01 1.000000000000000000e+00 1.000000000000000021e-08 -3.244061404105526292e-02 -4.404241422897153813e-01
-3.244061404105526292e-02 -4.404241422897153813e-01 0.000000000000000000e+00 1.000000000000000021e-08 -6.166163092143281399e-04 3.182399773184093617e-01
-6.166163092143281399e-04 3.182399773184093617e-01 0.000000000000000000e+00 1.000000000000000021e-08 1.139824259093878689e-01 1.145990422186021984e+00
1.139824259093878689e-01 1.145990422186021984e+00 1.000000000000000000e+00 1.000000000000000021e-08 2.374808399906269130e-01 1.234984140812390274e+00
2.374808399906269130e-01 1.234984140812390274e+00 0.000000000000000000e+00 1.000000000000000021e-08 4.952360173475390814e-01 2.577551773569121352e+00
4.952360173475390814e-01 2.577551773569121352e+00 2.000000000000000000e+00 1.000000000000000021e-08 7.618941709953803709e-01 2.666581536478412673e+00
7.618941709953803709e-01 2.666581536478412673e+00 1.000000000000000000e+00 1.000000000000000021e-08 1.142966166932172012e+00 3.810719959367916854e+00
1.142966166932172012e+00 3.810719959367916854e+00 1.000000000000000000e+00 9.999000000000000110e-01 1.570796326794896558e+00 5.000000000000000000e+00
2.967246032468749684e-02 -7.571144213597175154e-02 0.000000000000000000e+00 1.000000000000000021e-08 9.848403282391370028e-02 6.881157249922620345e-01
9.848403282391370028e-02 6.881157249922620345e-01 0.000000000000000000e+00 1.000000000000000021e-08 2.618994954276734344e-01 1.634154626037597202e+00
2.618994954276734344e-01 1.634154626037597202e+00 0.000000000000000000e+00 1.000000000000000021e-08 5.430644553289633025e-01 2.811649599012898459e+00
5.430644553289633025e-01 2.811649599012898459e+00 0.000000000000000000e+00 1.000000000000000021e-08 9.614151550267704405e-01 4.183506996978071157e+00
9.614151550267704405e-01 4.183506996978071157e+00 0.000000000000000000e+00 1.000000000000000021e-08 1.540953432209140495e+00 5.000000000000000000e+00
1.540953432209140495e+00 5.000000000000000000e+00 2.000000000000000000e+00 9.999000000000000110e-01 1.570796326794896558e+00 5.000000000000000000e+00
-4.314013397790517762e-02 7.368167472952777408e-02 2.000000000000000000e+00 1.000000000000000021e-08 -1.473302838102150403e-01 -1.041901498323098529e+00
-1.473302838102150403e-01 -1.041901498323098529e+00 0.000000000000000000e+00 1.000000000000000021e-08 -1.861466375539104212e-01 -3.881635374369537539e-01
-1.861466375539104212e-01 -3.881635374369537539e-01 1.000000000000000000e+00 1.000000000000000021e-08 -2.456795744571443618e-01 -5.953293690323393506e-01
-2.456795744571443618e-01 -5.953293690323393506e-01 2.000000000000000000e+00 1.000000000000000021e-08 -4.189970823898180319e-01 -1.733175079326736201e+00
-4.189970823898180319e-01 -1.733175079326736201e+00 0.000000000000000000e+00 1.000000000000000021e-08 -5.650150685368232617e-01 -1.460179861470052076e+00
-5.650150685368232617e-01 -1.460179861470052076e+00 2.000000000000000000e+00 1.000000000000000021e-08 -8.738244435923320230e-01 -3.088093750555087169e+00
-8.738244435923320230e-01 -3.088093750555087169e+00 2.000000000000000000e+00 1.000000000000000021e-08 -1.340994002487278181e+00 -4.671695588949460465e+00
-1.340994002487278181e+00 -4.671695588949460465e+00 1.000000000000000000e+00 9.999000000000000110e-01 -1.570796326794896558e+00 -5.000000000000000000e+00
8.162316600641142395e-02 2.632497892229660949e-02 1.000000000000000000e+00 1.000000000000000021e-08 9.618614611901615818e-02 1.456298011260472869e-01
9.618614611901615818e-02 1.456298011260472869e-01 2.000000000000000000e+00 1.000000000000000021e-08 3.835190862742415829e-02 -5.783423749159199989e-01
3.835190862742415829e-02 -5.783423749159199989e-01 0.000000000000000000e+00 1.000000000000000021e-08 8.806644778142125318e-02 4.971453915399708379e-01
8.806644778142125318e-02 4.971453915399708379e-01 2.000000000000000000e+00 1.000000000000000021e-08 5.807226294543312017e-02 -2.999418483598813578e-01
5.807226294543312017e-02 -2.999418483598813578e-01 2.000000000000000000e+00 1.000000000000000021e-08 -3.428949554827893931e-02 -9.236175849371205393e-01
-3.428949554827893931e-02 -9.236175849371205393e-01 2.000000000000000000e+00 1.000000000000000021e-08 -2.115084110119797578e-01 -1.772189154637008324e+00
-2.115084110119797578e-01 -1.772189154637008324e+00 1.000000000000000000e+00 1.000000000000000021e-08 -4.381671426856653673e-01 -2.266587316736856206e+00
-4.381671426856653673e-01 -2.266587316736856206e+00 1.000000000000000000e+00 1.000000000000000021e-08 -7.238523800729820268e-01 -2.856852373873166595e+00
-7.238523800729820268e-01 -2.856852373873166595e+00 2.000000000000000000e+00 1.000000000000000021e-08 -1.169158499164189902e+00 -4.453061190912077194e+00
-1.169158499164189902e+00 -4.453061190912077194e+00 1.000000000000000000e+00 9.999000000000000110e-01 -1.570796326794896558e+00 -5.000000000000000000e+00
7.119769735247324927e-02 -2.369741266608126062e-02 2.000000000000000000e+00 1.000000000000000021e-08 8.678559321922282854e-03 -6.251913803055095809e-01
8.678559321922282854e-03 -6.251913803055095809e-01 1.000000000000000000e+00 1.000000000000000021e-08 -6.813737020256922794e-02 -7.681592952449149969e-01
-6.813737020256922794e-02 -7.681592952449149969e-01 2.000000000000000000e+00 1.000000000000000021e-08 -2.561436249470043225e-01 -1.880062547444351084e+00
-2.561436249470043225e-01 -1.880062547444351084e+00 0.000000000000000000e+00 1.000000000000000021e-08 -4.015516527256762780e-01 -1.454080277786719222e+00
-4.015516527256762780e-01 -1.454080277786719222e+00 1.000000000000000000e+00 1.000000000000000021e-08 -6.117204552784631932e-01 -2.101688025527868930e+00
-6.117204552784631932e-01 -2.101688025527868930e+00 2.000000000000000000e+00 1.000000000000000021e-08 -9.686021695233855144e-01 -3.568817142449223212e+00
-9.686021695233855144e-01 -3.568817142449223212e+00 0.000000000000000000e+00 1.000000000000000021e-08 -1.395017718272375973e+00 -4.264155487489903251e+00
-1.395017718272375973e+00 -4.264155487489903251e+00 1.000000000000000000e+00 9.999000000000000110e-01 -1.570796326794896558e+00 -5.000000000000000000e+00
6.745930325589684362e-02 2.971366694781270301e-02 1.000000000000000000e+00 1.000000000000000021e-08 7.886468057769771556e-02 1.140537732180087194e-01
7.886468057769771556e-02 1.140537732180087194e-01 1.000000000000000000e+00 1.000000000000000021e-08 1.175398549568298784e-01 3.867517437913216005e-01
1.175398549568298784e-01 3.867517437913216005e-01 0.000000000000000000e+00 1.000000000000000021e-08 2.618409698772131700e-01 1.443011149203832666e+00
2.618409698772131700e-01 1.443011149203832666e+00 0.000000000000000000e+00 1.000000000000000021e-08 5.242519609268987413e-01 2.624109910496856379e+00
5.242519609268987413e-01 2.624109910496856379e+00 0.000000000000000000e+00 1.000000000000000021e-08 9.375058836914512694e-01 4.132539227645525060e+00
9.375058836914512694e-01 4.132539227645525060e+00 2.000000000000000000e+00 1.000000000000000021e-08 1.415151302154417978e+00 4.776454184629666422e+00
1.415151302154417978e+00 4.776454184629666422e+00 2.000000000000000000e+00 9.999000000000000110e-01 1.570796326794896558e+00 5.000000000000000000e+00
5.638603007560158420e-02 2.140148175321373442e-02 0.000000000000000000e+00 1.000000000000000021e-08 1.554948659826612956e-01 9.910883590705971136e-01
1.554948659826612956e-01 9.910883590705971136e-01 0.000000000000000000e+00 1.000000000000000021e-08 3.753499469262482346e-01 2.198550809435869002e+00
3.753499469262482346e-01 2.198550809435869002e+00 1.000000000000000000e+00 1.000000000000000021e-08 6.441202700089982969e-01 2.687703230827500178e+00
6.441202700089982969e-01 2.687703230827500178e+00 0.000000000000000000e+00 1.000000000000000021e-08 1.058882767778443812e+00 4.147624977694454707e+00
1.058882767778443812e+00 4.147624977694454707e+00 1.000000000000000000e+00 9.999000000000000110e-01 1.570796326794896558e+00 5.000000000000000000e+00
-1.663014677716789791e-02 1.880141412067753287e-02 1.000000000000000000e+00 1.000000000000000021e-08 -3.150926432543935812e-02 -1.487911754827146160e-01
-3.150926432543935812e-02 -1.487911754827146160e-01 1.000000000000000000e+00 1.000000000000000021e-08 -3.477769350160869050e-02 -3.268429176169332373e-02
-3.477769350160869050e-02 -3.268429176169332373e-02 1.000000000000000000e+00 1.000000000000000021e-08 -2.961977836050348756e-02 5.157915141105202939e-02
-2.961977836050348756e-02 5.157915141105202939e-02 1.000000000000000000e+00 1.000000000000000021e-08 -4.183337240699343262e-02 -1.221359404648994090e-01
-4.183337240699343262e-02 -1.221359404648994090e-01 0.000000000000000000e+00 1.000000000000000021e-08 1.217902777940595843e-02 5.401240018639938967e-01
1.217902777940595843e-02 5.401240018639938967e-01 1.000000000000000000e+00 1.000000000000000021e-08 5.080569847675871914e-02 3.862667069735276071e-01
5.080569847675871914e-02 3.862667069735276071e-01 2.000000000000000000e+00 1.000000000000000021e-08 2.445238157770486531e-03 -4.836046031898822983e-01
2.445238157770486531e-03 -4.836046031898822983e-01 2.000000000000000000e+00 1.000000000000000021e-08 -1.312841668419473251e-01 -1.337294049997177936e+00
-1.312841668419473251e-01 -1.337294049997177936e+00 2.000000000000000000e+00 1.000000000000000021e-08 -3.774429971286917262e-01 -2.461588302867443900e+00
-3.774429971286917262e-01 -2.461588302867443900e+00 2.000000000000000000e+00 1.000000000000000021e-08 -7.624116319139134790e-01 -3.849686347852217416e+00
-7.624116319139134790e-01 -3.849686347852217416e+00 2.000000000000000000e+00 1.000000000000000021e-08 -1.297383355576048114e+00 -5.000000000000000000e+00
-1.297383355576048114e+00 -5.000000000000000000e+00 2.000000000000000000e+00 9.999000000000000110e-01 -1.570796326794896558e+00 -5.000000000000000000e+00
-1.179956119226312217e-02 -3.965727830934916848e-02 0.000000000000000000e+00 1.000000000000000021e-08 5.513641279732109379e-02 6.693597398958421874e-01
5.513641279732109379e-02 6.693597398958421874e-01 0.000000000000000000e+00 1.000000000000000021e-08 2.098731372377123372e-01 1.547367244403912379e+00
2.098731372377123372e-01 1.547367244403912379e+00 1.000000000000000000e+00 1.000000000000000021e-08 3.991842617315451425e-01 1.893111244938328053e+00
3.991842617315451425e-01 1.893111244938328053e+00 1.000000000000000000e+00 1.000000000000000021e-08 6.529482898163445626e-01 2.537640280847994312e+00
6.529482898163445626e-01 2.537640280847994312e+00 2.000000000000000000e+00 1.000000000000000021e-08 9.278887787308489621e-01 2.749404889145043995e+00
9.278887787308489621e-01 2.749404889145043995e+00 1.000000000000000000e+00 1.000000000000000021e-08 1.318136576295035667e+00 3.902477975641865715e+00
1.318136576295035667e+00 3.902477975641865715e+00 0.000000000000000000e+00 9.999000000000000110e-01 1.570796326794896558e+00 5.000000000000000000e+00
-7.695260721204445764e-03 4.666045348444280982e-02 1.000000000000000000e+00 1.000000000000000021e-08 4.214327007108218878e-03 1.190958772831266360e-01
4.214327007108218878e-03 1.190958772831266360e-01 1.000000000000000000e+00 1.000000000000000021e-08 2.135065546067643066e-02 1.713632845356820866e-01
2.135065546067643066e-02 1.713632845356820866e-01 1.000000000000000000e+00 1.000000000000000021e-08 3.497005884855362151e-02 1.361940338787718807e-01
3.497005884855362151e-02 1.361940338787718807e-01 2.000000000000000000e+00 1.000000000000000021e-08 -1.950958066854187323e-02 -5.447963951709549058e-01
-1.950958066854187323e-02 -5.447963951709549058e-01 0.000000000000000000e+00 1.000000000000000021e-08 2.422758332846277479e-02 4.373716399700464663e-01
2.422758332846277479e-02 4.373716399700464663e-01 0.000000000000000000e+00 1.000000000000000021e-08 1.779591252540774493e-01 1.537315419256146454e+00
1.779591252540774493e-01 1.537315419256146454e+00 0.000000000000000000e+00 1.000000000000000021e-08 4.569315848163563176e-01 2.789724595622788961e+00
4.569315848163563176e-01 2.789724595622788961e+00 1.000000000000000000e+00 1.000000000000000021e-08 7.938799539267423766e-01 3.369483691103860146e+00
7.938799539267423766e-01 3.369483691103860146e+00 0.000000000000000000e+00 1.000000000000000021e-08 1.284808035341741039e+00 4.909280814149987293e+00
1.284808035341741039e+00 4.909280814149987293e+00 1.000000000000000000e+00 9.999000000000000110e-01 1.570796326794896558e+00 5.000000000000000000e+00
-1.777310136414186892e-02 -1.875784279968828461e-02 1.000000000000000000e+00 1.000000000000000021e-08 -2.039307760094977856e-02 -2.619976236807909989e-02
-2.039307760094977856e-02 -2.619976236807909989e-02 2.000000000000000000e+00 1.000000000000000021e-08 -9.964534329415195013e-02 -7.925226569320216186e-01
-9.964534329415195013e-02 -7.925226569320216186e-01 0.000000000000000000e+00 1.000000000000000021e-08 -9.426163956251298881e-02 5.383703731638966872e-02
-9.426163956251298881e-02 5.383703731638966872e-02 1.000000000000000000e+00 1.000000000000000021e-08 -1.166057198122930766e-01 -2.234408024978008500e-01
-1.166057198122930766e-01 -2.234408024978008500e-01 1.000000000000000000e+00 1.000000000000000021e-08 -1.617494023888854382e-01 -4.514368257659235883e-01
-1.617494023888854382e-01 -4.514368257659235883e-01 1.000000000000000000e+00 1.000000000000000021e-08 -2.428753602404934431e-01 -8.112595785160801043e-01
-2.428753602404934431e-01 -8.112595785160801043e-01 1.000000000000000000e+00 1.000000000000000021e-08 -3.533914322053234858e-01 -1.105160719648300427e+00
-3.533914322053234858e-01 -1.105160719648300427e+00 2.000000000000000000e+00 1.000000000000000021e-08 -6.059758278172667767e-01 -2.525843956119432576e+00
-6.059758278172667767e-01 -2.525843956119432576e+00 1.000000000000000000e+00 1.000000000000000021e-08 -9.491865661595653147e-01 -3.432107383422984714e+00
-9.491865661595653147e-01 -3.432107383422984714e+00 1.000000000000000000e+00 1.000000000000000021e-08 -1.409781289308516428e+00 -4.605947231489510685e+00
-1.409781289308516428e+00 -4.605947231489510685e+00 2.000000000000000000e+00 9.999000000000000110e-01 -1.570796326794896558e+00 -5.000000000000000000e+00
-4.351346368858102082e-02 -2.295324524668632127e-02 0.000000000000000000e+00 1.000000000000000021e-08 2.652749887313084892e-02 7.004096256171187251e-01
2.652749887313084892e-02 7.004096256171187251e-01 1.000000000000000000e+00 1.000000000000000021e-08 9.330439966994019674e-02 6.677690079680935753e-01
9.330439966994019674e-02 6.677690079680935753e-01 2.000000000000000000e+00 1.000000000000000021e-08 7.667643311802831152e-02 -1.662796655191188799e-01
7.667643311802831152e-02 -1.662796655191188799e-01 0.000000000000000000e+00 1.000000000000000021e-08 1.601835243408497034e-01 8.350709122282137242e-01
1.601835243408497034e-01 8.350709122282137242e-01 2.000000000000000000e+00 1.000000000000000021e-08 1.935191702610342401e-01 3.333564592018454231e-01
1.935191702610342401e-01 3.333564592018454231e-01 0.000000000000000000e+00 1.000000000000000021e-08 3.402389540435674653e-01 1.467197837825332085e+00
3.402389540435674653e-01 1.467197837825332085e+00 2.000000000000000000e+00 1.000000000000000021e-08 4.470507633331741726e-01 1.068118092896066962e+00
4.470507633331741726e-01 1.068118092896066962e+00 1.000000000000000000e+00 1.000000000000000021e-08 6.264152721635725118e-01 1.793645088303983393e+00
6.264152721635725118e-01 1.793645088303983393e+00 2.000000000000000000e+00 1.000000000000000021e-08 8.235953356901117850e-01 1.971800635265393176e+00
8.235953356901117850e-01 1.971800635265393176e+00 2.000000000000000000e+00 1.000000000000000021e-08 1.069093126871051513e+00 2.454977911809397284e+00
1.069093126871051513e+00 2.454977911809397284e+00 0.000000000000000000e+00 1.000000000000000021e-08 1.475325545242428760e+00 4.062324183713772463e+00
1.475325545242428760e+00 4.062324183713772463e+00 2.000000000000000000e+00 9.999000000000000110e-01 1.570796326794896558e+00 5.000000000000000000e+00
6.590343061668850477e-02 2.873733230369686711e-02 2.000000000000000000e+00 1.000000000000000021e-08 3.142367733170323141e-03 -6.276106288351818163e-01
3.142367733170323141e-03 -6.276106288351818163e-01 1.000000000000000000e+00 1.000000000000000021e-08 -6.224663660265761234e-02 -6.538900433582792715e-01
-6.224663660265761234e-02 -6.538900433582792715e-01 0.000000000000000000e+00 1.000000000000000021e-08 -3.717645161472256377e-02 2.507018498793505135e-01
-3.717645161472256377e-02 2.507018498793505135e-01 1.000000000000000000e+00 1.000000000000000021e-08 -1.809656289682822633e-02 1.907988871789433605e-01
-1.809656289682822633e-02 1.907988871789433605e-01 0.000000000000000000e+00 1.000000000000000021e-08 7.530243973084493891e-02 9.339900262767315553e-01
7.530243973084493891e-02 9.339900262767315553e-01 1.000000000000000000e+00 1.000000000000000021e-08 1.713722039473061787e-01 9.606976421646123976e-01
1.713722039473061787e-01 9.606976421646123976e-01 1.000000000000000000e+00 1.000000000000000021e-08 2.983281762301637219e-01 1.269559722828575543e+00
2.983281762301637219e-01 1.269559722828575543e+00 2.000000000000000000e+00 1.000000000000000021e-08 4.033322539760675340e-01 1.050040777459037900e+00
4.033322539760675340e-01 1.050040777459037900e+00 2.000000000000000000e+00 1.000000000000000021e-08 4.980639354878517167e-01 9.473168151178417151e-01
4.980639354878517167e-01 9.473168151178417151e-01 1.000000000000000000e+00 1.000000000000000021e-08 6.588177299164723610e-01 1.607537944286205889e+00
6.588177299164723610e-01 1.607537944286205889e+00 2.000000000000000000e+00 1.000000000000000021e-08 8.638614268526474405e-01 2.050436969361750794e+00
8.638614268526474405e-01 2.050436969361750794e+00 1.000000000000000000e+00 1.000000000000000021e-08 1.181013823436678045e+00 3.171523965840305159e+00
1.181013823436678045e+00 3.171523965840305159e+00 2.000000000000000000e+00 9.999000000000000110e-01 1.570796326794896558e+00 4.222410396439215674e+00
6.489121561055168075e-02 -4.854264225459147680e-02 2.000000000000000000e+00 1.000000000000000021e-08 -3.111481041391389590e-03 -6.800269665194307311e-01
-3.111481041391389590e-03 -6.800269665194307311e-01 1.000000000000000000e+00 1.000000000000000021e-08 -5.629276619308399426e-02 -5.318128515169260329e-01
-5.629276619308399426e-02 -5.318128515169260329e-01 1.000000000000000000e+00 1.000000000000000021e-08 -1.207393450112991540e-01 -6.444657881821516110e-01
-1.207393450112991540e-01 -6.444657881821516110e-01 1.000000000000000000e+00 1.000000000000000021e-08 -2.208175110266710484e-01 -1.000781660153718944e+00
-2.208175110266710484e-01 -1.000781660153718944e+00 2.000000000000000000e+00 1.000000000000000021e-08 -4.467101498963218509e-01 -2.258926388696507637e+00
-4.467101498963218509e-01 -2.258926388696507637e+00 1.000000000000000000e+00 1.000000000000000021e-08 -7.292785657222862206e-01 -2.825684158259643919e+00
-7.292785657222862206e-01 -2.825684158259643919e+00 2.000000000000000000e+00 1.000000000000000021e-08 -1.175229916199814539e+00 -4.459513504775283188e+00
-1.175229916199814539e+00 -4.459513504775283188e+00 1.000000000000000000e+00 9.999000000000000110e-01 -1.570796326794896558e+00 -5.000000000000000000e+00
3.830347202496049014e-02 -5.078443953012649198e-02 2.000000000000000000e+00 1.000000000000000021e-08 -6.394024216284815987e-02 -1.022437141878086431e+00
-6.394024216284815987e-02 -1.022437141878086431e+00 2.000000000000000000e+00 1.000000000000000021e-08 -2.525851094015394427e-01 -1.886448672386912939e+00
-2.525851094015394427e-01 -1.886448672386912939e+00 2.000000000000000000e+00 1.000000000000000021e-08 -5.761991375360497880e-01 -3.236140281345103453e+00
-5.761991375360497880e-01 -3.236140281345103453e+00 0.000000000000000000e+00 1.000000000000000021e-08 -9.155162293509500060e-01 -3.393170918149001736e+00
-9.155162293509500060e-01 -3.393170918149001736e+00 0.000000000000000000e+00 1.000000000000000021e-08 -1.327413120397839430e+00 -4.118968910468893796e+00
-1.327413120397839430e+00 -4.118968910468893796e+00 2.000000000000000000e+00 9.999000000000000110e-01 -1.570796326794896558e+00 -5.000000000000000000e+00
1.144494249259062416e-02 6.390003509098010626e-02 0.000000000000000000e+00 1.000000000000000021e-08 1.087556617504119583e-01 9.731071925782133203e-01
1.087556617504119583e-01 9.731071925782133203e-01 2.000000000000000000e+00 1.000000000000000021e-08 1.431721988326921380e-01 3.441653708228018527e-01
1.431721988326921380e-01 3.441653708228018527e-01 0.000000000000000000e+00 1.000000000000000021e-08 2.782657608609491184e-01 1.350935620282569971e+00
2.782657608609491184e-01 1.350935620282569971e+00 2.000000000000000000e+00 1.000000000000000021e-08 3.866516741492521669e-01 1.083859132883030707e+00
3.866516741492521669e-01 1.083859132883030707e+00 1.000000000000000000e+00 1.000000000000000021e-08 5.558386426264863012e-01 1.691869684772341786e+00
5.558386426264863012e-01 1.691869684772341786e+00 2.000000000000000000e+00 1.000000000000000021e-08 7.441819576166598393e-01 1.883433149901734938e+00
7.441819576166598393e-01 1.883433149901734938e+00 2.000000000000000000e+00 1.000000000000000021e-08 9.877855795503303060e-01 2.436036219336704001e+00
9.877855795503303060e-01 2.436036219336704001e+00 2.000000000000000000e+00 1.000000000000000021e-08 1.306898559968051377e+00 3.191129804177211149e+00
1.306898559968051377e+00 3.191129804177211149e+00 2.000000000000000000e+00 9.999000000000000110e-01 1.570796326794896558e+00 4.426346196510987596e+00
6.689237271648001970e-02 -3.582854491891103443e-02 2.000000000000000000e+00 1.000000000000000021e-08 2.194392748327000930e-04 -6.667293344164731961e-01
2.194392748327000930e-04 -6.667293344164731961e-01 1.000000000000000000e+00 1.000000000000000021e-08 -7.141428452684049633e-02 -7.163372380167319919e-01
-7.141428452684049633e-02 -7.163372380167319919e-01 1.000000000000000000e+00 1.000000000000000021e-08 -1.683211899450805793e-01 -9.690690541824007465e-01
-1.683211899450805793e-01 -9.690690541824007465e-01 1.000000000000000000e+00 1.000000000000000021e-08 -2.778996811829464453e-01 -1.095784912378658715e+00
-2.778996811829464453e-01 -1.095784912378658715e+00 1.000000000000000000e+00 1.000000000000000021e-08 -4.337274557015767806e-01 -1.558277745186303243e+00
-4.337274557015767806e-01 -1.558277745186303243e+00 0.000000000000000000e+00 1.000000000000000021e-08 -5.901104755140269553e-01 -1.563830198124501525e+00
-5.901104755140269553e-01 -1.563830198124501525e+00 2.000000000000000000e+00 1.000000000000000021e-08 -9.146151593335947183e-01 -3.245046838195677630e+00
-9.146151593335947183e-01 -3.245046838195677630e+00 0.000000000000000000e+00 1.000000000000000021e-08 -1.297795815297167810e+00 -3.831806559635730469e+00
-1.297795815297167810e+00 -3.831806559635730469e+00 1.000000000000000000e+00 9.999000000000000110e-01 -1.570796326794896558e+00 -5.000000000000000000e+00
-2.283510985930136891e-02 -3.813077089686815052e-03 1.000000000000000000e+00 1.000000000000000021e-08 -1.686768198664232582e-02 5.967427872659041010e-02
-1.686768198664232582e-02 5.967427872659041010e-02 2.000000000000000000e+00 1.000000000000000021e-08 -8.591651615403175790e-02 -6.904883416738943902e-01
-8.591651615403175790e-02 -6.904883416738943902e-01 2.000000000000000000e+00 1.000000000000000021e-08 -2.558512478681156943e-01 -1.699347317140839309e+00
-2.558512478681156943e-01 -1.699347317140839309e+00 1.000000000000000000e+00 1.000000000000000021e-08 -4.531213252046951689e-01 -1.972700773365794857e+00
-4.531213252046951689e-01 -1.972700773365794857e+00 1.000000000000000000e+00 1.000000000000000021e-08 -7.362915908896978667e-01 -2.831702656850026756e+00
-7.362915908896978667e-01 -2.831702656850026756e+00 1.000000000000000000e+00 1.000000000000000021e-08 -1.126002829763077084e+00 -3.897112388733792621e+00
-1.126002829763077084e+00 -3.897112388733792621e+00 0.000000000000000000e+00 9.999000000000000110e-01 -1.570796326794896558e+00 -4.790070776473470460e+00
-5.898017088738546215e-02 -1.399587825778521831e-02 2.000000000000000000e+00 1.000000000000000021e-08 -1.461082441601446458e-01 -8.712807327275917668e-01
-1.461082441601446458e-01 -8.712807327275917668e-01 0.000000000000000000e+00 1.000000000000000021e-08 -1.880182409570529123e-01 -4.190999679690826096e-01
-1.880182409570529123e-01 -4.190999679690826096e-01 2.000000000000000000e+00 1.000000000000000021e-08 -3.367567816821518401e-01 -1.487385407250989333e+00
-3.367567816821518401e-01 -1.487385407250989333e+00 2.000000000000000000e+00 1.000000000000000021e-08 -6.225837857957312593e-01 -2.858270041135794859e+00
-6.225837857957312593e-01 -2.858270041135794859e+00 1.000000000000000000e+00 1.000000000000000021e-08 -1.001719961440841633e+00 -3.791361756451103737e+00
-1.001719961440841633e+00 -3.791361756451103737e+00 0.000000000000000000e+00 1.000000000000000021e-08 -1.451017725971380568e+00 -4.492977645305389345e+00
-1.451017725971380568e+00 -4.492977645305389345e+00 0.000000000000000000e+00 9.999000000000000110e-01 -1.570796326794896558e+00 -5.000000000000000000e+00
-7.444238339702320684e-02 8.339446464578911811e-02 1.000000000000000000e+00 1.000000000000000021e-08 -9.096165050793345030e-02 -1.651926711091024624e-01
-9.096165050793345030e-02 -1.651926711091024624e-01 2.000000000000000000e+00 1.000000000000000021e-08 -1.991229440507764070e-01 -1.081612935428429623e+00
-1.991229440507764070e-01 -1.081612935428429623e+00 0.000000000000000000e+00 1.000000000000000021e-08 -2.683211793106351495e-01 -6.919823525985873136e-01
-2.683211793106351495e-01 -6.919823525985873136e-01 0.000000000000000000e+00 1.000000000000000021e-08 -2.834057929305466295e-01 -1.508461361991150218e-01
-2.834057929305466295e-01 -1.508461361991150218e-01 0.000000000000000000e+00 1.000000000000000021e-08 -2.571426475067722928e-01 2.626314542377436445e-01
-2.571426475067722928e-01 2.626314542377436445e-01 2.000000000000000000e+00 1.000000000000000021e-08 -3.682952755130618483e-01 -1.111526280062895555e+00
-3.682952755130618483e-01 -1.111526280062895555e+00 2.000000000000000000e+00 1.000000000000000021e-08 -6.211028728442783420e-01 -2.528075973312164937e+00
-6.211028728442783420e-01 -2.528075973312164937e+00 2.000000000000000000e+00 1.000000000000000021e-08 -1.018681455277614223e+00 -3.975785824333357699e+00
-1.018681455277614223e+00 -3.975785824333357699e+00 1.000000000000000000e+00 1.000000000000000021e-08 -1.536248282667144860e+00 -5.000000000000000000e+00
-1.536248282667144860e+00 -5.000000000000000000e+00 1.000000000000000000e+00 9.999000000000000110e-01 -1.570796326794896558e+00 -5.000000000000000000e+00
-6.805150584079464049e-02 -8.458642620176665128e-02 2.000000000000000000e+00 1.000000000000000021e-08 -1.867757592945502865e-01 -1.187242534537556349e+00
-1.867757592945502865e-01 -1.187242534537556349e+00 2.000000000000000000e+00 1.000000000000000021e-08 -4.380329330042985747e-01 -2.512571737097482938e+00
-4.380329330042985747e-01 -2.512571737097482938e+00 1.000000000000000000e+00 1.000000000000000021e-08 -7.710677371442939965e-01 -3.330348041399954440e+00
-7.710677371442939965e-01 -3.330348041399954440e+00 0.000000000000000000e+00 1.000000000000000021e-08 -1.145945910918396926e+00 -3.748781737741029296e+00
-1.145945910918396926e+00 -3.748781737741029296e+00 1.000000000000000000e+00 9.999000000000000110e-01 -1.570796326794896558e+00 -4.991488344887283546e+00
-4.851658836693403115e-02 4.469037589995658588e-02 2.000000000000000000e+00 1.000000000000000021e-08 -1.458433525289577759e-01 -9.732676416202372671e-01
-1.458433525289577759e-01 -9.732676416202372671e-01 1.000000000000000000e+00 1.000000000000000021e-08 -2.690373475814657467e-01 -1.231939950525079652e+00
-2.690373475814657467e-01 -1.231939950525079652e+00 2.000000000000000000e+00 1.000000000000000021e-08 -5.182321952645110308e-01 -2.491948476830452286e+00
-5.182321952645110308e-01 -2.491948476830452286e+00 0.000000000000000000e+00 1.000000000000000021e-08 -7.599060536225683560e-01 -2.416738583580572808e+00
-7.599060536225683560e-01 -2.416738583580572808e+00 0.000000000000000000e+00 1.000000000000000021e-08 -1.035966864381151264e+00 -2.760608107585829973e+00
-1.035966864381151264e+00 -2.760608107585829973e+00 1.000000000000000000e+00 1.000000000000000021e-08 -1.438767949100839605e+00 -4.028010847196883404e+00
-1.438767949100839605e+00 -4.028010847196883404e+00 1.000000000000000000e+00 9.999000000000000110e-01 -1.570796326794896558e+00 -5.000000000000000000e+00
-8.011294806052771111e-02 -8.096831819730582191e-02 0.000000000000000000e+00 1.000000000000000021e-08 -3.201434646582457244e-03 7.691151341394524277e-01
-3.201434646582457244e-03 7.691151341394524277e-01 1.000000000000000000e+00 1.000000000000000021e-08 8.976125426646237859e-02 9.296268891304483306e-01
8.976125426646237859e-02 9.296268891304483306e-01 0.000000000000000000e+00 1.000000000000000021e-08 2.896978483603243060e-01 1.999365940938619080e+00
2.896978483603243060e-01 1.999365940938619080e+00 2.000000000000000000e+00 1.000000000000000021e-08 4.420607214722974687e-01 1.523628731119731849e+00
4.420607214722974687e-01 1.523628731119731849e+00 1.000000000000000000e+00 1.000000000000000021e-08 6.522689667673481351e-01 2.102082452950506219e+00
6.522689667673481351e-01 2.102082452950506219e+00 2.000000000000000000e+00 1.000000000000000021e-08 8.952735733453438538e-01 2.430046065779956965e+00
8.952735733453438538e-01 2.430046065779956965e+00 1.000000000000000000e+00 1.000000000000000021e-08 1.265390632726996145e+00 3.701170593816522469e+00
1.265390632726996145e+00 3.701170593816522469e+00 1.000000000000000000e+00 9.999000000000000110e-01 1.570796326794896558e+00 5.000000000000000000e+00
3.299542932500441894e-02 3.029901580801380723e-02 2.000000000000000000e+00 1.000000000000000021e-08 -6.080952315500538774e-02 -9.380495248000979558e-01
-6.080952315500538774e-02 -9.380495248000979558e-01 1.000000000000000000e+00 1.000000000000000021e-08 -1.497703283241219041e-01 -8.896080516911650804e-01
-1.497703283241219041e-01 -8.896080516911650804e-01 2.000000000000000000e+00 1.000000000000000021e-08 -3.509243393101421638e-01 -2.011540109860202374e+00
-3.509243393101421638e-01 -2.011540109860202374e+00 1.000000000000000000e+00 1.000000000000000021e-08 -6.144141764769395220e-01 -2.634898371667973027e+00
-6.144141764769395220e-01 -2.634898371667973027e+00 1.000000000000000000e+00 1.000000000000000021e-08 -9.674261280491263104e-01 -3.530119515721867884e+00
-9.674261280491263104e-01 -3.530119515721867884e+00 1.000000000000000000e+00 1.000000000000000021e-08 -1.441861557434024554e+00 -4.744354293848981108e+00
-1.441861557434024554e+00 -4.744354293848981108e+00 2.000000000000000000e+00 9.999000000000000110e-01 -1.570796326794896558e+00 -5.000000000000000000e+00
-8.043383048254379442e-02 -4.376845744945227074e-02 0.000000000000000000e+00 1.000000000000000021e-08 -1.083142351449864482e-02 6.960240696804514959e-01
-1.083142351449864482e-02 6.960240696804514959e-01 1.000000000000000000e+00 1.000000000000000021e-08 4.795901047802820366e-02 5.879043399252684710e-01
4.795901047802820366e-02 5.879043399252684710e-01 1.000000000000000000e+00 1.000000000000000021e-08 1.299520208764355644e-01 8.199301039840735106e-01
1.299520208764355644e-01 8.199301039840735106e-01 2.000000000000000000e+00 1.000000000000000021e-08 1.295652089886100700e-01 -3.868118878255000226e-03
1.295652089886100700e-01 -3.868118878255000226e-03 2.000000000000000000e+00 1.000000000000000021e-08 8.085600149312613394e-02 -4.870920749548393047e-01
8.085600149312613394e-02 -4.870920749548393047e-01 0.000000000000000000e+00 1.000000000000000021e-08 1.209710420983279022e-01 4.011504060520176829e-01
1.209710420983279022e-01 4.011504060520176829e-01 1.000000000000000000e+00 1.000000000000000021e-08 1.887950453192443478e-01 6.782400322091644007e-01
1.887950453192443478e-01 6.782400322091644007e-01 0.000000000000000000e+00 1.000000000000000021e-08 3.739570078874490111e-01 1.851619625682046522e+00
3.739570078874490111e-01 1.851619625682046522e+00 1.000000000000000000e+00 1.000000000000000021e-08 6.284140513610294576e-01 2.544570434735804021e+00
6.284140513610294576e-01 2.544570434735804021e+00 1.000000000000000000e+00 1.000000000000000021e-08 9.730835729013982416e-01 3.446695215403687396e+00
9.730835729013982416e-01 3.446695215403687396e+00 2.000000000000000000e+00 1.000000000000000021e-08 1.390944462759731826e+00 4.178608898583336284e+00
1.390944462759731826e+00 4.178608898583336284e+00 1.000000000000000000e+00 9.999000000000000110e-01 1.570796326794896558e+00 5.000000000000000000e+00
-3.230772393230363360e-02 -1.028824687359354562e-02 0.000000000000000000e+00 1.000000000000000021e-08 3.635783526781433128e-02 6.866555920011796488e-01
3.635783526781433128e-02 6.866555920011796488e-01 0.000000000000000000e+00 1.000000000000000021e-08 1.972212360818488275e-01 1.608634008140344962e+00
1.972212360818488275e-01 1.608634008140344962e+00 1.000000000000000000e+00 1.000000000000000021e-08 3.774799152355603482e-01 1.802586791537114763e+00
3.774799152355603482e-01 1.802586791537114763e+00 1.000000000000000000e+00 1.000000000000000021e-08 6.137631924982449583e-01 2.362832772626845657e+00
6.137631924982449583e-01 2.362832772626845657e+00 1.000000000000000000e+00 1.000000000000000021e-08 9.371174882325068456e-01 3.233542957342618873e+00
9.371174882325068456e-01 3.233542957342618873e+00 2.000000000000000000e+00 1.000000000000000021e-08 1.330748367835862478e+00 3.936308796033554991e+00
1.330748367835862478e+00 3.936308796033554991e+00 1.000000000000000000e+00 9.999000000000000110e-01 1.570796326794896558e+00 5.000000000000000000e+00
-3.101099558485354707e-02 -4.165662816312098310e-03 0.000000000000000000e+00 1.000000000000000021e-08 5.651961247295319429e-02 8.753060805780673581e-01
5.651961247295319429e-02 8.753060805780673581e-01 0.000000000000000000e+00 1.000000000000000021e-08 2.444129185899245882e-01 1.878933061169713703e+00
2.444129185899245882e-01 1.878933061169713703e+00 0.000000000000000000e+00 1.000000000000000021e-08 5.458199129254940329e-01 3.014069943355694114e+00
5.458199129254940329e-01 3.014069943355694114e+00 2.000000000000000000e+00 1.000000000000000021e-08 8.608281521938760950e-01 3.150082392683820398e+00
8.608281521938760950e-01 3.150082392683820398e+00 0.000000000000000000e+00 1.000000000000000021e-08 1.330979633334215650e+00 4.701514811403395555e+00
1.330979633334215650e+00 4.701514811403395555e+00 0.000000000000000000e+00 9.999000000000000110e-01 1.570796326794896558e+00 5.000000000000000000e+00
1.773795742650970120e-02 -1.085536329070286438e-02 0.000000000000000000e+00 1.000000000000000021e-08 1.000139844939175737e-01 8.227602706740786420e-01
1.000139844939175737e-01 8.227602706740786420e-01 2.000000000000000000e+00 1.000000000000000021e-08 1.231579041046387823e-01 2.314391961072120862e-01
1.231579041046387823e-01 2.314391961072120862e-01 0.000000000000000000e+00 1.000000000000000021e-08 2.457480441484443390e-01 1.225901400438055511e+00
2.457480441484443390e-01 1.225901400438055511e+00 1.000000000000000000e+00 1.000000000000000021e-08 4.035228303944277672e-01 1.577747862459834227e+00
4.035228303944277672e-01 1.577747862459834227e+00 1.000000000000000000e+00 1.000000000000000021e-08 6.382848216633093541e-01 2.347619912688815536e+00
6.382848216633093541e-01 2.347619912688815536e+00 1.000000000000000000e+00 1.000000000000000021e-08 9.685241985750936422e-01 3.302393769117842659e+00
9.685241985750936422e-01 3.302393769117842659e+00 2.000000000000000000e+00 1.000000000000000021e-08 1.372654901097479341e+00 4.041307025223856542e+00
1.372654901097479341e+00 4.041307025223856542e+00 1.000000000000000000e+00 9.999000000000000110e-01 1.570796326794896558e+00 5.000000000000000000e+00
8.004796821493852244e-02 -4.075499404720284852e-03 0.000000000000000000e+00 1.000000000000000021e-08 1.964738859628311074e-01 1.164259177478925711e+00
1.964738859628311074e-01 1.164259177478925711e+00 0.000000000000000000e+00 1.000000000000000021e-08 4.305061761767753903e-01 2.340322902139442718e+00
4.305061761767753903e-01 2.340322902139442718e+00 2.000000000000000000e+00 1.000000000000000021e-08 6.497374471064620849e-01 2.192312709296867279e+00
6.497374471064620849e-01 2.192312709296867279e+00 0.000000000000000000e+00 1.000000000000000021e-08 1.035820582518599542e+00 3.860831354121373682e+00
1.035820582518599542e+00 3.860831354121373682e+00 1.000000000000000000e+00 1.000000000000000021e-08 1.541897444766858305e+00 5.000000000000000000e+00
1.541897444766858305e+00 5.000000000000000000e+00 0.000000000000000000e+00 9.999000000000000110e-01 1.570796326794896558e+00 5.000000000000000000e+00
1.124028189737114047e-02 7.408871560218113772e-02 0.000000000000000000e+00 1.000000000000000021e-08 1.130993209555400808e-01 1.018590390581689320e+00
1.130993209555400808e-01 1.018590390581689320e+00 2.000000000000000000e+00 1.000000000000000021e-08 1.416856696175014529e-01 2.858634866196138047e-01
1.416856696175014529e-01 2.858634866196138047e-01 0.000000000000000000e+00 1.000000000000000021e-08 2.955815862844976549e-01 1.538959166669962020e+00
2.955815862844976549e-01 1.538959166669962020e+00 0.000000000000000000e+00 1.000000000000000021e-08 5.809087564397160675e-01 2.853271701552184236e+00
5.809087564397160675e-01 2.853271701552184236e+00 0.000000000000000000e+00 1.000000000000000021e-08 1.009904942467185540e+00 4.289961860274694061e+00
1.009904942467185540e+00 4.289961860274694061e+00 0.000000000000000000e+00 9.999000000000000110e-01 1.570796326794896558e+00 5.000000000000000000e+00
-7.658207932250495065e-02 -3.840204299627990314e-02 0.000000000000000000e+00 1.000000000000000021e-08 -2.398809411258612245e-03 7.418326991124633008e-01
-2.398809411258612245e-03 7.418326991124633008e-01 0.000000000000000000e+00 1.000000000000000021e-08 1.564608434613837251e-01 1.588596528726423207e+00
1.564608434613837251e-01 1.588596528726423207e+00 1.000000000000000000e+00 1.000000000000000021e-08 3.256297008323698061e-01 1.691688573709860588e+00
3.256297008323698061e-01 1.691688573709860588e+00 1.000000000000000000e+00 1.000000000000000021e-08 5.507801287517810618e-01 2.251504279194112446e+00
5.507801287517810618e-01 2.251504279194112446e+00 0.000000000000000000e+00 1.000000000000000021e-08 9.414507678316901274e-01 3.906706390799090656e+00
9.414507678316901274e-01 3.906706390799090656e+00 2.000000000000000000e+00 1.000000000000000021e-08 1.390530108690506195e+00 4.490793408588159785e+00
1.390530108690506195e+00 4.490793408588159785e+00 2.000000000000000000e+00 9.999000000000000110e-01 1.570796326794896558e+00 5.000000000000000000e+00
-4.015200240791443054e-02 -1.574537295728843309e-02 0.000000000000000000e+00 1.000000000000000021e-08 3.907857969886573135e-02 7.923058210678015634e-01
3.907857969886573135e-02 7.923058210678015634e-01 2.000000000000000000e+00 1.000000000000000021e-08 4.035175292797077429e-02 1.273173229105040161e-02
4.035175292797077429e-02 1.273173229105040161e-02 2.000000000000000000e+00 1.000000000000000021e-08 -2.462589597519576623e-02 -6.497764890316654052e-01
-2.462589597519576623e-02 -6.497764890316654052e-01 1.000000000000000000e+00 1.000000000000000021e-08 -9.590021761926122157e-02 -7.127432164406545256e-01
-9.590021761926122157e-02 -7.127432164406545256e-01 0.000000000000000000e+00 1.000000000000000021e-08 -1.044709083952414103e-01 -8.570690775980194243e-02
-1.044709083952414103e-01 -8.570690775980194243e-02 2.000000000000000000e+00 1.000000000000000021e-08 -2.043065729371856265e-01 -9.983566454194422457e-01
-2.043065729371856265e-01 -9.983566454194422457e-01 2.000000000000000000e+00 1.000000000000000021e-08 -4.329235152159293665e-01 -2.286169422787437178e+00
-4.329235152159293665e-01 -2.286169422787437178e+00 1.000000000000000000e+00 1.000000000000000021e-08 -7.214224720213162634e-01 -2.884989568053869302e+00
-7.214224720213162634e-01 -2.884989568053869302e+00 1.000000000000000000e+00 1.000000000000000021e-08 -1.097678992304488066e+00 -3.762565202831718914e+00
-1.097678992304488066e+00 -3.762565202831718914e+00 2.000000000000000000e+00 9.999000000000000110e-01 -1.570796326794896558e+00 -5.000000000000000000e+00
-3.145789527873630448e-02 7.567460734165817882e-02 2.000000000000000000e+00 1.000000000000000021e-08 -1.261591311765541401e-01 -9.470123589781783702e-01
-1.261591311765541401e-01 -9.470123589781783702e-01 0.000000000000000000e+00 1.000000000000000021e-08 -1.469406656501174857e-01 -2.078153447356334560e-01
-1.469406656501174857e-01 -2.078153447356334560e-01 1.000000000000000000e+00 1.000000000000000021e-08 -2.022404520537541273e-01 -5.529978640363664155e-01
-2.022404520537541273e-01 -5.529978640363664155e-01 0.000000000000000000e+00 1.000000000000000021e-08 -2.131787704341257250e-01 -1.093831838037160886e-01
-2.131787704341257250e-01 -1.093831838037160886e-01 2.000000000000000000e+00 1.000000000000000021e-08 -3.492386428315079616e-01 -1.360598723973822199e+00
-3.492386428315079616e-01 -1.360598723973822199e+00 2.000000000000000000e+00 1.000000000000000021e-08 -6.226713137556685318e-01 -2.734326709241606146e+00
-6.226713137556685318e-01 -2.734326709241606146e+00 0.000000000000000000e+00 1.000000000000000021e-08 -9.220426843248006321e-01 -2.993713705691320115e+00
-9.220426843248006321e-01 -2.993713705691320115e+00 2.000000000000000000e+00 1.000000000000000021e-08 -1.391159176623904870e+00 -4.691164922991041486e+00
-1.391159176623904870e+00 -4.691164922991041486e+00 1.000000000000000000e+00 9.999000000000000110e-01 -1.570796326794896558e+00 -5.000000000000000000e+00
-4.443728677330313626e-02 7.944586215453934563e-02 1.000000000000000000e+00 1.000000000000000021e-08 -5.290285055877486098e-02 -8.465563785471723335e-02
-5.290285055877486098e-02 -8.465563785471723335e-02 2.000000000000000000e+00 1.000000000000000021e-08 -1.632366871854264434e-01 -1.103338366266515713e+00
-1.632366871854264434e-01 -1.103338366266515713e+00 1.000000000000000000e+00 1.000000000000000021e-08 -3.101435275701616145e-01 -1.469068403847351600e+00
-3.101435275701616145e-01 -1.469068403847351600e+00 1.000000000000000000e+00 1.000000000000000021e-08 -4.921761265729256984e-01 -1.820325990027640728e+00
-4.921761265729256984e-01 -1.820325990027640728e+00 1.000000000000000000e+00 1.000000000000000021e-08 -7.550855706673521572e-01 -2.629094440944264477e+00
-7.550855706673521572e-01 -2.629094440944264477e+00 0.000000000000000000e+00 1.000000000000000021e-08 -1.067946897131719641e+00 -3.128613264643674174e+00
-1.067946897131719641e+00 -3.128613264643674174e+00 1.000000000000000000e+00 1.000000000000000021e-08 -1.514379540985655526e+00 -4.464326438539359287e+00
-1.514379540985655526e+00 -4.464326438539359287e+00 0.000000000000000000e+00 9.999000000000000110e-01 -1.570796326794896558e+00 -5.000000000000000000e+00
3.835028383111678540e-03 -5.092320390872848851e-02 2.000000000000000000e+00 1.000000000000000021e-08 -1.055325321729977395e-01 -1.093675605561094111e+00
-1.055325321729977395e-01 -1.093675605561094111e+00 1.000000000000000000e+00 1.000000000000000021e-08 -2.161176875955826138e-01 -1.105851554225848687e+00
-2.161176875955826138e-01 -1.105851554225848687e+00 0.000000000000000000e+00 1.000000000000000021e-08 -2.662732858705356698e-01 -5.015559827495306155e-01
-2.662732858705356698e-01 -5.015559827495306155e-01 2.000000000000000000e+00 1.000000000000000021e-08 -4.381319397438684371e-01 -1.718586538733327673e+00
-4.381319397438684371e-01 -1.718586538733327673e+00 2.000000000000000000e+00 1.000000000000000021e-08 -7.479493407237671754e-01 -3.098174009798986717e+00
-7.479493407237671754e-01 -3.098174009798986717e+00 2.000000000000000000e+00 1.000000000000000021e-08 -1.208371411847401600e+00 -4.604220711236344243e+00
-1.208371411847401600e+00 -4.604220711236344243e+00 0.000000000000000000e+00 9.999000000000000110e-01 -1.570796326794896558e+00 -5.000000000000000000e+00
-6.913420190286440059e-02 -6.971818613718151758e-02 1.000000000000000000e+00 1.000000000000000021e-08 -7.304374545806691099e-02 -3.909543555202504850e-02
-7.304374545806691099e-02 -3.909543555202504850e-02 1.000000000000000000e+00 1.000000000000000021e-08 -8.782167277205844835e-02 -1.477792731399154014e-01
-8.782167277205844835e-02 -1.477792731399154014e-01 1.000000000000000000e+00 1.000000000000000021e-08 -1.135302985416267174e-01 -2.570862576956826628e-01
-1.135302985416267174e-01 -2.570862576956826628e-01 2.000000000000000000e+00 1.000000000000000021e-08 -2.441891725060488794e-01 -1.306588739644221508e+00
-2.441891725060488794e-01 -1.306588739644221508e+00 0.000000000000000000e+00 1.000000000000000021e-08 -3.213989921252146109e-01 -7.720981961916569825e-01
-3.213989921252146109e-01 -7.720981961916569825e-01 2.000000000000000000e+00 1.000000000000000021e-08 -5.334345101372068854e-01 -2.120355180119922078e+00
-5.334345101372068854e-01 -2.120355180119922078e+00 0.000000000000000000e+00 1.000000000000000021e-08 -7.676979928134907150e-01 -2.342634826762838518e+00
-7.676979928134907150e-01 -2.342634826762838518e+00 1.000000000000000000e+00 1.000000000000000021e-08 -1.106928831560487048e+00 -3.392308387469964437e+00
-1.106928831560487048e+00 -3.392308387469964437e+00 2.000000000000000000e+00 9.999000000000000110e-01 -1.570796326794896558e+00 -5.000000000000000000e+00
8.002899011396684414e-02 -5.183889155713856944e-02 2.000000000000000000e+00 1.000000000000000021e-08 1.298944323080386543e-02 -6.703954688316298149e-01
1.298944323080386543e-02 -6.703954688316298149e-01 1.000000000000000000e+00 1.000000000000000021e-08 -3.692514664528864787e-02 -4.991458987609250775e-01
-3.692514664528864787e-02 -4.991458987609250775e-01 1.000000000000000000e+00 1.000000000000000021e-08 -1.060622382198523062e-01 -6.913709157456365828e-01
-1.060622382198523062e-01 -6.913709157456365828e-01 1.000000000000000000e+00 1.000000000000000021e-08 -1.968301612547889434e-01 -9.076792303493663727e-01
-1.968301612547889434e-01 -9.076792303493663727e-01 1.000000000000000000e+00 1.000000000000000021e-08 -3.293908629618841344e-01 -1.325607017070951965e+00
-3.293908629618841344e-01 -1.325607017070951965e+00 1.000000000000000000e+00 1.000000000000000021e-08 -5.136620391583986978e-01 -1.842711761965145190e+00
-5.136620391583986978e-01 -1.842711761965145190e+00 0.000000000000000000e+00 1.000000000000000021e-08 -7.122680301575238238e-01 -1.986059909991251038e+00
-7.122680301575238238e-01 -1.986059909991251038e+00 2.000000000000000000e+00 1.000000000000000021e-08 -1.073918022265875960e+00 -3.616499921083521141e+00
-1.073918022265875960e+00 -3.616499921083521141e+00 0.000000000000000000e+00 1.000000000000000021e-08 -1.524783040067529960e+00 -4.508650178016540444e+00
-1.524783040067529960e+00 -4.508650178016540444e+00 0.000000000000000000e+00 9.999000000000000110e-01 -1.570796326794896558e+00 -5.000000000000000000e+00
-9.020033673490159692e-03 -7.052344284072402381e-02 2.000000000000000000e+00 1.000000000000000021e-08 -1.121235248210556007e-01 -1.031034911475654292e+00
-1.121235248210556007e-01 -1.031034911475654292e+00 0.000000000000000000e+00 1.000000000000000021e-08 -1.532422656364995639e-01 -4.111874081544397708e-01
-1.532422656364995639e-01 -4.111874081544397708e-01 2.000000000000000000e+00 1.000000000000000021e-08 -3.171463763073703035e-01 -1.639041106708707174e+00
-3.171463763073703035e-01 -1.639041106708707174e+00 2.000000000000000000e+00 1.000000000000000021e-08 -6.252072969912472189e-01 -3.080609206838768266e+00
-6.252072969912472189e-01 -3.080609206838768266e+00 2.000000000000000000e+00 1.000000000000000021e-08 -1.076750401280564873e+00 -4.515431042893176539e+00
-1.076750401280564873e+00 -4.515431042893176539e+00 1.000000000000000000e+00 9.999000000000000110e-01 -1.570796326794896558e+00 -5.000000000000000000e+00
6.376246641747358723e-03 -6.265421215396957400e-02 2.000000000000000000e+00 1.000000000000000021e-08 -9.037830747278968735e-02 -9.675455411453702803e-01
-9.037830747278968735e-02 -9.675455411453702803e-01 0.000000000000000000e+00 1.000000000000000021e-08 -1.193245038659681428e-01 -2.894619639317845827e-01
-1.193245038659681428e-01 -2.894619639317845827e-01 2.000000000000000000e+00 1.000000000000000021e-08 -2.736478530104832774e-01 -1.543233491445151095e+00
-2.736478530104832774e-01 -1.543233491445151095e+00 1.000000000000000000e+00 1.000000000000000021e-08 -4.715822709257391221e-01 -1.979344179152558336e+00
-4.715822709257391221e-01 -1.979344179152558336e+00 0.000000000000000000e+00 1.000000000000000021e-08 -6.678341205837742267e-01 -1.962518496580351046e+00
-6.678341205837742267e-01 -1.962518496580351046e+00 0.000000000000000000e+00 1.000000000000000021e-08 -8.863752439393832727e-01 -2.185411233556089794e+00
-8.863752439393832727e-01 -2.185411233556089794e+00 1.000000000000000000e+00 1.000000000000000021e-08 -1.222870575674344762e+00 -3.364953317349614892e+00
-1.222870575674344762e+00 -3.364953317349614892e+00 2.000000000000000000e+00 9.999000000000000110e-01 -1.570796326794896558e+00 -4.984608308945689181e+00
8.502845170652759133e-02 4.512927232265157018e-02 2.000000000000000000e+00 1.000000000000000021e-08 2.502653264029665314e-02 -6.000191906623093541e-01
2.502653264029665314e-02 -6.000191906623093541e-01 2.000000000000000000e+00 1.000000000000000021e-08 -1.269442696238063939e-01 -1.519708022641030443e+00
-1.269442696238063939e-01 -1.519708022641030443e+00 0.000000000000000000e+00 1.000000000000000021e-08 -2.232889361719816168e-01 -9.634466654817521736e-01
-2.232889361719816168e-01 -9.634466654817521736e-01 0.000000000000000000e+00 1.000000000000000021e-08 -2.798999881486056718e-01 -5.661105197662404942e-01
-2.798999881486056718e-01 -5.661105197662404942e-01 1.000000000000000000e+00 1.000000000000000021e-08 -3.971818683084025747e-01 -1.172818801597969030e+00
-3.971818683084025747e-01 -1.172818801597969030e+00 0.000000000000000000e+00 1.000000000000000021e-08 -4.863945738490458304e-01 -8.921270554064324454e-01
-4.863945738490458304e-01 -8.921270554064324454e-01 1.000000000000000000e+00 1.000000000000000021e-08 -6.585243289459357108e-01 -1.721297550968899248e+00
-6.585243289459357108e-01 -1.721297550968899248e+00 2.000000000000000000e+00 1.000000000000000021e-08 -1.003425620852814948e+00 -3.449012919068791039e+00
-1.003425620852814948e+00 -3.449012919068791039e+00 0.000000000000000000e+00 1.000000000000000021e-08 -1.425146386443763014e+00 -4.217207655909479769e+00
-1.425146386443763014e+00 -4.217207655909479769e+00 2.000000000000000000e+00 9.999000000000000110e-01 -1.570796326794896558e+00 -5.000000000000000000e+00
-8.656323811028056314e-02 7.870888535775096007e-02 1.000000000000000000e+00 1.000000000000000021e-08 -9.275281161488815873e-02 -6.189573504607588650e-02
-9.275281161488815873e-02 -6.189573504607588650e-02 1.000000000000000000e+00 1.000000000000000021e-08 -1.089519842198248545e-01 -1.619917260493669575e-01
-1.089519842198248545e-01 -1.619917260493669575e-01 0.000000000000000000e+00 1.000000000000000021e-08 -5.991780538650664373e-02 4.903417883331820937e-01
-5.991780538650664373e-02 4.903417883331820937e-01 0.000000000000000000e+00 1.000000000000000021e-08 7.488600819697127653e-02 1.348038135834779272e+00
7.488600819697127653e-02 1.348038135834779272e+00 0.000000000000000000e+00 1.000000000000000021e-08 3.206691614488213493e-01 2.457831532518500506e+00
3.206691614488213493e-01 2.457831532518500506e+00 1.000000000000000000e+00 1.000000000000000021e-08 6.078236334904660865e-01 2.871544720416447483e+00
6.078236334904660865e-01 2.871544720416447483e+00 1.000000000000000000e+00 1.000000000000000021e-08 9.910898098585216864e-01 3.832661763680555111e+00
9.910898098585216864e-01 3.832661763680555111e+00 2.000000000000000000e+00 1.000000000000000021e-08 1.441818616284508803e+00 4.507288064259871163e+00
1.441818616284508803e+00 4.507288064259871163e+00 2.000000000000000000e+00 9.999000000000000110e-01 1.570796326794896558e+00 5.000000000000000000e+00
5.844544508764501489e-02 -4.878359562530480698e-02 0.000000000000000000e+00 1.000000000000000021e-08 1.416394476552828019e-01 8.319400256763779256e-01
1.416394476552828019e-01 8.319400256763779256e-01 1.000000000000000000e+00 1.000000000000000021e-08 2.437362644842808734e-01 1.020968168289980493e+00
2.437362644842808734e-01 1.020968168289980493e+00 0.000000000000000000e+00 1.000000000000000021e-08 4.746556552889173997e-01 2.309193908046365262e+00
4.746556552889173997e-01 2.309193908046365262e+00 0.000000000000000000e+00 1.000000000000000021e-08 8.442462715036509469e-01 3.695906162147335028e+00
8.442462715036509469e-01 3.695906162147335028e+00 0.000000000000000000e+00 1.000000000000000021e-08 1.384145307938499325e+00 5.000000000000000000e+00
1.384145307938499325e+00 5.000000000000000000e+00 0.000000000000000000e+00 9.999000000000000110e-01 1.570796326794896558e+00 5.000000000000000000e+00
3.237453463539449738e-02 2.945985878108625666e-03 0.000000000000000000e+00 1.000000000000000021e-08 1.425787435488105603e-01 1.102042089134160685e+00
1.425787435488105603e-01 1.102042089134160685e+00 1.000000000000000000e+00 1.000000000000000021e-08 2.819356663607656133e-01 1.393569228119550640e+00
2.819356663607656133e-01 1.393569228119550640e+00 1.000000000000000000e+00 1.000000000000000021e-08 4.822404656167844084e-01 2.003047992560187840e+00
4.822404656167844084e-01 2.003047992560187840e+00 2.000000000000000000e+00 1.000000000000000021e-08 6.716824138511079401e-01 1.894419482343235428e+00
6.716824138511079401e-01 1.894419482343235428e+00 0.000000000000000000e+00 1.000000000000000021e-08 1.022911318313506346e+00 3.512289044623984058e+00
1.022911318313506346e+00 3.512289044623984058e+00 0.000000000000000000e+00 1.000000000000000021e-08 1.534232692101066942e+00 5.000000000000000000e+00
1.534232692101066942e+00 5.000000000000000000e+00 0.000000000000000000e+00 9.999000000000000110e-01 1.570796326794896558e+00 5.000000000000000000e+00
8.687897446940150148e-02 -7.587256560418920159e-02 0.000000000000000000e+00 1.000000000000000021e-08 1.933691418804658890e-01 1.064901674110643626e+00
1.933691418804658890e-01 1.064901674110643626e+00 2.000000000000000000e+00 1.000000000000000021e-08 2.601088763058478914e-01 6.673973442538201351e-01
2.601088763058478914e-01 6.673973442538201351e-01 1.000000000000000000e+00 1.000000000000000021e-08 3.852171575174969664e-01 1.251082812116490750e+00
3.852171575174969664e-01 1.251082812116490750e+00 1.000000000000000000e+00 1.000000000000000021e-08 5.636597576276394239e-01 1.784426001101425019e+00
5.636597576276394239e-01 1.784426001101425019e+00 2.000000000000000000e+00 1.000000000000000021e-08 7.436802583706901837e-01 1.800205007430507154e+00
7.436802583706901837e-01 1.800205007430507154e+00 0.000000000000000000e+00 1.000000000000000021e-08 1.085958149994266764e+00 3.422778916235765578e+00
1.085958149994266764e+00 3.422778916235765578e+00 1.000000000000000000e+00 1.000000000000000021e-08 1.549890254805645018e+00 4.639321048113782098e+00
1.549890254805645018e+00 4.639321048113782098e+00 2.000000000000000000e+00 9.999000000000000110e-01 1.570796326794896558e+00 5.000000000000000000e+00
-8.617578557340752066e-02 -1.810289525203540029e-02 1.000000000000000000e+00 1.000000000000000021e-08 -1.169099218746774554e-01 -3.073413630126993201e-01
-1.169099218746774554e-01 -3.073413630126993201e-01 1.000000000000000000e+00 1.000000000000000021e-08 -1.532245517858538131e-01 -3.631462991117635486e-01
-1.532245517858538131e-01 -3.631462991117635486e-01 0.000000000000000000e+00 1.000000000000000021e-08 -1.299806731694781170e-01 2.324387861637570163e-01
-1.299806731694781170e-01 2.324387861637570163e-01 1.000000000000000000e+00 1.000000000000000021e-08 -1.223253665946492513e-01 7.655306574828860122e-02
-1.223253665946492513e-01 7.655306574828860122e-02 2.000000000000000000e+00 1.000000000000000021e-08 -2.143839174402727976e-01 -9.205855084562355461e-01
-2.143839174402727976e-01 -9.205855084562355461e-01 2.000000000000000000e+00 1.000000000000000021e-08 -4.307615974960781191e-01 -2.163776800558053104e+00
-4.307615974960781191e-01 -2.163776800558053104e+00 0.000000000000000000e+00 1.000000000000000021e-08 -6.377453185909442990e-01 -2.069837210948661799e+00
-6.377453185909442990e-01 -2.069837210948661799e+00 0.000000000000000000e+00 1.000000000000000021e-08 -8.708400636449890042e-01 -2.330947450540446830e+00
-8.708400636449890042e-01 -2.330947450540446830e+00 1.000000000000000000e+00 1.000000000000000021e-08 -1.211904013629538479e+00 -3.410639499845493638e+00
-1.211904013629538479e+00 -3.410639499845493638e+00 2.000000000000000000e+00 9.999000000000000110e-01 -1.570796326794896558e+00 -5.000000000000000000e+00
3.312945843406993329e-02 4.858074026791926736e-02 0.000000000000000000e+00 1.000000000000000021e-08 1.362545235077873562e-01 1.031250650737174146e+00
1.362545235077873562e-01 1.031250650737174146e+00 2.000000000000000000e+00 1.000000000000000021e-08 1.846063334219551488e-01 4.835180991416777596e-01
1.846063334219551488e-01 4.835180991416777596e-01 1.000000000000000000e+00 1.000000000000000021e-08 2.657360031314241477e-01 8.112966970946897671e-01
2.657360031314241477e-01 8.112966970946897671e-01 1.000000000000000000e+00 1.000000000000000021e-08 3.990581611791993444e-01 1.333221580477751633e+00
3.990581611791993444e-01 1.333221580477751633e+00 2.000000000000000000e+00 1.000000000000000021e-08 5.021360934398342302e-01 1.030779322606348636e+00
5.021360934398342302e-01 1.030779322606348636e+00 0.000000000000000000e+00 1.000000000000000021e-08 7.523753467864049416e-01 2.502392533465706670e+00
7.523753467864049416e-01 2.502392533465706670e+00 1.000000000000000000e+00 1.000000000000000021e-08 1.096740324068679939e+00 3.443649772822750865e+00
1.096740324068679939e+00 3.443649772822750865e+00 2.000000000000000000e+00 1.000000000000000021e-08 1.538652264117771340e+00 4.419119400490913563e+00
1.538652264117771340e+00 4.419119400490913563e+00 2.000000000000000000e+00 9.999000000000000110e-01 1.570796326794896558e+00 5.000000000000000000e+00
-5.657322775266276915e-02 -3.662401270285398081e-02 0.000000000000000000e+00 1.000000000000000021e-08 5.534887811099897803e-03 6.210811556376266696e-01
5.534887811099897803e-03 6.210811556376266696e-01 0.000000000000000000e+00 1.000000000000000021e-08 1.562366115035085379e-01 1.507017236924086401e+00
1.562366115035085379e-01 1.507017236924086401e+00 2.000000000000000000e+00 1.000000000000000021e-08 2.443311154628757809e-01 8.809450395936724298e-01
2.443311154628757809e-01 8.809450395936724298e-01 2.000000000000000000e+00 1.000000000000000021e-08 2.725264024198847945e-01 2.819528695700902476e-01
2.725264024198847945e-01 2.819528695700902476e-01 1.000000000000000000e+00 1.000000000000000021e-08 3.422506944302896592e-01 6.972429201040486468e-01
3.422506944302896592e-01 6.972429201040486468e-01 0.000000000000000000e+00 1.000000000000000021e-08 5.656587175169791593e-01 2.234080230866894556e+00
5.656587175169791593e-01 2.234080230866894556e+00 1.000000000000000000e+00 1.000000000000000021e-08 8.727726696122658501e-01 3.071139520952866686e+00
8.727726696122658501e-01 3.071139520952866686e+00 2.000000000000000000e+00 1.000000000000000021e-08 1.233805914940618642e+00 3.610332453283526810e+00
1.233805914940618642e+00 3.610332453283526810e+00 2.000000000000000000e+00 9.999000000000000110e-01 1.570796326794896558e+00 4.754833464634503848e+00
4.369419442503685858e-03 6.738543078464137581e-02 2.000000000000000000e+00 1.000000000000000021e-08 -8.435350628511023574e-02 -8.872292572761391050e-01
-8.435350628511023574e-02 -8.872292572761391050e-01 1.000000000000000000e+00 1.000000000000000021e-08 -1.894440168353221932e-01 -1.050905105502119685e+00
-1.894440168353221932e-01 -1.050905105502119685e+00 0.000000000000000000e+00 1.000000000000000021e-08 -2.436053473039146988e-01 -5.416133046859251676e-01
-2.436053473039146988e-01 -5.416133046859251676e-01 0.000000000000000000e+00 1.000000000000000021e-08 -2.530542351548154545e-01 -9.448887850900766772e-02
-2.530542351548154545e-01 -9.448887850900766772e-02 2.000000000000000000e+00 1.000000000000000021e-08 -3.930355177117798027e-01 -1.399812825569643371e+00
-3.930355177117798027e-01 -1.399812825569643371e+00 2.000000000000000000e+00 1.000000000000000021e-08 -6.639439368551538490e-01 -2.709084191433739797e+00
-6.639439368551538490e-01 -2.709084191433739797e+00 0.000000000000000000e+00 1.000000000000000021e-08 -9.592213333032777456e-01 -2.952773964481238966e+00
-9.592213333032777456e-01 -2.952773964481238966e+00 1.000000000000000000e+00 1.000000000000000021e-08 -1.371592323096697985e+00 -4.123709897934202395e+00
-1.371592323096697985e+00 -4.123709897934202395e+00 2.000000000000000000e+00 9.999000000000000110e-01 -1.570796326794896558e+00 -5.000000000000000000e+00
6.437398894456412141e-03 7.230971797826107883e-02 0.000000000000000000e+00 1.000000000000000021e-08 1.147850768973350949e-01 1.083476780028786779e+00
1.147850768973350949e-01 1.083476780028786779e+00 0.000000000000000000e+00 1.000000000000000021e-08 3.446090187349599709e-01 2.298239418376248899e+00
3.446090187349599709e-01 2.298239418376248899e+00 2.000000000000000000e+00 1.000000000000000021e-08 5.426237773835422828e-01 1.980147586485822675e+00
