6.165273814564376648e-02 -4.547878597069867496e-02 1.000000000000000000e+00 1.000000000000000021e-08 7.486090746903306670e-02 1.320816932338930161e-01
7.486090746903306670e-02 1.320816932338930161e-01 0.000000000000000000e+00 1.000000000000000021e-08 1.792846855844917875e-01 1.044237781154587097e+00
1.792846855844917875e-01 1.044237781154587097e+00 0.000000000000000000e+00 1.000000000000000021e-08 3.932734802334750812e-01 2.139887946489833048e+00
3.932734802334750812e-01 2.139887946489833048e+00 2.000000000000000000e+00 1.000000000000000021e-08 5.739539387625411937e-01 1.806804585290660681e+00
5.739539387625411937e-01 1.806804585290660681e+00 1.000000000000000000e+00 1.000000000000000021e-08 8.468686719441744781e-01 2.729147331816331956e+00
8.468686719441744781e-01 2.729147331816331956e+00 0.000000000000000000e+00 1.000000000000000021e-08 1.284358349627297891e+00 4.374896776831234568e+00
1.284358349627297891e+00 4.374896776831234568e+00 1.000000000000000000e+00 9.999000000000000110e-01 1.570796326794896558e+00 5.000000000000000000e+00
-5.456947480502658682e-02 5.459192582871065513e-02 1.000000000000000000e+00 1.000000000000000021e-08 -4.348071217630980478e-02 1.108876262871678064e-01
-4.348071217630980478e-02 1.108876262871678064e-01 0.000000000000000000e+00 1.000000000000000021e-08 5.818643590442992841e-02 1.016671480807397332e+00
5.818643590442992841e-02 1.016671480807397332e+00 2.000000000000000000e+00 1.000000000000000021e-08 7.146294691762955509e-02 1.327651101319963223e-01
7.146294691762955509e-02 1.327651101319963223e-01 1.000000000000000000e+00 1.000000000000000021e-08 1.018079728366282632e-01 3.034502591899870261e-01
1.018079728366282632e-01 3.034502591899870261e-01 0.000000000000000000e+00 1.000000000000000021e-08 2.277997096155688905e-01 1.259917367789406217e+00
2.277997096155688905e-01 1.259917367789406217e+00 0.000000000000000000e+00 1.000000000000000021e-08 4.619413572412800484e-01 2.341416476257111690e+00
4.619413572412800484e-01 2.341416476257111690e+00 2.000000000000000000e+00 1.000000000000000021e-08 6.795117425210014384e-01 2.175703852797213678e+00
6.795117425210014384e-01 2.175703852797213678e+00 1.000000000000000000e+00 1.000000000000000021e-08 9.961472237897054383e-01 3.166354812687039999e+00
9.961472237897054383e-01 3.166354812687039999e+00 0.000000000000000000e+00 1.000000000000000021e-08 1.470300702162907536e+00 4.741534783732021197e+00
1.470300702162907536e+00 4.741534783732021197e+00 1.000000000000000000e+00 9.999000000000000110e-01 1.570796326794896558e+00 5.000000000000000000e+00
4.517917569353716717e-02 5.603051612585044361e-02 2.000000000000000000e+00 1.000000000000000021e-08 -2.103831876961135411e-02 -6.621749446314851850e-01
-2.103831876961135411e-02 -6.621749446314851850e-01 2.000000000000000000e+00 1.000000000000000021e-08 -1.924771507392244452e-01 -1.714388319696130925e+00
-1.924771507392244452e-01 -1.714388319696130925e+00 1.000000000000000000e+00 1.000000000000000021e-08 -3.914639157198510633e-01 -1.989867649806266403e+00
-3.914639157198510633e-01 -1.989867649806266403e+00 0.000000000000000000e+00 1.000000000000000021e-08 -5.641210228439808017e-01 -1.726571071241296940e+00
-5.641210228439808017e-01 -1.726571071241296940e+00 0.000000000000000000e+00 1.000000000000000021e-08 -7.574329402190178584e-01 -1.933119173750369901e+00
-7.574329402190178584e-01 -1.933119173750369901e+00 0.000000000000000000e+00 1.000000000000000021e-08 -9.986439504683864987e-01 -2.412110102493686181e+00
-9.986439504683864987e-01 -2.412110102493686181e+00 2.000000000000000000e+00 1.000000000000000021e-08 -1.399968051895358556e+00 -4.013241014269720353e+00
-1.399968051895358556e+00 -4.013241014269720353e+00 0.000000000000000000e+00 9.999000000000000110e-01 -1.570796326794896558e+00 -5.000000000000000000e+00
2.931165354781647969e-02 8.716418885614975187e-02 2.000000000000000000e+00 1.000000000000000021e-08 -6.197910338398408825e-02 -9.129075693180056517e-01
-6.197910338398408825e-02 -9.129075693180056517e-01 1.000000000000000000e+00 1.000000000000000021e-08 -1.715120932083895877e-01 -1.095329898244054911e+00
-1.715120932083895877e-01 -1.095329898244054911e+00 1.000000000000000000e+00 1.000000000000000021e-08 -3.111037970631463367e-01 -1.395917038547567435e+00
-3.111037970631463367e-01 -1.395917038547567435e+00 1.000000000000000000e+00 1.000000000000000021e-08 -4.930115219349744393e-01 -1.819077248718281137e+00
-4.930115219349744393e-01 -1.819077248718281137e+00 1.000000000000000000e+00 1.000000000000000021e-08 -7.517231354498050688e-01 -2.587116135148305407e+00
-7.517231354498050688e-01 -2.587116135148305407e+00 1.000000000000000000e+00 1.000000000000000021e-08 -1.119435970284513360e+00 -3.677128348347082465e+00
-1.119435970284513360e+00 -3.677128348347082465e+00 1.000000000000000000e+00 9.999000000000000110e-01 -1.570796326794896558e+00 -4.952746994342236420e+00
-7.731155565840786004e-02 3.738245713907061007e-02 0.000000000000000000e+00 1.000000000000000021e-08 1.035994565196950157e-02 8.767150131037735328e-01
1.035994565196950157e-02 8.767150131037735328e-01 2.000000000000000000e+00 1.000000000000000021e-08 4.965735219195640572e-03 -5.394210432773860475e-02
4.965735219195640572e-03 -5.394210432773860475e-02 1.000000000000000000e+00 1.000000000000000021e-08 -1.137327188332558706e-02 -1.633900710252122468e-01
-1.137327188332558706e-02 -1.633900710252122468e-01 0.000000000000000000e+00 1.000000000000000021e-08 6.376058661159202112e-02 7.513385849491760471e-01
6.376058661159202112e-02 7.513385849491760471e-01 2.000000000000000000e+00 1.000000000000000021e-08 4.686954443665697356e-02 -1.689104217493504478e-01
4.686954443665697356e-02 -1.689104217493504478e-01 2.000000000000000000e+00 1.000000000000000021e-08 -5.475304240307948822e-02 -1.016225868397364618e+00
-5.475304240307948822e-02 -1.016225868397364618e+00 2.000000000000000000e+00 1.000000000000000021e-08 -2.454951812910464715e-01 -1.907421388879669610e+00
-2.454951812910464715e-01 -1.907421388879669610e+00 0.000000000000000000e+00 1.000000000000000021e-08 -3.753273211849170732e-01 -1.298321398938705906e+00
-3.753273211849170732e-01 -1.298321398938705906e+00 2.000000000000000000e+00 1.000000000000000021e-08 -6.540342478480835053e-01 -2.787069266631664100e+00
-6.540342478480835053e-01 -2.787069266631664100e+00 0.000000000000000000e+00 1.000000000000000021e-08 -9.690410095870416463e-01 -3.150067617389581187e+00
-9.690410095870416463e-01 -3.150067617389581187e+00 1.000000000000000000e+00 1.000000000000000021e-08 -1.396997063202006784e+00 -4.279560536149651817e+00
-1.396997063202006784e+00 -4.279560536149651817e+00 0.000000000000000000e+00 9.999000000000000110e-01 -1.570796326794896558e+00 -5.000000000000000000e+00
5.082995025414197010e-02 4.991429797327237572e-02 2.000000000000000000e+00 1.000000000000000021e-08 -3.933106521039129999e-02 -9.016101546453326732e-01
-3.933106521039129999e-02 -9.016101546453326732e-01 2.000000000000000000e+00 1.000000000000000021e-08 -2.147230591984785608e-01 -1.753919939880872469e+00
-2.147230591984785608e-01 -1.753919939880872469e+00 1.000000000000000000e+00 1.000000000000000021e-08 -4.195517656749352398e-01 -2.048287064764566345e+00
-4.195517656749352398e-01 -2.048287064764566345e+00 2.000000000000000000e+00 1.000000000000000021e-08 -7.740326781461018824e-01 -3.544809124711666204e+00
-7.740326781461018824e-01 -3.544809124711666204e+00 2.000000000000000000e+00 1.000000000000000021e-08 -1.276740350299127913e+00 -5.000000000000000000e+00
-1.276740350299127913e+00 -5.000000000000000000e+00 0.000000000000000000e+00 9.999000000000000110e-01 -1.570796326794896558e+00 -5.000000000000000000e+00
-6.220653821550666679e-02 7.456820153892201875e-02 0.000000000000000000e+00 1.000000000000000021e-08 2.457642900235745137e-02 8.678296721786411538e-01
2.457642900235745137e-02 8.678296721786411538e-01 2.000000000000000000e+00 1.000000000000000021e-08 4.372408400300507869e-02 1.914765500064762316e-01
4.372408400300507869e-02 1.914765500064762316e-01 2.000000000000000000e+00 1.000000000000000021e-08 -1.938426305233871549e-02 -6.310834705534379419e-01
-1.938426305233871549e-02 -6.310834705534379419e-01 0.000000000000000000e+00 1.000000000000000021e-08 -1.063782687281287533e-02 8.746436179525840515e-02
-1.063782687281287533e-02 8.746436179525840515e-02 1.000000000000000000e+00 1.000000000000000021e-08 1.003171785287595812e-02 2.066954472568883205e-01
1.003171785287595812e-02 2.066954472568883205e-01 1.000000000000000000e+00 1.000000000000000021e-08 4.332235362728190792e-02 3.329063577440594668e-01
4.332235362728190792e-02 3.329063577440594668e-01 2.000000000000000000e+00 1.000000000000000021e-08 -8.586793131931502732e-03 -5.190914675921340926e-01
-8.586793131931502732e-03 -5.190914675921340926e-01 0.000000000000000000e+00 1.000000000000000021e-08 4.056281188284830558e-02 4.914960501477980692e-01
4.056281188284830558e-02 4.914960501477980692e-01 1.000000000000000000e+00 1.000000000000000021e-08 8.333981008480514929e-02 4.277699820195683400e-01
8.333981008480514929e-02 4.277699820195683400e-01 2.000000000000000000e+00 1.000000000000000021e-08 3.555710904565304031e-02 -4.778270103915210343e-01
3.555710904565304031e-02 -4.778270103915210343e-01 1.000000000000000000e+00 1.000000000000000021e-08 -7.005401281864165330e-03 -4.256251032751720564e-01
-7.005401281864165330e-03 -4.256251032751720564e-01 2.000000000000000000e+00 1.000000000000000021e-08 -1.445224572768776528e-01 -1.375170559950134930e+00
-1.445224572768776528e-01 -1.375170559950134930e+00 0.000000000000000000e+00 1.000000000000000021e-08 -2.335477191956504550e-01 -8.902526191877280226e-01
-2.335477191956504550e-01 -8.902526191877280226e-01 0.000000000000000000e+00 1.000000000000000021e-08 -2.678718681263448920e-01 -3.432414893069443140e-01
-2.678718681263448920e-01 -3.432414893069443140e-01 1.000000000000000000e+00 1.000000000000000021e-08 -3.432290930851101818e-01 -7.535722495876526761e-01
-3.432290930851101818e-01 -7.535722495876526761e-01 1.000000000000000000e+00 1.000000000000000021e-08 -4.740881612952547730e-01 -1.308590682101446134e+00
-4.740881612952547730e-01 -1.308590682101446134e+00 0.000000000000000000e+00 1.000000000000000021e-08 -5.934641844935348853e-01 -1.193760231982801123e+00
-5.934641844935348853e-01 -1.193760231982801123e+00 2.000000000000000000e+00 1.000000000000000021e-08 -8.796751473250212783e-01 -2.862109628314863485e+00
-8.796751473250212783e-01 -2.862109628314863485e+00 0.000000000000000000e+00 1.000000000000000021e-08 -1.225099320962613536e+00 -3.454241736375922578e+00
-1.225099320962613536e+00 -3.454241736375922578e+00 1.000000000000000000e+00 9.999000000000000110e-01 -1.570796326794896558e+00 -4.802224429105352854e+00
-4.914540416650584054e-02 1.732744943676721439e-02 0.000000000000000000e+00 1.000000000000000021e-08 4.080590163143914262e-02 8.995130579794498038e-01
4.080590163143914262e-02 8.995130579794498038e-01 1.000000000000000000e+00 1.000000000000000021e-08 1.264104774925128571e-01 8.560457586107370620e-01
1.264104774925128571e-01 8.560457586107370620e-01 0.000000000000000000e+00 1.000000000000000021e-08 3.194827316770914027e-01 1.930722541845785178e+00
3.194827316770914027e-01 1.930722541845785178e+00 1.000000000000000000e+00 1.000000000000000021e-08 5.559386887523434240e-01 2.364559570752520656e+00
5.559386887523434240e-01 2.364559570752520656e+00 0.000000000000000000e+00 1.000000000000000021e-08 9.441162063054728826e-01 3.881775175531294586e+00
9.441162063054728826e-01 3.881775175531294586e+00 2.000000000000000000e+00 1.000000000000000021e-08 1.402643307848387755e+00 4.585271015429148278e+00
1.402643307848387755e+00 4.585271015429148278e+00 2.000000000000000000e+00 9.999000000000000110e-01 1.570796326794896558e+00 5.000000000000000000e+00
2.835738535267480487e-03 -7.068999708023088191e-02 0.000000000000000000e+00 1.000000000000000021e-08 9.194235961510507926e-02 8.910662107983760016e-01
9.194235961510507926e-02 8.910662107983760016e-01 2.000000000000000000e+00 1.000000000000000021e-08 1.120644565739594700e-01 2.012209695885439631e-01
1.120644565739594700e-01 2.012209695885439631e-01 0.000000000000000000e+00 1.000000000000000021e-08 2.339532036960457195e-01 1.218887471220862384e+00
2.339532036960457195e-01 1.218887471220862384e+00 0.000000000000000000e+00 1.000000000000000021e-08 4.721445919064597985e-01 2.381913882104140789e+00
4.721445919064597985e-01 2.381913882104140789e+00 0.000000000000000000e+00 1.000000000000000021e-08 8.489069349589122293e-01 3.767623430524524863e+00
8.489069349589122293e-01 3.767623430524524863e+00 1.000000000000000000e+00 1.000000000000000021e-08 1.325207027346800182e+00 4.763000923878879078e+00
1.325207027346800182e+00 4.763000923878879078e+00 1.000000000000000000e+00 9.999000000000000110e-01 1.570796326794896558e+00 5.000000000000000000e+00
8.988828631168802041e-03 -4.208916422064404306e-03 0.000000000000000000e+00 1.000000000000000021e-08 8.703321011684243824e-02 7.804438148567363065e-01
8.703321011684243824e-02 7.804438148567363065e-01 1.000000000000000000e+00 1.000000000000000021e-08 1.873715143709829278e-01 1.003383042541404757e+00
1.873715143709829278e-01 1.003383042541404757e+00 1.000000000000000000e+00 1.000000000000000021e-08 3.332127960151084478e-01 1.458412816441255089e+00
3.332127960151084478e-01 1.458412816441255089e+00 1.000000000000000000e+00 1.000000000000000021e-08 5.253558403150416778e-01 1.921430442999332300e+00
5.253558403150416778e-01 1.921430442999332300e+00 0.000000000000000000e+00 1.000000000000000021e-08 8.716358596994913110e-01 3.462800193844495666e+00
8.716358596994913110e-01 3.462800193844495666e+00 2.000000000000000000e+00 1.000000000000000021e-08 1.268375293300512574e+00 3.967394336010211742e+00
1.268375293300512574e+00 3.967394336010211742e+00 1.000000000000000000e+00 9.999000000000000110e-01 1.570796326794896558e+00 5.000000000000000000e+00
-4.383688842540572894e-02 -3.222704950143749636e-02 0.000000000000000000e+00 1.000000000000000021e-08 4.853889785278207858e-02 9.237578627818779919e-01
4.853889785278207858e-02 9.237578627818779919e-01 0.000000000000000000e+00 1.000000000000000021e-08 2.517838997676928869e-01 2.032450019149107945e+00
2.517838997676928869e-01 2.032450019149107945e+00 2.000000000000000000e+00 1.000000000000000021e-08 4.275960350884768779e-01 1.758121353207839910e+00
4.275960350884768779e-01 1.758121353207839910e+00 1.000000000000000000e+00 1.000000000000000021e-08 6.720056822676456765e-01 2.444096471791687541e+00
6.720056822676456765e-01 2.444096471791687541e+00 0.000000000000000000e+00 1.000000000000000021e-08 1.078865978631774469e+00 4.068602963641287928e+00
1.078865978631774469e+00 4.068602963641287928e+00 0.000000000000000000e+00 9.999000000000000110e-01 1.570796326794896558e+00 5.000000000000000000e+00
3.273180286133473005e-02 5.584241488515473417e-02 0.000000000000000000e+00 1.000000000000000021e-08 1.226471610478212099e-01 8.991535818648647149e-01
1.226471610478212099e-01 8.991535818648647149e-01 0.000000000000000000e+00 1.000000000000000021e-08 3.204302436920667407e-01 1.977830826442455336e+00
3.204302436920667407e-01 1.977830826442455336e+00 0.000000000000000000e+00 1.000000000000000021e-08 6.515096445657911906e-01 3.310794008737244276e+00
6.515096445657911906e-01 3.310794008737244276e+00 0.000000000000000000e+00 1.000000000000000021e-08 1.148377979042927155e+00 4.968683344771358534e+00
1.148377979042927155e+00 4.968683344771358534e+00 2.000000000000000000e+00 9.999000000000000110e-01 1.570796326794896558e+00 5.000000000000000000e+00
-4.196434159641279638e-02 1.117547943497282023e-02 2.000000000000000000e+00 1.000000000000000021e-08 -1.447761670970217351e-01 -1.028118255006089443e+00
-1.447761670970217351e-01 -1.028118255006089443e+00 2.000000000000000000e+00 1.000000000000000021e-08 -3.446273142931773892e-01 -1.998511471961556651e+00
-3.446273142931773892e-01 -1.998511471961556651e+00 0.000000000000000000e+00 1.000000000000000021e-08 -5.033044654080716107e-01 -1.586771511148941993e+00
-5.033044654080716107e-01 -1.586771511148941993e+00 2.000000000000000000e+00 1.000000000000000021e-08 -8.243325939640175903e-01 -3.210281285559459796e+00
-8.243325939640175903e-01 -3.210281285559459796e+00 2.000000000000000000e+00 1.000000000000000021e-08 -1.318501059733999448e+00 -4.941684657699819461e+00
-1.318501059733999448e+00 -4.941684657699819461e+00 2.000000000000000000e+00 9.999000000000000110e-01 -1.570796326794896558e+00 -5.000000000000000000e+00
-7.782830861501681408e-02 3.292673084832756225e-02 2.000000000000000000e+00 1.000000000000000021e-08 -1.618014434759905140e-01 -8.397313486097368607e-01
-1.618014434759905140e-01 -8.397313486097368607e-01 2.000000000000000000e+00 1.000000000000000021e-08 -3.649105736707531911e-01 -2.031091301947626881e+00
-3.649105736707531911e-01 -2.031091301947626881e+00 2.000000000000000000e+00 1.000000000000000021e-08 -7.087784450947972603e-01 -3.438678714240440470e+00
-7.087784450947972603e-01 -3.438678714240440470e+00 1.000000000000000000e+00 1.000000000000000021e-08 -1.154748260039457630e+00 -4.459698149446602145e+00
-1.154748260039457630e+00 -4.459698149446602145e+00 2.000000000000000000e+00 9.999000000000000110e-01 -1.570796326794896558e+00 -5.000000000000000000e+00
3.862817378982386085e-02 -4.637558046980196080e-02 1.000000000000000000e+00 1.000000000000000021e-08 4.651649910989597014e-02 7.888325320072110680e-02
4.651649910989597014e-02 7.888325320072110680e-02 1.000000000000000000e+00 1.000000000000000021e-08 4.831815960468304610e-02 1.801660494787075961e-02
4.831815960468304610e-02 1.801660494787075961e-02 1.000000000000000000e+00 1.000000000000000021e-08 5.979698432652584550e-02 1.147882472184280078e-01
5.979698432652584550e-02 1.147882472184280078e-01 0.000000000000000000e+00 1.000000000000000021e-08 1.665144725844024953e-01 1.067174882578766359e+00
1.665144725844024953e-01 1.067174882578766359e+00 0.000000000000000000e+00 1.000000000000000021e-08 3.987577508326752840e-01 2.322432782482727998e+00
3.987577508326752840e-01 2.322432782482727998e+00 2.000000000000000000e+00 1.000000000000000021e-08 6.254510732140767804e-01 2.266933223814014298e+00
6.254510732140767804e-01 2.266933223814014298e+00 0.000000000000000000e+00 1.000000000000000021e-08 1.006634569792778988e+00 3.811834965787022078e+00
1.006634569792778988e+00 3.811834965787022078e+00 2.000000000000000000e+00 1.000000000000000021e-08 1.469495694673010444e+00 4.628611248802315004e+00
1.469495694673010444e+00 4.628611248802315004e+00 1.000000000000000000e+00 9.999000000000000110e-01 1.570796326794896558e+00 5.000000000000000000e+00
-4.723220539020440284e-02 -3.092305612294438122e-02 2.000000000000000000e+00 1.000000000000000021e-08 -1.536821983498379840e-01 -1.064499929596335770e+00
-1.536821983498379840e-01 -1.064499929596335770e+00 0.000000000000000000e+00 1.000000000000000021e-08 -1.842956261325221501e-01 -3.061342778268416609e-01
-1.842956261325221501e-01 -3.061342778268416609e-01 1.000000000000000000e+00 1.000000000000000021e-08 -2.486784483614799812e-01 -6.438282222895782558e-01
-2.486784483614799812e-01 -6.438282222895782558e-01 0.000000000000000000e+00 1.000000000000000021e-08 -2.758965649032160683e-01 -2.721811654173609263e-01
-2.758965649032160683e-01 -2.721811654173609263e-01 0.000000000000000000e+00 1.000000000000000021e-08 -2.540185121985200078e-01 2.187805270469608820e-01
-2.540185121985200078e-01 2.187805270469608820e-01 1.000000000000000000e+00 1.000000000000000021e-08 -2.593267298502689999e-01 -5.308217651749003174e-02
-2.593267298502689999e-01 -5.308217651749003174e-02 2.000000000000000000e+00 1.000000000000000021e-08 -3.979704699309287719e-01 -1.386437400806598053e+00
-3.979704699309287719e-01 -1.386437400806598053e+00 0.000000000000000000e+00 1.000000000000000021e-08 -5.345734976245354320e-01 -1.366030276936066601e+00
-5.345734976245354320e-01 -1.366030276936066601e+00 0.000000000000000000e+00 1.000000000000000021e-08 -6.689612052623596927e-01 -1.343877076378242830e+00
-6.689612052623596927e-01 -1.343877076378242830e+00 1.000000000000000000e+00 1.000000000000000021e-08 -9.111875563119662402e-01 -2.422263510496065919e+00
-9.111875563119662402e-01 -2.422263510496065919e+00 2.000000000000000000e+00 1.000000000000000021e-08 -1.326394620652979750e+00 -4.152070643410134210e+00
-1.326394620652979750e+00 -4.152070643410134210e+00 1.000000000000000000e+00 9.999000000000000110e-01 -1.570796326794896558e+00 -5.000000000000000000e+00
5.248107077863040787e-03 3.393356339496235441e-02 0.000000000000000000e+00 1.000000000000000021e-08 1.118122798427127057e-01 1.065641727648496628e+00
1.118122798427127057e-01 1.065641727648496628e+00 2.000000000000000000e+00 1.000000000000000021e-08 1.328575284643214727e-01 2.104524862160876975e-01
1.328575284643214727e-01 2.104524862160876975e-01 0.000000000000000000e+00 1.000000000000000021e-08 2.600926959249423853e-01 1.272351674606209126e+00
2.600926959249423853e-01 1.272351674606209126e+00 0.000000000000000000e+00 1.000000000000000021e-08 5.212926297041855506e-01 2.611999337792431319e+00
5.212926297041855506e-01 2.611999337792431319e+00 2.000000000000000000e+00 1.000000000000000021e-08 7.732867011592932105e-01 2.519940714551077043e+00
7.732867011592932105e-01 2.519940714551077043e+00 2.000000000000000000e+00 1.000000000000000021e-08 1.065700630160486551e+00 2.924139290011932513e+00
1.065700630160486551e+00 2.924139290011932513e+00 1.000000000000000000e+00 1.000000000000000021e-08 1.483430657780128392e+00 4.177300276196419304e+00
1.483430657780128392e+00 4.177300276196419304e+00 0.000000000000000000e+00 9.999000000000000110e-01 1.570796326794896558e+00 5.000000000000000000e+00
7.057621717407262102e-03 6.688711098885224970e-02 0.000000000000000000e+00 1.000000000000000021e-08 9.496142837674444170e-02 8.790380665933718030e-01
9.496142837674444170e-02 8.790380665933718030e-01 2.000000000000000000e+00 1.000000000000000021e-08 1.215855662003849369e-01 2.662413782364049242e-01
1.215855662003849369e-01 2.662413782364049242e-01 2.000000000000000000e+00 1.000000000000000021e-08 9.888046152900364927e-02 -2.270510467138128763e-01
9.888046152900364927e-02 -2.270510467138128763e-01 0.000000000000000000e+00 1.000000000000000021e-08 1.908362723435748087e-01 9.195581081457113726e-01
1.908362723435748087e-01 9.195581081457113726e-01 0.000000000000000000e+00 1.000000000000000021e-08 4.023444018989555393e-01 2.115081295553807195e+00
4.023444018989555393e-01 2.115081295553807195e+00 2.000000000000000000e+00 1.000000000000000021e-08 6.058078322924588255e-01 2.034634303935032751e+00
6.058078322924588255e-01 2.034634303935032751e+00 1.000000000000000000e+00 1.000000000000000021e-08 9.112475680477005735e-01 3.054397357552416814e+00
9.112475680477005735e-01 3.054397357552416814e+00 1.000000000000000000e+00 1.000000000000000021e-08 1.341600876944120335e+00 4.303533088964196729e+00
1.341600876944120335e+00 4.303533088964196729e+00 2.000000000000000000e+00 9.999000000000000110e-01 1.570796326794896558e+00 5.000000000000000000e+00
-1.970493549264603489e-02 -2.128096925390742661e-03 1.000000000000000000e+00 1.000000000000000021e-08 -6.623626068180121784e-03 1.308130942446591172e-01
-6.623626068180121784e-03 1.308130942446591172e-01 2.000000000000000000e+00 1.000000000000000021e-08 -7.046717811463899805e-02 -6.384355204645887349e-01
-7.046717811463899805e-02 -6.384355204645887349e-01 2.000000000000000000e+00 1.000000000000000021e-08 -2.319757493486134248e-01 -1.615085712339744184e+00
-2.319757493486134248e-01 -1.615085712339744184e+00 0.000000000000000000e+00 1.000000000000000021e-08 -3.577784354913475795e-01 -1.258026861427341547e+00
-3.577784354913475795e-01 -1.258026861427341547e+00 1.000000000000000000e+00 1.000000000000000021e-08 -5.533033954653551190e-01 -1.955249599740075173e+00
-5.533033954653551190e-01 -1.955249599740075173e+00 0.000000000000000000e+00 1.000000000000000021e-08 -7.551135017388206361e-01 -2.018101062734654949e+00
-7.551135017388206361e-01 -2.018101062734654949e+00 0.000000000000000000e+00 1.000000000000000021e-08 -1.015423368080258015e+00 -2.603098663414373348e+00
-1.015423368080258015e+00 -2.603098663414373348e+00 0.000000000000000000e+00 1.000000000000000021e-08 -1.362034709778732866e+00 -3.466113416984748063e+00
-1.362034709778732866e+00 -3.466113416984748063e+00 2.000000000000000000e+00 9.999000000000000110e-01 -1.570796326794896558e+00 -5.000000000000000000e+00
5.313965186172212030e-02 1.033772791780440334e-02 0.000000000000000000e+00 1.000000000000000021e-08 1.675595119025670987e-01 1.144198600408449673e+00
1.675595119025670987e-01 1.144198600408449673e+00 0.000000000000000000e+00 1.000000000000000021e-08 4.112924638210118111e-01 2.437329519184446625e+00
4.112924638210118111e-01 2.437329519184446625e+00 2.000000000000000000e+00 1.000000000000000021e-08 6.349198403786936451e-01 2.236273765576818118e+00
6.349198403786936451e-01 2.236273765576818118e+00 1.000000000000000000e+00 1.000000000000000021e-08 9.476065300199304486e-01 3.126866896412368035e+00
9.476065300199304486e-01 3.126866896412368035e+00 1.000000000000000000e+00 1.000000000000000021e-08 1.382139732828457035e+00 4.345332028085264753e+00
1.382139732828457035e+00 4.345332028085264753e+00 1.000000000000000000e+00 9.999000000000000110e-01 1.570796326794896558e+00 5.000000000000000000e+00
-2.275149643042232925e-02 1.886885836450431092e-02 0.000000000000000000e+00 1.000000000000000021e-08 8.089974789787737763e-02 1.036512443282997076e+00
8.089974789787737763e-02 1.036512443282997076e+00 2.000000000000000000e+00 1.000000000000000021e-08 9.434260457573151459e-02 1.344285667785413141e-01
9.434260457573151459e-02 1.344285667785413141e-01 2.000000000000000000e+00 1.000000000000000021e-08 3.279687706736047342e-02 -6.154572750837103978e-01
3.279687706736047342e-02 -6.154572750837103978e-01 2.000000000000000000e+00 1.000000000000000021e-08 -1.023429061135101015e-01 -1.351397831808705874e+00
-1.023429061135101015e-01 -1.351397831808705874e+00 0.000000000000000000e+00 1.000000000000000021e-08 -1.552021175758327431e-01 -5.285921146232263057e-01
-1.552021175758327431e-01 -5.285921146232263057e-01 0.000000000000000000e+00 1.000000000000000021e-08 -1.478937748473643510e-01 7.308342728468397720e-02
-1.478937748473643510e-01 7.308342728468397720e-02 2.000000000000000000e+00 1.000000000000000021e-08 -2.383855720028719705e-01 -9.049179715550762504e-01
-2.383855720028719705e-01 -9.049179715550762504e-01 0.000000000000000000e+00 1.000000000000000021e-08 -2.876804840875235025e-01 -4.929491208465154317e-01
-2.876804840875235025e-01 -4.929491208465154317e-01 1.000000000000000000e+00 1.000000000000000021e-08 -3.799496116295848491e-01 -9.226912754206131329e-01
-3.799496116295848491e-01 -9.226912754206131329e-01 1.000000000000000000e+00 1.000000000000000021e-08 -5.382968582730278673e-01 -1.583472466434429737e+00
-5.382968582730278673e-01 -1.583472466434429737e+00 0.000000000000000000e+00 1.000000000000000021e-08 -7.041725014439349506e-01 -1.658756431709070611e+00
-7.041725014439349506e-01 -1.658756431709070611e+00 2.000000000000000000e+00 1.000000000000000021e-08 -1.024356859110635121e+00 -3.201843576667000590e+00
-1.024356859110635121e+00 -3.201843576667000590e+00 2.000000000000000000e+00 1.000000000000000021e-08 -1.501961979634890643e+00 -4.776051205242556108e+00
-1.501961979634890643e+00 -4.776051205242556108e+00 1.000000000000000000e+00 9.999000000000000110e-01 -1.570796326794896558e+00 -5.000000000000000000e+00
-2.880211099930013452e-02 7.412331373945439672e-02 2.000000000000000000e+00 1.000000000000000021e-08 -1.049357649682487459e-01 -7.613365396894860027e-01
-1.049357649682487459e-01 -7.613365396894860027e-01 2.000000000000000000e+00 1.000000000000000021e-08 -2.953811258977211418e-01 -1.904453609294724181e+00
-2.953811258977211418e-01 -1.904453609294724181e+00 0.000000000000000000e+00 1.000000000000000021e-08 -4.458312087587306682e-01 -1.504500828610095153e+00
-4.458312087587306682e-01 -1.504500828610095153e+00 1.000000000000000000e+00 1.000000000000000021e-08 -6.629530035137131128e-01 -2.171217947549824334e+00
-6.629530035137131128e-01 -2.171217947549824334e+00 0.000000000000000000e+00 1.000000000000000021e-08 -9.219406259615394728e-01 -2.589876224478263822e+00
-9.219406259615394728e-01 -2.589876224478263822e+00 1.000000000000000000e+00 1.000000000000000021e-08 -1.306409184732469697e+00 -3.844685587709300911e+00
-1.306409184732469697e+00 -3.844685587709300911e+00 2.000000000000000000e+00 9.999000000000000110e-01 -1.570796326794896558e+00 -5.000000000000000000e+00
1.359095544290931171e-02 1.466306863896277984e-02 0.000000000000000000e+00 1.000000000000000021e-08 9.148434064471418214e-02 7.789338520180486558e-01
9.148434064471418214e-02 7.789338520180486558e-01 0.000000000000000000e+00 1.000000000000000021e-08 2.625482433283238826e-01 1.710639026836096921e+00
2.625482433283238826e-01 1.710639026836096921e+00 2.000000000000000000e+00 1.000000000000000021e-08 3.759221592813274393e-01 1.133739159530035234e+00
3.759221592813274393e-01 1.133739159530035234e+00 1.000000000000000000e+00 1.000000000000000021e-08 5.621032197373700967e-01 1.861810604560426352e+00
5.621032197373700967e-01 1.861810604560426352e+00 0.000000000000000000e+00 1.000000000000000021e-08 9.002517247588355254e-01 3.381485050214654731e+00
9.002517247588355254e-01 3.381485050214654731e+00 0.000000000000000000e+00 1.000000000000000021e-08 1.403063202157201372e+00 5.000000000000000000e+00
1.403063202157201372e+00 5.000000000000000000e+00 1.000000000000000000e+00 9.999000000000000110e-01 1.570796326794896558e+00 5.000000000000000000e+00
5.056006004033369167e-02 -1.162704572310171991e-02 1.000000000000000000e+00 1.000000000000000021e-08 6.849809349289912030e-02 1.793803345256542170e-01
6.849809349289912030e-02 1.793803345256542170e-01 1.000000000000000000e+00 1.000000000000000021e-08 1.038797339731561270e-01 3.538164048025700392e-01
1.038797339731561270e-01 3.538164048025700392e-01 1.000000000000000000e+00 1.000000000000000021e-08 1.501204617051938861e-01 4.624072773203775633e-01
1.501204617051938861e-01 4.624072773203775633e-01 0.000000000000000000e+00 1.000000000000000021e-08 3.129354781607228686e-01 1.628150164555289381e+00
3.129354781607228686e-01 1.628150164555289381e+00 2.000000000000000000e+00 1.000000000000000021e-08 4.554116824347464454e-01 1.424762042740235657e+00
4.554116824347464454e-01 1.424762042740235657e+00 2.000000000000000000e+00 1.000000000000000021e-08 5.879066708596049073e-01 1.324949884248584286e+00
5.879066708596049073e-01 1.324949884248584286e+00 1.000000000000000000e+00 1.000000000000000021e-08 8.028543906810600150e-01 2.149477198214550633e+00
8.028543906810600150e-01 2.149477198214550633e+00 2.000000000000000000e+00 1.000000000000000021e-08 1.068741737189464525e+00 2.658873465084045318e+00
1.068741737189464525e+00 2.658873465084045318e+00 1.000000000000000000e+00 1.000000000000000021e-08 1.461984274966569686e+00 3.932425377771052499e+00
1.461984274966569686e+00 3.932425377771052499e+00 2.000000000000000000e+00 9.999000000000000110e-01 1.570796326794896558e+00 5.000000000000000000e+00
-1.241091451471033891e-02 6.964490177162023510e-02 1.000000000000000000e+00 1.000000000000000021e-08 6.990745170833239513e-03 1.940165968554357634e-01
6.990745170833239513e-03 1.940165968554357634e-01 1.000000000000000000e+00 1.000000000000000021e-08 1.296899418350180508e-02 5.978249012668565565e-02
1.296899418350180508e-02 5.978249012668565565e-02 1.000000000000000000e+00 1.000000000000000021e-08 3.673517574561721566e-02 2.376618156211541266e-01
3.673517574561721566e-02 2.376618156211541266e-01 2.000000000000000000e+00 1.000000000000000021e-08 -2.032106099133575844e-02 -5.705623673695296993e-01
-2.032106099133575844e-02 -5.705623673695296993e-01 0.000000000000000000e+00 1.000000000000000021e-08 1.473836310802685567e-02 3.505942409936261273e-01
1.473836310802685567e-02 3.505942409936261273e-01 1.000000000000000000e+00 1.000000000000000021e-08 5.485599090917711584e-02 4.011762780115025739e-01
5.485599090917711584e-02 4.011762780115025739e-01 0.000000000000000000e+00 1.000000000000000021e-08 2.092533727490261952e-01 1.543973818398490572e+00
2.092533727490261952e-01 1.543973818398490572e+00 2.000000000000000000e+00 1.000000000000000021e-08 3.055153015995980548e-01 9.626192885057186510e-01
3.055153015995980548e-01 9.626192885057186510e-01 1.000000000000000000e+00 1.000000000000000021e-08 4.435482027774269032e-01 1.380329011778288706e+00
4.435482027774269032e-01 1.380329011778288706e+00 1.000000000000000000e+00 1.000000000000000021e-08 6.601618090522947124e-01 2.166136062748677649e+00
6.601618090522947124e-01 2.166136062748677649e+00 0.000000000000000000e+00 1.000000000000000021e-08 1.040100220422445876e+00 3.799384113701512522e+00
1.040100220422445876e+00 3.799384113701512522e+00 0.000000000000000000e+00 9.999000000000000110e-01 1.570796326794896558e+00 5.000000000000000000e+00
-3.262902087468010082e-02 -3.725713893899992857e-02 2.000000000000000000e+00 1.000000000000000021e-08 -1.175686449519898619e-01 -8.493962407730976105e-01
-1.175686449519898619e-01 -8.493962407730976105e-01 2.000000000000000000e+00 1.000000000000000021e-08 -3.055783442151880913e-01 -1.880096992631981934e+00
-3.055783442151880913e-01 -1.880096992631981934e+00 0.000000000000000000e+00 1.000000000000000021e-08 -4.550465834674015664e-01 -1.494682392522134418e+00
-4.550465834674015664e-01 -1.494682392522134418e+00 1.000000000000000000e+00 1.000000000000000021e-08 -6.897374840714518562e-01 -2.346909006040502454e+00
-6.897374840714518562e-01 -2.346909006040502454e+00 1.000000000000000000e+00 1.000000000000000021e-08 -1.030704174179104538e+00 -3.409666901076527701e+00
-1.030704174179104538e+00 -3.409666901076527701e+00 0.000000000000000000e+00 1.000000000000000021e-08 -1.457660471805664715e+00 -4.269562976265602217e+00
-1.457660471805664715e+00 -4.269562976265602217e+00 1.000000000000000000e+00 9.999000000000000110e-01 -1.570796326794896558e+00 -5.000000000000000000e+00
-8.599772496007755673e-02 2.796365710966348603e-02 2.000000000000000000e+00 1.000000000000000021e-08 -1.890597682858149997e-01 -1.030620433257374291e+00
-1.890597682858149997e-01 -1.030620433257374291e+00 2.000000000000000000e+00 1.000000000000000021e-08 -3.981215047401303053e-01 -2.090617364543152945e+00
-3.981215047401303053e-01 -2.090617364543152945e+00 2.000000000000000000e+00 1.000000000000000021e-08 -7.574112342698097189e-01 -3.592897295296793914e+00
-7.574112342698097189e-01 -3.592897295296793914e+00 2.000000000000000000e+00 1.000000000000000021e-08 -1.279254241433028572e+00 -5.000000000000000000e+00
-1.279254241433028572e+00 -5.000000000000000000e+00 1.000000000000000000e+00 9.999000000000000110e-01 -1.570796326794896558e+00 -5.000000000000000000e+00
6.060771727503072581e-02 2.957282897903241656e-02 0.000000000000000000e+00 1.000000000000000021e-08 1.504786667953898482e-01 8.987094952035913353e-01
1.504786667953898482e-01 8.987094952035913353e-01 0.000000000000000000e+00 1.000000000000000021e-08 3.426697584108208128e-01 1.921910916154309312e+00
3.426697584108208128e-01 1.921910916154309312e+00 1.000000000000000000e+00 1.000000000000000021e-08 5.937252118243441235e-01 2.510554534135233329e+00
5.937252118243441235e-01 2.510554534135233329e+00 0.000000000000000000e+00 1.000000000000000021e-08 9.925486576337849698e-01 3.988234458094408907e+00
9.925486576337849698e-01 3.988234458094408907e+00 0.000000000000000000e+00 1.000000000000000021e-08 1.557576484525721838e+00 5.000000000000000000e+00
1.557576484525721838e+00 5.000000000000000000e+00 2.000000000000000000e+00 9.999000000000000110e-01 1.570796326794896558e+00 5.000000000000000000e+00
-7.267111654524585629e-02 -5.776478985561910723e-02 1.000000000000000000e+00 1.000000000000000021e-08 -7.348820717955642512e-02 -8.170906343105695246e-03
-7.348820717955642512e-02 -8.170906343105695246e-03 2.000000000000000000e+00 1.000000000000000021e-08 -1.923911864911916625e-01 -1.189029793116352263e+00
-1.923911864911916625e-01 -1.189029793116352263e+00 2.000000000000000000e+00 1.000000000000000021e-08 -4.360939631419396556e-01 -2.437027766507479765e+00
-4.360939631419396556e-01 -2.437027766507479765e+00 1.000000000000000000e+00 1.000000000000000021e-08 -7.587842690942735446e-01 -3.226903059523338779e+00
-7.587842690942735446e-01 -3.226903059523338779e+00 1.000000000000000000e+00 1.000000000000000021e-08 -1.191571066647722166e+00 -4.327867975534487321e+00
-1.191571066647722166e+00 -4.327867975534487321e+00 0.000000000000000000e+00 9.999000000000000110e-01 -1.570796326794896558e+00 -5.000000000000000000e+00
-3.107946300590733874e-02 5.846042003725491348e-02 0.000000000000000000e+00 1.000000000000000021e-08 6.274811039159305937e-02 9.382757339750038561e-01
6.274811039159305937e-02 9.382757339750038561e-01 2.000000000000000000e+00 1.000000000000000021e-08 7.529325624005016315e-02 1.254514584845710656e-01
7.529325624005016315e-02 1.254514584845710656e-01 0.000000000000000000e+00 1.000000000000000021e-08 2.026659260641240357e-01 1.273726698240738919e+00
2.026659260641240357e-01 1.273726698240738919e+00 2.000000000000000000e+00 1.000000000000000021e-08 2.715681772374642367e-01 6.890225117334020100e-01
2.715681772374642367e-01 6.890225117334020100e-01 2.000000000000000000e+00 1.000000000000000021e-08 2.868292161094040948e-01 1.526103887193986930e-01
2.868292161094040948e-01 1.526103887193986930e-01 2.000000000000000000e+00 1.000000000000000021e-08 2.767128770016849537e-01 -1.011633910771914113e-01
2.767128770016849537e-01 -1.011633910771914113e-01 2.000000000000000000e+00 1.000000000000000021e-08 2.354784719935708592e-01 -4.123440500811410003e-01
2.354784719935708592e-01 -4.123440500811410003e-01 2.000000000000000000e+00 1.000000000000000021e-08 1.378018785326854956e-01 -9.767659346088537475e-01
1.378018785326854956e-01 -9.767659346088537475e-01 2.000000000000000000e+00 1.000000000000000021e-08 -1.458011962968858155e-02 -1.523819981623740771e+00
-1.458011962968858155e-02 -1.523819981623740771e+00 2.000000000000000000e+00 1.000000000000000021e-08 -2.529710632484495347e-01 -2.383909436187609643e+00
-2.529710632484495347e-01 -2.383909436187609643e+00 2.000000000000000000e+00 1.000000000000000021e-08 -6.240555243304222177e-01 -3.710844610819726608e+00
-6.240555243304222177e-01 -3.710844610819726608e+00 0.000000000000000000e+00 1.000000000000000021e-08 -1.007678280097369816e+00 -3.836227557669475985e+00
-1.007678280097369816e+00 -3.836227557669475985e+00 2.000000000000000000e+00 1.000000000000000021e-08 -1.546847843112819643e+00 -5.000000000000000000e+00
-1.546847843112819643e+00 -5.000000000000000000e+00 2.000000000000000000e+00 9.999000000000000110e-01 -1.570796326794896558e+00 -5.000000000000000000e+00
8.056891700770148212e-02 1.748609053375295430e-03 0.000000000000000000e+00 1.000000000000000021e-08 1.996461809838255830e-01 1.190772639761241036e+00
1.996461809838255830e-01 1.190772639761241036e+00 2.000000000000000000e+00 1.000000000000000021e-08 2.671454022674473183e-01 6.749922128362174645e-01
2.671454022674473183e-01 6.749922128362174645e-01 0.000000000000000000e+00 1.000000000000000021e-08 4.553316987055463505e-01 1.881862964380990100e+00
4.553316987055463505e-01 1.881862964380990100e+00 2.000000000000000000e+00 1.000000000000000021e-08 6.513498521849027112e-01 1.960181534793563607e+00
6.513498521849027112e-01 1.960181534793563607e+00 0.000000000000000000e+00 1.000000000000000021e-08 1.000322399241326377e+00 3.489725470564237320e+00
1.000322399241326377e+00 3.489725470564237320e+00 0.000000000000000000e+00 1.000000000000000021e-08 1.504375012652034549e+00 5.000000000000000000e+00
1.504375012652034549e+00 5.000000000000000000e+00 2.000000000000000000e+00 9.999000000000000110e-01 1.570796326794896558e+00 5.000000000000000000e+00
7.795819464566546009e-02 6.996591811612529188e-02 0.000000000000000000e+00 1.000000000000000021e-08 1.931362086353901608e-01 1.151780139897247146e+00
1.931362086353901608e-01 1.151780139897247146e+00 2.000000000000000000e+00 1.000000000000000021e-08 2.413769003128300727e-01 4.824069167743991748e-01
2.413769003128300727e-01 4.824069167743991748e-01 0.000000000000000000e+00 1.000000000000000021e-08 4.218036403027496384e-01 1.804267399899195823e+00
4.218036403027496384e-01 1.804267399899195823e+00 0.000000000000000000e+00 1.000000000000000021e-08 7.395080794362207666e-01 3.177044391334711726e+00
7.395080794362207666e-01 3.177044391334711726e+00 0.000000000000000000e+00 1.000000000000000021e-08 1.220352528391425384e+00 4.808444489552045731e+00
1.220352528391425384e+00 4.808444489552045731e+00 0.000000000000000000e+00 9.999000000000000110e-01 1.570796326794896558e+00 5.000000000000000000e+00
-4.236533837548312614e-03 -4.164428364031771274e-03 2.000000000000000000e+00 1.000000000000000021e-08 -9.831523221465778006e-02 -9.407869837710945982e-01
-9.831523221465778006e-02 -9.407869837710945982e-01 1.000000000000000000e+00 1.000000000000000021e-08 -2.149502181623615948e-01 -1.166349859477038287e+00
-2.149502181623615948e-01 -1.166349859477038287e+00 1.000000000000000000e+00 1.000000000000000021e-08 -3.622215862488683547e-01 -1.472713680865067154e+00
-3.622215862488683547e-01 -1.472713680865067154e+00 0.000000000000000000e+00 1.000000000000000021e-08 -5.035540159988948217e-01 -1.413324297500264670e+00
-5.035540159988948217e-01 -1.413324297500264670e+00 2.000000000000000000e+00 1.000000000000000021e-08 -8.087825454786796708e-01 -3.052285294797847826e+00
-8.087825454786796708e-01 -3.052285294797847826e+00 0.000000000000000000e+00 1.000000000000000021e-08 -1.159645018988048282e+00 -3.508624735093685665e+00
-1.159645018988048282e+00 -3.508624735093685665e+00 1.000000000000000000e+00 9.999000000000000110e-01 -1.570796326794896558e+00 -4.813242096245634372e+00
1.953357448893347156e-02 -3.103918544012948186e-02 0.000000000000000000e+00 1.000000000000000021e-08 1.134296077452277562e-01 9.389603325629427566e-01
1.134296077452277562e-01 9.389603325629427566e-01 1.000000000000000000e+00 1.000000000000000021e-08 2.094457143692869949e-01 9.601610662405923868e-01
2.094457143692869949e-01 9.601610662405923868e-01 0.000000000000000000e+00 1.000000000000000021e-08 4.394328187620922255e-01 2.299871043928052305e+00
4.394328187620922255e-01 2.299871043928052305e+00 2.000000000000000000e+00 1.000000000000000021e-08 6.568701510116032871e-01 2.174373322495110727e+00
6.568701510116032871e-01 2.174373322495110727e+00 1.000000000000000000e+00 1.000000000000000021e-08 9.733828426018751312e-01 3.165126915902717997e+00
9.733828426018751312e-01 3.165126915902717997e+00 1.000000000000000000e+00 1.000000000000000021e-08 1.418357452658195017e+00 4.449746100563197970e+00
1.418357452658195017e+00 4.449746100563197970e+00 2.000000000000000000e+00 9.999000000000000110e-01 1.570796326794896558e+00 5.000000000000000000e+00
-3.658671492470748354e-02 -1.437602728923329312e-02 0.000000000000000000e+00 1.000000000000000021e-08 5.046342129127184828e-02 8.705013621597932350e-01
5.046342129127184828e-02 8.705013621597932350e-01 1.000000000000000000e+00 1.000000000000000021e-08 1.511583783089386346e-01 1.006949570176667752e+00
1.511583783089386346e-01 1.006949570176667752e+00 2.000000000000000000e+00 1.000000000000000021e-08 1.756375621468952430e-01 2.447918383795661956e-01
1.756375621468952430e-01 2.447918383795661956e-01 0.000000000000000000e+00 1.000000000000000021e-08 3.121012322319968169e-01 1.364636700851015405e+00
3.121012322319968169e-01 1.364636700851015405e+00 0.000000000000000000e+00 1.000000000000000021e-08 5.833504639886235577e-01 2.712492317566266742e+00
5.833504639886235577e-01 2.712492317566266742e+00 0.000000000000000000e+00 1.000000000000000021e-08 1.014433136320599393e+00 4.310826723319757470e+00
1.014433136320599393e+00 4.310826723319757470e+00 0.000000000000000000e+00 9.999000000000000110e-01 1.570796326794896558e+00 5.000000000000000000e+00
2.749858560013078435e-02 4.517964459724521653e-02 1.000000000000000000e+00 1.000000000000000021e-08 4.589104936747919611e-02 1.839246376734841038e-01
4.589104936747919611e-02 1.839246376734841038e-01 2.000000000000000000e+00 1.000000000000000021e-08 -1.054365494578671236e-03 -4.694541486205786596e-01
-1.054365494578671236e-03 -4.694541486205786596e-01 1.000000000000000000e+00 1.000000000000000021e-08 -4.041341082079480396e-02 -3.935904532621612995e-01
-4.041341082079480396e-02 -3.935904532621612995e-01 0.000000000000000000e+00 1.000000000000000021e-08 -9.096035639966450204e-03 3.131737518082834959e-01
-9.096035639966450204e-03 3.131737518082834959e-01 2.000000000000000000e+00 1.000000000000000021e-08 -5.264518857219985248e-02 -4.354915293223339812e-01
-5.264518857219985248e-02 -4.354915293223339812e-01 0.000000000000000000e+00 1.000000000000000021e-08 -5.512330214997675226e-03 4.713285835720217309e-01
-5.512330214997675226e-03 4.713285835720217309e-01 2.000000000000000000e+00 1.000000000000000021e-08 -5.912784857542875694e-02 -5.361551836043108032e-01
-5.912784857542875694e-02 -5.361551836043108032e-01 0.000000000000000000e+00 1.000000000000000021e-08 -2.725839620104607980e-02 3.186945237438267853e-01
-2.725839620104607980e-02 3.186945237438267853e-01 1.000000000000000000e+00 1.000000000000000021e-08 1.641779323830546561e-02 4.367618943935154263e-01
1.641779323830546561e-02 4.367618943935154263e-01 2.000000000000000000e+00 1.000000000000000021e-08 -2.338783594261429483e-02 -3.980562918091975488e-01
-2.338783594261429483e-02 -3.980562918091975488e-01 2.000000000000000000e+00 1.000000000000000021e-08 -1.586743768440037616e-01 -1.352865409013894737e+00
-1.586743768440037616e-01 -1.352865409013894737e+00 0.000000000000000000e+00 1.000000000000000021e-08 -2.430941341488641050e-01 -8.441975730486032115e-01
-2.430941341488641050e-01 -8.441975730486032115e-01 1.000000000000000000e+00 1.000000000000000021e-08 -3.799028727526295723e-01 -1.368087386037654785e+00
-3.799028727526295723e-01 -1.368087386037654785e+00 1.000000000000000000e+00 1.000000000000000021e-08 -5.651265354212879899e-01 -1.852236626686583509e+00
-5.651265354212879899e-01 -1.852236626686583509e+00 1.000000000000000000e+00 1.000000000000000021e-08 -8.355337152141102397e-01 -2.704071797928222942e+00
-8.355337152141102397e-01 -2.704071797928222942e+00 0.000000000000000000e+00 1.000000000000000021e-08 -1.155647908036045113e+00 -3.201141928219347399e+00
-1.155647908036045113e+00 -3.201141928219347399e+00 2.000000000000000000e+00 9.999000000000000110e-01 -1.570796326794896558e+00 -4.882711259978988139e+00
6.950839937339295393e-02 -6.412969661437702140e-02 0.000000000000000000e+00 1.000000000000000021e-08 1.698869747764645832e-01 1.003785754030716237e+00
1.698869747764645832e-01 1.003785754030716237e+00 0.000000000000000000e+00 1.000000000000000021e-08 3.972610876422387194e-01 2.273741128657741140e+00
3.972610876422387194e-01 2.273741128657741140e+00 0.000000000000000000e+00 1.000000000000000021e-08 7.568933358022766900e-01 3.596322481600379817e+00
7.568933358022766900e-01 3.596322481600379817e+00 0.000000000000000000e+00 1.000000000000000021e-08 1.280326138987536222e+00 5.000000000000000000e+00
1.280326138987536222e+00 5.000000000000000000e+00 0.000000000000000000e+00 9.999000000000000110e-01 1.570796326794896558e+00 5.000000000000000000e+00
-1.398683363312380572e-02 5.294257744047764502e-05 2.000000000000000000e+00 1.000000000000000021e-08 -1.081288738956188850e-01 -9.414204026249507473e-01
-1.081288738956188850e-01 -9.414204026249507473e-01 2.000000000000000000e+00 1.000000000000000021e-08 -2.924316458137571906e-01 -1.843027719181383084e+00
-2.924316458137571906e-01 -1.843027719181383084e+00 2.000000000000000000e+00 1.000000000000000021e-08 -6.171605071535342102e-01 -3.247288613397770085e+00
-6.171605071535342102e-01 -3.247288613397770085e+00 1.000000000000000000e+00 1.000000000000000021e-08 -1.025778475153972469e+00 -4.086179680004383030e+00
-1.025778475153972469e+00 -4.086179680004383030e+00 2.000000000000000000e+00 9.999000000000000110e-01 -1.570796326794896558e+00 -5.000000000000000000e+00
-8.235280319033085744e-03 -2.847662693744857504e-02 1.000000000000000000e+00 1.000000000000000021e-08 -2.430493107837079433e-02 -1.606965075933770859e-01
-2.430493107837079433e-02 -1.606965075933770859e-01 1.000000000000000000e+00 1.000000000000000021e-08 -5.820074231205930870e-02 -3.389581123368851090e-01
-5.820074231205930870e-02 -3.389581123368851090e-01 1.000000000000000000e+00 1.000000000000000021e-08 -1.004351703183692934e-01 -4.223442800630997640e-01
-1.004351703183692934e-01 -4.223442800630997640e-01 2.000000000000000000e+00 1.000000000000000021e-08 -2.397870761504919124e-01 -1.393519058321226023e+00
-2.397870761504919124e-01 -1.393519058321226023e+00 1.000000000000000000e+00 1.000000000000000021e-08 -4.183014707129199539e-01 -1.785143945624280359e+00
-4.183014707129199539e-01 -1.785143945624280359e+00 2.000000000000000000e+00 1.000000000000000021e-08 -7.267060320960226916e-01 -3.084045613831027044e+00
-7.267060320960226916e-01 -3.084045613831027044e+00 2.000000000000000000e+00 1.000000000000000021e-08 -1.186332769979217661e+00 -4.596267378831949024e+00
-1.186332769979217661e+00 -4.596267378831949024e+00 0.000000000000000000e+00 9.999000000000000110e-01 -1.570796326794896558e+00 -5.000000000000000000e+00
4.472833608943625749e-02 8.026086731206868996e-02 0.000000000000000000e+00 1.000000000000000021e-08 1.528269117785844844e-01 1.080985756891482019e+00
1.528269117785844844e-01 1.080985756891482019e+00 1.000000000000000000e+00 1.000000000000000021e-08 2.726486802406298260e-01 1.198217684620453083e+00
2.726486802406298260e-01 1.198217684620453083e+00 0.000000000000000000e+00 1.000000000000000021e-08 5.337174450225448119e-01 2.610687647819149859e+00
5.337174450225448119e-01 2.610687647819149859e+00 2.000000000000000000e+00 1.000000000000000021e-08 8.153748985417000883e-01 2.816574535191552542e+00
8.153748985417000883e-01 2.816574535191552542e+00 1.000000000000000000e+00 1.000000000000000021e-08 1.209053700104239182e+00 3.936788015625391157e+00
1.209053700104239182e+00 3.936788015625391157e+00 1.000000000000000000e+00 9.999000000000000110e-01 1.570796326794896558e+00 5.000000000000000000e+00
-1.535914797260766289e-02 -4.235222997524477895e-02 2.000000000000000000e+00 1.000000000000000021e-08 -1.251986702355863956e-01 -1.098395222629787282e+00
-1.251986702355863956e-01 -1.098395222629787282e+00 2.000000000000000000e+00 1.000000000000000021e-08 -3.553464919553092627e-01 -2.301478217197228560e+00
-3.553464919553092627e-01 -2.301478217197228560e+00 2.000000000000000000e+00 1.000000000000000021e-08 -7.290334558755371397e-01 -3.736869639202279103e+00
-7.290334558755371397e-01 -3.736869639202279103e+00 0.000000000000000000e+00 1.000000000000000021e-08 -1.141208892926924845e+00 -4.121754370513876609e+00
-1.141208892926924845e+00 -4.121754370513876609e+00 0.000000000000000000e+00 9.999000000000000110e-01 -1.570796326794896558e+00 -5.000000000000000000e+00
-1.544879022549530689e-03 2.979792422235697999e-02 0.000000000000000000e+00 1.000000000000000021e-08 1.008957651771991704e-01 1.024406441997486983e+00
1.008957651771991704e-01 1.024406441997486983e+00 1.000000000000000000e+00 1.000000000000000021e-08 2.212429688928537475e-01 1.203472037156545715e+00
2.212429688928537475e-01 1.203472037156545715e+00 2.000000000000000000e+00 1.000000000000000021e-08 2.963042090181030042e-01 7.506124012524926226e-01
2.963042090181030042e-01 7.506124012524926226e-01 1.000000000000000000e+00 1.000000000000000021e-08 4.272668496515681369e-01 1.309626406334651438e+00
4.272668496515681369e-01 1.309626406334651438e+00 1.000000000000000000e+00 1.000000000000000021e-08 6.201386735596248201e-01 1.928718239080567276e+00
6.201386735596248201e-01 1.928718239080567276e+00 2.000000000000000000e+00 1.000000000000000021e-08 8.368329610582003752e-01 2.166942874985755552e+00
8.368329610582003752e-01 2.166942874985755552e+00 1.000000000000000000e+00 1.000000000000000021e-08 1.169901756564836859e+00 3.330687955066363948e+00
1.169901756564836859e+00 3.330687955066363948e+00 1.000000000000000000e+00 9.999000000000000110e-01 1.570796326794896558e+00 4.608207433834778932e+00
-6.539559803746790301e-02 -7.369155976926970719e-02 0.000000000000000000e+00 1.000000000000000021e-08 2.024091142624519224e-02 8.563650946371309525e-01
2.024091142624519224e-02 8.563650946371309525e-01 1.000000000000000000e+00 1.000000000000000021e-08 1.208498951241446517e-01 1.006089836978994567e+00
1.208498951241446517e-01 1.006089836978994567e+00 2.000000000000000000e+00 1.000000000000000021e-08 1.681878685769885029e-01 4.733797345284384006e-01
1.681878685769885029e-01 4.733797345284384006e-01 0.000000000000000000e+00 1.000000000000000021e-08 3.334862878983941847e-01 1.652984193214056763e+00
3.334862878983941847e-01 1.652984193214056763e+00 0.000000000000000000e+00 1.000000000000000021e-08 6.208549453436816856e-01 2.873686574452874787e+00
6.208549453436816856e-01 2.873686574452874787e+00 0.000000000000000000e+00 1.000000000000000021e-08 1.057327172527462888e+00 4.364722271837811363e+00
1.057327172527462888e+00 4.364722271837811363e+00 1.000000000000000000e+00 9.999000000000000110e-01 1.570796326794896558e+00 5.000000000000000000e+00
2.608502731675371722e-02 -1.643677242763027374e-02 2.000000000000000000e+00 1.000000000000000021e-08 -6.324855008684072966e-02 -8.933357740359444410e-01
-6.324855008684072966e-02 -8.933357740359444410e-01 2.000000000000000000e+00 1.000000000000000021e-08 -2.552744119138148915e-01 -1.920258618269741424e+00
-2.552744119138148915e-01 -1.920258618269741424e+00 2.000000000000000000e+00 1.000000000000000021e-08 -5.858574634833708661e-01 -3.305830515695558969e+00
-5.858574634833708661e-01 -3.305830515695558969e+00 2.000000000000000000e+00 1.000000000000000021e-08 -1.066437913769216816e+00 -4.805804502858458171e+00
-1.066437913769216816e+00 -4.805804502858458171e+00 0.000000000000000000e+00 9.999000000000000110e-01 -1.570796326794896558e+00 -5.000000000000000000e+00
4.613276512231244408e-02 4.255660990786475084e-02 2.000000000000000000e+00 1.000000000000000021e-08 -2.749508080581487823e-02 -7.362784592812732232e-01
-2.749508080581487823e-02 -7.362784592812732232e-01 1.000000000000000000e+00 1.000000000000000021e-08 -9.872672029353371514e-02 -7.123163948771883414e-01
-9.872672029353371514e-02 -7.123163948771883414e-01 1.000000000000000000e+00 1.000000000000000021e-08 -1.708825021515575360e-01 -7.215578185802383748e-01
-1.708825021515575360e-01 -7.215578185802383748e-01 1.000000000000000000e+00 1.000000000000000021e-08 -2.708864591155740742e-01 -1.000039569640165382e+00
-2.708864591155740742e-01 -1.000039569640165382e+00 1.000000000000000000e+00 1.000000000000000021e-08 -4.030951274616665359e-01 -1.322086683460924172e+00
-4.030951274616665359e-01 -1.322086683460924172e+00 0.000000000000000000e+00 1.000000000000000021e-08 -5.297670416023643192e-01 -1.266719141406977389e+00
-5.297670416023643192e-01 -1.266719141406977389e+00 0.000000000000000000e+00 1.000000000000000021e-08 -6.676135442862464187e-01 -1.378465026838821217e+00
-6.676135442862464187e-01 -1.378465026838821217e+00 0.000000000000000000e+00 1.000000000000000021e-08 -8.413976289492536287e-01 -1.737840846630072100e+00
-8.413976289492536287e-01 -1.737840846630072100e+00 1.000000000000000000e+00 1.000000000000000021e-08 -1.132466934423947968e+00 -2.910693054746943620e+00
-1.132466934423947968e+00 -2.910693054746943620e+00 0.000000000000000000e+00 1.000000000000000021e-08 -1.516589353034990761e+00 -3.841224186110427929e+00
-1.516589353034990761e+00 -3.841224186110427929e+00 2.000000000000000000e+00 9.999000000000000110e-01 -1.570796326794896558e+00 -5.000000000000000000e+00
3.505943964616033831e-02 -7.151294607332157882e-02 2.000000000000000000e+00 1.000000000000000021e-08 -5.470730597814236346e-02 -8.976674562430270177e-01
-5.470730597814236346e-02 -8.976674562430270177e-01 2.000000000000000000e+00 1.000000000000000021e-08 -2.477899597271218668e-01 -1.930826537489795047e+00
-2.477899597271218668e-01 -1.930826537489795047e+00 2.000000000000000000e+00 1.000000000000000021e-08 -5.743229972837262665e-01 -3.265330375566044552e+00
-5.743229972837262665e-01 -3.265330375566044552e+00 2.000000000000000000e+00 1.000000000000000021e-08 -1.048814144524854219e+00 -4.744911472411279973e+00
-1.048814144524854219e+00 -4.744911472411279973e+00 1.000000000000000000e+00 9.999000000000000110e-01 -1.570796326794896558e+00 -5.000000000000000000e+00
3.938849657410745109e-03 -4.730122548138639138e-02 1.000000000000000000e+00 1.000000000000000021e-08 9.953127219920011870e-03 6.014277562509266761e-02
9.953127219920011870e-03 6.014277562509266761e-02 0.000000000000000000e+00 1.000000000000000021e-08 9.445451877560490095e-02 8.450139155568487936e-01
9.445451877560490095e-02 8.450139155568487936e-01 2.000000000000000000e+00 1.000000000000000021e-08 1.046302406699924220e-01 1.017572189438752384e-01
1.046302406699924220e-01 1.017572189438752384e-01 2.000000000000000000e+00 1.000000000000000021e-08 5.805371226613408736e-02 -4.657652840385833048e-01
5.805371226613408736e-02 -4.657652840385833048e-01 2.000000000000000000e+00 1.000000000000000021e-08 -7.295306854492678017e-02 -1.310067808110608745e+00
-7.295306854492678017e-02 -1.310067808110608745e+00 0.000000000000000000e+00 1.000000000000000021e-08 -1.449142715037411433e-01 -7.196120295881437423e-01
-1.449142715037411433e-01 -7.196120295881437423e-01 1.000000000000000000e+00 1.000000000000000021e-08 -2.271426655904943970e-01 -8.222839408675325368e-01
-2.271426655904943970e-01 -8.222839408675325368e-01 1.000000000000000000e+00 1.000000000000000021e-08 -3.562833576150603587e-01 -1.291406920245659506e+00
-3.562833576150603587e-01 -1.291406920245659506e+00 1.000000000000000000e+00 1.000000000000000021e-08 -5.286095155755686781e-01 -1.723261579605082972e+00
-5.286095155755686781e-01 -1.723261579605082972e+00 1.000000000000000000e+00 1.000000000000000021e-08 -7.730844912736209995e-01 -2.444749756980522992e+00
-7.730844912736209995e-01 -2.444749756980522992e+00 0.000000000000000000e+00 1.000000000000000021e-08 -1.057291958713560742e+00 -2.842074674399396539e+00
-1.057291958713560742e+00 -2.842074674399396539e+00 2.000000000000000000e+00 1.000000000000000021e-08 -1.511025202607906737e+00 -4.537332438943459501e+00
-1.511025202607906737e+00 -4.537332438943459501e+00 2.000000000000000000e+00 9.999000000000000110e-01 -1.570796326794896558e+00 -5.000000000000000000e+00
5.087475425322882105e-02 7.453486064049560933e-02 0.000000000000000000e+00 1.000000000000000021e-08 1.519630830601329807e-01 1.010883288069041486e+00
1.519630830601329807e-01 1.010883288069041486e+00 1.000000000000000000e+00 1.000000000000000021e-08 2.666967378201683392e-01 1.147336547600353196e+00
2.666967378201683392e-01 1.147336547600353196e+00 1.000000000000000000e+00 1.000000000000000021e-08 4.181877308124589687e-01 1.514909929922906295e+00
4.181877308124589687e-01 1.514909929922906295e+00 1.000000000000000000e+00 1.000000000000000021e-08 6.336717730007522809e-01 2.154840421882933121e+00
6.336717730007522809e-01 2.154840421882933121e+00 2.000000000000000000e+00 1.000000000000000021e-08 8.780977805537080183e-01 2.444260075529556708e+00
8.780977805537080183e-01 2.444260075529556708e+00 0.000000000000000000e+00 1.000000000000000021e-08 1.286376453500262418e+00 4.082786729465544440e+00
1.286376453500262418e+00 4.082786729465544440e+00 1.000000000000000000e+00 9.999000000000000110e-01 1.570796326794896558e+00 5.000000000000000000e+00
3.027345643327589847e-02 -6.260175319902568092e-02 0.000000000000000000e+00 1.000000000000000021e-08 1.206179710540653816e-01 9.034451462078948447e-01
1.206179710540653816e-01 9.034451462078948447e-01 1.000000000000000000e+00 1.000000000000000021e-08 2.277328067747341755e-01 1.071148357206687773e+00
2.277328067747341755e-01 1.071148357206687773e+00 2.000000000000000000e+00 1.000000000000000021e-08 2.722474234959564865e-01 4.451461672122228874e-01
2.722474234959564865e-01 4.451461672122228874e-01 1.000000000000000000e+00 1.000000000000000021e-08 3.595974355271802092e-01 8.735001203122373381e-01
3.595974355271802092e-01 8.735001203122373381e-01 2.000000000000000000e+00 1.000000000000000021e-08 4.365015331777090113e-01 7.690409765052876878e-01
4.365015331777090113e-01 7.690409765052876878e-01 0.000000000000000000e+00 1.000000000000000021e-08 6.648727312419260294e-01 2.283711980642170403e+00
6.648727312419260294e-01 2.283711980642170403e+00 0.000000000000000000e+00 1.000000000000000021e-08 1.059210541257914695e+00 3.943378100159886657e+00
1.059210541257914695e+00 3.943378100159886657e+00 2.000000000000000000e+00 1.000000000000000021e-08 1.539048926110521354e+00 4.798383848526065698e+00
1.539048926110521354e+00 4.798383848526065698e+00 0.000000000000000000e+00 9.999000000000000110e-01 1.570796326794896558e+00 5.000000000000000000e+00
-1.859243016317220151e-02 -7.026408706617222333e-02 2.000000000000000000e+00 1.000000000000000021e-08 -1.097925569431454224e-01 -9.120012677997321182e-01
-1.097925569431454224e-01 -9.120012677997321182e-01 1.000000000000000000e+00 1.000000000000000021e-08 -2.041215715919297291e-01 -9.432901464878428177e-01
-2.041215715919297291e-01 -9.432901464878428177e-01 2.000000000000000000e+00 1.000000000000000021e-08 -4.112798806699830001e-01 -2.071583090780532821e+00
-4.112798806699830001e-01 -2.071583090780532821e+00 0.000000000000000000e+00 1.000000000000000021e-08 -6.085687256515841526e-01 -1.972888449816011747e+00
-6.085687256515841526e-01 -1.972888449816011747e+00 1.000000000000000000e+00 1.000000000000000021e-08 -8.860193338575295119e-01 -2.774506082059453149e+00
-8.860193338575295119e-01 -2.774506082059453149e+00 0.000000000000000000e+00 1.000000000000000021e-08 -1.226115555660564738e+00 -3.400962218030351814e+00
-1.226115555660564738e+00 -3.400962218030351814e+00 0.000000000000000000e+00 9.999000000000000110e-01 -1.570796326794896558e+00 -4.505444015643924160e+00
-6.041798159627312370e-04 -2.289766713592294306e-02 1.000000000000000000e+00 1.000000000000000021e-08 -7.420810765596418633e-03 -6.816630949633686876e-02
-7.420810765596418633e-03 -6.816630949633686876e-02 0.000000000000000000e+00 1.000000000000000021e-08 8.351274903238439795e-02 9.093355979798081190e-01
8.351274903238439795e-02 9.093355979798081190e-01 2.000000000000000000e+00 1.000000000000000021e-08 9.539480534760111374e-02 1.188205631521671579e-01
9.539480534760111374e-02 1.188205631521671579e-01 0.000000000000000000e+00 1.000000000000000021e-08 2.031324180122679179e-01 1.077376126646667931e+00
2.031324180122679179e-01 1.077376126646667931e+00 1.000000000000000000e+00 1.000000000000000021e-08 3.284740446768503741e-01 1.253416266645824839e+00
3.284740446768503741e-01 1.253416266645824839e+00 2.000000000000000000e+00 1.000000000000000021e-08 4.126215756763844666e-01 8.414753099953407034e-01
4.126215756763844666e-01 8.414753099953407034e-01 0.000000000000000000e+00 1.000000000000000021e-08 6.410000035144588493e-01 2.283784278380744048e+00
6.410000035144588493e-01 2.283784278380744048e+00 2.000000000000000000e+00 1.000000000000000021e-08 8.911751512876127101e-01 2.501751477731539275e+00
8.911751512876127101e-01 2.501751477731539275e+00 0.000000000000000000e+00 1.000000000000000021e-08 1.301450578111214895e+00 4.102754268236022739e+00
1.301450578111214895e+00 4.102754268236022739e+00 1.000000000000000000e+00 9.999000000000000110e-01 1.570796326794896558e+00 5.000000000000000000e+00
7.421519403860646347e-02 1.002819675651809087e-02 2.000000000000000000e+00 1.000000000000000021e-08 -9.400201013159345531e-03 -8.361539505176580622e-01
-9.400201013159345531e-03 -8.361539505176580622e-01 2.000000000000000000e+00 1.000000000000000021e-08 -1.877218762246254946e-01 -1.783216752114661130e+00
-1.877218762246254946e-01 -1.783216752114661130e+00 0.000000000000000000e+00 1.000000000000000021e-08 -3.111500329969721368e-01 -1.234281567723466200e+00
-3.111500329969721368e-01 -1.234281567723466200e+00 0.000000000000000000e+00 1.000000000000000021e-08 -4.165498634922172316e-01 -1.053998304952451059e+00
-4.165498634922172316e-01 -1.053998304952451059e+00 2.000000000000000000e+00 1.000000000000000021e-08 -6.820530498707958467e-01 -2.655031863785786150e+00
-6.820530498707958467e-01 -2.655031863785786150e+00 1.000000000000000000e+00 1.000000000000000021e-08 -1.040130709053308067e+00 -3.580776591825121535e+00
-1.040130709053308067e+00 -3.580776591825121535e+00 0.000000000000000000e+00 1.000000000000000021e-08 -1.484274571174400981e+00 -4.441438621210928694e+00
-1.484274571174400981e+00 -4.441438621210928694e+00 1.000000000000000000e+00 9.999000000000000110e-01 -1.570796326794896558e+00 -5.000000000000000000e+00
-1.469326060234185660e-02 -1.545136508295004082e-02 0.000000000000000000e+00 1.000000000000000021e-08 6.289148548025672025e-02 7.758474608259856575e-01
6.289148548025672025e-02 7.758474608259856575e-01 1.000000000000000000e+00 1.000000000000000021e-08 1.589594420809722353e-01 9.606795660071552057e-01
1.589594420809722353e-01 9.606795660071552057e-01 0.000000000000000000e+00 1.000000000000000021e-08 3.546621432452308209e-01 1.957027011642586078e+00
3.546621432452308209e-01 1.957027011642586078e+00 1.000000000000000000e+00 1.000000000000000021e-08 5.967093806938881251e-01 2.420472374486573486e+00
5.967093806938881251e-01 2.420472374486573486e+00 2.000000000000000000e+00 1.000000000000000021e-08 8.456413470140250466e-01 2.489319663201369437e+00
8.456413470140250466e-01 2.489319663201369437e+00 0.000000000000000000e+00 1.000000000000000021e-08 1.250298575780200760e+00 4.046572287661757805e+00
1.250298575780200760e+00 4.046572287661757805e+00 0.000000000000000000e+00 9.999000000000000110e-01 1.570796326794896558e+00 5.000000000000000000e+00
-6.228725251557068465e-02 2.417490916903330608e-02 0.000000000000000000e+00 1.000000000000000021e-08 2.677750273091336619e-02 8.906475524648405084e-01
2.677750273091336619e-02 8.906475524648405084e-01 1.000000000000000000e+00 1.000000000000000021e-08 1.161185477972475899e-01 8.934104506633421261e-01
1.161185477972475899e-01 8.934104506633421261e-01 2.000000000000000000e+00 1.000000000000000021e-08 1.405686303076545962e-01 2.445008251040698966e-01
1.405686303076545962e-01 2.445008251040698966e-01 2.000000000000000000e+00 1.000000000000000021e-08 9.359851108519783025e-02 -4.697011922245676319e-01
9.359851108519783025e-02 -4.697011922245676319e-01 2.000000000000000000e+00 1.000000000000000021e-08 -1.169691132992274618e-02 -1.052954224151205764e+00
-1.169691132992274618e-02 -1.052954224151205764e+00 2.000000000000000000e+00 1.000000000000000021e-08 -2.024416797775069887e-01 -1.907447684475842120e+00
-2.024416797775069887e-01 -1.907447684475842120e+00 1.000000000000000000e+00 1.000000000000000021e-08 -4.273861702366595905e-01 -2.249444904591525685e+00
-4.273861702366595905e-01 -2.249444904591525685e+00 1.000000000000000000e+00 1.000000000000000021e-08 -7.155803818950525752e-01 -2.881942116583930513e+00
-7.155803818950525752e-01 -2.881942116583930513e+00 1.000000000000000000e+00 1.000000000000000021e-08 -1.099015203939978758e+00 -3.834348220449262712e+00
-1.099015203939978758e+00 -3.834348220449262712e+00 1.000000000000000000e+00 9.999000000000000110e-01 -1.570796326794896558e+00 -5.000000000000000000e+00
-7.339183973418980655e-02 -7.082788989454122386e-02 1.000000000000000000e+00 1.000000000000000021e-08 -7.976227264281074425e-02 -6.370432908620937695e-02
-7.976227264281074425e-02 -6.370432908620937695e-02 1.000000000000000000e+00 1.000000000000000021e-08 -1.166538990527288128e-01 -3.689162640991806574e-01
-1.166538990527288128e-01 -3.689162640991806574e-01 2.000000000000000000e+00 1.000000000000000021e-08 -2.612996014519562982e-01 -1.446457023992274937e+00
-2.612996014519562982e-01 -1.446457023992274937e+00 1.000000000000000000e+00 1.000000000000000021e-08 -4.611042164229667839e-01 -1.998046149710104746e+00
-4.611042164229667839e-01 -1.998046149710104746e+00 2.000000000000000000e+00 1.000000000000000021e-08 -8.030549063129814868e-01 -3.419506898900146474e+00
-8.030549063129814868e-01 -3.419506898900146474e+00 1.000000000000000000e+00 1.000000000000000021e-08 -1.242928133263042190e+00 -4.398732269500607472e+00
-1.242928133263042190e+00 -4.398732269500607472e+00 1.000000000000000000e+00 9.999000000000000110e-01 -1.570796326794896558e+00 -5.000000000000000000e+00
-6.558241338299666823e-02 -1.996720722984950819e-02 1.000000000000000000e+00 1.000000000000000021e-08 -9.297020679439720048e-02 -2.738779341140052948e-01
-9.297020679439720048e-02 -2.738779341140052948e-01 0.000000000000000000e+00 1.000000000000000021e-08 -4.001679762602038809e-02 5.295340916837680822e-01
-4.001679762602038809e-02 5.295340916837680822e-01 2.000000000000000000e+00 1.000000000000000021e-08 -8.274578877417859690e-02 -4.272899114815820187e-01
-8.274578877417859690e-02 -4.272899114815820187e-01 1.000000000000000000e+00 1.000000000000000021e-08 -1.404308442224695974e-01 -5.768505544829101161e-01
-1.404308442224695974e-01 -5.768505544829101161e-01 2.000000000000000000e+00 1.000000000000000021e-08 -3.008185100471296169e-01 -1.603876658246600195e+00
-3.008185100471296169e-01 -1.603876658246600195e+00 2.000000000000000000e+00 1.000000000000000021e-08 -5.920181732351953441e-01 -2.911996631880657382e+00
-5.920181732351953441e-01 -2.911996631880657382e+00 2.000000000000000000e+00 1.000000000000000021e-08 -1.032955287582648873e+00 -4.409371143474534627e+00
-1.032955287582648873e+00 -4.409371143474534627e+00 2.000000000000000000e+00 9.999000000000000110e-01 -1.570796326794896558e+00 -5.000000000000000000e+00
1.749326982762495347e-02 4.012524521151913243e-02 0.000000000000000000e+00 1.000000000000000021e-08 1.114206787935868581e-01 9.392740896596190048e-01
1.114206787935868581e-01 9.392740896596190048e-01 1.000000000000000000e+00 1.000000000000000021e-08 2.123572780838184904e-01 1.009365992902316433e+00
2.123572780838184904e-01 1.009365992902316433e+00 0.000000000000000000e+00 1.000000000000000021e-08 4.298989730092620531e-01 2.175416949254435739e+00
4.298989730092620531e-01 2.175416949254435739e+00 0.000000000000000000e+00 1.000000000000000021e-08 7.791334805581062728e-01 3.492345075488441974e+00
7.791334805581062728e-01 3.492345075488441974e+00 1.000000000000000000e+00 1.000000000000000021e-08 1.226871908975625480e+00 4.477384284175192519e+00
1.226871908975625480e+00 4.477384284175192519e+00 1.000000000000000000e+00 9.999000000000000110e-01 1.570796326794896558e+00 5.000000000000000000e+00
-2.773632331409149956e-02 -8.336900697363903989e-02 0.000000000000000000e+00 1.000000000000000021e-08 5.568460003406526526e-02 8.342092334815675025e-01
5.568460003406526526e-02 8.342092334815675025e-01 2.000000000000000000e+00 1.000000000000000021e-08 6.632931846272430154e-02 1.064471842865902795e-01
6.632931846272430154e-02 1.064471842865902795e-01 0.000000000000000000e+00 1.000000000000000021e-08 1.831620503951922885e-01 1.168327319324679703e+00
1.831620503951922885e-01 1.168327319324679703e+00 0.000000000000000000e+00 1.000000000000000021e-08 4.098867696452118126e-01 2.267247192500195130e+00
4.098867696452118126e-01 2.267247192500195130e+00 2.000000000000000000e+00 1.000000000000000021e-08 6.171841891208214026e-01 2.072974194756096011e+00
6.171841891208214026e-01 2.072974194756096011e+00 2.000000000000000000e+00 1.000000000000000021e-08 8.382610187827408410e-01 2.210768296619193940e+00
8.382610187827408410e-01 2.210768296619193940e+00 0.000000000000000000e+00 1.000000000000000021e-08 1.225072153169542988e+00 3.868111343868020580e+00
1.225072153169542988e+00 3.868111343868020580e+00 0.000000000000000000e+00 9.999000000000000110e-01 1.570796326794896558e+00 5.000000000000000000e+00
-7.247856797430689280e-02 2.219960312032856140e-02 2.000000000000000000e+00 1.000000000000000021e-08 -1.759282008328861835e-01 -1.034496328585792657e+00
-1.759282008328861835e-01 -1.034496328585792657e+00 1.000000000000000000e+00 1.000000000000000021e-08 -2.937521692679861962e-01 -1.178239684351000127e+00
-2.937521692679861962e-01 -1.178239684351000127e+00 0.000000000000000000e+00 1.000000000000000021e-08 -3.837357303336091929e-01 -8.998356106562297452e-01
-3.837357303336091929e-01 -8.998356106562297452e-01 0.000000000000000000e+00 1.000000000000000021e-08 -4.543708712391575366e-01 -7.063514090554831037e-01
-4.543708712391575366e-01 -7.063514090554831037e-01 1.000000000000000000e+00 1.000000000000000021e-08 -5.946596876305122459e-01 -1.402888163913547093e+00
-5.946596876305122459e-01 -1.402888163913547093e+00 2.000000000000000000e+00 1.000000000000000021e-08 -8.925841355723200810e-01 -2.979244479418078573e+00
-8.925841355723200810e-01 -2.979244479418078573e+00 2.000000000000000000e+00 1.000000000000000021e-08 -1.353148745539375808e+00 -4.605646099670556382e+00
-1.353148745539375808e+00 -4.605646099670556382e+00 0.000000000000000000e+00 9.999000000000000110e-01 -1.570796326794896558e+00 -5.000000000000000000e+00
-2.774693578554507378e-02 -2.791271371493533535e-02 2.000000000000000000e+00 1.000000000000000021e-08 -1.194115289548255548e-01 -9.166459316928047274e-01
-1.194115289548255548e-01 -9.166459316928047274e-01 0.000000000000000000e+00 1.000000000000000021e-08 -1.563134894817299614e-01 -3.690196052690439821e-01
-1.563134894817299614e-01 -3.690196052690439821e-01 0.000000000000000000e+00 1.000000000000000021e-08 -1.165195760544576464e-01 3.979391342727232050e-01
-1.165195760544576464e-01 3.979391342727232050e-01 1.000000000000000000e+00 1.000000000000000021e-08 -9.315989387326709115e-02 2.335968218119055251e-01
-9.315989387326709115e-02 2.335968218119055251e-01 2.000000000000000000e+00 1.000000000000000021e-08 -1.616186262929671658e-01 -6.845873241970007461e-01
-1.616186262929671658e-01 -6.845873241970007461e-01 0.000000000000000000e+00 1.000000000000000021e-08 -1.657440386402743437e-01 -4.125412347307189087e-02
-1.657440386402743437e-01 -4.125412347307189087e-02 2.000000000000000000e+00 1.000000000000000021e-08 -2.842959841423028378e-01 -1.185519455020284996e+00
-2.842959841423028378e-01 -1.185519455020284996e+00 2.000000000000000000e+00 1.000000000000000021e-08 -5.241699377185456976e-01 -2.398739535762428154e+00
-5.241699377185456976e-01 -2.398739535762428154e+00 2.000000000000000000e+00 1.000000000000000021e-08 -9.018096734649173607e-01 -3.776397357463716187e+00
-9.018096734649173607e-01 -3.776397357463716187e+00 1.000000000000000000e+00 1.000000000000000021e-08 -1.387326121883933894e+00 -4.855164484190164664e+00
-1.387326121883933894e+00 -4.855164484190164664e+00 2.000000000000000000e+00 9.999000000000000110e-01 -1.570796326794896558e+00 -5.000000000000000000e+00
-1.799672595654243368e-02 2.639580194057317836e-02 2.000000000000000000e+00 1.000000000000000021e-08 -1.207952897654677032e-01 -1.027985638089252696e+00
-1.207952897654677032e-01 -1.027985638089252696e+00 1.000000000000000000e+00 1.000000000000000021e-08 -2.471920739913509024e-01 -1.263967842258831853e+00
-2.471920739913509024e-01 -1.263967842258831853e+00 1.000000000000000000e+00 1.000000000000000021e-08 -4.000303346423816908e-01 -1.528382606510308106e+00
-4.000303346423816908e-01 -1.528382606510308106e+00 1.000000000000000000e+00 1.000000000000000021e-08 -6.108808490801171942e-01 -2.108505144377354590e+00
-6.108808490801171942e-01 -2.108505144377354590e+00 1.000000000000000000e+00 1.000000000000000021e-08 -9.104476451162222261e-01 -2.995667960361050763e+00
-9.104476451162222261e-01 -2.995667960361050763e+00 2.000000000000000000e+00 1.000000000000000021e-08 -1.367385162811004307e+00 -4.569375176947820805e+00
-1.367385162811004307e+00 -4.569375176947820805e+00 2.000000000000000000e+00 9.999000000000000110e-01 -1.570796326794896558e+00 -5.000000000000000000e+00
6.797368598901293302e-02 7.069352102038088670e-02 0.000000000000000000e+00 1.000000000000000021e-08 1.889251478492013914e-01 1.209514618601884584e+00
1.889251478492013914e-01 1.209514618601884584e+00 2.000000000000000000e+00 1.000000000000000021e-08 2.475419570505215938e-01 5.861680920132019690e-01
2.475419570505215938e-01 5.861680920132019690e-01 0.000000000000000000e+00 1.000000000000000021e-08 4.259304883186249557e-01 1.783885312681033453e+00
4.259304883186249557e-01 1.783885312681033453e+00 0.000000000000000000e+00 1.000000000000000021e-08 7.538868232322408769e-01 3.279563349136159545e+00
