-1.011849883101560189e-02 -4.204437906507639544e-02 2.000000000000000000e+00 1.000000000000000021e-08 -1.074209752758931574e-01 -9.730247644487755032e-01
-1.074209752758931574e-01 -9.730247644487755032e-01 0.000000000000000000e+00 1.000000000000000021e-08 -1.287601476657471433e-01 -2.133917238985397757e-01
-1.287601476657471433e-01 -2.133917238985397757e-01 1.000000000000000000e+00 1.000000000000000021e-08 -1.824662560051796278e-01 -5.370610833943247897e-01
-1.824662560051796278e-01 -5.370610833943247897e-01 0.000000000000000000e+00 1.000000000000000021e-08 -1.645118406880591300e-01 1.795441531712048677e-01
-1.645118406880591300e-01 1.795441531712048677e-01 1.000000000000000000e+00 1.000000000000000021e-08 -1.621521309623742968e-01 2.359709725684838721e-02
-1.621521309623742968e-01 2.359709725684838721e-02 2.000000000000000000e+00 1.000000000000000021e-08 -2.852250990982349577e-01 -1.230729681358606387e+00
-2.852250990982349577e-01 -1.230729681358606387e+00 1.000000000000000000e+00 1.000000000000000021e-08 -4.514439850307127022e-01 -1.662188859324777557e+00
-4.514439850307127022e-01 -1.662188859324777557e+00 1.000000000000000000e+00 1.000000000000000021e-08 -6.947755298753495179e-01 -2.433315448446367935e+00
-6.947755298753495179e-01 -2.433315448446367935e+00 0.000000000000000000e+00 1.000000000000000021e-08 -9.772783419515093106e-01 -2.825028120761597705e+00
-9.772783419515093106e-01 -2.825028120761597705e+00 2.000000000000000000e+00 1.000000000000000021e-08 -1.421405448874617949e+00 -4.441271069231087054e+00
-1.421405448874617949e+00 -4.441271069231087054e+00 0.000000000000000000e+00 9.999000000000000110e-01 -1.570796326794896558e+00 -5.000000000000000000e+00
2.341740608232216470e-03 8.326636452244352837e-02 0.000000000000000000e+00 1.000000000000000021e-08 8.720697819924699834e-02 8.486523759101477493e-01
8.720697819924699834e-02 8.486523759101477493e-01 1.000000000000000000e+00 1.000000000000000021e-08 1.700560423974297741e-01 8.284906419818278689e-01
1.700560423974297741e-01 8.284906419818278689e-01 1.000000000000000000e+00 1.000000000000000021e-08 2.827521431158285248e-01 1.126961007183987284e+00
2.827521431158285248e-01 1.126961007183987284e+00 0.000000000000000000e+00 1.000000000000000021e-08 5.417885384899356893e-01 2.590363953741072311e+00
5.417885384899356893e-01 2.590363953741072311e+00 2.000000000000000000e+00 1.000000000000000021e-08 8.196156212785521422e-01 2.778270827886164085e+00
8.196156212785521422e-01 2.778270827886164085e+00 0.000000000000000000e+00 1.000000000000000021e-08 1.254920070098160423e+00 4.353044488196081474e+00
1.254920070098160423e+00 4.353044488196081474e+00 1.000000000000000000e+00 9.999000000000000110e-01 1.570796326794896558e+00 5.000000000000000000e+00
5.552238073373237659e-02 -7.319592973402115621e-02 1.000000000000000000e+00 1.000000000000000021e-08 4.443402541736035660e-02 -1.108835531637201860e-01
4.443402541736035660e-02 -1.108835531637201860e-01 2.000000000000000000e+00 1.000000000000000021e-08 -4.844193477152766714e-02 -9.287596018888801819e-01
-4.844193477152766714e-02 -9.287596018888801819e-01 1.000000000000000000e+00 1.000000000000000021e-08 -1.385883609606131106e-01 -9.014642618908543792e-01
-1.385883609606131106e-01 -9.014642618908543792e-01 0.000000000000000000e+00 1.000000000000000021e-08 -1.566748035252185089e-01 -1.808644256460538724e-01
-1.566748035252185089e-01 -1.808644256460538724e-01 2.000000000000000000e+00 1.000000000000000021e-08 -2.993174136091081294e-01 -1.426426100838895872e+00
-2.993174136091081294e-01 -1.426426100838895872e+00 0.000000000000000000e+00 1.000000000000000021e-08 -3.947053769136428247e-01 -9.538796330453470640e-01
-3.947053769136428247e-01 -9.538796330453470640e-01 0.000000000000000000e+00 1.000000000000000021e-08 -4.897890323829832693e-01 -9.508365546934045565e-01
-4.897890323829832693e-01 -9.508365546934045565e-01 0.000000000000000000e+00 1.000000000000000021e-08 -5.834894981447886764e-01 -9.370046576180536269e-01
-5.834894981447886764e-01 -9.370046576180536269e-01 2.000000000000000000e+00 1.000000000000000021e-08 -8.250516738772812886e-01 -2.415621757324925678e+00
-8.250516738772812886e-01 -2.415621757324925678e+00 1.000000000000000000e+00 1.000000000000000021e-08 -1.179954428665821453e+00 -3.549027547885400757e+00
-1.179954428665821453e+00 -3.549027547885400757e+00 1.000000000000000000e+00 9.999000000000000110e-01 -1.570796326794896558e+00 -4.923098440193228065e+00
7.885604570621375375e-02 4.829769204322439946e-02 1.000000000000000000e+00 1.000000000000000021e-08 8.472848680227321183e-02 5.872441096059465016e-02
8.472848680227321183e-02 5.872441096059465016e-02 1.000000000000000000e+00 1.000000000000000021e-08 1.159910892398513804e-01 3.126260243757816859e-01
1.159910892398513804e-01 3.126260243757816859e-01 0.000000000000000000e+00 1.000000000000000021e-08 2.447744123734129917e-01 1.287833231335616002e+00
2.447744123734129917e-01 1.287833231335616002e+00 0.000000000000000000e+00 1.000000000000000021e-08 5.029773537934038030e-01 2.582029414199908501e+00
5.029773537934038030e-01 2.582029414199908501e+00 0.000000000000000000e+00 1.000000000000000021e-08 9.248715069720556681e-01 4.218941531786517984e+00
9.248715069720556681e-01 4.218941531786517984e+00 2.000000000000000000e+00 1.000000000000000021e-08 1.412355787007426589e+00 4.874842800353709649e+00
1.412355787007426589e+00 4.874842800353709649e+00 0.000000000000000000e+00 9.999000000000000110e-01 1.570796326794896558e+00 5.000000000000000000e+00
4.468297849049661374e-02 2.927139977337778892e-02 2.000000000000000000e+00 1.000000000000000021e-08 -4.123567681306374022e-02 -8.591865530356035396e-01
-4.123567681306374022e-02 -8.591865530356035396e-01 2.000000000000000000e+00 1.000000000000000021e-08 -2.230700190971629526e-01 -1.818343422840992263e+00
-2.230700190971629526e-01 -1.818343422840992263e+00 0.000000000000000000e+00 1.000000000000000021e-08 -3.667504648717400673e-01 -1.436804457745771035e+00
-3.667504648717400673e-01 -1.436804457745771035e+00 2.000000000000000000e+00 1.000000000000000021e-08 -6.460736031265209567e-01 -2.793231382547808561e+00
-6.460736031265209567e-01 -2.793231382547808561e+00 0.000000000000000000e+00 1.000000000000000021e-08 -9.438721728424424029e-01 -2.977985697159214684e+00
-9.438721728424424029e-01 -2.977985697159214684e+00 0.000000000000000000e+00 1.000000000000000021e-08 -1.317986207253841524e+00 -3.741140344113992100e+00
-1.317986207253841524e+00 -3.741140344113992100e+00 1.000000000000000000e+00 9.999000000000000110e-01 -1.570796326794896558e+00 -5.000000000000000000e+00
-2.768131719691649395e-02 -2.150052730687537078e-02 0.000000000000000000e+00 1.000000000000000021e-08 5.795715985633365097e-02 8.563847705325013937e-01
5.795715985633365097e-02 8.563847705325013937e-01 0.000000000000000000e+00 1.000000000000000021e-08 2.357301515867415986e-01 1.777729917304079255e+00
2.357301515867415986e-01 1.777729917304079255e+00 1.000000000000000000e+00 1.000000000000000021e-08 4.474242153969649749e-01 2.116940638102233763e+00
4.474242153969649749e-01 2.116940638102233763e+00 0.000000000000000000e+00 1.000000000000000021e-08 7.992402143168639839e-01 3.518159989198990090e+00
7.992402143168639839e-01 3.518159989198990090e+00 2.000000000000000000e+00 1.000000000000000021e-08 1.194447998135738320e+00 3.952077838188744252e+00
1.194447998135738320e+00 3.952077838188744252e+00 2.000000000000000000e+00 9.999000000000000110e-01 1.570796326794896558e+00 4.976328470082795441e+00
7.635075361333062277e-03 -3.803126555273533826e-02 2.000000000000000000e+00 1.000000000000000021e-08 -8.326557559373759521e-02 -9.090065095507064985e-01
-8.326557559373759521e-02 -9.090065095507064985e-01 2.000000000000000000e+00 1.000000000000000021e-08 -2.619404758499800367e-01 -1.786749002562424415e+00
-2.619404758499800367e-01 -1.786749002562424415e+00 1.000000000000000000e+00 1.000000000000000021e-08 -4.688270411238864011e-01 -2.068865652739063865e+00
-4.688270411238864011e-01 -2.068865652739063865e+00 1.000000000000000000e+00 1.000000000000000021e-08 -7.554207751563385420e-01 -2.865937340324521188e+00
-7.554207751563385420e-01 -2.865937340324521188e+00 1.000000000000000000e+00 1.000000000000000021e-08 -1.153310441979463530e+00 -3.978896668231250544e+00
-1.153310441979463530e+00 -3.978896668231250544e+00 1.000000000000000000e+00 9.999000000000000110e-01 -1.570796326794896558e+00 -5.000000000000000000e+00
-1.326714153916618705e-02 4.438503756755321494e-02 1.000000000000000000e+00 1.000000000000000021e-08 -3.829380619544686670e-03 9.437760919621498990e-02
-3.829380619544686670e-03 9.437760919621498990e-02 0.000000000000000000e+00 1.000000000000000021e-08 8.280610632020909967e-02 8.663548693975378079e-01
8.280610632020909967e-02 8.663548693975378079e-01 2.000000000000000000e+00 1.000000000000000021e-08 9.466202760246869574e-02 1.185592128225959607e-01
9.466202760246869574e-02 1.185592128225959607e-01 0.000000000000000000e+00 1.000000000000000021e-08 2.107232778202247081e-01 1.160612502177559957e+00
2.107232778202247081e-01 1.160612502177559957e+00 0.000000000000000000e+00 1.000000000000000021e-08 4.545984421780319695e-01 2.438751643578072503e+00
4.545984421780319695e-01 2.438751643578072503e+00 1.000000000000000000e+00 1.000000000000000021e-08 7.740854422227778642e-01 3.194870000447458835e+00
7.740854422227778642e-01 3.194870000447458835e+00 2.000000000000000000e+00 1.000000000000000021e-08 1.148995179254454158e+00 3.749097370316763822e+00
1.148995179254454158e+00 3.749097370316763822e+00 2.000000000000000000e+00 9.999000000000000110e-01 1.570796326794896558e+00 4.781688741280288646e+00
-6.477810288600660549e-02 3.366093845403626134e-02 0.000000000000000000e+00 1.000000000000000021e-08 1.361659277101891219e-02 7.839469565702551490e-01
1.361659277101891219e-02 7.839469565702551490e-01 2.000000000000000000e+00 1.000000000000000021e-08 1.351420829133165649e-02 -1.023844796872563911e-03
1.351420829133165649e-02 -1.023844796872563911e-03 2.000000000000000000e+00 1.000000000000000021e-08 -6.243344845599706205e-02 -7.594765674732870675e-01
-6.243344845599706205e-02 -7.594765674732870675e-01 1.000000000000000000e+00 1.000000000000000021e-08 -1.620248631012594087e-01 -9.959141464526235499e-01
-1.620248631012594087e-01 -9.959141464526235499e-01 2.000000000000000000e+00 1.000000000000000021e-08 -3.915005305140934477e-01 -2.294756674128340279e+00
-3.915005305140934477e-01 -2.294756674128340279e+00 2.000000000000000000e+00 1.000000000000000021e-08 -7.613009343277672425e-01 -3.698004038136738281e+00
-7.613009343277672425e-01 -3.698004038136738281e+00 0.000000000000000000e+00 1.000000000000000021e-08 -1.179120201915131672e+00 -4.178192675873644291e+00
-1.179120201915131672e+00 -4.178192675873644291e+00 2.000000000000000000e+00 9.999000000000000110e-01 -1.570796326794896558e+00 -5.000000000000000000e+00
-2.162521129994850536e-02 -2.013287857391760083e-02 2.000000000000000000e+00 1.000000000000000021e-08 -9.804865485497181454e-02 -7.642344355502330711e-01
-9.804865485497181454e-02 -7.642344355502330711e-01 0.000000000000000000e+00 1.000000000000000021e-08 -1.154839444182806651e-01 -1.743528956330885338e-01
-1.154839444182806651e-01 -1.743528956330885338e-01 1.000000000000000000e+00 1.000000000000000021e-08 -1.356514351887849745e-01 -2.016749077050430383e-01
-1.356514351887849745e-01 -2.016749077050430383e-01 1.000000000000000000e+00 1.000000000000000021e-08 -1.873359422106937178e-01 -5.168450702190874324e-01
-1.873359422106937178e-01 -5.168450702190874324e-01 0.000000000000000000e+00 1.000000000000000021e-08 -1.745535406199262840e-01 1.278240159076742266e-01
-1.745535406199262840e-01 1.278240159076742266e-01 0.000000000000000000e+00 1.000000000000000021e-08 -9.553607847532413766e-02 7.901746214460213524e-01
-9.553607847532413766e-02 7.901746214460213524e-01 0.000000000000000000e+00 1.000000000000000021e-08 4.149094616206910890e-02 1.370270246373932466e+00
4.149094616206910890e-02 1.370270246373932466e+00 0.000000000000000000e+00 1.000000000000000021e-08 2.733635505306726277e-01 2.318726043686035077e+00
2.733635505306726277e-01 2.318726043686035077e+00 1.000000000000000000e+00 1.000000000000000021e-08 5.650619458014014551e-01 2.916983952707288275e+00
5.650619458014014551e-01 2.916983952707288275e+00 1.000000000000000000e+00 1.000000000000000021e-08 9.412085019510422201e-01 3.761465561496407428e+00
9.412085019510422201e-01 3.761465561496407428e+00 2.000000000000000000e+00 1.000000000000000021e-08 1.380192149771751087e+00 4.389836478207089776e+00
1.380192149771751087e+00 4.389836478207089776e+00 0.000000000000000000e+00 9.999000000000000110e-01 1.570796326794896558e+00 5.000000000000000000e+00
7.493106521963098510e-02 -7.033672274457916651e-02 1.000000000000000000e+00 1.000000000000000021e-08 7.780806992558904345e-02 2.877004705958063902e-02
7.780806992558904345e-02 2.877004705958063902e-02 0.000000000000000000e+00 1.000000000000000021e-08 1.760478346533298488e-01 9.823976472774080815e-01
1.760478346533298488e-01 9.823976472774080815e-01 1.000000000000000000e+00 1.000000000000000021e-08 3.093723447310410823e-01 1.333245100777112224e+00
3.093723447310410823e-01 1.333245100777112224e+00 0.000000000000000000e+00 1.000000000000000021e-08 5.870619346045806708e-01 2.776895898735395551e+00
5.870619346045806708e-01 2.776895898735395551e+00 2.000000000000000000e+00 1.000000000000000021e-08 8.887089521712536744e-01 3.016470175666730036e+00
8.887089521712536744e-01 3.016470175666730036e+00 1.000000000000000000e+00 1.000000000000000021e-08 1.310143775597759408e+00 4.214348234265056448e+00
1.310143775597759408e+00 4.214348234265056448e+00 0.000000000000000000e+00 9.999000000000000110e-01 1.570796326794896558e+00 5.000000000000000000e+00
5.027948267289628764e-02 -2.668968008838206937e-02 0.000000000000000000e+00 1.000000000000000021e-08 1.571761392318148931e-01 1.068966565589186013e+00
1.571761392318148931e-01 1.068966565589186013e+00 0.000000000000000000e+00 1.000000000000000021e-08 3.857657596862810179e-01 2.285896204544661359e+00
3.857657596862810179e-01 2.285896204544661359e+00 1.000000000000000000e+00 1.000000000000000021e-08 6.874220271424837936e-01 3.016562674562027979e+00
6.874220271424837936e-01 3.016562674562027979e+00 0.000000000000000000e+00 1.000000000000000021e-08 1.140704317386845634e+00 4.532822902443617963e+00
1.140704317386845634e+00 4.532822902443617963e+00 0.000000000000000000e+00 9.999000000000000110e-01 1.570796326794896558e+00 5.000000000000000000e+00
-2.868214628494184654e-02 3.339836246916857293e-02 0.000000000000000000e+00 1.000000000000000021e-08 6.223692142300248781e-02 9.091906770794432324e-01
6.223692142300248781e-02 9.091906770794432324e-01 1.000000000000000000e+00 1.000000000000000021e-08 1.485941094713321697e-01 8.635718804832966944e-01
1.485941094713321697e-01 8.635718804832966944e-01 2.000000000000000000e+00 1.000000000000000021e-08 1.719831245042738599e-01 2.338901503294169570e-01
1.719831245042738599e-01 2.338901503294169570e-01 0.000000000000000000e+00 1.000000000000000021e-08 3.026374780501340789e-01 1.306543535458601912e+00
3.026374780501340789e-01 1.306543535458601912e+00 2.000000000000000000e+00 1.000000000000000021e-08 3.981345448001119558e-01 9.549706674997788802e-01
3.981345448001119558e-01 9.549706674997788802e-01 1.000000000000000000e+00 1.000000000000000021e-08 5.566303641291328042e-01 1.584958193290207706e+00
5.566303641291328042e-01 1.584958193290207706e+00 2.000000000000000000e+00 1.000000000000000021e-08 7.252979198823512608e-01 1.686675557532184344e+00
7.252979198823512608e-01 1.686675557532184344e+00 1.000000000000000000e+00 1.000000000000000021e-08 1.008073303302234214e+00 2.827753834198829530e+00
1.008073303302234214e+00 2.827753834198829530e+00 0.000000000000000000e+00 1.000000000000000021e-08 1.460561532464597523e+00 4.524882291623633535e+00
1.460561532464597523e+00 4.524882291623633535e+00 0.000000000000000000e+00 9.999000000000000110e-01 1.570796326794896558e+00 5.000000000000000000e+00
-6.205736314596226738e-02 -4.948207344507855182e-02 2.000000000000000000e+00 1.000000000000000021e-08 -1.596541061153062824e-01 -9.759674296934400806e-01
-1.596541061153062824e-01 -9.759674296934400806e-01 0.000000000000000000e+00 1.000000000000000021e-08 -1.809931252674795710e-01 -2.133901915217329970e-01
-1.809931252674795710e-01 -2.133901915217329970e-01 1.000000000000000000e+00 1.000000000000000021e-08 -2.492177476631688704e-01 -6.822462239568929387e-01
-2.492177476631688704e-01 -6.822462239568929387e-01 2.000000000000000000e+00 1.000000000000000021e-08 -4.344278896590778594e-01 -1.852101419959089945e+00
-4.344278896590778594e-01 -1.852101419959089945e+00 0.000000000000000000e+00 1.000000000000000021e-08 -5.985784960764596319e-01 -1.641506064173817725e+00
-5.985784960764596319e-01 -1.641506064173817725e+00 2.000000000000000000e+00 1.000000000000000021e-08 -9.190511041192586106e-01 -3.204726080427989565e+00
-9.190511041192586106e-01 -3.204726080427989565e+00 1.000000000000000000e+00 1.000000000000000021e-08 -1.345828964020924889e+00 -4.267778599016663676e+00
-1.345828964020924889e+00 -4.267778599016663676e+00 2.000000000000000000e+00 9.999000000000000110e-01 -1.570796326794896558e+00 -5.000000000000000000e+00
-2.625053743103849743e-02 -5.919092644103684381e-03 1.000000000000000000e+00 1.000000000000000021e-08 -2.484401587538684689e-02 1.406521555651649505e-02
-2.484401587538684689e-02 1.406521555651649505e-02 1.000000000000000000e+00 1.000000000000000021e-08 -3.063429373095963998e-02 -5.790277855572791010e-02
-3.063429373095963998e-02 -5.790277855572791010e-02 0.000000000000000000e+00 1.000000000000000021e-08 4.961495357858527327e-02 8.024924730954491325e-01
4.961495357858527327e-02 8.024924730954491325e-01 1.000000000000000000e+00 1.000000000000000021e-08 1.505622924658044648e-01 1.009473388872191846e+00
1.505622924658044648e-01 1.009473388872191846e+00 1.000000000000000000e+00 1.000000000000000021e-08 2.698094178764445239e-01 1.192471254106400869e+00
2.698094178764445239e-01 1.192471254106400869e+00 1.000000000000000000e+00 1.000000000000000021e-08 4.356131484537517640e-01 1.658037305773071957e+00
4.356131484537517640e-01 1.658037305773071957e+00 2.000000000000000000e+00 1.000000000000000021e-08 5.962254023788454704e-01 1.606122539250937065e+00
5.962254023788454704e-01 1.606122539250937065e+00 1.000000000000000000e+00 1.000000000000000021e-08 8.466369513479008457e-01 2.504115489690553975e+00
8.466369513479008457e-01 2.504115489690553975e+00 2.000000000000000000e+00 1.000000000000000021e-08 1.158280982029277650e+00 3.116440306813767602e+00
1.158280982029277650e+00 3.116440306813767602e+00 1.000000000000000000e+00 9.999000000000000110e-01 1.570796326794896558e+00 4.475455247619296806e+00
2.477620266465722573e-02 1.039053646720095730e-02 2.000000000000000000e+00 1.000000000000000021e-08 -6.055793497831277183e-02 -8.533413764296999826e-01
-6.055793497831277183e-02 -8.533413764296999826e-01 0.000000000000000000e+00 1.000000000000000021e-08 -8.040415986153608141e-02 -1.984622488322330680e-01
-8.040415986153608141e-02 -1.984622488322330680e-01 2.000000000000000000e+00 1.000000000000000021e-08 -2.144905838330856684e-01 -1.340864239715495732e+00
-2.144905838330856684e-01 -1.340864239715495732e+00 0.000000000000000000e+00 1.000000000000000021e-08 -3.072300886031391620e-01 -9.273950477005350468e-01
-3.072300886031391620e-01 -9.273950477005350468e-01 0.000000000000000000e+00 1.000000000000000021e-08 -3.533664113983785438e-01 -4.613632279523935953e-01
-3.533664113983785438e-01 -4.613632279523935953e-01 2.000000000000000000e+00 1.000000000000000021e-08 -5.544369987836972324e-01 -2.010705873853186887e+00
-5.544369987836972324e-01 -2.010705873853186887e+00 0.000000000000000000e+00 1.000000000000000021e-08 -7.762887461293831448e-01 -2.218517473456859346e+00
-7.762887461293831448e-01 -2.218517473456859346e+00 1.000000000000000000e+00 1.000000000000000021e-08 -1.106036688566986781e+00 -3.297479424376036583e+00
-1.106036688566986781e+00 -3.297479424376036583e+00 0.000000000000000000e+00 1.000000000000000021e-08 -1.523440058422703913e+00 -4.174033698557170879e+00
-1.523440058422703913e+00 -4.174033698557170879e+00 2.000000000000000000e+00 9.999000000000000110e-01 -1.570796326794896558e+00 -5.000000000000000000e+00
1.256814870984892044e-02 -4.946358155223661707e-02 1.000000000000000000e+00 1.000000000000000021e-08 1.102369622801187971e-02 -1.544452481837041424e-02
1.102369622801187971e-02 -1.544452481837041424e-02 2.000000000000000000e+00 1.000000000000000021e-08 -7.927995772174656341e-02 -9.030365394975844451e-01
-7.927995772174656341e-02 -9.030365394975844451e-01 2.000000000000000000e+00 1.000000000000000021e-08 -2.642318096576199427e-01 -1.849518519358734014e+00
-2.642318096576199427e-01 -1.849518519358734014e+00 2.000000000000000000e+00 1.000000000000000021e-08 -5.929302290378544171e-01 -3.286984193802344745e+00
-5.929302290378544171e-01 -3.286984193802344745e+00 2.000000000000000000e+00 1.000000000000000021e-08 -1.068798830537282640e+00 -4.758686014994282232e+00
-1.068798830537282640e+00 -4.758686014994282232e+00 1.000000000000000000e+00 9.999000000000000110e-01 -1.570796326794896558e+00 -5.000000000000000000e+00
7.683909658030738110e-02 1.658610208613632911e-02 0.000000000000000000e+00 1.000000000000000021e-08 1.750495911960096018e-01 9.821049461570220407e-01
1.750495911960096018e-01 9.821049461570220407e-01 2.000000000000000000e+00 1.000000000000000021e-08 2.276170244973410028e-01 5.256743330133140102e-01
2.276170244973410028e-01 5.256743330133140102e-01 1.000000000000000000e+00 1.000000000000000021e-08 3.101545474471156805e-01 8.253752294977467763e-01
3.101545474471156805e-01 8.253752294977467763e-01 1.000000000000000000e+00 1.000000000000000021e-08 4.579164372210453582e-01 1.477618897739296777e+00
4.579164372210453582e-01 1.477618897739296777e+00 2.000000000000000000e+00 1.000000000000000021e-08 5.915513236294694943e-01 1.336348864084241583e+00
5.915513236294694943e-01 1.336348864084241583e+00 1.000000000000000000e+00 1.000000000000000021e-08 8.176160371005085636e-01 2.260647134710390027e+00
8.176160371005085636e-01 2.260647134710390027e+00 1.000000000000000000e+00 1.000000000000000021e-08 1.144419227511291659e+00 3.268031904107831842e+00
1.144419227511291659e+00 3.268031904107831842e+00 2.000000000000000000e+00 1.000000000000000021e-08 1.570667960764807969e+00 4.262487332535162210e+00
1.570667960764807969e+00 4.262487332535162210e+00 0.000000000000000000e+00 9.999000000000000110e-01 1.570796326794896558e+00 5.000000000000000000e+00
-6.530028015658478902e-02 8.176293735045253586e-02 1.000000000000000000e+00 1.000000000000000021e-08 -5.222574414600138215e-02 1.307453601058340686e-01
-5.222574414600138215e-02 1.307453601058340686e-01 1.000000000000000000e+00 1.000000000000000021e-08 -4.215084599658342618e-02 1.007489814941795597e-01
-4.215084599658342618e-02 1.007489814941795597e-01 0.000000000000000000e+00 1.000000000000000021e-08 4.778667359812689003e-02 8.993751959471031343e-01
4.778667359812689003e-02 8.993751959471031343e-01 2.000000000000000000e+00 1.000000000000000021e-08 6.775913070220217216e-02 1.997245710407528074e-01
6.775913070220217216e-02 1.997245710407528074e-01 2.000000000000000000e+00 1.000000000000000021e-08 1.832773682460572817e-02 -4.943139387759644121e-01
1.832773682460572817e-02 -4.943139387759644121e-01 2.000000000000000000e+00 1.000000000000000021e-08 -1.085066446409016505e-01 -1.268343814655073842e+00
-1.085066446409016505e-01 -1.268343814655073842e+00 2.000000000000000000e+00 1.000000000000000021e-08 -3.526099803430324253e-01 -2.441033357021307637e+00
-3.526099803430324253e-01 -2.441033357021307637e+00 0.000000000000000000e+00 1.000000000000000021e-08 -5.826634221250812651e-01 -2.300534417820487842e+00
-5.826634221250812651e-01 -2.300534417820487842e+00 0.000000000000000000e+00 1.000000000000000021e-08 -8.212804775000552837e-01 -2.386170553749740186e+00
-8.212804775000552837e-01 -2.386170553749740186e+00 2.000000000000000000e+00 1.000000000000000021e-08 -1.232593246378765439e+00 -4.113127688787100666e+00
-1.232593246378765439e+00 -4.113127688787100666e+00 2.000000000000000000e+00 9.999000000000000110e-01 -1.570796326794896558e+00 -5.000000000000000000e+00
7.931611382682354772e-02 1.790324308693103453e-02 1.000000000000000000e+00 1.000000000000000021e-08 9.265363211112115360e-02 1.333751828429760311e-01
9.265363211112115360e-02 1.333751828429760311e-01 1.000000000000000000e+00 1.000000000000000021e-08 1.109939066527153712e-01 1.834027454159421755e-01
1.109939066527153712e-01 1.834027454159421755e-01 2.000000000000000000e+00 1.000000000000000021e-08 6.353764963635680219e-02 -4.745625701635857174e-01
6.353764963635680219e-02 -4.745625701635857174e-01 0.000000000000000000e+00 1.000000000000000021e-08 1.295515372454869307e-01 6.601388760913012854e-01
1.295515372454869307e-01 6.601388760913012854e-01 1.000000000000000000e+00 1.000000000000000021e-08 2.151936861026665093e-01 8.564214885717957859e-01
2.151936861026665093e-01 8.564214885717957859e-01 2.000000000000000000e+00 1.000000000000000021e-08 2.519421162177615803e-01 3.674843011509506541e-01
2.519421162177615803e-01 3.674843011509506541e-01 1.000000000000000000e+00 1.000000000000000021e-08 3.146598044554200224e-01 6.271768823765843104e-01
3.146598044554200224e-01 6.271768823765843104e-01 2.000000000000000000e+00 1.000000000000000021e-08 3.396248577119624357e-01 2.496505325654243546e-01
3.396248577119624357e-01 2.496505325654243546e-01 0.000000000000000000e+00 1.000000000000000021e-08 5.005638194498097659e-01 1.609389617378472970e+00
5.005638194498097659e-01 1.609389617378472970e+00 2.000000000000000000e+00 1.000000000000000021e-08 6.727638749709611288e-01 1.722000555211513850e+00
6.727638749709611288e-01 1.722000555211513850e+00 1.000000000000000000e+00 1.000000000000000021e-08 9.425312226735518273e-01 2.697673477025907651e+00
9.425312226735518273e-01 2.697673477025907651e+00 1.000000000000000000e+00 1.000000000000000021e-08 1.338445469551916123e+00 3.959142468783642954e+00
1.338445469551916123e+00 3.959142468783642954e+00 0.000000000000000000e+00 9.999000000000000110e-01 1.570796326794896558e+00 5.000000000000000000e+00
2.872755022513186901e-02 1.246909468102817831e-02 0.000000000000000000e+00 1.000000000000000021e-08 1.154423395294076060e-01 8.671478930427571896e-01
1.154423395294076060e-01 8.671478930427571896e-01 1.000000000000000000e+00 1.000000000000000021e-08 2.089120359665126714e-01 9.346969643710506537e-01
2.089120359665126714e-01 9.346969643710506537e-01 0.000000000000000000e+00 1.000000000000000021e-08 4.291264521071144755e-01 2.202144161406017986e+00
4.291264521071144755e-01 2.202144161406017986e+00 0.000000000000000000e+00 1.000000000000000021e-08 7.964190822600668573e-01 3.672926301529523485e+00
7.964190822600668573e-01 3.672926301529523485e+00 0.000000000000000000e+00 1.000000000000000021e-08 1.313187840117676197e+00 5.000000000000000000e+00
1.313187840117676197e+00 5.000000000000000000e+00 2.000000000000000000e+00 9.999000000000000110e-01 1.570796326794896558e+00 5.000000000000000000e+00
-8.351271219903980136e-02 5.396766337666088209e-02 0.000000000000000000e+00 1.000000000000000021e-08 -1.143536952346202451e-03 8.236917524669359336e-01
-1.143536952346202451e-03 8.236917524669359336e-01 2.000000000000000000e+00 1.000000000000000021e-08 7.030607082525364496e-03 8.174144034871566600e-02
7.030607082525364496e-03 8.174144034871566600e-02 1.000000000000000000e+00 1.000000000000000021e-08 6.510058207531650709e-03 -5.205488749937134396e-03
6.510058207531650709e-03 -5.205488749937134396e-03 2.000000000000000000e+00 1.000000000000000021e-08 -8.756631865131636605e-02 -9.407637685884802092e-01
-8.756631865131636605e-02 -9.407637685884802092e-01 1.000000000000000000e+00 1.000000000000000021e-08 -1.945497019574994324e-01 -1.069833833061830664e+00
-1.945497019574994324e-01 -1.069833833061830664e+00 1.000000000000000000e+00 1.000000000000000021e-08 -3.213574161067470625e-01 -1.268077141492476301e+00
-3.213574161067470625e-01 -1.268077141492476301e+00 2.000000000000000000e+00 1.000000000000000021e-08 -5.805697037124071258e-01 -2.592122876056600411e+00
-5.805697037124071258e-01 -2.592122876056600411e+00 1.000000000000000000e+00 1.000000000000000021e-08 -9.263202321709551601e-01 -3.457505284585479455e+00
-9.263202321709551601e-01 -3.457505284585479455e+00 2.000000000000000000e+00 1.000000000000000021e-08 -1.431418673925116458e+00 -5.000000000000000000e+00
-1.431418673925116458e+00 -5.000000000000000000e+00 0.000000000000000000e+00 9.999000000000000110e-01 -1.570796326794896558e+00 -5.000000000000000000e+00
6.186898632982325980e-02 5.935571077822519859e-02 2.000000000000000000e+00 1.000000000000000021e-08 3.209964247482904875e-03 -5.865902208234035076e-01
3.209964247482904875e-03 -5.865902208234035076e-01 1.000000000000000000e+00 1.000000000000000021e-08 -6.015404678269932470e-02 -6.336401103018223235e-01
-6.015404678269932470e-02 -6.336401103018223235e-01 1.000000000000000000e+00 1.000000000000000021e-08 -1.193175847274050988e-01 -5.916353794470576855e-01
-1.193175847274050988e-01 -5.916353794470576855e-01 2.000000000000000000e+00 1.000000000000000021e-08 -2.774784351517429193e-01 -1.581608504243378066e+00
-2.774784351517429193e-01 -1.581608504243378066e+00 2.000000000000000000e+00 1.000000000000000021e-08 -5.656507532258591153e-01 -2.881723180741161627e+00
-5.656507532258591153e-01 -2.881723180741161627e+00 0.000000000000000000e+00 1.000000000000000021e-08 -8.538650327288508368e-01 -2.882142795029917881e+00
-8.538650327288508368e-01 -2.882142795029917881e+00 1.000000000000000000e+00 1.000000000000000021e-08 -1.246424321684213909e+00 -3.925592889553630727e+00
-1.246424321684213909e+00 -3.925592889553630727e+00 0.000000000000000000e+00 9.999000000000000110e-01 -1.570796326794896558e+00 -5.000000000000000000e+00
-5.251339441644728434e-03 5.863457223061134538e-02 2.000000000000000000e+00 1.000000000000000021e-08 -7.987474877577463439e-02 -7.462340933412990873e-01
-7.987474877577463439e-02 -7.462340933412990873e-01 1.000000000000000000e+00 1.000000000000000021e-08 -1.708599792447615395e-01 -9.098523046898691069e-01
-1.708599792447615395e-01 -9.098523046898691069e-01 1.000000000000000000e+00 1.000000000000000021e-08 -2.743728920319175035e-01 -1.035129127871559307e+00
-2.743728920319175035e-01 -1.035129127871559307e+00 2.000000000000000000e+00 1.000000000000000021e-08 -4.948804504811104565e-01 -2.205075584491929419e+00
-4.948804504811104565e-01 -2.205075584491929419e+00 0.000000000000000000e+00 1.000000000000000021e-08 -7.199339882371691424e-01 -2.250535377560586525e+00
-7.199339882371691424e-01 -2.250535377560586525e+00 2.000000000000000000e+00 1.000000000000000021e-08 -1.111939237266781344e+00 -3.920052490296121128e+00
-1.111939237266781344e+00 -3.920052490296121128e+00 2.000000000000000000e+00 9.999000000000000110e-01 -1.570796326794896558e+00 -5.000000000000000000e+00
6.137165746689050849e-02 7.874131800420713923e-02 0.000000000000000000e+00 1.000000000000000021e-08 1.733876858347384586e-01 1.120160283678479640e+00
1.733876858347384586e-01 1.120160283678479640e+00 1.000000000000000000e+00 1.000000000000000021e-08 3.197024422014349554e-01 1.463147563666965301e+00
3.197024422014349554e-01 1.463147563666965301e+00 2.000000000000000000e+00 1.000000000000000021e-08 4.515710170526525680e-01 1.318685748512176348e+00
4.515710170526525680e-01 1.318685748512176348e+00 0.000000000000000000e+00 1.000000000000000021e-08 7.454371165755057094e-01 2.938660995228531192e+00
7.454371165755057094e-01 2.938660995228531192e+00 0.000000000000000000e+00 1.000000000000000021e-08 1.206401451330979757e+00 4.609643347554740700e+00
1.206401451330979757e+00 4.609643347554740700e+00 2.000000000000000000e+00 9.999000000000000110e-01 1.570796326794896558e+00 5.000000000000000000e+00
-7.194663420717183760e-03 -7.744361143514702506e-02 1.000000000000000000e+00 1.000000000000000021e-08 -1.502318099395945350e-02 -7.828517573242269045e-02
-1.502318099395945350e-02 -7.828517573242269045e-02 0.000000000000000000e+00 1.000000000000000021e-08 5.504094120819365277e-02 7.006412220215310072e-01
5.504094120819365277e-02 7.006412220215310072e-01 0.000000000000000000e+00 1.000000000000000021e-08 2.296882181427744585e-01 1.746472769345807974e+00
2.296882181427744585e-01 1.746472769345807974e+00 1.000000000000000000e+00 1.000000000000000021e-08 4.569636065045649120e-01 2.272753883617904425e+00
4.569636065045649120e-01 2.272753883617904425e+00 2.000000000000000000e+00 1.000000000000000021e-08 6.861986260497745516e-01 2.292350195452096173e+00
6.861986260497745516e-01 2.292350195452096173e+00 1.000000000000000000e+00 1.000000000000000021e-08 1.023762144007144048e+00 3.375635179573695410e+00
1.023762144007144048e+00 3.375635179573695410e+00 0.000000000000000000e+00 1.000000000000000021e-08 1.522216409868085707e+00 4.984542658609417032e+00
1.522216409868085707e+00 4.984542658609417032e+00 0.000000000000000000e+00 9.999000000000000110e-01 1.570796326794896558e+00 5.000000000000000000e+00
5.412147730790203837e-02 -1.988012947565932775e-02 2.000000000000000000e+00 1.000000000000000021e-08 -4.027117743659928972e-02 -9.439265474450132531e-01
-4.027117743659928972e-02 -9.439265474450132531e-01 0.000000000000000000e+00 1.000000000000000021e-08 -6.320731983078684002e-02 -2.293614239418754197e-01
-6.320731983078684002e-02 -2.293614239418754197e-01 2.000000000000000000e+00 1.000000000000000021e-08 -1.769151630368281103e-01 -1.137078432060412592e+00
-1.769151630368281103e-01 -1.137078432060412592e+00 1.000000000000000000e+00 1.000000000000000021e-08 -3.193860268054963814e-01 -1.424708637686682655e+00
-3.193860268054963814e-01 -1.424708637686682655e+00 1.000000000000000000e+00 1.000000000000000021e-08 -5.116120561943432454e-01 -1.922260293888468530e+00
-5.116120561943432454e-01 -1.922260293888468530e+00 0.000000000000000000e+00 1.000000000000000021e-08 -7.110854839128868399e-01 -1.994734277185436166e+00
-7.110854839128868399e-01 -1.994734277185436166e+00 0.000000000000000000e+00 1.000000000000000021e-08 -9.410218818059554735e-01 -2.299363978930686780e+00
-9.410218818059554735e-01 -2.299363978930686780e+00 1.000000000000000000e+00 1.000000000000000021e-08 -1.294013555326737119e+00 -3.529916735207817347e+00
-1.294013555326737119e+00 -3.529916735207817347e+00 1.000000000000000000e+00 9.999000000000000110e-01 -1.570796326794896558e+00 -4.913547481662814853e+00
-6.720698280336868946e-02 2.422250381722713258e-02 2.000000000000000000e+00 1.000000000000000021e-08 -1.738264662093784441e-01 -1.066194834060097518e+00
-1.738264662093784441e-01 -1.066194834060097518e+00 2.000000000000000000e+00 1.000000000000000021e-08 -4.070439495780766581e-01 -2.332174833686981863e+00
-4.070439495780766581e-01 -2.332174833686981863e+00 1.000000000000000000e+00 1.000000000000000021e-08 -6.976181672379409004e-01 -2.905742176598641535e+00
-6.976181672379409004e-01 -2.905742176598641535e+00 1.000000000000000000e+00 1.000000000000000021e-08 -1.088085131762709379e+00 -3.904669645247685228e+00
-1.088085131762709379e+00 -3.904669645247685228e+00 0.000000000000000000e+00 1.000000000000000021e-08 -1.566386172631967444e+00 -4.783010408692579318e+00
-1.566386172631967444e+00 -4.783010408692579318e+00 1.000000000000000000e+00 9.999000000000000110e-01 -1.570796326794896558e+00 -5.000000000000000000e+00
-2.783309607460941054e-02 -7.963926155123213224e-02 1.000000000000000000e+00 1.000000000000000021e-08 -5.643221645144572141e-02 -2.859912037683630670e-01
-5.643221645144572141e-02 -2.859912037683630670e-01 1.000000000000000000e+00 1.000000000000000021e-08 -1.041517832476222261e-01 -4.771956679617649355e-01
-1.041517832476222261e-01 -4.771956679617649355e-01 2.000000000000000000e+00 1.000000000000000021e-08 -2.742322595319339196e-01 -1.700804762843116880e+00
-2.742322595319339196e-01 -1.700804762843116880e+00 2.000000000000000000e+00 1.000000000000000021e-08 -5.830640799562539778e-01 -3.088318204243200249e+00
-5.830640799562539778e-01 -3.088318204243200249e+00 2.000000000000000000e+00 1.000000000000000021e-08 -1.053300660371326858e+00 -4.702365804150728579e+00
-1.053300660371326858e+00 -4.702365804150728579e+00 1.000000000000000000e+00 9.999000000000000110e-01 -1.570796326794896558e+00 -5.000000000000000000e+00
-4.374460889339188557e-02 -2.632569849232411358e-02 2.000000000000000000e+00 1.000000000000000021e-08 -1.249992130701283177e-01 -8.125460417673642244e-01
-1.249992130701283177e-01 -8.125460417673642244e-01 2.000000000000000000e+00 1.000000000000000021e-08 -3.045712783560293735e-01 -1.795720652859010169e+00
-3.045712783560293735e-01 -1.795720652859010169e+00 0.000000000000000000e+00 1.000000000000000021e-08 -4.399510708348089993e-01 -1.353797924787796259e+00
-4.399510708348089993e-01 -1.353797924787796259e+00 2.000000000000000000e+00 1.000000000000000021e-08 -7.225526183198709429e-01 -2.826015474850619213e+00
-7.225526183198709429e-01 -2.826015474850619213e+00 0.000000000000000000e+00 1.000000000000000021e-08 -1.040705210054301944e+00 -3.181525917344309118e+00
-1.040705210054301944e+00 -3.181525917344309118e+00 1.000000000000000000e+00 1.000000000000000021e-08 -1.477709633045715787e+00 -4.370044229914138434e+00
-1.477709633045715787e+00 -4.370044229914138434e+00 2.000000000000000000e+00 9.999000000000000110e-01 -1.570796326794896558e+00 -5.000000000000000000e+00
-3.532908945476044560e-02 2.470590263946116638e-02 1.000000000000000000e+00 1.000000000000000021e-08 -5.247861004083528152e-02 -1.714952058607483454e-01
-5.247861004083528152e-02 -1.714952058607483454e-01 1.000000000000000000e+00 1.000000000000000021e-08 -8.014824161041077255e-02 -2.766963156957549241e-01
-8.014824161041077255e-02 -2.766963156957549241e-01 0.000000000000000000e+00 1.000000000000000021e-08 -4.128632125990395335e-02 3.886192035050681781e-01
-4.128632125990395335e-02 3.886192035050681781e-01 0.000000000000000000e+00 1.000000000000000021e-08 7.288371827253609103e-02 1.141700395324400263e+00
7.288371827253609103e-02 1.141700395324400263e+00 0.000000000000000000e+00 1.000000000000000021e-08 2.714969399278411299e-01 1.986132216553050389e+00
2.714969399278411299e-01 1.986132216553050389e+00 0.000000000000000000e+00 1.000000000000000021e-08 6.000426745064906253e-01 3.285457345786495509e+00
6.000426745064906253e-01 3.285457345786495509e+00 1.000000000000000000e+00 1.000000000000000021e-08 1.023071644280774128e+00 4.230289697742834143e+00
1.023071644280774128e+00 4.230289697742834143e+00 1.000000000000000000e+00 1.000000000000000021e-08 1.570161638967137563e+00 5.000000000000000000e+00
1.570161638967137563e+00 5.000000000000000000e+00 1.000000000000000000e+00 9.999000000000000110e-01 1.570796326794896558e+00 5.000000000000000000e+00
1.162215470929183966e-02 3.495030449004246642e-02 0.000000000000000000e+00 1.000000000000000021e-08 9.090975398582727685e-02 7.928759927653542539e-01
9.090975398582727685e-02 7.928759927653542539e-01 2.000000000000000000e+00 1.000000000000000021e-08 1.153641960803539618e-01 2.445444209452668494e-01
1.153641960803539618e-01 2.445444209452668494e-01 0.000000000000000000e+00 1.000000000000000021e-08 2.491381437343294092e-01 1.337739476539754335e+00
2.491381437343294092e-01 1.337739476539754335e+00 1.000000000000000000e+00 1.000000000000000021e-08 4.250887518793994291e-01 1.759506081450700421e+00
4.250887518793994291e-01 1.759506081450700421e+00 2.000000000000000000e+00 1.000000000000000021e-08 5.824087147504883877e-01 1.573199628710889586e+00
5.824087147504883877e-01 1.573199628710889586e+00 2.000000000000000000e+00 1.000000000000000021e-08 7.520063201575744039e-01 1.695976054070859496e+00
7.520063201575744039e-01 1.695976054070859496e+00 1.000000000000000000e+00 1.000000000000000021e-08 1.021998159228234782e+00 2.699918390706604221e+00
1.021998159228234782e+00 2.699918390706604221e+00 0.000000000000000000e+00 1.000000000000000021e-08 1.453752409078487462e+00 4.317542498502526804e+00
1.453752409078487462e+00 4.317542498502526804e+00 2.000000000000000000e+00 9.999000000000000110e-01 1.570796326794896558e+00 5.000000000000000000e+00
4.513550672116468238e-02 -6.124707344764429573e-02 2.000000000000000000e+00 1.000000000000000021e-08 -5.506959624017212368e-02 -1.002051029613368005e+00
-5.506959624017212368e-02 -1.002051029613368005e+00 1.000000000000000000e+00 1.000000000000000021e-08 -1.517331280718709763e-01 -9.666353183169884566e-01
-1.517331280718709763e-01 -9.666353183169884566e-01 1.000000000000000000e+00 1.000000000000000021e-08 -2.595514055709108869e-01 -1.078182774990398940e+00
-2.595514055709108869e-01 -1.078182774990398940e+00 2.000000000000000000e+00 1.000000000000000021e-08 -4.897928046039654038e-01 -2.302413990330545168e+00
-4.897928046039654038e-01 -2.302413990330545168e+00 0.000000000000000000e+00 1.000000000000000021e-08 -7.246388625981514675e-01 -2.348460579941860082e+00
-7.246388625981514675e-01 -2.348460579941860082e+00 0.000000000000000000e+00 1.000000000000000021e-08 -1.002527691322950165e+00 -2.778888287247986533e+00
-1.002527691322950165e+00 -2.778888287247986533e+00 1.000000000000000000e+00 1.000000000000000021e-08 -1.401375985298923599e+00 -3.988482939759733448e+00
-1.401375985298923599e+00 -3.988482939759733448e+00 1.000000000000000000e+00 9.999000000000000110e-01 -1.570796326794896558e+00 -5.000000000000000000e+00
-6.075228401249736787e-02 4.095308193860816570e-02 1.000000000000000000e+00 1.000000000000000021e-08 -7.537957381877991025e-02 -1.462728980628254238e-01
-7.537957381877991025e-02 -1.462728980628254238e-01 0.000000000000000000e+00 1.000000000000000021e-08 -1.463166124534440171e-03 7.391640769424546731e-01
-1.463166124534440171e-03 7.391640769424546731e-01 2.000000000000000000e+00 1.000000000000000021e-08 -2.645144894730134741e-02 -2.498828282276690516e-01
-2.645144894730134741e-02 -2.498828282276690516e-01 2.000000000000000000e+00 1.000000000000000021e-08 -1.377852368673943839e-01 -1.113337879200930303e+00
-1.377852368673943839e-01 -1.113337879200930303e+00 2.000000000000000000e+00 1.000000000000000021e-08 -3.572630315452255956e-01 -2.194777946778311950e+00
-3.572630315452255956e-01 -2.194777946778311950e+00 1.000000000000000000e+00 1.000000000000000021e-08 -6.236796436347955552e-01 -2.664166120895699041e+00
-6.236796436347955552e-01 -2.664166120895699041e+00 0.000000000000000000e+00 1.000000000000000021e-08 -9.064909958366964560e-01 -2.828113522019008563e+00
-9.064909958366964560e-01 -2.828113522019008563e+00 1.000000000000000000e+00 1.000000000000000021e-08 -1.308666811636702842e+00 -4.021758158000063865e+00
-1.308666811636702842e+00 -4.021758158000063865e+00 2.000000000000000000e+00 9.999000000000000110e-01 -1.570796326794896558e+00 -5.000000000000000000e+00
-8.213563727458171593e-02 -6.849027760675417686e-02 1.000000000000000000e+00 1.000000000000000021e-08 -1.102483410019233778e-01 -2.811270372734165912e-01
-1.102483410019233778e-01 -2.811270372734165912e-01 1.000000000000000000e+00 1.000000000000000021e-08 -1.486864261825297517e-01 -3.843808518060638502e-01
-1.486864261825297517e-01 -3.843808518060638502e-01 2.000000000000000000e+00 1.000000000000000021e-08 -3.005016108681387021e-01 -1.518151846856089282e+00
-3.005016108681387021e-01 -1.518151846856089282e+00 0.000000000000000000e+00 1.000000000000000021e-08 -4.282550327265600698e-01 -1.277534218584214010e+00
-4.282550327265600698e-01 -1.277534218584214010e+00 2.000000000000000000e+00 1.000000000000000021e-08 -6.872452414377490104e-01 -2.589902087111888740e+00
-6.872452414377490104e-01 -2.589902087111888740e+00 1.000000000000000000e+00 1.000000000000000021e-08 -1.050287063378801955e+00 -3.630418219410529890e+00
-1.050287063378801955e+00 -3.630418219410529890e+00 1.000000000000000000e+00 1.000000000000000021e-08 -1.537524365570607010e+00 -4.872373021918050107e+00
-1.537524365570607010e+00 -4.872373021918050107e+00 2.000000000000000000e+00 9.999000000000000110e-01 -1.570796326794896558e+00 -5.000000000000000000e+00
6.438903842995929994e-02 6.104335313894537762e-04 2.000000000000000000e+00 1.000000000000000021e-08 -1.947588526247072405e-02 -8.386492369243001566e-01
-1.947588526247072405e-02 -8.386492369243001566e-01 2.000000000000000000e+00 1.000000000000000021e-08 -1.999909127078492443e-01 -1.805150274453784842e+00
-1.999909127078492443e-01 -1.805150274453784842e+00 0.000000000000000000e+00 1.000000000000000021e-08 -3.286261548196165450e-01 -1.286352421117672673e+00
-3.286261548196165450e-01 -1.286352421117672673e+00 1.000000000000000000e+00 1.000000000000000021e-08 -5.265031454452022697e-01 -1.978769906255856803e+00
-5.265031454452022697e-01 -1.978769906255856803e+00 0.000000000000000000e+00 1.000000000000000021e-08 -7.324328558309669557e-01 -2.059297103857647304e+00
-7.324328558309669557e-01 -2.059297103857647304e+00 0.000000000000000000e+00 1.000000000000000021e-08 -9.881482756945469959e-01 -2.557154198635800846e+00
-9.881482756945469959e-01 -2.557154198635800846e+00 0.000000000000000000e+00 1.000000000000000021e-08 -1.321837157652473893e+00 -3.336888819579268528e+00
-1.321837157652473893e+00 -3.336888819579268528e+00 0.000000000000000000e+00 9.999000000000000110e-01 -1.570796326794896558e+00 -4.583289011995745454e+00
5.149469271112955271e-02 4.477503587494156834e-02 0.000000000000000000e+00 1.000000000000000021e-08 1.437973651154453303e-01 9.230267240431577758e-01
1.437973651154453303e-01 9.230267240431577758e-01 2.000000000000000000e+00 1.000000000000000021e-08 1.596457403922651452e-01 1.584837527681980385e-01
1.596457403922651452e-01 1.584837527681980385e-01 0.000000000000000000e+00 1.000000000000000021e-08 2.937466654295291524e-01 1.341009250372640071e+00
2.937466654295291524e-01 1.341009250372640071e+00 2.000000000000000000e+00 1.000000000000000021e-08 4.073831526920569934e-01 1.136364872625278188e+00
4.073831526920569934e-01 1.136364872625278188e+00 1.000000000000000000e+00 1.000000000000000021e-08 5.837664316708457424e-01 1.763832789787886934e+00
5.837664316708457424e-01 1.763832789787886934e+00 2.000000000000000000e+00 1.000000000000000021e-08 7.774300873088491048e-01 1.936636556380033181e+00
7.774300873088491048e-01 1.936636556380033181e+00 2.000000000000000000e+00 1.000000000000000021e-08 1.014189143746887733e+00 2.367590564380384954e+00
1.014189143746887733e+00 2.367590564380384954e+00 2.000000000000000000e+00 1.000000000000000021e-08 1.331627361858922498e+00 3.174382181120346313e+00
1.331627361858922498e+00 3.174382181120346313e+00 2.000000000000000000e+00 9.999000000000000110e-01 1.570796326794896558e+00 4.428490844890391465e+00
6.929627369890908883e-02 -8.081787837259489515e-02 1.000000000000000000e+00 1.000000000000000021e-08 6.237296978717268847e-02 -6.923303911736396199e-02
6.237296978717268847e-02 -6.923303911736396199e-02 0.000000000000000000e+00 1.000000000000000021e-08 1.415634925526339516e-01 7.919052276546126867e-01
1.415634925526339516e-01 7.919052276546126867e-01 2.000000000000000000e+00 1.000000000000000021e-08 1.592412615923324282e-01 1.767776903969848767e-01
1.592412615923324282e-01 1.767776903969848767e-01 2.000000000000000000e+00 1.000000000000000021e-08 1.131369385861679677e-01 -4.610432300616444934e-01
1.131369385861679677e-01 -4.610432300616444934e-01 1.000000000000000000e+00 1.000000000000000021e-08 1.016213293318462274e-01 -1.151560925432174587e-01
1.016213293318462274e-01 -1.151560925432174587e-01 2.000000000000000000e+00 1.000000000000000021e-08 7.395539682886170807e-03 -9.422578964896005660e-01
7.395539682886170807e-03 -9.422578964896005660e-01 0.000000000000000000e+00 1.000000000000000021e-08 1.880135443767388947e-03 -5.515404239118781859e-02
1.880135443767388947e-03 -5.515404239118781859e-02 1.000000000000000000e+00 1.000000000000000021e-08 4.957420844555563214e-03 3.077285400788173919e-02
4.957420844555563214e-03 3.077285400788173919e-02 0.000000000000000000e+00 1.000000000000000021e-08 1.031873267790663490e-01 9.822990593451077501e-01
1.031873267790663490e-01 9.822990593451077501e-01 0.000000000000000000e+00 1.000000000000000021e-08 2.896358503549491537e-01 1.864485235758828185e+00
2.896358503549491537e-01 1.864485235758828185e+00 2.000000000000000000e+00 1.000000000000000021e-08 4.247552270705844957e-01 1.351193767156353420e+00
4.247552270705844957e-01 1.351193767156353420e+00 1.000000000000000000e+00 1.000000000000000021e-08 6.369064666876536052e-01 2.121512396170691428e+00
6.369064666876536052e-01 2.121512396170691428e+00 0.000000000000000000e+00 1.000000000000000021e-08 1.022184212108710133e+00 3.852777454210565278e+00
1.022184212108710133e+00 3.852777454210565278e+00 2.000000000000000000e+00 1.000000000000000021e-08 1.489037462252665645e+00 4.668532501439555560e+00
1.489037462252665645e+00 4.668532501439555560e+00 0.000000000000000000e+00 9.999000000000000110e-01 1.570796326794896558e+00 5.000000000000000000e+00
-4.575229909383590060e-02 -1.182927582047556270e-02 0.000000000000000000e+00 1.000000000000000021e-08 2.115641716891831364e-02 6.690871626275420869e-01
2.115641716891831364e-02 6.690871626275420869e-01 1.000000000000000000e+00 1.000000000000000021e-08 1.031759937693096374e-01 8.201957660039130849e-01
1.031759937693096374e-01 8.201957660039130849e-01 1.000000000000000000e+00 1.000000000000000021e-08 2.007342935847026555e-01 9.755829981539301254e-01
2.007342935847026555e-01 9.755829981539301254e-01 0.000000000000000000e+00 1.000000000000000021e-08 4.047131005952467886e-01 2.039788070105441165e+00
4.047131005952467886e-01 2.039788070105441165e+00 1.000000000000000000e+00 1.000000000000000021e-08 6.734124753913732775e-01 2.686993747961264667e+00
6.734124753913732775e-01 2.686993747961264667e+00 1.000000000000000000e+00 1.000000000000000021e-08 1.033675933012890180e+00 3.602634576215167694e+00
1.033675933012890180e+00 3.602634576215167694e+00 1.000000000000000000e+00 1.000000000000000021e-08 1.509862190486390920e+00 4.761862574735006959e+00
1.509862190486390920e+00 4.761862574735006959e+00 0.000000000000000000e+00 9.999000000000000110e-01 1.570796326794896558e+00 5.000000000000000000e+00
-7.346921726772359662e-02 5.670340835576014038e-02 0.000000000000000000e+00 1.000000000000000021e-08 3.022678192772382255e-03 7.649189546049597332e-01
3.022678192772382255e-03 7.649189546049597332e-01 1.000000000000000000e+00 1.000000000000000021e-08 7.702823549269503800e-02 7.400555729992265297e-01
7.702823549269503800e-02 7.400555729992265297e-01 2.000000000000000000e+00 1.000000000000000021e-08 8.880546744150083494e-02 1.177723194880578861e-01
8.880546744150083494e-02 1.177723194880578861e-01 2.000000000000000000e+00 1.000000000000000021e-08 1.889616255550129187e-02 -6.990930488599954584e-01
1.889616255550129187e-02 -6.990930488599954584e-01 2.000000000000000000e+00 1.000000000000000021e-08 -1.443093683183784837e-01 -1.632055308738797450e+00
-1.443093683183784837e-01 -1.632055308738797450e+00 0.000000000000000000e+00 1.000000000000000021e-08 -2.478045417139497497e-01 -1.034951733955712605e+00
-2.478045417139497497e-01 -1.034951733955712605e+00 0.000000000000000000e+00 1.000000000000000021e-08 -3.166066565853078441e-01 -6.880211487135809989e-01
-3.166066565853078441e-01 -6.880211487135809989e-01 0.000000000000000000e+00 1.000000000000000021e-08 -3.536790105544811436e-01 -3.707235396917329395e-01
-3.536790105544811436e-01 -3.707235396917329395e-01 0.000000000000000000e+00 1.000000000000000021e-08 -3.735594065972990818e-01 -1.988039604281794104e-01
-3.735594065972990818e-01 -1.988039604281794104e-01 2.000000000000000000e+00 1.000000000000000021e-08 -5.241943409061740056e-01 -1.506349343088748682e+00
-5.241943409061740056e-01 -1.506349343088748682e+00 0.000000000000000000e+00 1.000000000000000021e-08 -6.924313721607279204e-01 -1.682370312545539370e+00
-6.924313721607279204e-01 -1.682370312545539370e+00 1.000000000000000000e+00 1.000000000000000021e-08 -9.629786827942212746e-01 -2.705473106334934208e+00
-9.629786827942212746e-01 -2.705473106334934208e+00 1.000000000000000000e+00 1.000000000000000021e-08 -1.359302218101164250e+00 -3.963235353069430644e+00
-1.359302218101164250e+00 -3.963235353069430644e+00 2.000000000000000000e+00 9.999000000000000110e-01 -1.570796326794896558e+00 -5.000000000000000000e+00
5.284734691472885160e-03 4.414122316632228260e-02 1.000000000000000000e+00 1.000000000000000021e-08 2.640142997550461862e-02 2.111669528403173346e-01
2.640142997550461862e-02 2.111669528403173346e-01 2.000000000000000000e+00 1.000000000000000021e-08 -2.656317291282607462e-02 -5.296460288833069185e-01
-2.656317291282607462e-02 -5.296460288833069185e-01 0.000000000000000000e+00 1.000000000000000021e-08 6.649875277324843181e-03 3.321304819015091780e-01
6.649875277324843181e-03 3.321304819015091780e-01 0.000000000000000000e+00 1.000000000000000021e-08 1.279488666787511053e-01 1.212989914014262371e+00
1.279488666787511053e-01 1.212989914014262371e+00 0.000000000000000000e+00 1.000000000000000021e-08 3.638552952930401152e-01 2.359064286142889877e+00
3.638552952930401152e-01 2.359064286142889877e+00 0.000000000000000000e+00 1.000000000000000021e-08 7.453840278130050567e-01 3.815287325199649526e+00
7.453840278130050567e-01 3.815287325199649526e+00 1.000000000000000000e+00 1.000000000000000021e-08 1.215595187561725243e+00 4.702111597487201422e+00
1.215595187561725243e+00 4.702111597487201422e+00 2.000000000000000000e+00 9.999000000000000110e-01 1.570796326794896558e+00 5.000000000000000000e+00
7.437078535201839535e-02 -2.716804895480611284e-02 2.000000000000000000e+00 1.000000000000000021e-08 -9.310343554457298221e-03 -8.368112890647568802e-01
-9.310343554457298221e-03 -8.368112890647568802e-01 1.000000000000000000e+00 1.000000000000000021e-08 -9.520655979072192854e-02 -8.589621623626462199e-01
-9.520655979072192854e-02 -8.589621623626462199e-01 2.000000000000000000e+00 1.000000000000000021e-08 -2.754787256390054395e-01 -1.802721658482834943e+00
-2.754787256390054395e-01 -1.802721658482834943e+00 1.000000000000000000e+00 1.000000000000000021e-08 -5.004154148304763572e-01 -2.249366891914709399e+00
-5.004154148304763572e-01 -2.249366891914709399e+00 1.000000000000000000e+00 1.000000000000000021e-08 -7.875892784980725869e-01 -2.871738636675962297e+00
-7.875892784980725869e-01 -2.871738636675962297e+00 2.000000000000000000e+00 1.000000000000000021e-08 -1.245899334021296267e+00 -4.583100555232236140e+00
-1.245899334021296267e+00 -4.583100555232236140e+00 0.000000000000000000e+00 9.999000000000000110e-01 -1.570796326794896558e+00 -5.000000000000000000e+00
3.419752989283411648e-02 -8.162085507460534184e-02 1.000000000000000000e+00 1.000000000000000021e-08 2.243408887882757802e-02 -1.176344101400653985e-01
2.243408887882757802e-02 -1.176344101400653985e-01 1.000000000000000000e+00 1.000000000000000021e-08 1.427472704299821357e-02 -8.159361835829363752e-02
1.427472704299821357e-02 -8.159361835829363752e-02 2.000000000000000000e+00 1.000000000000000021e-08 -6.617191826005577870e-02 -8.044664530305398742e-01
-6.617191826005577870e-02 -8.044664530305398742e-01 1.000000000000000000e+00 1.000000000000000021e-08 -1.438561294442307070e-01 -7.768421118417492277e-01
-1.438561294442307070e-01 -7.768421118417492277e-01 1.000000000000000000e+00 1.000000000000000021e-08 -2.425425911621547637e-01 -9.868646171792403443e-01
-2.425425911621547637e-01 -9.868646171792403443e-01 2.000000000000000000e+00 1.000000000000000021e-08 -4.544720793572357698e-01 -2.119294881950809728e+00
-4.544720793572357698e-01 -2.119294881950809728e+00 0.000000000000000000e+00 1.000000000000000021e-08 -6.665161962371008997e-01 -2.120441168798650633e+00
-6.665161962371008997e-01 -2.120441168798650633e+00 1.000000000000000000e+00 1.000000000000000021e-08 -9.723781110394249527e-01 -3.058619148023240530e+00
-9.723781110394249527e-01 -3.058619148023240530e+00 1.000000000000000000e+00 1.000000000000000021e-08 -1.405318087184242559e+00 -4.329399761448176065e+00
-1.405318087184242559e+00 -4.329399761448176065e+00 2.000000000000000000e+00 9.999000000000000110e-01 -1.570796326794896558e+00 -5.000000000000000000e+00
-4.038533147775169585e-02 9.550161045003679322e-03 2.000000000000000000e+00 1.000000000000000021e-08 -1.427938951161568382e-01 -1.024085636384051368e+00
-1.427938951161568382e-01 -1.024085636384051368e+00 1.000000000000000000e+00 1.000000000000000021e-08 -2.589403580182936260e-01 -1.161464629021367490e+00
-2.589403580182936260e-01 -1.161464629021367490e+00 0.000000000000000000e+00 1.000000000000000021e-08 -3.453870215099165697e-01 -8.644666349162293262e-01
-3.453870215099165697e-01 -8.644666349162293262e-01 0.000000000000000000e+00 1.000000000000000021e-08 -4.161867152059892661e-01 -7.079969369607266305e-01
-4.161867152059892661e-01 -7.079969369607266305e-01 1.000000000000000000e+00 1.000000000000000021e-08 -5.394909554584498279e-01 -1.233042402524605397e+00
-5.394909554584498279e-01 -1.233042402524605397e+00 2.000000000000000000e+00 1.000000000000000021e-08 -8.097362630137652229e-01 -2.702453075553153283e+00
-8.097362630137652229e-01 -2.702453075553153283e+00 2.000000000000000000e+00 1.000000000000000021e-08 -1.249832479667151830e+00 -4.400962166533866515e+00
-1.249832479667151830e+00 -4.400962166533866515e+00 1.000000000000000000e+00 9.999000000000000110e-01 -1.570796326794896558e+00 -5.000000000000000000e+00
5.426197151520650852e-02 -8.448043988590475672e-02 2.000000000000000000e+00 1.000000000000000021e-08 -3.119274910313621363e-02 -8.545472061834271660e-01
-3.119274910313621363e-02 -8.545472061834271660e-01 1.000000000000000000e+00 1.000000000000000021e-08 -1.348365961745098540e-01 -1.036438470713736404e+00
-1.348365961745098540e-01 -1.036438470713736404e+00 2.000000000000000000e+00 1.000000000000000021e-08 -3.426533864078479263e-01 -2.078167902333381001e+00
-3.426533864078479263e-01 -2.078167902333381001e+00 1.000000000000000000e+00 1.000000000000000021e-08 -5.916583521111004051e-01 -2.490049657032524788e+00
-5.916583521111004051e-01 -2.490049657032524788e+00 2.000000000000000000e+00 1.000000000000000021e-08 -9.961173912630706395e-01 -4.044590391519702344e+00
-9.961173912630706395e-01 -4.044590391519702344e+00 0.000000000000000000e+00 1.000000000000000021e-08 -1.480583712733351653e+00 -4.844663214702810805e+00
-1.480583712733351653e+00 -4.844663214702810805e+00 0.000000000000000000e+00 9.999000000000000110e-01 -1.570796326794896558e+00 -5.000000000000000000e+00
-7.882304851231181075e-02 -6.078522049847477626e-02 2.000000000000000000e+00 1.000000000000000021e-08 -1.890131522451896917e-01 -1.101901037328778754e+00
-1.890131522451896917e-01 -1.101901037328778754e+00 0.000000000000000000e+00 1.000000000000000021e-08 -2.445702068779599392e-01 -5.555705463277025302e-01
-2.445702068779599392e-01 -5.555705463277025302e-01 1.000000000000000000e+00 1.000000000000000021e-08 -3.517039567863585181e-01 -1.071337499083985900e+00
-3.517039567863585181e-01 -1.071337499083985900e+00 0.000000000000000000e+00 1.000000000000000021e-08 -4.451244253749572222e-01 -9.342046858859871517e-01
-4.451244253749572222e-01 -9.342046858859871517e-01 0.000000000000000000e+00 1.000000000000000021e-08 -5.360379900118906749e-01 -9.091356463693347489e-01
-5.360379900118906749e-01 -9.091356463693347489e-01 1.000000000000000000e+00 1.000000000000000021e-08 -7.166866110123762956e-01 -1.806486210004856208e+00
-7.166866110123762956e-01 -1.806486210004856208e+00 2.000000000000000000e+00 1.000000000000000021e-08 -1.056150862391306955e+00 -3.394642513789306371e+00
-1.056150862391306955e+00 -3.394642513789306371e+00 2.000000000000000000e+00 1.000000000000000021e-08 -1.566301605169512889e+00 -5.000000000000000000e+00
-1.566301605169512889e+00 -5.000000000000000000e+00 2.000000000000000000e+00 9.999000000000000110e-01 -1.570796326794896558e+00 -5.000000000000000000e+00
-3.897816233638726202e-02 6.078405090457635052e-02 2.000000000000000000e+00 1.000000000000000021e-08 -1.369949130995180009e-01 -9.801675076313073331e-01
-1.369949130995180009e-01 -9.801675076313073331e-01 2.000000000000000000e+00 1.000000000000000021e-08 -3.493096541641098618e-01 -2.123147410645918498e+00
-3.493096541641098618e-01 -2.123147410645918498e+00 2.000000000000000000e+00 1.000000000000000021e-08 -7.077047775748879221e-01 -3.583951234107780159e+00
-7.077047775748879221e-01 -3.583951234107780159e+00 1.000000000000000000e+00 1.000000000000000021e-08 -1.170247689882179642e+00 -4.625429123072915871e+00
-1.170247689882179642e+00 -4.625429123072915871e+00 2.000000000000000000e+00 9.999000000000000110e-01 -1.570796326794896558e+00 -5.000000000000000000e+00
8.579666101711987125e-02 1.104647688140919515e-02 2.000000000000000000e+00 1.000000000000000021e-08 1.282104512817158759e-02 -7.297561588894827533e-01
1.282104512817158759e-02 -7.297561588894827533e-01 2.000000000000000000e+00 1.000000000000000021e-08 -1.570960718334489248e-01 -1.699171169616205068e+00
-1.570960718334489248e-01 -1.699171169616205068e+00 1.000000000000000000e+00 1.000000000000000021e-08 -3.575693451046049187e-01 -2.004732732711560050e+00
-3.575693451046049187e-01 -2.004732732711560050e+00 1.000000000000000000e+00 1.000000000000000021e-08 -6.171754632995738454e-01 -2.596061181949688823e+00
-6.171754632995738454e-01 -2.596061181949688823e+00 1.000000000000000000e+00 1.000000000000000021e-08 -9.597751427676105562e-01 -3.425996794680366886e+00
-9.597751427676105562e-01 -3.425996794680366886e+00 1.000000000000000000e+00 1.000000000000000021e-08 -1.418779656061131655e+00 -4.590045132935211214e+00
-1.418779656061131655e+00 -4.590045132935211214e+00 1.000000000000000000e+00 9.999000000000000110e-01 -1.570796326794896558e+00 -5.000000000000000000e+00
2.783953885338884271e-02 4.647501010337732469e-02 2.000000000000000000e+00 1.000000000000000021e-08 -3.752358449676951313e-02 -6.536312335015834751e-01
-3.752358449676951313e-02 -6.536312335015834751e-01 2.000000000000000000e+00 1.000000000000000021e-08 -1.857173173088738916e-01 -1.481937328121043729e+00
-1.857173173088738916e-01 -1.481937328121043729e+00 0.000000000000000000e+00 1.000000000000000021e-08 -2.922587414743322842e-01 -1.065414241654583760e+00
-2.922587414743322842e-01 -1.065414241654583760e+00 0.000000000000000000e+00 1.000000000000000021e-08 -3.661589754501121119e-01 -7.390023397577983877e-01
-3.661589754501121119e-01 -7.390023397577983877e-01 1.000000000000000000e+00 1.000000000000000021e-08 -4.937160905660471499e-01 -1.275571151159349936e+00
-4.937160905660471499e-01 -1.275571151159349936e+00 0.000000000000000000e+00 1.000000000000000021e-08 -6.105437040615920852e-01 -1.168276134955449574e+00
-6.105437040615920852e-01 -1.168276134955449574e+00 1.000000000000000000e+00 1.000000000000000021e-08 -8.328333097415672182e-01 -2.222896056799751108e+00
-8.328333097415672182e-01 -2.222896056799751108e+00 2.000000000000000000e+00 1.000000000000000021e-08 -1.220055042307268911e+00 -3.872217325657016929e+00
-1.220055042307268911e+00 -3.872217325657016929e+00 2.000000000000000000e+00 9.999000000000000110e-01 -1.570796326794896558e+00 -5.000000000000000000e+00
-7.832294216183785518e-02 -4.070008582406429987e-02 2.000000000000000000e+00 1.000000000000000021e-08 -1.961998963475017344e-01 -1.178769541856638625e+00
-1.961998963475017344e-01 -1.178769541856638625e+00 0.000000000000000000e+00 1.000000000000000021e-08 -2.441732545648603592e-01 -4.797335821735861927e-01
-2.441732545648603592e-01 -4.797335821735861927e-01 0.000000000000000000e+00 1.000000000000000021e-08 -2.506378475019950813e-01 -6.464592937134727713e-02
-2.506378475019950813e-01 -6.464592937134727713e-02 2.000000000000000000e+00 1.000000000000000021e-08 -3.723886964056338789e-01 -1.217508489036387642e+00
-3.723886964056338789e-01 -1.217508489036387642e+00 2.000000000000000000e+00 1.000000000000000021e-08 -6.272427540742986363e-01 -2.548540576686646908e+00
-6.272427540742986363e-01 -2.548540576686646908e+00 1.000000000000000000e+00 1.000000000000000021e-08 -9.731565298934197195e-01 -3.459137758191209944e+00
-9.731565298934197195e-01 -3.459137758191209944e+00 0.000000000000000000e+00 1.000000000000000021e-08 -1.398834459326257829e+00 -4.256779294328381091e+00
-1.398834459326257829e+00 -4.256779294328381091e+00 0.000000000000000000e+00 9.999000000000000110e-01 -1.570796326794896558e+00 -5.000000000000000000e+00
3.449635979953694087e-02 -2.524725328076709435e-02 1.000000000000000000e+00 1.000000000000000021e-08 2.963251264172712951e-02 -4.863847157809812749e-02
2.963251264172712951e-02 -4.863847157809812749e-02 1.000000000000000000e+00 1.000000000000000021e-08 3.558569862461861272e-02 5.953185982891483208e-02
3.558569862461861272e-02 5.953185982891483208e-02 0.000000000000000000e+00 1.000000000000000021e-08 1.438352978454944808e-01 1.082495992208758695e+00
1.438352978454944808e-01 1.082495992208758695e+00 2.000000000000000000e+00 1.000000000000000021e-08 1.868628351403560650e-01 4.302753729486157308e-01
1.868628351403560650e-01 4.302753729486157308e-01 0.000000000000000000e+00 1.000000000000000021e-08 3.596394978695246492e-01 1.727766627291686063e+00
3.596394978695246492e-01 1.727766627291686063e+00 0.000000000000000000e+00 1.000000000000000021e-08 6.754137391630647969e-01 3.157742412935401255e+00
6.754137391630647969e-01 3.157742412935401255e+00 0.000000000000000000e+00 1.000000000000000021e-08 1.160712239622751607e+00 4.852985004596868990e+00
1.160712239622751607e+00 4.852985004596868990e+00 2.000000000000000000e+00 9.999000000000000110e-01 1.570796326794896558e+00 5.000000000000000000e+00
8.160099990640995449e-02 5.302643776941111387e-03 0.000000000000000000e+00 1.000000000000000021e-08 1.898268996309828427e-01 1.082258997245728827e+00
1.898268996309828427e-01 1.082258997245728827e+00 1.000000000000000000e+00 1.000000000000000021e-08 3.348306851550206242e-01 1.450037855240377871e+00
3.348306851550206242e-01 1.450037855240377871e+00 2.000000000000000000e+00 1.000000000000000021e-08 4.464406493757505645e-01 1.116099642207299070e+00
4.464406493757505645e-01 1.116099642207299070e+00 1.000000000000000000e+00 1.000000000000000021e-08 6.429240535153175617e-01 1.964834041395670194e+00
6.429240535153175617e-01 1.964834041395670194e+00 0.000000000000000000e+00 1.000000000000000021e-08 9.988569773523330309e-01 3.559329238370154691e+00
9.988569773523330309e-01 3.559329238370154691e+00 2.000000000000000000e+00 1.000000000000000021e-08 1.424474940417409741e+00 4.256179630650766654e+00
1.424474940417409741e+00 4.256179630650766654e+00 2.000000000000000000e+00 9.999000000000000110e-01 1.570796326794896558e+00 5.000000000000000000e+00
8.483526171712248154e-02 1.466528350049485854e-02 2.000000000000000000e+00 1.000000000000000021e-08 5.759648337003181462e-03 -7.907561338011929175e-01
5.759648337003181462e-03 -7.907561338011929175e-01 0.000000000000000000e+00 1.000000000000000021e-08 1.431177815377232022e-02 8.552129816769138415e-02
1.431177815377232022e-02 8.552129816769138415e-02 0.000000000000000000e+00 1.000000000000000021e-08 1.279609995802126754e-01 1.136492214264403389e+00
1.279609995802126754e-01 1.136492214264403389e+00 0.000000000000000000e+00 1.000000000000000021e-08 3.675900932400077981e-01 2.396290936597950783e+00
3.675900932400077981e-01 2.396290936597950783e+00 1.000000000000000000e+00 1.000000000000000021e-08 6.547651844122237552e-01 2.871750911722160016e+00
6.547651844122237552e-01 2.871750911722160016e+00 2.000000000000000000e+00 1.000000000000000021e-08 9.756199114222219304e-01 3.208547270099981752e+00
9.756199114222219304e-01 3.208547270099981752e+00 1.000000000000000000e+00 1.000000000000000021e-08 1.411226385053586441e+00 4.356064736313643770e+00
1.411226385053586441e+00 4.356064736313643770e+00 0.000000000000000000e+00 9.999000000000000110e-01 1.570796326794896558e+00 5.000000000000000000e+00
5.415354780023279302e-02 -1.064266815042793149e-02 1.000000000000000000e+00 1.000000000000000021e-08 4.903421195013287631e-02 -5.119335850099913932e-02
4.903421195013287631e-02 -5.119335850099913932e-02 0.000000000000000000e+00 1.000000000000000021e-08 1.557608894441134262e-01 1.067266774939805485e+00
1.557608894441134262e-01 1.067266774939805485e+00 0.000000000000000000e+00 1.000000000000000021e-08 3.628478320071689134e-01 2.070869425630554872e+00
3.628478320071689134e-01 2.070869425630554872e+00 2.000000000000000000e+00 1.000000000000000021e-08 5.570064378421766271e-01 1.941586058350077693e+00
5.570064378421766271e-01 1.941586058350077693e+00 2.000000000000000000e+00 1.000000000000000021e-08 7.555493520710576671e-01 1.985429142288809734e+00
7.555493520710576671e-01 1.985429142288809734e+00 1.000000000000000000e+00 1.000000000000000021e-08 1.056728584502541146e+00 3.011792324314835234e+00
1.056728584502541146e+00 3.011792324314835234e+00 0.000000000000000000e+00 1.000000000000000021e-08 1.528232895812317249e+00 4.715043113097761029e+00
1.528232895812317249e+00 4.715043113097761029e+00 1.000000000000000000e+00 9.999000000000000110e-01 1.570796326794896558e+00 5.000000000000000000e+00
-2.802323224424961914e-02 -1.919413639386819553e-02 2.000000000000000000e+00 1.000000000000000021e-08 -1.345843303925809975e-01 -1.065610981483313680e+00
-1.345843303925809975e-01 -1.065610981483313680e+00 1.000000000000000000e+00 1.000000000000000021e-08 -2.523349064649000328e-01 -1.177505760723190464e+00
-2.523349064649000328e-01 -1.177505760723190464e+00 2.000000000000000000e+00 1.000000000000000021e-08 -4.958544026408481242e-01 -2.435194961759481025e+00
-4.958544026408481242e-01 -2.435194961759481025e+00 1.000000000000000000e+00 1.000000000000000021e-08 -8.115196707873002513e-01 -3.156652681464521493e+00
-8.115196707873002513e-01 -3.156652681464521493e+00 1.000000000000000000e+00 1.000000000000000021e-08 -1.229378656624116495e+00 -4.178589858368161103e+00
-1.229378656624116495e+00 -4.178589858368161103e+00 0.000000000000000000e+00 9.999000000000000110e-01 -1.570796326794896558e+00 -5.000000000000000000e+00
6.324525683700313317e-02 -8.047065982318177269e-02 0.000000000000000000e+00 1.000000000000000021e-08 1.470009181758019090e-01 8.375566133879878139e-01
1.470009181758019090e-01 8.375566133879878139e-01 0.000000000000000000e+00 1.000000000000000021e-08 3.402513596089801751e-01 1.932504414331782439e+00
3.402513596089801751e-01 1.932504414331782439e+00 0.000000000000000000e+00 1.000000000000000021e-08 6.798937683286254696e-01 3.396424087196452390e+00
6.798937683286254696e-01 3.396424087196452390e+00 2.000000000000000000e+00 1.000000000000000021e-08 1.039705585934779686e+00 3.598118176061542162e+00
1.039705585934779686e+00 3.598118176061542162e+00 2.000000000000000000e+00 1.000000000000000021e-08 1.485732467837134196e+00 4.460268819023545106e+00
1.485732467837134196e+00 4.460268819023545106e+00 2.000000000000000000e+00 9.999000000000000110e-01 1.570796326794896558e+00 5.000000000000000000e+00
7.516905841400267629e-02 7.375354702877084945e-02 1.000000000000000000e+00 1.000000000000000021e-08 9.385404423972554255e-02 1.868498582572286626e-01
9.385404423972554255e-02 1.868498582572286626e-01 0.000000000000000000e+00 1.000000000000000021e-08 2.119646274121117502e-01 1.181105831723862076e+00
2.119646274121117502e-01 1.181105831723862076e+00 0.000000000000000000e+00 1.000000000000000021e-08 4.399708055196590584e-01 2.280061781075473082e+00
4.399708055196590584e-01 2.280061781075473082e+00 2.000000000000000000e+00 1.000000000000000021e-08 6.640457828685180086e-01 2.240749773488589724e+00
6.640457828685180086e-01 2.240749773488589724e+00 0.000000000000000000e+00 1.000000000000000021e-08 1.060997331040918423e+00 3.969515481724003259e+00
1.060997331040918423e+00 3.969515481724003259e+00 0.000000000000000000e+00 9.999000000000000110e-01 1.570796326794896558e+00 5.000000000000000000e+00
-4.303312613020548322e-02 7.473899049026712371e-03 2.000000000000000000e+00 1.000000000000000021e-08 -1.306805692992854817e-01 -8.764744316907999711e-01
-1.306805692992854817e-01 -8.764744316907999711e-01 1.000000000000000000e+00 1.000000000000000021e-08 -2.300552426105483828e-01 -9.937467331126288439e-01
-2.300552426105483828e-01 -9.937467331126288439e-01 0.000000000000000000e+00 1.000000000000000021e-08 -2.822082445123689776e-01 -5.215300190182059481e-01
-2.822082445123689776e-01 -5.215300190182059481e-01 1.000000000000000000e+00 1.000000000000000021e-08 -3.736253684224455363e-01 -9.141712391007652538e-01
-3.736253684224455363e-01 -9.141712391007652538e-01 0.000000000000000000e+00 1.000000000000000021e-08 -4.463575594295463578e-01 -7.273219100710083262e-01
-4.463575594295463578e-01 -7.273219100710083262e-01 1.000000000000000000e+00 1.000000000000000021e-08 -5.926156418201028453e-01 -1.462580823905565097e+00
-5.926156418201028453e-01 -1.462580823905565097e+00 1.000000000000000000e+00 1.000000000000000021e-08 -8.333332053109430149e-01 -2.407175634908401474e+00
-8.333332053109430149e-01 -2.407175634908401474e+00 2.000000000000000000e+00 1.000000000000000021e-08 -1.232360020285096613e+00 -3.990268149741534653e+00
-1.232360020285096613e+00 -3.990268149741534653e+00 1.000000000000000000e+00 9.999000000000000110e-01 -1.570796326794896558e+00 -5.000000000000000000e+00
6.330739366464294138e-02 6.276110628227749011e-03 0.000000000000000000e+00 1.000000000000000021e-08 1.487610208384387289e-01 8.545362717379577644e-01
1.487610208384387289e-01 8.545362717379577644e-01 2.000000000000000000e+00 1.000000000000000021e-08 1.807138786835515987e-01 3.195285784511288085e-01
1.807138786835515987e-01 3.195285784511288085e-01 2.000000000000000000e+00 1.000000000000000021e-08 1.439988979518189716e-01 -3.671498073173263821e-01
1.439988979518189716e-01 -3.671498073173263821e-01 1.000000000000000000e+00 1.000000000000000021e-08 1.381806822440561078e-01 -5.818215707762874889e-02
1.381806822440561078e-01 -5.818215707762874889e-02 1.000000000000000000e+00 1.000000000000000021e-08 1.623894392190102787e-01 2.420875697495415424e-01
1.623894392190102787e-01 2.420875697495415424e-01 1.000000000000000000e+00 1.000000000000000021e-08 2.150565550680471616e-01 5.266711584903687182e-01
2.150565550680471616e-01 5.266711584903687182e-01 0.000000000000000000e+00 1.000000000000000021e-08 3.864168751244245192e-01 1.713603200563773354e+00
3.864168751244245192e-01 1.713603200563773354e+00 0.000000000000000000e+00 1.000000000000000021e-08 6.952199706819741643e-01 3.088030955575496783e+00
6.952199706819741643e-01 3.088030955575496783e+00 0.000000000000000000e+00 1.000000000000000021e-08 1.165158937688953511e+00 4.699389670069793468e+00
1.165158937688953511e+00 4.699389670069793468e+00 2.000000000000000000e+00 9.999000000000000110e-01 1.570796326794896558e+00 5.000000000000000000e+00
-1.436260048682701067e-02 -2.038318390755612664e-02 0.000000000000000000e+00 1.000000000000000021e-08 6.835133526818536198e-02 8.271393575501236883e-01
6.835133526818536198e-02 8.271393575501236883e-01 1.000000000000000000e+00 1.000000000000000021e-08 1.764346442581408714e-01 1.080833089899555066e+00
1.764346442581408714e-01 1.080833089899555066e+00 2.000000000000000000e+00 1.000000000000000021e-08 2.229123317005324845e-01 4.647768744239160199e-01
2.229123317005324845e-01 4.647768744239160199e-01 0.000000000000000000e+00 1.000000000000000021e-08 3.776769739672751758e-01 1.547646422667426691e+00
3.776769739672751758e-01 1.547646422667426691e+00 1.000000000000000000e+00 1.000000000000000021e-08 5.784823397747859142e-01 2.008053658075107162e+00
5.784823397747859142e-01 2.008053658075107162e+00 2.000000000000000000e+00 1.000000000000000021e-08 7.938652943788298000e-01 2.153829546040438192e+00
7.938652943788298000e-01 2.153829546040438192e+00 1.000000000000000000e+00 1.000000000000000021e-08 1.116819462245219663e+00 3.229541678663897741e+00
1.116819462245219663e+00 3.229541678663897741e+00 2.000000000000000000e+00 1.000000000000000021e-08 1.533789987433271218e+00 4.169705251880515995e+00
1.533789987433271218e+00 4.169705251880515995e+00 0.000000000000000000e+00 9.999000000000000110e-01 1.570796326794896558e+00 5.000000000000000000e+00
7.790248047201014936e-02 -1.162197896986207762e-02 1.000000000000000000e+00 1.000000000000000021e-08 9.663188771513799014e-02 1.872940724312783800e-01
9.663188771513799014e-02 1.872940724312783800e-01 0.000000000000000000e+00 1.000000000000000021e-08 2.030509281565938129e-01 1.064190404414558255e+00
2.030509281565938129e-01 1.064190404414558255e+00 0.000000000000000000e+00 1.000000000000000021e-08 4.141293101940010657e-01 2.110783820374072306e+00
