-4.897314882410198911e-02 3.339344847955386109e-02 1.000000000000000000e+00 1.000000000000000021e-08 -7.053868143176378336e-02 -2.156553260766179148e-01
-7.053868143176378336e-02 -2.156553260766179148e-01 1.000000000000000000e+00 1.000000000000000021e-08 -1.154611565236808579e-01 -4.492247509191706345e-01
-1.154611565236808579e-01 -4.492247509191706345e-01 1.000000000000000000e+00 1.000000000000000021e-08 -1.870879679502363557e-01 -7.162681142655551447e-01
-1.870879679502363557e-01 -7.162681142655551447e-01 1.000000000000000000e+00 1.000000000000000021e-08 -2.812711953426875189e-01 -9.418322739245117425e-01
-2.812711953426875189e-01 -9.418322739245117425e-01 2.000000000000000000e+00 1.000000000000000021e-08 -5.196245696886117038e-01 -2.383533743459241183e+00
-5.196245696886117038e-01 -2.383533743459241183e+00 0.000000000000000000e+00 1.000000000000000021e-08 -7.639469810459067478e-01 -2.443224113572950884e+00
-7.639469810459067478e-01 -2.443224113572950884e+00 0.000000000000000000e+00 1.000000000000000021e-08 -1.057480308588111262e+00 -2.935333275422044252e+00
-1.057480308588111262e+00 -2.935333275422044252e+00 2.000000000000000000e+00 1.000000000000000021e-08 -1.513719434400374819e+00 -4.562391258122634241e+00
-1.513719434400374819e+00 -4.562391258122634241e+00 1.000000000000000000e+00 9.999000000000000110e-01 -1.570796326794896558e+00 -5.000000000000000000e+00
-8.324359486425166044e-02 4.477609117720605936e-02 2.000000000000000000e+00 1.000000000000000021e-08 -1.798838971900376671e-01 -9.664030232578598723e-01
-1.798838971900376671e-01 -9.664030232578598723e-01 0.000000000000000000e+00 1.000000000000000021e-08 -2.140336396634815175e-01 -3.414974247344384484e-01
-2.140336396634815175e-01 -3.414974247344384484e-01 0.000000000000000000e+00 1.000000000000000021e-08 -2.067313684654346340e-01 7.302271198046894618e-02
-2.067313684654346340e-01 7.302271198046894618e-02 2.000000000000000000e+00 1.000000000000000021e-08 -3.166996335955063469e-01 -1.099682651300716740e+00
-3.166996335955063469e-01 -1.099682651300716740e+00 2.000000000000000000e+00 1.000000000000000021e-08 -5.495550262004396114e-01 -2.328553926049333089e+00
-5.495550262004396114e-01 -2.328553926049333089e+00 1.000000000000000000e+00 1.000000000000000021e-08 -8.648119692177138607e-01 -3.152569430172742049e+00
-8.648119692177138607e-01 -3.152569430172742049e+00 0.000000000000000000e+00 1.000000000000000021e-08 -1.247873145797488981e+00 -3.830611765797749868e+00
-1.247873145797488981e+00 -3.830611765797749868e+00 1.000000000000000000e+00 9.999000000000000110e-01 -1.570796326794896558e+00 -5.000000000000000000e+00
3.336672187823576385e-02 5.040202238703085647e-02 0.000000000000000000e+00 1.000000000000000021e-08 1.293603429803444893e-01 9.599362110210873933e-01
1.293603429803444893e-01 9.599362110210873933e-01 1.000000000000000000e+00 1.000000000000000021e-08 2.536661920979061402e-01 1.243058491175616620e+00
2.536661920979061402e-01 1.243058491175616620e+00 0.000000000000000000e+00 1.000000000000000021e-08 5.136892303659584824e-01 2.600230382680523089e+00
5.136892303659584824e-01 2.600230382680523089e+00 2.000000000000000000e+00 1.000000000000000021e-08 7.884933056365177606e-01 2.748040752705592116e+00
7.884933056365177606e-01 2.748040752705592116e+00 0.000000000000000000e+00 1.000000000000000021e-08 1.216530175192049201e+00 4.280368695555314851e+00
1.216530175192049201e+00 4.280368695555314851e+00 2.000000000000000000e+00 9.999000000000000110e-01 1.570796326794896558e+00 5.000000000000000000e+00
-6.778782216893168566e-02 5.415409781903027936e-02 2.000000000000000000e+00 1.000000000000000021e-08 -1.547536587435442423e-01 -8.696583657461256500e-01
-1.547536587435442423e-01 -8.696583657461256500e-01 1.000000000000000000e+00 1.000000000000000021e-08 -2.554967961410891109e-01 -1.007431373975448796e+00
-2.554967961410891109e-01 -1.007431373975448796e+00 1.000000000000000000e+00 1.000000000000000021e-08 -4.105687834653548585e-01 -1.550719873242657698e+00
-4.105687834653548585e-01 -1.550719873242657698e+00 0.000000000000000000e+00 1.000000000000000021e-08 -5.430532304457202919e-01 -1.324844469803653668e+00
-5.430532304457202919e-01 -1.324844469803653668e+00 2.000000000000000000e+00 1.000000000000000021e-08 -8.236716119431231053e-01 -2.806183814974027690e+00
-8.236716119431231053e-01 -2.806183814974027690e+00 0.000000000000000000e+00 1.000000000000000021e-08 -1.152329638020189062e+00 -3.286580260770658235e+00
-1.152329638020189062e+00 -3.286580260770658235e+00 2.000000000000000000e+00 9.999000000000000110e-01 -1.570796326794896558e+00 -4.918088446940489966e+00
-5.070411443859998424e-02 1.566533918211984039e-03 1.000000000000000000e+00 1.000000000000000021e-08 -5.259813368854337340e-02 -1.894019249943386385e-02
-5.259813368854337340e-02 -1.894019249943386385e-02 1.000000000000000000e+00 1.000000000000000021e-08 -7.779597426961426532e-02 -2.519784058107089608e-01
-7.779597426961426532e-02 -2.519784058107089608e-01 0.000000000000000000e+00 1.000000000000000021e-08 -3.594347697859200108e-02 4.185249729102226146e-01
-3.594347697859200108e-02 4.185249729102226146e-01 0.000000000000000000e+00 1.000000000000000021e-08 7.350401157137886887e-02 1.094474885499708616e+00
7.350401157137886887e-02 1.094474885499708616e+00 1.000000000000000000e+00 1.000000000000000021e-08 2.012937206003866664e-01 1.277897090290077919e+00
2.012937206003866664e-01 1.277897090290077919e+00 0.000000000000000000e+00 1.000000000000000021e-08 4.535379168727973198e-01 2.522441962724106368e+00
4.535379168727973198e-01 2.522441962724106368e+00 2.000000000000000000e+00 1.000000000000000021e-08 7.113200039755460669e-01 2.577820871027487026e+00
7.113200039755460669e-01 2.577820871027487026e+00 0.000000000000000000e+00 1.000000000000000021e-08 1.139703910334221248e+00 4.283839063586752260e+00
1.139703910334221248e+00 4.283839063586752260e+00 1.000000000000000000e+00 9.999000000000000110e-01 1.570796326794896558e+00 5.000000000000000000e+00
6.463190479466623950e-02 1.769136557713948954e-02 2.000000000000000000e+00 1.000000000000000021e-08 -1.915998597494621147e-02 -8.379189076961244265e-01
-1.915998597494621147e-02 -8.379189076961244265e-01 0.000000000000000000e+00 1.000000000000000021e-08 -2.174619168178538314e-02 -2.586205706839173057e-02
-2.174619168178538314e-02 -2.586205706839173057e-02 2.000000000000000000e+00 1.000000000000000021e-08 -1.299706975889926841e-01 -1.082245059072072912e+00
-1.299706975889926841e-01 -1.082245059072072912e+00 1.000000000000000000e+00 1.000000000000000021e-08 -2.750330068295467889e-01 -1.450623092405541215e+00
-2.750330068295467889e-01 -1.450623092405541215e+00 1.000000000000000000e+00 1.000000000000000021e-08 -4.667081022319096717e-01 -1.916750954023628717e+00
-4.667081022319096717e-01 -1.916750954023628717e+00 1.000000000000000000e+00 1.000000000000000021e-08 -7.460684775569372817e-01 -2.793603753250276434e+00
-7.460684775569372817e-01 -2.793603753250276434e+00 0.000000000000000000e+00 1.000000000000000021e-08 -1.078984179979341151e+00 -3.329157024224038697e+00
-1.078984179979341151e+00 -3.329157024224038697e+00 2.000000000000000000e+00 9.999000000000000110e-01 -1.570796326794896558e+00 -4.922667809878723766e+00
5.432152900592682881e-02 9.975503111356569946e-03 1.000000000000000000e+00 1.000000000000000021e-08 8.100175568597964282e-02 2.668022668005282094e-01
8.100175568597964282e-02 2.668022668005282094e-01 1.000000000000000000e+00 1.000000000000000021e-08 1.224157128733302791e-01 4.141395718735063070e-01
1.224157128733302791e-01 4.141395718735063070e-01 2.000000000000000000e+00 1.000000000000000021e-08 9.053757168236642450e-02 -3.187814119096384347e-01
9.053757168236642450e-02 -3.187814119096384347e-01 2.000000000000000000e+00 1.000000000000000021e-08 -1.023826699449777167e-02 -1.007758386768641934e+00
-1.023826699449777167e-02 -1.007758386768641934e+00 2.000000000000000000e+00 1.000000000000000021e-08 -2.134837460217818284e-01 -2.032454790272840484e+00
-2.134837460217818284e-01 -2.032454790272840484e+00 1.000000000000000000e+00 1.000000000000000021e-08 -4.484524522438405603e-01 -2.349687062220587208e+00
-4.484524522438405603e-01 -2.349687062220587208e+00 0.000000000000000000e+00 1.000000000000000021e-08 -6.798757990462938050e-01 -2.314233468024532225e+00
-6.798757990462938050e-01 -2.314233468024532225e+00 2.000000000000000000e+00 1.000000000000000021e-08 -1.072801585627150001e+00 -3.929257865808562400e+00
-1.072801585627150001e+00 -3.929257865808562400e+00 2.000000000000000000e+00 9.999000000000000110e-01 -1.570796326794896558e+00 -5.000000000000000000e+00
7.726290784936093448e-02 5.941282424027623243e-02 1.000000000000000000e+00 1.000000000000000021e-08 8.422231552745089445e-02 6.959407678089962745e-02
8.422231552745089445e-02 6.959407678089962745e-02 0.000000000000000000e+00 1.000000000000000021e-08 1.967802175855755675e-01 1.125579020581246592e+00
1.967802175855755675e-01 1.125579020581246592e+00 1.000000000000000000e+00 1.000000000000000021e-08 3.297169331420712890e-01 1.329367155564956882e+00
3.297169331420712890e-01 1.329367155564956882e+00 0.000000000000000000e+00 1.000000000000000021e-08 5.999843341836669230e-01 2.702674010415956118e+00
5.999843341836669230e-01 2.702674010415956118e+00 0.000000000000000000e+00 1.000000000000000021e-08 1.039540838481904483e+00 4.395565042982376269e+00
1.039540838481904483e+00 4.395565042982376269e+00 0.000000000000000000e+00 9.999000000000000110e-01 1.570796326794896558e+00 5.000000000000000000e+00
-7.244542727199676513e-02 4.282444173810986271e-02 2.000000000000000000e+00 1.000000000000000021e-08 -1.599101195074879300e-01 -8.746469223549115934e-01
-1.599101195074879300e-01 -8.746469223549115934e-01 2.000000000000000000e+00 1.000000000000000021e-08 -3.593447347225513511e-01 -1.994346152150634044e+00
-3.593447347225513511e-01 -1.994346152150634044e+00 1.000000000000000000e+00 1.000000000000000021e-08 -6.032088109353013206e-01 -2.438640762127499251e+00
-6.032088109353013206e-01 -2.438640762127499251e+00 0.000000000000000000e+00 1.000000000000000021e-08 -8.597664015202227672e-01 -2.565575905849214244e+00
-8.597664015202227672e-01 -2.565575905849214244e+00 0.000000000000000000e+00 1.000000000000000021e-08 -1.169781193099578953e+00 -3.100147915793562525e+00
-1.169781193099578953e+00 -3.100147915793562525e+00 1.000000000000000000e+00 9.999000000000000110e-01 -1.570796326794896558e+00 -4.393698298234040678e+00
8.032738275687177631e-02 1.487261353094647409e-02 1.000000000000000000e+00 1.000000000000000021e-08 8.939444508177689375e-02 9.067062324905117432e-02
8.939444508177689375e-02 9.067062324905117432e-02 1.000000000000000000e+00 1.000000000000000021e-08 1.062877150446648045e-01 1.689326996288791349e-01
1.062877150446648045e-01 1.689326996288791349e-01 0.000000000000000000e+00 1.000000000000000021e-08 2.458779777138226375e-01 1.395902626691578163e+00
2.458779777138226375e-01 1.395902626691578163e+00 1.000000000000000000e+00 1.000000000000000021e-08 4.418956380481551816e-01 1.960176603343325219e+00
4.418956380481551816e-01 1.960176603343325219e+00 2.000000000000000000e+00 1.000000000000000021e-08 6.270303320707369954e-01 1.851346940225818249e+00
6.270303320707369954e-01 1.851346940225818249e+00 0.000000000000000000e+00 1.000000000000000021e-08 9.824222552203460967e-01 3.553919231496090347e+00
9.824222552203460967e-01 3.553919231496090347e+00 2.000000000000000000e+00 1.000000000000000021e-08 1.420089919747077545e+00 4.376676645267313148e+00
1.420089919747077545e+00 4.376676645267313148e+00 0.000000000000000000e+00 9.999000000000000110e-01 1.570796326794896558e+00 5.000000000000000000e+00
4.847462374082667919e-02 1.816081317069229151e-02 0.000000000000000000e+00 1.000000000000000021e-08 1.497013712480451675e-01 1.012267475072184952e+00
1.497013712480451675e-01 1.012267475072184952e+00 0.000000000000000000e+00 1.000000000000000021e-08 3.784813544638713223e-01 2.287799832158261104e+00
3.784813544638713223e-01 2.287799832158261104e+00 1.000000000000000000e+00 1.000000000000000021e-08 6.801502456851552525e-01 3.016688912212838858e+00
6.801502456851552525e-01 3.016688912212838858e+00 0.000000000000000000e+00 1.000000000000000021e-08 1.147760252706585771e+00 4.676100070214304516e+00
1.147760252706585771e+00 4.676100070214304516e+00 2.000000000000000000e+00 9.999000000000000110e-01 1.570796326794896558e+00 5.000000000000000000e+00
-4.161432406546251850e-02 6.904176284900850891e-04 1.000000000000000000e+00 1.000000000000000021e-08 -4.408580228010723634e-02 -2.471478214644714719e-02
-4.408580228010723634e-02 -2.471478214644714719e-02 2.000000000000000000e+00 1.000000000000000021e-08 -1.259159887341063100e-01 -8.183018645399906532e-01
-1.259159887341063100e-01 -8.183018645399906532e-01 1.000000000000000000e+00 1.000000000000000021e-08 -2.278411006918190096e-01 -1.019251119577126774e+00
-2.278411006918190096e-01 -1.019251119577126774e+00 0.000000000000000000e+00 1.000000000000000021e-08 -2.738184627922757297e-01 -4.597736210045674232e-01
-2.738184627922757297e-01 -4.597736210045674232e-01 2.000000000000000000e+00 1.000000000000000021e-08 -4.381057931349574552e-01 -1.642873303426817255e+00
-4.381057931349574552e-01 -1.642873303426817255e+00 2.000000000000000000e+00 1.000000000000000021e-08 -7.428301746367533820e-01 -3.047243815017958379e+00
-7.428301746367533820e-01 -3.047243815017958379e+00 2.000000000000000000e+00 1.000000000000000021e-08 -1.203437632948487712e+00 -4.606074583117343302e+00
-1.203437632948487712e+00 -4.606074583117343302e+00 2.000000000000000000e+00 9.999000000000000110e-01 -1.570796326794896558e+00 -5.000000000000000000e+00
7.870607267864643264e-02 6.654956830480360241e-02 0.000000000000000000e+00 1.000000000000000021e-08 1.927115983292573831e-01 1.140055256506109504e+00
1.927115983292573831e-01 1.140055256506109504e+00 0.000000000000000000e+00 1.000000000000000021e-08 4.326820535379665156e-01 2.399704552087091436e+00
4.326820535379665156e-01 2.399704552087091436e+00 2.000000000000000000e+00 1.000000000000000021e-08 6.480351664998416084e-01 2.153531129618750928e+00
6.480351664998416084e-01 2.153531129618750928e+00 1.000000000000000000e+00 1.000000000000000021e-08 9.466577877031387978e-01 2.986226212032971450e+00
9.466577877031387978e-01 2.986226212032971450e+00 0.000000000000000000e+00 1.000000000000000021e-08 1.417703254069123897e+00 4.710454663659850993e+00
1.417703254069123897e+00 4.710454663659850993e+00 2.000000000000000000e+00 9.999000000000000110e-01 1.570796326794896558e+00 5.000000000000000000e+00
-8.327470082859084188e-04 1.457627938151373828e-02 1.000000000000000000e+00 1.000000000000000021e-08 1.733096551460510878e-03 2.565843559746419297e-02
1.733096551460510878e-03 2.565843559746419297e-02 1.000000000000000000e+00 1.000000000000000021e-08 -8.983063103158221013e-03 -1.071615965461873154e-01
-8.983063103158221013e-03 -1.071615965461873154e-01 1.000000000000000000e+00 1.000000000000000021e-08 -1.987566672821464153e-02 -1.089260362505641844e-01
-1.987566672821464153e-02 -1.089260362505641844e-01 2.000000000000000000e+00 1.000000000000000021e-08 -1.333185244030822836e-01 -1.134428576748676365e+00
-1.333185244030822836e-01 -1.134428576748676365e+00 2.000000000000000000e+00 1.000000000000000021e-08 -3.488940959943839792e-01 -2.155755715913016957e+00
-3.488940959943839792e-01 -2.155755715913016957e+00 1.000000000000000000e+00 1.000000000000000021e-08 -6.043829936528291036e-01 -2.554888976584451576e+00
-6.043829936528291036e-01 -2.554888976584451576e+00 0.000000000000000000e+00 1.000000000000000021e-08 -8.805952235066272227e-01 -2.762122298537981191e+00
-8.805952235066272227e-01 -2.762122298537981191e+00 2.000000000000000000e+00 1.000000000000000021e-08 -1.313705442858530414e+00 -4.331102193519030585e+00
-1.313705442858530414e+00 -4.331102193519030585e+00 1.000000000000000000e+00 9.999000000000000110e-01 -1.570796326794896558e+00 -5.000000000000000000e+00
5.825856806765976337e-02 7.165544965923095755e-02 1.000000000000000000e+00 1.000000000000000021e-08 7.801033588610234437e-02 1.975176781844258378e-01
7.801033588610234437e-02 1.975176781844258378e-01 0.000000000000000000e+00 1.000000000000000021e-08 1.858587316569821346e-01 1.078483957708797680e+00
1.858587316569821346e-01 1.078483957708797680e+00 2.000000000000000000e+00 1.000000000000000021e-08 2.558211727254021683e-01 6.996244106842004484e-01
2.558211727254021683e-01 6.996244106842004484e-01 0.000000000000000000e+00 1.000000000000000021e-08 4.681946494409324755e-01 2.123734767155302627e+00
4.681946494409324755e-01 2.123734767155302627e+00 1.000000000000000000e+00 1.000000000000000021e-08 7.583327715569974092e-01 2.901381221160649559e+00
7.583327715569974092e-01 2.901381221160649559e+00 2.000000000000000000e+00 1.000000000000000021e-08 1.088731475163676521e+00 3.303987036066789784e+00
1.088731475163676521e+00 3.303987036066789784e+00 0.000000000000000000e+00 9.999000000000000110e-01 1.570796326794896558e+00 4.965381389981146754e+00
2.181882333733859564e-02 -8.428537656793352872e-02 0.000000000000000000e+00 1.000000000000000021e-08 1.094510214288973438e-01 8.763219809155874396e-01
1.094510214288973438e-01 8.763219809155874396e-01 2.000000000000000000e+00 1.000000000000000021e-08 1.407529351674258189e-01 3.130191373852847514e-01
1.407529351674258189e-01 3.130191373852847514e-01 1.000000000000000000e+00 1.000000000000000021e-08 1.845508057600176999e-01 4.379787059259187543e-01
1.845508057600176999e-01 4.379787059259187543e-01 1.000000000000000000e+00 1.000000000000000021e-08 2.638129485662001894e-01 7.926214280618246733e-01
2.638129485662001894e-01 7.926214280618246733e-01 2.000000000000000000e+00 1.000000000000000021e-08 2.928214440745306457e-01 2.900849550833045631e-01
2.928214440745306457e-01 2.900849550833045631e-01 0.000000000000000000e+00 1.000000000000000021e-08 4.660313819225687659e-01 1.732099378480381091e+00
4.660313819225687659e-01 1.732099378480381091e+00 0.000000000000000000e+00 1.000000000000000021e-08 7.740732348182211009e-01 3.080418528956522906e+00
7.740732348182211009e-01 3.080418528956522906e+00 0.000000000000000000e+00 1.000000000000000021e-08 1.239447043621868749e+00 4.653738088036476483e+00
1.239447043621868749e+00 4.653738088036476483e+00 2.000000000000000000e+00 9.999000000000000110e-01 1.570796326794896558e+00 5.000000000000000000e+00
3.638387304834293096e-02 8.623028082188755050e-02 0.000000000000000000e+00 1.000000000000000021e-08 1.474908734395798671e-01 1.111070003912369319e+00
1.474908734395798671e-01 1.111070003912369319e+00 0.000000000000000000e+00 1.000000000000000021e-08 3.627494977590978165e-01 2.152586243195178994e+00
3.627494977590978165e-01 2.152586243195178994e+00 0.000000000000000000e+00 1.000000000000000021e-08 7.224569101164375340e-01 3.597074123573396953e+00
7.224569101164375340e-01 3.597074123573396953e+00 0.000000000000000000e+00 1.000000000000000021e-08 1.240690564597187961e+00 5.000000000000000000e+00
1.240690564597187961e+00 5.000000000000000000e+00 0.000000000000000000e+00 9.999000000000000110e-01 1.570796326794896558e+00 5.000000000000000000e+00
8.081953953018473913e-02 -1.367952034723975835e-02 1.000000000000000000e+00 1.000000000000000021e-08 9.760480479964163403e-02 1.678526526945689490e-01
9.760480479964163403e-02 1.678526526945689490e-01 1.000000000000000000e+00 1.000000000000000021e-08 1.157827156268541047e-01 1.817791082721246509e-01
1.157827156268541047e-01 1.817791082721246509e-01 1.000000000000000000e+00 1.000000000000000021e-08 1.479937950902879551e-01 3.221107946343385597e-01
1.479937950902879551e-01 3.221107946343385597e-01 2.000000000000000000e+00 1.000000000000000021e-08 1.325934227631711537e-01 -1.540037232711681248e-01
1.325934227631711537e-01 -1.540037232711681248e-01 1.000000000000000000e+00 1.000000000000000021e-08 1.416730029155214288e-01 9.079580152350283373e-02
1.416730029155214288e-01 9.079580152350283373e-02 2.000000000000000000e+00 1.000000000000000021e-08 8.206462588584456652e-02 -5.960837702967685114e-01
8.206462588584456652e-02 -5.960837702967685114e-01 1.000000000000000000e+00 1.000000000000000021e-08 4.219204257690177540e-02 -3.987258330894278835e-01
4.219204257690177540e-02 -3.987258330894278835e-01 0.000000000000000000e+00 1.000000000000000021e-08 9.167001284515122195e-02 4.947797026824944933e-01
9.167001284515122195e-02 4.947797026824944933e-01 2.000000000000000000e+00 1.000000000000000021e-08 5.701037996773020144e-02 -3.465963287742102050e-01
5.701037996773020144e-02 -3.465963287742102050e-01 2.000000000000000000e+00 1.000000000000000021e-08 -6.934094592072384544e-02 -1.263513258884540358e+00
-6.934094592072384544e-02 -1.263513258884540358e+00 0.000000000000000000e+00 1.000000000000000021e-08 -1.266395596896926767e-01 -5.729861376896882019e-01
-1.266395596896926767e-01 -5.729861376896882019e-01 0.000000000000000000e+00 1.000000000000000021e-08 -1.122819973443712205e-01 1.435756234532146181e-01
-1.122819973443712205e-01 1.435756234532146181e-01 0.000000000000000000e+00 1.000000000000000021e-08 -2.587209827019654185e-02 8.640989907417467863e-01
-2.587209827019654185e-02 8.640989907417467863e-01 2.000000000000000000e+00 1.000000000000000021e-08 -2.412858654081330087e-02 1.743511729383240283e-02
-2.412858654081330087e-02 1.743511729383240283e-02 2.000000000000000000e+00 1.000000000000000021e-08 -1.285334643966724033e-01 -1.044048778558591017e+00
-1.285334643966724033e-01 -1.044048778558591017e+00 1.000000000000000000e+00 1.000000000000000021e-08 -2.462560100720451728e-01 -1.177225456753727695e+00
-2.462560100720451728e-01 -1.177225456753727695e+00 1.000000000000000000e+00 1.000000000000000021e-08 -4.063977512964318528e-01 -1.601417412243866467e+00
-4.063977512964318528e-01 -1.601417412243866467e+00 2.000000000000000000e+00 1.000000000000000021e-08 -7.144702502556647961e-01 -3.080724989592328988e+00
-7.144702502556647961e-01 -3.080724989592328988e+00 0.000000000000000000e+00 1.000000000000000021e-08 -1.062255311984105166e+00 -3.477850617284404589e+00
-1.062255311984105166e+00 -3.477850617284404589e+00 0.000000000000000000e+00 1.000000000000000021e-08 -1.500157463426398552e+00 -4.379021514422934303e+00
-1.500157463426398552e+00 -4.379021514422934303e+00 1.000000000000000000e+00 9.999000000000000110e-01 -1.570796326794896558e+00 -5.000000000000000000e+00
5.866109615960046764e-02 -7.782847461305197889e-02 0.000000000000000000e+00 1.000000000000000021e-08 1.355431848690127894e-01 7.688208870941231066e-01
1.355431848690127894e-01 7.688208870941231066e-01 2.000000000000000000e+00 1.000000000000000021e-08 1.397680040270523893e-01 4.224819158039605504e-02
1.397680040270523893e-01 4.224819158039605504e-02 2.000000000000000000e+00 1.000000000000000021e-08 8.094507539738067525e-02 -5.882292862967171132e-01
8.094507539738067525e-02 -5.882292862967171132e-01 0.000000000000000000e+00 1.000000000000000021e-08 1.110897521128072218e-01 3.014467671542654381e-01
1.110897521128072218e-01 3.014467671542654381e-01 2.000000000000000000e+00 1.000000000000000021e-08 9.026056395093293161e-02 -2.082918816187429023e-01
9.026056395093293161e-02 -2.082918816187429023e-01 1.000000000000000000e+00 1.000000000000000021e-08 1.004776786135991862e-01 1.021711466266625457e-01
1.004776786135991862e-01 1.021711466266625457e-01 0.000000000000000000e+00 1.000000000000000021e-08 2.297065641636274469e-01 1.292288855500282496e+00
2.297065641636274469e-01 1.292288855500282496e+00 2.000000000000000000e+00 1.000000000000000021e-08 3.229399066837282950e-01 9.323334252010084811e-01
3.229399066837282950e-01 9.323334252010084811e-01 0.000000000000000000e+00 1.000000000000000021e-08 5.407156382062432431e-01 2.177757315225149704e+00
5.407156382062432431e-01 2.177757315225149704e+00 2.000000000000000000e+00 1.000000000000000021e-08 7.580147577243162571e-01 2.172991195180730362e+00
7.580147577243162571e-01 2.172991195180730362e+00 2.000000000000000000e+00 1.000000000000000021e-08 1.027271521984200797e+00 2.692567642598844735e+00
1.027271521984200797e+00 2.692567642598844735e+00 1.000000000000000000e+00 1.000000000000000021e-08 1.415005431710224970e+00 3.877339097260241729e+00
1.415005431710224970e+00 3.877339097260241729e+00 0.000000000000000000e+00 9.999000000000000110e-01 1.570796326794896558e+00 5.000000000000000000e+00
1.476674456560420415e-02 3.674510953745448172e-02 2.000000000000000000e+00 1.000000000000000021e-08 -5.631467117489614982e-02 -7.108141574050034217e-01
-5.631467117489614982e-02 -7.108141574050034217e-01 2.000000000000000000e+00 1.000000000000000021e-08 -2.284522398736370530e-01 -1.721375686987408837e+00
-2.284522398736370530e-01 -1.721375686987408837e+00 1.000000000000000000e+00 1.000000000000000021e-08 -4.513420316346749006e-01 -2.228897917610378698e+00
-4.513420316346749006e-01 -2.228897917610378698e+00 2.000000000000000000e+00 1.000000000000000021e-08 -8.130779181514751208e-01 -3.617358865168001536e+00
-8.130779181514751208e-01 -3.617358865168001536e+00 0.000000000000000000e+00 1.000000000000000021e-08 -1.227135717936515436e+00 -4.140577997850402703e+00
-1.227135717936515436e+00 -4.140577997850402703e+00 1.000000000000000000e+00 9.999000000000000110e-01 -1.570796326794896558e+00 -5.000000000000000000e+00
5.838342654258865672e-02 -2.282590584076846923e-03 1.000000000000000000e+00 1.000000000000000021e-08 5.425575480498141118e-02 -4.127671737607242763e-02
5.425575480498141118e-02 -4.127671737607242763e-02 2.000000000000000000e+00 1.000000000000000021e-08 -1.173213584355230904e-02 -6.598789064853372022e-01
-1.173213584355230904e-02 -6.598789064853372022e-01 1.000000000000000000e+00 1.000000000000000021e-08 -6.915077046189629928e-02 -5.741863461834397775e-01
-6.915077046189629928e-02 -5.741863461834397775e-01 2.000000000000000000e+00 1.000000000000000021e-08 -2.279100568550269379e-01 -1.587592863931306386e+00
-2.279100568550269379e-01 -1.587592863931306386e+00 2.000000000000000000e+00 1.000000000000000021e-08 -5.068833744228035121e-01 -2.789733175677765686e+00
-5.068833744228035121e-01 -2.789733175677765686e+00 1.000000000000000000e+00 1.000000000000000021e-08 -8.549314762933206691e-01 -3.480481018705170904e+00
-8.549314762933206691e-01 -3.480481018705170904e+00 2.000000000000000000e+00 1.000000000000000021e-08 -1.366689698754119942e+00 -5.000000000000000000e+00
-1.366689698754119942e+00 -5.000000000000000000e+00 0.000000000000000000e+00 9.999000000000000110e-01 -1.570796326794896558e+00 -5.000000000000000000e+00
-2.058834173790952127e-02 3.804978853906861025e-02 1.000000000000000000e+00 1.000000000000000021e-08 -1.645363714622712081e-02 4.134704591682398372e-02
-1.645363714622712081e-02 4.134704591682398372e-02 0.000000000000000000e+00 1.000000000000000021e-08 6.456398359361206762e-02 8.101762073983918011e-01
6.456398359361206762e-02 8.101762073983918011e-01 2.000000000000000000e+00 1.000000000000000021e-08 8.212284797478584808e-02 1.755886438117377768e-01
8.212284797478584808e-02 1.755886438117377768e-01 2.000000000000000000e+00 1.000000000000000021e-08 1.049839007146394221e-02 -7.162445790332190310e-01
1.049839007146394221e-02 -7.162445790332190310e-01 2.000000000000000000e+00 1.000000000000000021e-08 -1.446013734300160281e-01 -1.550997635014799592e+00
-1.446013734300160281e-01 -1.550997635014799592e+00 0.000000000000000000e+00 1.000000000000000021e-08 -2.522527661456173131e-01 -1.076513927156012906e+00
-2.522527661456173131e-01 -1.076513927156012906e+00 2.000000000000000000e+00 1.000000000000000021e-08 -4.749254975342651619e-01 -2.226727313886478044e+00
-4.749254975342651619e-01 -2.226727313886478044e+00 2.000000000000000000e+00 1.000000000000000021e-08 -8.436028187890469709e-01 -3.686773212547818090e+00
-8.436028187890469709e-01 -3.686773212547818090e+00 1.000000000000000000e+00 1.000000000000000021e-08 -1.327725431053868643e+00 -4.841226122648215835e+00
-1.327725431053868643e+00 -4.841226122648215835e+00 0.000000000000000000e+00 9.999000000000000110e-01 -1.570796326794896558e+00 -5.000000000000000000e+00
-2.156742505917945418e-02 -6.920021674347216767e-02 0.000000000000000000e+00 1.000000000000000021e-08 6.070376761155221734e-02 8.227119267073166320e-01
6.070376761155221734e-02 8.227119267073166320e-01 2.000000000000000000e+00 1.000000000000000021e-08 5.966471301660043747e-02 -1.039054594951782651e-02
5.966471301660043747e-02 -1.039054594951782651e-02 0.000000000000000000e+00 1.000000000000000021e-08 1.447042078332796688e-01 8.503949481667922861e-01
1.447042078332796688e-01 8.503949481667922861e-01 1.000000000000000000e+00 1.000000000000000021e-08 2.523036751834673019e-01 1.075994673501875942e+00
2.523036751834673019e-01 1.075994673501875942e+00 2.000000000000000000e+00 1.000000000000000021e-08 3.279143014081609131e-01 7.561062622469358896e-01
3.279143014081609131e-01 7.561062622469358896e-01 2.000000000000000000e+00 1.000000000000000021e-08 3.899140659871679904e-01 6.199976457900708837e-01
3.899140659871679904e-01 6.199976457900708837e-01 1.000000000000000000e+00 1.000000000000000021e-08 5.304700390990897407e-01 1.405559731119217393e+00
5.304700390990897407e-01 1.405559731119217393e+00 2.000000000000000000e+00 1.000000000000000021e-08 6.837002163480667694e-01 1.532301772489770508e+00
6.837002163480667694e-01 1.532301772489770508e+00 1.000000000000000000e+00 1.000000000000000021e-08 9.345911954675452105e-01 2.508909791194784411e+00
9.345911954675452105e-01 2.508909791194784411e+00 1.000000000000000000e+00 1.000000000000000021e-08 1.303942359888457858e+00 3.693511644209126477e+00
1.303942359888457858e+00 3.693511644209126477e+00 1.000000000000000000e+00 9.999000000000000110e-01 1.570796326794896558e+00 5.000000000000000000e+00
2.010373125768441863e-02 -7.445031184746535302e-02 2.000000000000000000e+00 1.000000000000000021e-08 -6.695504086445262792e-02 -8.705877212213704031e-01
-6.695504086445262792e-02 -8.705877212213704031e-01 0.000000000000000000e+00 1.000000000000000021e-08 -7.850852386668200067e-02 -1.155348300222936997e-01
-7.850852386668200067e-02 -1.155348300222936997e-01 1.000000000000000000e+00 1.000000000000000021e-08 -1.016451865461720644e-01 -2.313666267949006650e-01
-1.016451865461720644e-01 -2.313666267949006650e-01 2.000000000000000000e+00 1.000000000000000021e-08 -2.142135967213739389e-01 -1.125684101752018718e+00
-2.142135967213739389e-01 -1.125684101752018718e+00 0.000000000000000000e+00 1.000000000000000021e-08 -2.921933953088818314e-01 -7.797979858750787585e-01
-2.921933953088818314e-01 -7.797979858750787585e-01 0.000000000000000000e+00 1.000000000000000021e-08 -3.510872043609382098e-01 -5.889380905205636729e-01
-3.510872043609382098e-01 -5.889380905205636729e-01 0.000000000000000000e+00 1.000000000000000021e-08 -3.772488185666919014e-01 -2.616161420575369712e-01
-3.772488185666919014e-01 -2.616161420575369712e-01 0.000000000000000000e+00 1.000000000000000021e-08 -3.771894788161725409e-01 5.933975051936601908e-04
-3.771894788161725409e-01 5.933975051936601908e-04 1.000000000000000000e+00 1.000000000000000021e-08 -4.405239050300796544e-01 -6.333442621390712457e-01
-4.405239050300796544e-01 -6.333442621390712457e-01 2.000000000000000000e+00 1.000000000000000021e-08 -6.640134343354597846e-01 -2.234895293053800636e+00
-6.640134343354597846e-01 -2.234895293053800636e+00 2.000000000000000000e+00 1.000000000000000021e-08 -1.042510212508627632e+00 -3.784967781731677583e+00
-1.042510212508627632e+00 -3.784967781731677583e+00 0.000000000000000000e+00 1.000000000000000021e-08 -1.503270055808006100e+00 -4.607598432993785131e+00
-1.503270055808006100e+00 -4.607598432993785131e+00 2.000000000000000000e+00 9.999000000000000110e-01 -1.570796326794896558e+00 -5.000000000000000000e+00
-7.107698590144187478e-02 -6.627373528361049648e-02 2.000000000000000000e+00 1.000000000000000021e-08 -1.613761085126521333e-01 -9.029912261121024741e-01
-1.613761085126521333e-01 -9.029912261121024741e-01 0.000000000000000000e+00 1.000000000000000021e-08 -1.770922220869658170e-01 -1.571611357431369482e-01
-1.770922220869658170e-01 -1.571611357431369482e-01 1.000000000000000000e+00 1.000000000000000021e-08 -2.133975724898760640e-01 -3.630535040291024695e-01
-2.133975724898760640e-01 -3.630535040291024695e-01 1.000000000000000000e+00 1.000000000000000021e-08 -2.846414559461420968e-01 -7.124388345626603281e-01
-2.846414559461420968e-01 -7.124388345626603281e-01 2.000000000000000000e+00 1.000000000000000021e-08 -4.994814695044603181e-01 -2.148400135583182102e+00
-4.994814695044603181e-01 -2.148400135583182102e+00 0.000000000000000000e+00 1.000000000000000021e-08 -7.198319471857206331e-01 -2.203504776812602817e+00
-7.198319471857206331e-01 -2.203504776812602817e+00 1.000000000000000000e+00 1.000000000000000021e-08 -1.040086854179420595e+00 -3.202549069936998727e+00
-1.040086854179420595e+00 -3.202549069936998727e+00 1.000000000000000000e+00 1.000000000000000021e-08 -1.480368349053069243e+00 -4.402814948736486045e+00
-1.480368349053069243e+00 -4.402814948736486045e+00 1.000000000000000000e+00 9.999000000000000110e-01 -1.570796326794896558e+00 -5.000000000000000000e+00
-1.233664306065873802e-02 1.546504064453661786e-03 1.000000000000000000e+00 1.000000000000000021e-08 -2.587041914759612149e-02 -1.353377608693738521e-01
-2.587041914759612149e-02 -1.353377608693738521e-01 0.000000000000000000e+00 1.000000000000000021e-08 5.409478776540395384e-02 7.996520691300006423e-01
5.409478776540395384e-02 7.996520691300006423e-01 1.000000000000000000e+00 1.000000000000000021e-08 1.307190075853461031e-01 7.662421981994216313e-01
1.307190075853461031e-01 7.662421981994216313e-01 1.000000000000000000e+00 1.000000000000000021e-08 2.231013889206627243e-01 9.238238133531662122e-01
2.231013889206627243e-01 9.238238133531662122e-01 1.000000000000000000e+00 1.000000000000000021e-08 3.437218641532525099e-01 1.206204752325897633e+00
3.437218641532525099e-01 1.206204752325897633e+00 2.000000000000000000e+00 1.000000000000000021e-08 4.548685979609815577e-01 1.111467338077290146e+00
4.548685979609815577e-01 1.111467338077290146e+00 1.000000000000000000e+00 1.000000000000000021e-08 6.342650151776844103e-01 1.793964172167028082e+00
6.342650151776844103e-01 1.793964172167028082e+00 0.000000000000000000e+00 1.000000000000000021e-08 9.860230647280067151e-01 3.517580495503223048e+00
9.860230647280067151e-01 3.517580495503223048e+00 1.000000000000000000e+00 1.000000000000000021e-08 1.462429904472595243e+00 4.764068397445885950e+00
1.462429904472595243e+00 4.764068397445885950e+00 0.000000000000000000e+00 9.999000000000000110e-01 1.570796326794896558e+00 5.000000000000000000e+00
4.370541935456943167e-03 5.310176475512072558e-02 1.000000000000000000e+00 1.000000000000000021e-08 2.215480427076916767e-02 1.778426233531222311e-01
2.215480427076916767e-02 1.778426233531222311e-01 1.000000000000000000e+00 1.000000000000000021e-08 4.569053093906670637e-02 2.353572666829753524e-01
4.569053093906670637e-02 2.353572666829753524e-01 2.000000000000000000e+00 1.000000000000000021e-08 -5.749348237152736296e-03 -5.143987917621943851e-01
-5.749348237152736296e-03 -5.143987917621943851e-01 0.000000000000000000e+00 1.000000000000000021e-08 3.122428743458748046e-02 3.697363567174021259e-01
3.122428743458748046e-02 3.697363567174021259e-01 1.000000000000000000e+00 1.000000000000000021e-08 6.501440488780223237e-02 3.379011745321475191e-01
6.501440488780223237e-02 3.379011745321475191e-01 2.000000000000000000e+00 1.000000000000000021e-08 1.797736027594247499e-02 -4.703704461185975738e-01
1.797736027594247499e-02 -4.703704461185975738e-01 1.000000000000000000e+00 1.000000000000000021e-08 -1.944707358851253259e-02 -3.742443386445500897e-01
-1.944707358851253259e-02 -3.742443386445500897e-01 0.000000000000000000e+00 1.000000000000000021e-08 2.112463691866363347e-02 4.057171050717616190e-01
2.112463691866363347e-02 4.057171050717616190e-01 2.000000000000000000e+00 1.000000000000000021e-08 -3.780925598952300515e-02 -5.893389290818663584e-01
-3.780925598952300515e-02 -5.893389290818663584e-01 1.000000000000000000e+00 1.000000000000000021e-08 -1.072689387695280744e-01 -6.945968278000507201e-01
-1.072689387695280744e-01 -6.945968278000507201e-01 2.000000000000000000e+00 1.000000000000000021e-08 -2.935797207499845629e-01 -1.863107819804564969e+00
-2.935797207499845629e-01 -1.863107819804564969e+00 1.000000000000000000e+00 1.000000000000000021e-08 -5.213700664466973667e-01 -2.277903456967127482e+00
-5.213700664466973667e-01 -2.277903456967127482e+00 2.000000000000000000e+00 1.000000000000000021e-08 -9.150690979751797682e-01 -3.936990315284823794e+00
-9.150690979751797682e-01 -3.936990315284823794e+00 0.000000000000000000e+00 1.000000000000000021e-08 -1.365031517211858558e+00 -4.499624192366787234e+00
-1.365031517211858558e+00 -4.499624192366787234e+00 0.000000000000000000e+00 9.999000000000000110e-01 -1.570796326794896558e+00 -5.000000000000000000e+00
-4.502295031965492661e-02 -1.688359943559501752e-02 1.000000000000000000e+00 1.000000000000000021e-08 -5.543157389763590098e-02 -1.040862357798097160e-01
-5.543157389763590098e-02 -1.040862357798097160e-01 0.000000000000000000e+00 1.000000000000000021e-08 5.005482949646304636e-03 6.043705684728220007e-01
5.005482949646304636e-03 6.043705684728220007e-01 1.000000000000000000e+00 1.000000000000000021e-08 6.379316756729130899e-02 5.878768461764499742e-01
6.379316756729130899e-02 5.878768461764499742e-01 0.000000000000000000e+00 1.000000000000000021e-08 2.040803203255135145e-01 1.402871527582222111e+00
2.040803203255135145e-01 1.402871527582222111e+00 1.000000000000000000e+00 1.000000000000000021e-08 3.717141018604999680e-01 1.676337815349864480e+00
3.717141018604999680e-01 1.676337815349864480e+00 1.000000000000000000e+00 1.000000000000000021e-08 6.031081266586206802e-01 2.313940247981206344e+00
6.031081266586206802e-01 2.313940247981206344e+00 2.000000000000000000e+00 1.000000000000000021e-08 8.409279144027976827e-01 2.378197877441770469e+00
8.409279144027976827e-01 2.378197877441770469e+00 0.000000000000000000e+00 1.000000000000000021e-08 1.250244507573095687e+00 4.093165931702980487e+00
1.250244507573095687e+00 4.093165931702980487e+00 1.000000000000000000e+00 9.999000000000000110e-01 1.570796326794896558e+00 5.000000000000000000e+00
-2.335501115097573382e-02 1.728867195140433577e-02 2.000000000000000000e+00 1.000000000000000021e-08 -1.281635325125279889e-01 -1.048085213615522537e+00
-1.281635325125279889e-01 -1.048085213615522537e+00 1.000000000000000000e+00 1.000000000000000021e-08 -2.663817078523343373e-01 -1.382181753398063373e+00
-2.663817078523343373e-01 -1.382181753398063373e+00 2.000000000000000000e+00 1.000000000000000021e-08 -5.259783771479314973e-01 -2.595966692955971489e+00
-5.259783771479314973e-01 -2.595966692955971489e+00 1.000000000000000000e+00 1.000000000000000021e-08 -8.534117918761608967e-01 -3.274334147282293550e+00
-8.534117918761608967e-01 -3.274334147282293550e+00 2.000000000000000000e+00 1.000000000000000021e-08 -1.347013553494551985e+00 -4.936017616183910661e+00
-1.347013553494551985e+00 -4.936017616183910661e+00 1.000000000000000000e+00 9.999000000000000110e-01 -1.570796326794896558e+00 -5.000000000000000000e+00
-4.675241847899999637e-02 -2.540995411618527516e-02 0.000000000000000000e+00 1.000000000000000021e-08 1.464728268231435537e-02 6.139970116131434619e-01
1.464728268231435537e-02 6.139970116131434619e-01 1.000000000000000000e+00 1.000000000000000021e-08 6.520829267742156432e-02 5.056100999510720895e-01
6.520829267742156432e-02 5.056100999510720895e-01 0.000000000000000000e+00 1.000000000000000021e-08 2.194957124566057072e-01 1.542874197791841429e+00
2.194957124566057072e-01 1.542874197791841429e+00 0.000000000000000000e+00 1.000000000000000021e-08 5.065413520557363602e-01 2.870456395991306309e+00
5.065413520557363602e-01 2.870456395991306309e+00 2.000000000000000000e+00 1.000000000000000021e-08 8.003913389082855101e-01 2.938499868525491721e+00
8.003913389082855101e-01 2.938499868525491721e+00 2.000000000000000000e+00 1.000000000000000021e-08 1.136031085476141955e+00 3.356397465678564451e+00
1.136031085476141955e+00 3.356397465678564451e+00 2.000000000000000000e+00 1.000000000000000021e-08 1.570453433192488646e+00 4.344223477163465574e+00
1.570453433192488646e+00 4.344223477163465574e+00 1.000000000000000000e+00 9.999000000000000110e-01 1.570796326794896558e+00 5.000000000000000000e+00
7.177899491376329988e-03 -1.051495587748012966e-03 2.000000000000000000e+00 1.000000000000000021e-08 -9.179789485071235267e-02 -9.897579434208867433e-01
-9.179789485071235267e-02 -9.897579434208867433e-01 2.000000000000000000e+00 1.000000000000000021e-08 -2.912657221630348126e-01 -1.994678273123224432e+00
-2.912657221630348126e-01 -1.994678273123224432e+00 1.000000000000000000e+00 1.000000000000000021e-08 -5.392229920670156273e-01 -2.479572699039808370e+00
-5.392229920670156273e-01 -2.479572699039808370e+00 2.000000000000000000e+00 1.000000000000000021e-08 -9.291392962439324332e-01 -3.899163041769167393e+00
-9.291392962439324332e-01 -3.899163041769167393e+00 1.000000000000000000e+00 1.000000000000000021e-08 -1.432518525217421734e+00 -5.000000000000000000e+00
-1.432518525217421734e+00 -5.000000000000000000e+00 1.000000000000000000e+00 9.999000000000000110e-01 -1.570796326794896558e+00 -5.000000000000000000e+00
5.677449195307548990e-02 -3.299468790758249698e-02 1.000000000000000000e+00 1.000000000000000021e-08 8.073258839428353040e-02 2.395809644120804049e-01
8.073258839428353040e-02 2.395809644120804049e-01 2.000000000000000000e+00 1.000000000000000021e-08 3.937062488496113205e-02 -4.136196350932239696e-01
3.937062488496113205e-02 -4.136196350932239696e-01 2.000000000000000000e+00 1.000000000000000021e-08 -9.617133822519086106e-02 -1.355419631101519862e+00
-9.617133822519086106e-02 -1.355419631101519862e+00 1.000000000000000000e+00 1.000000000000000021e-08 -2.354846219822097353e-01 -1.393132837570188576e+00
-2.354846219822097353e-01 -1.393132837570188576e+00 1.000000000000000000e+00 1.000000000000000021e-08 -3.976943016199755432e-01 -1.622096796377658023e+00
-3.976943016199755432e-01 -1.622096796377658023e+00 2.000000000000000000e+00 1.000000000000000021e-08 -7.032296748606919889e-01 -3.055353732407164014e+00
-7.032296748606919889e-01 -3.055353732407164014e+00 2.000000000000000000e+00 1.000000000000000021e-08 -1.178691037614819415e+00 -4.754613627541274923e+00
-1.178691037614819415e+00 -4.754613627541274923e+00 2.000000000000000000e+00 9.999000000000000110e-01 -1.570796326794896558e+00 -5.000000000000000000e+00
5.313236310913106719e-02 6.916595540000748665e-02 2.000000000000000000e+00 1.000000000000000021e-08 -3.030799787471276374e-02 -8.344036098384381983e-01
-3.030799787471276374e-02 -8.344036098384381983e-01 1.000000000000000000e+00 1.000000000000000021e-08 -1.239439784334606803e-01 -9.363598055874791104e-01
-1.239439784334606803e-01 -9.363598055874791104e-01 0.000000000000000000e+00 1.000000000000000021e-08 -1.443450726509116211e-01 -2.040109421745095464e-01
-1.443450726509116211e-01 -2.040109421745095464e-01 1.000000000000000000e+00 1.000000000000000021e-08 -2.036057497469315747e-01 -5.926067709601996469e-01
-2.036057497469315747e-01 -5.926067709601996469e-01 1.000000000000000000e+00 1.000000000000000021e-08 -2.850445371442537068e-01 -8.143878739732214322e-01
-2.850445371442537068e-01 -8.143878739732214322e-01 2.000000000000000000e+00 1.000000000000000021e-08 -4.825032567449373810e-01 -1.974587196006836631e+00
-4.825032567449373810e-01 -1.974587196006836631e+00 2.000000000000000000e+00 1.000000000000000021e-08 -8.261074395213738875e-01 -3.436041827764364953e+00
-8.261074395213738875e-01 -3.436041827764364953e+00 2.000000000000000000e+00 1.000000000000000021e-08 -1.340189907545295211e+00 -5.000000000000000000e+00
-1.340189907545295211e+00 -5.000000000000000000e+00 2.000000000000000000e+00 9.999000000000000110e-01 -1.570796326794896558e+00 -5.000000000000000000e+00
8.584565276677737222e-02 4.305857612624906794e-02 0.000000000000000000e+00 1.000000000000000021e-08 1.857268281703974289e-01 9.988117540362005942e-01
1.857268281703974289e-01 9.988117540362005942e-01 2.000000000000000000e+00 1.000000000000000021e-08 2.259093247533750515e-01 4.018249658297763371e-01
2.259093247533750515e-01 4.018249658297763371e-01 2.000000000000000000e+00 1.000000000000000021e-08 2.236244714457747973e-01 -2.284853307600254180e-02
2.236244714457747973e-01 -2.284853307600254180e-02 2.000000000000000000e+00 1.000000000000000021e-08 1.650492653057499814e-01 -5.857520614002482695e-01
1.650492653057499814e-01 -5.857520614002482695e-01 1.000000000000000000e+00 1.000000000000000021e-08 1.344784701797697157e-01 -3.057079512598026572e-01
1.344784701797697157e-01 -3.057079512598026572e-01 1.000000000000000000e+00 1.000000000000000021e-08 1.215099444495406494e-01 -1.296852573022906907e-01
1.215099444495406494e-01 -1.296852573022906907e-01 0.000000000000000000e+00 1.000000000000000021e-08 2.109893444868582435e-01 8.947940003731758019e-01
2.109893444868582435e-01 8.947940003731758019e-01 0.000000000000000000e+00 1.000000000000000021e-08 4.279534428505862298e-01 2.169640983637279863e+00
4.279534428505862298e-01 2.169640983637279863e+00 2.000000000000000000e+00 1.000000000000000021e-08 6.386380265500266606e-01 2.106845836994403864e+00
6.386380265500266606e-01 2.106845836994403864e+00 0.000000000000000000e+00 1.000000000000000021e-08 1.014048014796588459e+00 3.754099882465617988e+00
1.014048014796588459e+00 3.754099882465617988e+00 0.000000000000000000e+00 1.000000000000000021e-08 1.547886258427839223e+00 5.000000000000000000e+00
1.547886258427839223e+00 5.000000000000000000e+00 0.000000000000000000e+00 9.999000000000000110e-01 1.570796326794896558e+00 5.000000000000000000e+00
3.380535457613211697e-02 3.838634263360934246e-02 1.000000000000000000e+00 1.000000000000000021e-08 4.697943308227436887e-02 1.317407850614224774e-01
4.697943308227436887e-02 1.317407850614224774e-01 0.000000000000000000e+00 1.000000000000000021e-08 1.533870698743023953e-01 1.064076367920280042e+00
1.533870698743023953e-01 1.064076367920280042e+00 0.000000000000000000e+00 1.000000000000000021e-08 3.885802509247523462e-01 2.351931810504499509e+00
3.885802509247523462e-01 2.351931810504499509e+00 0.000000000000000000e+00 1.000000000000000021e-08 7.710889986989234446e-01 3.825087477741710984e+00
7.710889986989234446e-01 3.825087477741710984e+00 1.000000000000000000e+00 1.000000000000000021e-08 1.257367618801245701e+00 4.862786201023222787e+00
1.257367618801245701e+00 4.862786201023222787e+00 2.000000000000000000e+00 9.999000000000000110e-01 1.570796326794896558e+00 5.000000000000000000e+00
4.273594222756965655e-02 -7.361455535544569884e-02 2.000000000000000000e+00 1.000000000000000021e-08 -5.139255067601966598e-02 -9.412849290358931142e-01
-5.139255067601966598e-02 -9.412849290358931142e-01 2.000000000000000000e+00 1.000000000000000021e-08 -2.369854339630795004e-01 -1.855928832870598288e+00
-2.369854339630795004e-01 -1.855928832870598288e+00 0.000000000000000000e+00 1.000000000000000021e-08 -3.906652904601034537e-01 -1.536798564970239589e+00
-3.906652904601034537e-01 -1.536798564970239589e+00 0.000000000000000000e+00 1.000000000000000021e-08 -5.186859974174709009e-01 -1.280207069573674916e+00
-5.186859974174709009e-01 -1.280207069573674916e+00 0.000000000000000000e+00 1.000000000000000021e-08 -6.404549585794220290e-01 -1.217689611619510837e+00
-6.404549585794220290e-01 -1.217689611619510837e+00 1.000000000000000000e+00 1.000000000000000021e-08 -8.479698358914107281e-01 -2.075148773119886769e+00
-8.479698358914107281e-01 -2.075148773119886769e+00 2.000000000000000000e+00 1.000000000000000021e-08 -1.232514256803169728e+00 -3.845444209117590439e+00
-1.232514256803169728e+00 -3.845444209117590439e+00 2.000000000000000000e+00 9.999000000000000110e-01 -1.570796326794896558e+00 -5.000000000000000000e+00
7.783923827922796523e-02 -1.728023129057381507e-02 2.000000000000000000e+00 1.000000000000000021e-08 -5.363723210017226628e-03 -8.320296148924518631e-01
-5.363723210017226628e-03 -8.320296148924518631e-01 2.000000000000000000e+00 1.000000000000000021e-08 -1.932179453019922666e-01 -1.878542220919750427e+00
-1.932179453019922666e-01 -1.878542220919750427e+00 0.000000000000000000e+00 1.000000000000000021e-08 -3.207874885498283035e-01 -1.275695432478360480e+00
-3.207874885498283035e-01 -1.275695432478360480e+00 1.000000000000000000e+00 1.000000000000000021e-08 -4.924241959445531114e-01 -1.716367073947247635e+00
-4.924241959445531114e-01 -1.716367073947247635e+00 1.000000000000000000e+00 1.000000000000000021e-08 -7.472472137884244026e-01 -2.548230178438712912e+00
-7.472472137884244026e-01 -2.548230178438712912e+00 0.000000000000000000e+00 1.000000000000000021e-08 -1.045781445047571312e+00 -2.985342312591468872e+00
-1.045781445047571312e+00 -2.985342312591468872e+00 1.000000000000000000e+00 1.000000000000000021e-08 -1.467250262161506225e+00 -4.214688171139348682e+00
-1.467250262161506225e+00 -4.214688171139348682e+00 1.000000000000000000e+00 9.999000000000000110e-01 -1.570796326794896558e+00 -5.000000000000000000e+00
-5.369005745772396920e-02 8.418018805226036572e-02 1.000000000000000000e+00 1.000000000000000021e-08 -6.438420283286190593e-02 -1.069414537513793256e-01
-6.438420283286190593e-02 -1.069414537513793256e-01 1.000000000000000000e+00 1.000000000000000021e-08 -7.509796478952343590e-02 -1.071376195666153691e-01
-7.509796478952343590e-02 -1.071376195666153691e-01 0.000000000000000000e+00 1.000000000000000021e-08 -2.581124207232263212e-02 4.928672271720080378e-01
-2.581124207232263212e-02 4.928672271720080378e-01 2.000000000000000000e+00 1.000000000000000021e-08 -5.678271787517583102e-02 -3.097147580285319890e-01
-5.678271787517583102e-02 -3.097147580285319890e-01 0.000000000000000000e+00 1.000000000000000021e-08 -1.029169105168690340e-02 4.649102682348892346e-01
-1.029169105168690340e-02 4.649102682348892346e-01 2.000000000000000000e+00 1.000000000000000021e-08 -5.341847174548670918e-02 -4.312678069379980439e-01
-5.341847174548670918e-02 -4.312678069379980439e-01 2.000000000000000000e+00 1.000000000000000021e-08 -1.999277173556664455e-01 -1.465092456101797058e+00
-1.999277173556664455e-01 -1.465092456101797058e+00 1.000000000000000000e+00 1.000000000000000021e-08 -3.906115096401664988e-01 -1.906837922845000532e+00
-3.906115096401664988e-01 -1.906837922845000532e+00 2.000000000000000000e+00 1.000000000000000021e-08 -7.254222798963456675e-01 -3.348107702561790688e+00
-7.254222798963456675e-01 -3.348107702561790688e+00 1.000000000000000000e+00 1.000000000000000021e-08 -1.164265047286325405e+00 -4.388427673899798265e+00
-1.164265047286325405e+00 -4.388427673899798265e+00 1.000000000000000000e+00 9.999000000000000110e-01 -1.570796326794896558e+00 -5.000000000000000000e+00
5.401273719564032849e-02 -2.414714891913281175e-03 2.000000000000000000e+00 1.000000000000000021e-08 -3.942695272939214512e-02 -9.343968992503246529e-01
-3.942695272939214512e-02 -9.343968992503246529e-01 1.000000000000000000e+00 1.000000000000000021e-08 -1.552419745285313069e-01 -1.158150217991391617e+00
-1.552419745285313069e-01 -1.158150217991391617e+00 1.000000000000000000e+00 1.000000000000000021e-08 -3.086745963740334386e-01 -1.534326218455021262e+00
-3.086745963740334386e-01 -1.534326218455021262e+00 0.000000000000000000e+00 1.000000000000000021e-08 -4.147545856928204766e-01 -1.060799893187870158e+00
-4.147545856928204766e-01 -1.060799893187870158e+00 2.000000000000000000e+00 1.000000000000000021e-08 -6.720366670773061379e-01 -2.572820813844856502e+00
-6.720366670773061379e-01 -2.572820813844856502e+00 0.000000000000000000e+00 1.000000000000000021e-08 -9.570184854741168312e-01 -2.849818183968106045e+00
-9.570184854741168312e-01 -2.849818183968106045e+00 1.000000000000000000e+00 1.000000000000000021e-08 -1.365433555623151163e+00 -4.084150701490342428e+00
-1.365433555623151163e+00 -4.084150701490342428e+00 1.000000000000000000e+00 9.999000000000000110e-01 -1.570796326794896558e+00 -5.000000000000000000e+00
-6.028733420084169542e-02 -6.307065980117708415e-02 1.000000000000000000e+00 1.000000000000000021e-08 -9.263386144307048098e-02 -3.234652724222877862e-01
-9.263386144307048098e-02 -3.234652724222877862e-01 2.000000000000000000e+00 1.000000000000000021e-08 -2.273032643523975882e-01 -1.346694029093270961e+00
-2.273032643523975882e-01 -1.346694029093270961e+00 2.000000000000000000e+00 1.000000000000000021e-08 -4.722882517592636997e-01 -2.449849874068660949e+00
-4.722882517592636997e-01 -2.449849874068660949e+00 2.000000000000000000e+00 1.000000000000000021e-08 -8.526577989657213585e-01 -3.803695472064575700e+00
-8.526577989657213585e-01 -3.803695472064575700e+00 0.000000000000000000e+00 1.000000000000000021e-08 -1.297528449193132705e+00 -4.448706502274114349e+00
-1.297528449193132705e+00 -4.448706502274114349e+00 0.000000000000000000e+00 9.999000000000000110e-01 -1.570796326794896558e+00 -5.000000000000000000e+00
-6.272870693772690520e-02 2.137782576056342781e-03 0.000000000000000000e+00 1.000000000000000021e-08 2.257148902648498101e-03 6.498585584037540608e-01
2.257148902648498101e-03 6.498585584037540608e-01 2.000000000000000000e+00 1.000000000000000021e-08 -3.279593884894460576e-03 -5.536742787542958677e-02
-3.279593884894460576e-03 -5.536742787542958677e-02 2.000000000000000000e+00 1.000000000000000021e-08 -1.148663545423656146e-01 -1.115867606574711512e+00
-1.148663545423656146e-01 -1.115867606574711512e+00 1.000000000000000000e+00 1.000000000000000021e-08 -2.286234102085452358e-01 -1.137570556661796184e+00
-2.286234102085452358e-01 -1.137570556661796184e+00 1.000000000000000000e+00 1.000000000000000021e-08 -3.828021168960443754e-01 -1.541787066874991119e+00
-3.828021168960443754e-01 -1.541787066874991119e+00 2.000000000000000000e+00 1.000000000000000021e-08 -6.815168273006850796e-01 -2.987147104046406376e+00
-6.815168273006850796e-01 -2.987147104046406376e+00 0.000000000000000000e+00 1.000000000000000021e-08 -9.994351414742070894e-01 -3.179183141735220097e+00
-9.994351414742070894e-01 -3.179183141735220097e+00 1.000000000000000000e+00 1.000000000000000021e-08 -1.436519038261832470e+00 -4.370838967876252923e+00
-1.436519038261832470e+00 -4.370838967876252923e+00 1.000000000000000000e+00 9.999000000000000110e-01 -1.570796326794896558e+00 -5.000000000000000000e+00
3.795695337975782402e-02 -4.931669726448220659e-03 2.000000000000000000e+00 1.000000000000000021e-08 -4.351288718480311735e-02 -8.146984056456093581e-01
-4.351288718480311735e-02 -8.146984056456093581e-01 0.000000000000000000e+00 1.000000000000000021e-08 -5.698078236705068911e-02 -1.346789518224756899e-01
-5.698078236705068911e-02 -1.346789518224756899e-01 0.000000000000000000e+00 1.000000000000000021e-08 1.835068119279670285e-02 7.533146355984738918e-01
1.835068119279670285e-02 7.533146355984738918e-01 2.000000000000000000e+00 1.000000000000000021e-08 -5.194783556990757029e-03 -2.354546474978745918e-01
-5.194783556990757029e-03 -2.354546474978745918e-01 1.000000000000000000e+00 1.000000000000000021e-08 -1.777795762026637694e-02 -1.258317406327562060e-01
-1.777795762026637694e-02 -1.258317406327562060e-01 0.000000000000000000e+00 1.000000000000000021e-08 5.814292230880738210e-02 7.592087992907374794e-01
5.814292230880738210e-02 7.592087992907374794e-01 1.000000000000000000e+00 1.000000000000000021e-08 1.272041483369557024e-01 6.906122602814832590e-01
1.272041483369557024e-01 6.906122602814832590e-01 2.000000000000000000e+00 1.000000000000000021e-08 1.154538455240388534e-01 -1.175030281291684631e-01
1.154538455240388534e-01 -1.175030281291684631e-01 0.000000000000000000e+00 1.000000000000000021e-08 2.207539064172303056e-01 1.053000608931914384e+00
2.207539064172303056e-01 1.053000608931914384e+00 1.000000000000000000e+00 1.000000000000000021e-08 3.469672018311950046e-01 1.262132954139647101e+00
3.469672018311950046e-01 1.262132954139647101e+00 2.000000000000000000e+00 1.000000000000000021e-08 4.383254213634245056e-01 9.135821953222951208e-01
4.383254213634245056e-01 9.135821953222951208e-01 2.000000000000000000e+00 1.000000000000000021e-08 5.133576280983216389e-01 7.503220673489708892e-01
5.133576280983216389e-01 7.503220673489708892e-01 0.000000000000000000e+00 1.000000000000000021e-08 7.456265569259563630e-01 2.322689288276347686e+00
7.456265569259563630e-01 2.322689288276347686e+00 2.000000000000000000e+00 1.000000000000000021e-08 1.024669521946016904e+00 2.790429650200605849e+00
1.024669521946016904e+00 2.790429650200605849e+00 1.000000000000000000e+00 1.000000000000000021e-08 1.434200904567449975e+00 4.095313826214329822e+00
1.434200904567449975e+00 4.095313826214329822e+00 1.000000000000000000e+00 9.999000000000000110e-01 1.570796326794896558e+00 5.000000000000000000e+00
-6.890464643592104921e-02 -3.913707357116062713e-02 0.000000000000000000e+00 1.000000000000000021e-08 4.861516027732090683e-03 7.376616246365313989e-01
4.861516027732090683e-03 7.376616246365313989e-01 2.000000000000000000e+00 1.000000000000000021e-08 -1.346186500407812667e-02 -1.832338103181021527e-01
-1.346186500407812667e-02 -1.832338103181021527e-01 1.000000000000000000e+00 1.000000000000000021e-08 -4.287846909161367737e-02 -2.941660408753555278e-01
-4.287846909161367737e-02 -2.941660408753555278e-01 2.000000000000000000e+00 1.000000000000000021e-08 -1.680900307474252342e-01 -1.252115616558115319e+00
-1.680900307474252342e-01 -1.252115616558115319e+00 1.000000000000000000e+00 1.000000000000000021e-08 -3.270083195236903606e-01 -1.589182887762651042e+00
-3.270083195236903606e-01 -1.589182887762651042e+00 2.000000000000000000e+00 1.000000000000000021e-08 -6.299946065047550281e-01 -3.029862869810646231e+00
-6.299946065047550281e-01 -3.029862869810646231e+00 0.000000000000000000e+00 1.000000000000000021e-08 -9.582000767368428207e-01 -3.282054702320878370e+00
-9.582000767368428207e-01 -3.282054702320878370e+00 0.000000000000000000e+00 1.000000000000000021e-08 -1.365908249592944212e+00 -4.077081728561014806e+00
-1.365908249592944212e+00 -4.077081728561014806e+00 0.000000000000000000e+00 9.999000000000000110e-01 -1.570796326794896558e+00 -5.000000000000000000e+00
-8.405574027668427650e-02 8.630655971397314247e-03 1.000000000000000000e+00 1.000000000000000021e-08 -9.371131443446317766e-02 -9.655574157778899769e-02
-9.371131443446317766e-02 -9.655574157778899769e-02 0.000000000000000000e+00 1.000000000000000021e-08 -3.563616046746025112e-02 5.807515396700292376e-01
-3.563616046746025112e-02 5.807515396700292376e-01 1.000000000000000000e+00 1.000000000000000021e-08 3.026498998325327650e-02 6.590115045071351929e-01
3.026498998325327650e-02 6.590115045071351929e-01 0.000000000000000000e+00 1.000000000000000021e-08 2.019813880340093348e-01 1.717163980507560472e+00
2.019813880340093348e-01 1.717163980507560472e+00 0.000000000000000000e+00 1.000000000000000021e-08 4.952343872749524478e-01 2.932529992409430797e+00
4.952343872749524478e-01 2.932529992409430797e+00 0.000000000000000000e+00 1.000000000000000021e-08 9.406091252662107660e-01 4.453747379912582183e+00
9.406091252662107660e-01 4.453747379912582183e+00 1.000000000000000000e+00 1.000000000000000021e-08 1.505636412470870766e+00 5.000000000000000000e+00
1.505636412470870766e+00 5.000000000000000000e+00 1.000000000000000000e+00 9.999000000000000110e-01 1.570796326794896558e+00 5.000000000000000000e+00
8.686656340240227203e-02 1.333709485613041729e-02 0.000000000000000000e+00 1.000000000000000021e-08 2.039549958623877446e-01 1.170884324599854809e+00
2.039549958623877446e-01 1.170884324599854809e+00 1.000000000000000000e+00 1.000000000000000021e-08 3.618864098009156871e-01 1.579314139385279647e+00
3.618864098009156871e-01 1.579314139385279647e+00 1.000000000000000000e+00 1.000000000000000021e-08 5.662107102028095529e-01 2.043243004018938436e+00
5.662107102028095529e-01 2.043243004018938436e+00 1.000000000000000000e+00 1.000000000000000021e-08 8.459845009153610373e-01 2.797737907125513956e+00
8.459845009153610373e-01 2.797737907125513956e+00 2.000000000000000000e+00 1.000000000000000021e-08 1.176631331553322779e+00 3.306468306379617417e+00
1.176631331553322779e+00 3.306468306379617417e+00 2.000000000000000000e+00 9.999000000000000110e-01 1.570796326794896558e+00 4.342644501319229633e+00
2.291983673691948623e-02 -5.077122389755128057e-02 2.000000000000000000e+00 1.000000000000000021e-08 -6.661885274169759841e-02 -8.953868947861707284e-01
-6.661885274169759841e-02 -8.953868947861707284e-01 2.000000000000000000e+00 1.000000000000000021e-08 -2.625410748121748128e-01 -1.959222220704772033e+00
-2.625410748121748128e-01 -1.959222220704772033e+00 2.000000000000000000e+00 1.000000000000000021e-08 -5.874306330949866650e-01 -3.248895582828118300e+00
-5.874306330949866650e-01 -3.248895582828118300e+00 1.000000000000000000e+00 1.000000000000000021e-08 -9.915025862273100232e-01 -4.040719531323233582e+00
-9.915025862273100232e-01 -4.040719531323233582e+00 2.000000000000000000e+00 1.000000000000000021e-08 -1.555619273294138960e+00 -5.000000000000000000e+00
-1.555619273294138960e+00 -5.000000000000000000e+00 0.000000000000000000e+00 9.999000000000000110e-01 -1.570796326794896558e+00 -5.000000000000000000e+00
5.205125942557413399e-02 7.814768692751621060e-02 0.000000000000000000e+00 1.000000000000000021e-08 1.576980690115009631e-01 1.056468095859268264e+00
1.576980690115009631e-01 1.056468095859268264e+00 2.000000000000000000e+00 1.000000000000000021e-08 2.206238957054404426e-01 6.292582669393949057e-01
2.206238957054404426e-01 6.292582669393949057e-01 0.000000000000000000e+00 1.000000000000000021e-08 4.206402498234523835e-01 2.000163541180119076e+00
4.206402498234523835e-01 2.000163541180119076e+00 1.000000000000000000e+00 1.000000000000000021e-08 6.853903124741274056e-01 2.647500626506750887e+00
6.853903124741274056e-01 2.647500626506750887e+00 0.000000000000000000e+00 1.000000000000000021e-08 1.098180610325386608e+00 4.127902978512592469e+00
1.098180610325386608e+00 4.127902978512592469e+00 2.000000000000000000e+00 9.999000000000000110e-01 1.570796326794896558e+00 5.000000000000000000e+00
4.559136954120571184e-02 -7.303382510177826303e-02 1.000000000000000000e+00 1.000000000000000021e-08 3.700342450603277822e-02 -8.587945035172933617e-02
3.700342450603277822e-02 -8.587945035172933617e-02 1.000000000000000000e+00 1.000000000000000021e-08 3.149094017559834341e-02 -5.512484330434432034e-02
3.149094017559834341e-02 -5.512484330434432034e-02 0.000000000000000000e+00 1.000000000000000021e-08 1.359658298193315296e-01 1.044748896437331931e+00
1.359658298193315296e-01 1.044748896437331931e+00 1.000000000000000000e+00 1.000000000000000021e-08 2.516404758936760522e-01 1.156746460743445226e+00
2.516404758936760522e-01 1.156746460743445226e+00 0.000000000000000000e+00 1.000000000000000021e-08 4.771717999841049163e-01 2.255313240904288641e+00
4.771717999841049163e-01 2.255313240904288641e+00 2.000000000000000000e+00 1.000000000000000021e-08 6.872955684508295082e-01 2.101237684667245365e+00
6.872955684508295082e-01 2.101237684667245365e+00 2.000000000000000000e+00 1.000000000000000021e-08 9.216984482283496760e-01 2.344028797775201234e+00
9.216984482283496760e-01 2.344028797775201234e+00 2.000000000000000000e+00 1.000000000000000021e-08 1.233541615658609203e+00 3.118431674302594381e+00
1.233541615658609203e+00 3.118431674302594381e+00 2.000000000000000000e+00 9.999000000000000110e-01 1.570796326794896558e+00 4.183733854824502885e+00
-3.588650269959705458e-02 -1.660240608409239288e-02 1.000000000000000000e+00 1.000000000000000021e-08 -4.485207248682866743e-02 -8.965569787231611465e-02
-4.485207248682866743e-02 -8.965569787231611465e-02 0.000000000000000000e+00 1.000000000000000021e-08 3.396676125207234720e-02 7.881883373890100630e-01
3.396676125207234720e-02 7.881883373890100630e-01 0.000000000000000000e+00 1.000000000000000021e-08 1.988106727934366436e-01 1.648439115413642853e+00
1.988106727934366436e-01 1.648439115413642853e+00 1.000000000000000000e+00 1.000000000000000021e-08 4.002502950602430110e-01 2.014396222668063618e+00
4.002502950602430110e-01 2.014396222668063618e+00 1.000000000000000000e+00 1.000000000000000021e-08 6.605841291986014330e-01 2.603338341383583554e+00
6.605841291986014330e-01 2.603338341383583554e+00 2.000000000000000000e+00 1.000000000000000021e-08 9.428001456676734504e-01 2.822160164690719952e+00
9.428001456676734504e-01 2.822160164690719952e+00 0.000000000000000000e+00 1.000000000000000021e-08 1.389216382525799487e+00 4.464162368581259699e+00
1.389216382525799487e+00 4.464162368581259699e+00 1.000000000000000000e+00 9.999000000000000110e-01 1.570796326794896558e+00 5.000000000000000000e+00
8.580861707918023551e-02 1.799533321533557453e-02 0.000000000000000000e+00 1.000000000000000021e-08 2.054130437049649649e-01 1.196044266257847211e+00
2.054130437049649649e-01 1.196044266257847211e+00 0.000000000000000000e+00 1.000000000000000021e-08 4.597431493143818715e-01 2.543301056094168455e+00
4.597431493143818715e-01 2.543301056094168455e+00 2.000000000000000000e+00 1.000000000000000021e-08 7.046684052819827127e-01 2.449252559676007746e+00
7.046684052819827127e-01 2.449252559676007746e+00 1.000000000000000000e+00 1.000000000000000021e-08 1.044344916115523825e+00 3.396765108335410233e+00
1.044344916115523825e+00 3.396765108335410233e+00 0.000000000000000000e+00 1.000000000000000021e-08 1.551076113755996522e+00 5.000000000000000000e+00
1.551076113755996522e+00 5.000000000000000000e+00 1.000000000000000000e+00 9.999000000000000110e-01 1.570796326794896558e+00 5.000000000000000000e+00
6.553907337878993322e-02 5.040912580911655061e-02 1.000000000000000000e+00 1.000000000000000021e-08 7.680442316219761312e-02 1.126534978340768128e-01
7.680442316219761312e-02 1.126534978340768128e-01 2.000000000000000000e+00 1.000000000000000021e-08 1.073666902176169391e-02 -6.606775414043591921e-01
1.073666902176169391e-02 -6.606775414043591921e-01 0.000000000000000000e+00 1.000000000000000021e-08 2.011910007997615157e-02 9.382431058214457664e-02
2.011910007997615157e-02 9.382431058214457664e-02 1.000000000000000000e+00 1.000000000000000021e-08 4.170372601267588464e-02 2.158462593269973029e-01
4.170372601267588464e-02 2.158462593269973029e-01 1.000000000000000000e+00 1.000000000000000021e-08 6.490165006024123384e-02 2.319792404756534088e-01
6.490165006024123384e-02 2.319792404756534088e-01 1.000000000000000000e+00 1.000000000000000021e-08 1.164647696974181190e-01 5.156311963717689073e-01
1.164647696974181190e-01 5.156311963717689073e-01 0.000000000000000000e+00 1.000000000000000021e-08 2.829556343059941304e-01 1.664908646085759614e+00
2.829556343059941304e-01 1.664908646085759614e+00 1.000000000000000000e+00 1.000000000000000021e-08 5.121729654043034596e-01 2.292173310983093071e+00
5.121729654043034596e-01 2.292173310983093071e+00 2.000000000000000000e+00 1.000000000000000021e-08 7.435350104934398408e-01 2.313620450891364033e+00
7.435350104934398408e-01 2.313620450891364033e+00 2.000000000000000000e+00 1.000000000000000021e-08 1.024278444944907163e+00 2.807434344514672553e+00
1.024278444944907163e+00 2.807434344514672553e+00 2.000000000000000000e+00 1.000000000000000021e-08 1.388728193293257807e+00 3.644497483483505551e+00
1.388728193293257807e+00 3.644497483483505551e+00 2.000000000000000000e+00 9.999000000000000110e-01 1.570796326794896558e+00 4.910160025886324497e+00
4.393419928667870872e-02 1.159581450000623376e-02 1.000000000000000000e+00 1.000000000000000021e-08 4.504805978541151501e-02 1.113860498732807333e-02
4.504805978541151501e-02 1.113860498732807333e-02 1.000000000000000000e+00 1.000000000000000021e-08 7.049688612245166852e-02 2.544882633704015906e-01
7.049688612245166852e-02 2.544882633704015906e-01 0.000000000000000000e+00 1.000000000000000021e-08 2.101845496930336565e-01 1.396876635705819769e+00
2.101845496930336565e-01 1.396876635705819769e+00 2.000000000000000000e+00 1.000000000000000021e-08 2.852859889492802559e-01 7.510143925624659378e-01
2.852859889492802559e-01 7.510143925624659378e-01 1.000000000000000000e+00 1.000000000000000021e-08 4.126377925769930677e-01 1.273518036277127674e+00
4.126377925769930677e-01 1.273518036277127674e+00 2.000000000000000000e+00 1.000000000000000021e-08 5.316060477543236296e-01 1.189682551773305619e+00
5.316060477543236296e-01 1.189682551773305619e+00 1.000000000000000000e+00 1.000000000000000021e-08 7.329184430587339927e-01 2.013123953044103853e+00
7.329184430587339927e-01 2.013123953044103853e+00 2.000000000000000000e+00 1.000000000000000021e-08 9.706640743530550175e-01 2.377456312943210470e+00
9.706640743530550175e-01 2.377456312943210470e+00 0.000000000000000000e+00 1.000000000000000021e-08 1.383129631945582139e+00 4.124655575925270767e+00
1.383129631945582139e+00 4.124655575925270767e+00 0.000000000000000000e+00 9.999000000000000110e-01 1.570796326794896558e+00 5.000000000000000000e+00
-3.911438654905509404e-02 -4.322196190359219037e-02 1.000000000000000000e+00 1.000000000000000021e-08 -5.077980372473178683e-02 -1.166541717567669001e-01
-5.077980372473178683e-02 -1.166541717567669001e-01 0.000000000000000000e+00 1.000000000000000021e-08 1.171883473260555697e-02 6.249863845733734102e-01
1.171883473260555697e-02 6.249863845733734102e-01 2.000000000000000000e+00 1.000000000000000021e-08 -2.589930394874893210e-02 -3.761813868135448491e-01
-2.589930394874893210e-02 -3.761813868135448491e-01 0.000000000000000000e+00 1.000000000000000021e-08 3.396515414501886237e-02 5.986445809376779170e-01
3.396515414501886237e-02 5.986445809376779170e-01 0.000000000000000000e+00 1.000000000000000021e-08 1.993916927215247659e-01 1.654265385765059104e+00
1.993916927215247659e-01 1.654265385765059104e+00 2.000000000000000000e+00 1.000000000000000021e-08 3.193990646002650147e-01 1.200073718787402433e+00
3.193990646002650147e-01 1.200073718787402433e+00 1.000000000000000000e+00 1.000000000000000021e-08 4.775283344902948590e-01 1.581292698900297999e+00
4.775283344902948590e-01 1.581292698900297999e+00 2.000000000000000000e+00 1.000000000000000021e-08 6.246545968160357454e-01 1.471262623257408642e+00
6.246545968160357454e-01 1.471262623257408642e+00 2.000000000000000000e+00 1.000000000000000021e-08 7.946004975313857299e-01 1.699459007153499401e+00
7.946004975313857299e-01 1.699459007153499401e+00 0.000000000000000000e+00 1.000000000000000021e-08 1.121003169930831156e+00 3.264026723994453150e+00
1.121003169930831156e+00 3.264026723994453150e+00 2.000000000000000000e+00 1.000000000000000021e-08 1.548299014042886501e+00 4.272958441120553452e+00
1.548299014042886501e+00 4.272958441120553452e+00 1.000000000000000000e+00 9.999000000000000110e-01 1.570796326794896558e+00 5.000000000000000000e+00
-6.827886744230496352e-02 -5.110546846926512787e-02 2.000000000000000000e+00 1.000000000000000021e-08 -1.811843964221462877e-01 -1.129055289798413186e+00
-1.811843964221462877e-01 -1.129055289798413186e+00 0.000000000000000000e+00 1.000000000000000021e-08 -2.279787237755094842e-01 -4.679432735336319649e-01
-2.279787237755094842e-01 -4.679432735336319649e-01 0.000000000000000000e+00 1.000000000000000021e-08 -2.282114542507809596e-01 -2.327304752714642877e-03
-2.282114542507809596e-01 -2.327304752714642877e-03 1.000000000000000000e+00 1.000000000000000021e-08 -2.634429130913366057e-01 -3.523145884055567389e-01
-2.634429130913366057e-01 -3.523145884055567389e-01 0.000000000000000000e+00 1.000000000000000021e-08 -2.520166434459977789e-01 1.142626964533884348e-01
-2.520166434459977789e-01 1.142626964533884348e-01 0.000000000000000000e+00 1.000000000000000021e-08 -2.036058060254538615e-01 4.841083742054391181e-01
-2.036058060254538615e-01 4.841083742054391181e-01 1.000000000000000000e+00 1.000000000000000021e-08 -1.957802794566149140e-01 7.825526568838958585e-02
-1.957802794566149140e-01 7.825526568838958585e-02 0.000000000000000000e+00 1.000000000000000021e-08 -1.218189913747214081e-01 7.396128808189350590e-01
-1.218189913747214081e-01 7.396128808189350590e-01 0.000000000000000000e+00 1.000000000000000021e-08 9.849263578407235764e-03 1.316682549531286384e+00
9.849263578407235764e-03 1.316682549531286384e+00 1.000000000000000000e+00 1.000000000000000021e-08 1.334670731354062612e-01 1.236178095569990143e+00
1.334670731354062612e-01 1.236178095569990143e+00 0.000000000000000000e+00 1.000000000000000021e-08 3.646081931294563039e-01 2.311411199940500261e+00
3.646081931294563039e-01 2.311411199940500261e+00 0.000000000000000000e+00 1.000000000000000021e-08 7.439601976787706406e-01 3.793520045493142590e+00
7.439601976787706406e-01 3.793520045493142590e+00 0.000000000000000000e+00 1.000000000000000021e-08 1.286564204490743712e+00 5.000000000000000000e+00
1.286564204490743712e+00 5.000000000000000000e+00 0.000000000000000000e+00 9.999000000000000110e-01 1.570796326794896558e+00 5.000000000000000000e+00
2.945077096162207475e-02 -1.582872441512505474e-02 0.000000000000000000e+00 1.000000000000000021e-08 1.199225253863556162e-01 9.047175442473353035e-01
1.199225253863556162e-01 9.047175442473353035e-01 1.000000000000000000e+00 1.000000000000000021e-08 2.302900836003778928e-01 1.103675582140222655e+00
2.302900836003778928e-01 1.103675582140222655e+00 0.000000000000000000e+00 1.000000000000000021e-08 4.525202936639468043e-01 2.222302100635689115e+00
4.525202936639468043e-01 2.222302100635689115e+00 1.000000000000000000e+00 1.000000000000000021e-08 7.455414939993832979e-01 2.930212003354364825e+00
7.455414939993832979e-01 2.930212003354364825e+00 0.000000000000000000e+00 1.000000000000000021e-08 1.202273353144508672e+00 4.567318591451252630e+00
1.202273353144508672e+00 4.567318591451252630e+00 2.000000000000000000e+00 9.999000000000000110e-01 1.570796326794896558e+00 5.000000000000000000e+00
-2.263942273148698836e-02 1.961836035999881683e-02 1.000000000000000000e+00 1.000000000000000021e-08 -1.431502081588540906e-02 8.324401915601578605e-02
-1.431502081588540906e-02 8.324401915601578605e-02 0.000000000000000000e+00 1.000000000000000021e-08 8.211975039913715912e-02 9.643477121502256333e-01
8.211975039913715912e-02 9.643477121502256333e-01 1.000000000000000000e+00 1.000000000000000021e-08 2.065130711993305446e-01 1.243933208001933632e+00
2.065130711993305446e-01 1.243933208001933632e+00 0.000000000000000000e+00 1.000000000000000021e-08 4.667487803984656236e-01 2.602357091991350568e+00
4.667487803984656236e-01 2.602357091991350568e+00 2.000000000000000000e+00 1.000000000000000021e-08 7.345484677920286476e-01 2.677996873935630795e+00
7.345484677920286476e-01 2.677996873935630795e+00 2.000000000000000000e+00 1.000000000000000021e-08 1.046684878783527450e+00 3.121364109914987139e+00
1.046684878783527450e+00 3.121364109914987139e+00 2.000000000000000000e+00 1.000000000000000021e-08 1.451686139191168179e+00 4.050012604076406397e+00
1.451686139191168179e+00 4.050012604076406397e+00 1.000000000000000000e+00 9.999000000000000110e-01 1.570796326794896558e+00 5.000000000000000000e+00
-6.191217745869000838e-02 5.242471772924681139e-02 1.000000000000000000e+00 1.000000000000000021e-08 -6.551911981959052111e-02 -3.606942360900519673e-02
-6.551911981959052111e-02 -3.606942360900519673e-02 1.000000000000000000e+00 1.000000000000000021e-08 -6.546789851022730145e-02 5.122130936321273031e-04
-6.546789851022730145e-02 5.122130936321273031e-04 1.000000000000000000e+00 1.000000000000000021e-08 -9.039429668895515579e-02 -2.492639817872784880e-01
-9.039429668895515579e-02 -2.492639817872784880e-01 0.000000000000000000e+00 1.000000000000000021e-08 -5.096906971944756282e-02 3.942522696950758743e-01
-5.096906971944756282e-02 3.942522696950758743e-01 2.000000000000000000e+00 1.000000000000000021e-08 -9.326249791397860089e-02 -4.229342819453103530e-01
-9.326249791397860089e-02 -4.229342819453103530e-01 2.000000000000000000e+00 1.000000000000000021e-08 -2.415710219897618249e-01 -1.483085240757832324e+00
-2.415710219897618249e-01 -1.483085240757832324e+00 0.000000000000000000e+00 1.000000000000000021e-08 -3.564454762823150435e-01 -1.148744542925531853e+00
-3.564454762823150435e-01 -1.148744542925531853e+00 2.000000000000000000e+00 1.000000000000000021e-08 -6.043364451117492209e-01 -2.478909688294341329e+00
-6.043364451117492209e-01 -2.478909688294341329e+00 0.000000000000000000e+00 1.000000000000000021e-08 -8.702731586090561855e-01 -2.659367134973069646e+00
