-4.891862200736259159e-02 -3.771696268601295449e-02 1.000000000000000000e+00 1.000000000000000021e-08 -5.079030511592883684e-02 -1.871683108566246298e-02
-5.079030511592883684e-02 -1.871683108566246298e-02 2.000000000000000000e+00 1.000000000000000021e-08 -1.469227232882530931e-01 -9.613241817232424102e-01
-1.469227232882530931e-01 -9.613241817232424102e-01 1.000000000000000000e+00 1.000000000000000021e-08 -2.801684877204200785e-01 -1.332457644321669799e+00
-2.801684877204200785e-01 -1.332457644321669799e+00 1.000000000000000000e+00 1.000000000000000021e-08 -4.736502711811919064e-01 -1.934817834607718279e+00
-4.736502711811919064e-01 -1.934817834607718279e+00 2.000000000000000000e+00 1.000000000000000021e-08 -8.103373755539231560e-01 -3.366871043727312163e+00
-8.103373755539231560e-01 -3.366871043727312163e+00 1.000000000000000000e+00 1.000000000000000021e-08 -1.247165638397280896e+00 -4.368282628433576953e+00
-1.247165638397280896e+00 -4.368282628433576953e+00 2.000000000000000000e+00 9.999000000000000110e-01 -1.570796326794896558e+00 -5.000000000000000000e+00
1.727187165355378515e-02 3.461454195279127510e-02 2.000000000000000000e+00 1.000000000000000021e-08 -6.055131534210003719e-02 -7.782318699565382580e-01
-6.055131534210003719e-02 -7.782318699565382580e-01 0.000000000000000000e+00 1.000000000000000021e-08 -5.149438421802222249e-02 9.056931124077816087e-02
-5.149438421802222249e-02 9.056931124077816087e-02 0.000000000000000000e+00 1.000000000000000021e-08 2.958203444145478950e-02 8.107641865947701199e-01
2.958203444145478950e-02 8.107641865947701199e-01 2.000000000000000000e+00 1.000000000000000021e-08 1.694760042233465352e-02 -1.263443401912013320e-01
1.694760042233465352e-02 -1.263443401912013320e-01 0.000000000000000000e+00 1.000000000000000021e-08 1.038255181387006121e-01 8.687791771636595994e-01
1.038255181387006121e-01 8.687791771636595994e-01 0.000000000000000000e+00 1.000000000000000021e-08 3.068409394733505602e-01 2.030154213346499148e+00
3.068409394733505602e-01 2.030154213346499148e+00 2.000000000000000000e+00 1.000000000000000021e-08 4.651275919927708724e-01 1.582866525194203122e+00
4.651275919927708724e-01 1.582866525194203122e+00 1.000000000000000000e+00 1.000000000000000021e-08 7.103367619542397815e-01 2.452091699614688647e+00
7.103367619542397815e-01 2.452091699614688647e+00 2.000000000000000000e+00 1.000000000000000021e-08 9.969451182902178132e-01 2.866083563359779429e+00
9.969451182902178132e-01 2.866083563359779429e+00 2.000000000000000000e+00 1.000000000000000021e-08 1.363122929174193088e+00 3.661778108839752299e+00
1.363122929174193088e+00 3.661778108839752299e+00 2.000000000000000000e+00 9.999000000000000110e-01 1.570796326794896558e+00 4.932505116243739884e+00
-6.854080661399825775e-03 -6.608054377071209684e-03 0.000000000000000000e+00 1.000000000000000021e-08 9.335056370847440166e-02 1.002046443698742184e+00
9.335056370847440166e-02 1.002046443698742184e+00 2.000000000000000000e+00 1.000000000000000021e-08 1.303060730024940272e-01 3.695550929401962836e-01
1.303060730024940272e-01 3.695550929401962836e-01 2.000000000000000000e+00 1.000000000000000021e-08 8.979825520782605541e-02 -4.050781779466796628e-01
8.979825520782605541e-02 -4.050781779466796628e-01 0.000000000000000000e+00 1.000000000000000021e-08 1.411562700043240137e-01 5.135801479649795276e-01
1.411562700043240137e-01 5.135801479649795276e-01 1.000000000000000000e+00 1.000000000000000021e-08 2.290933329848336697e-01 8.793706298050965042e-01
2.290933329848336697e-01 8.793706298050965042e-01 1.000000000000000000e+00 1.000000000000000021e-08 3.683628155347248301e-01 1.392694825498911548e+00
3.683628155347248301e-01 1.392694825498911548e+00 0.000000000000000000e+00 1.000000000000000021e-08 6.411109026827972457e-01 2.727480871480724822e+00
6.411109026827972457e-01 2.727480871480724822e+00 2.000000000000000000e+00 1.000000000000000021e-08 9.427777175776665963e-01 3.016668148948693950e+00
9.427777175776665963e-01 3.016668148948693950e+00 2.000000000000000000e+00 1.000000000000000021e-08 1.307742212442596141e+00 3.649644948649295451e+00
1.307742212442596141e+00 3.649644948649295451e+00 0.000000000000000000e+00 9.999000000000000110e-01 1.570796326794896558e+00 5.000000000000000000e+00
-2.958732510197129711e-02 5.345912143463277255e-02 1.000000000000000000e+00 1.000000000000000021e-08 -4.121488110716951120e-02 -1.162755600519821131e-01
-4.121488110716951120e-02 -1.162755600519821131e-01 0.000000000000000000e+00 1.000000000000000021e-08 4.277314351431978773e-02 8.398802462148928782e-01
4.277314351431978773e-02 8.398802462148928782e-01 1.000000000000000000e+00 1.000000000000000021e-08 1.289679560688721804e-01 8.619481255455238022e-01
1.289679560688721804e-01 8.619481255455238022e-01 1.000000000000000000e+00 1.000000000000000021e-08 2.386197289633422702e-01 1.096517728944701009e+00
2.386197289633422702e-01 1.096517728944701009e+00 0.000000000000000000e+00 1.000000000000000021e-08 4.606756480702909329e-01 2.220559191069486626e+00
4.606756480702909329e-01 2.220559191069486626e+00 1.000000000000000000e+00 1.000000000000000021e-08 7.624646750654695548e-01 3.017890269951785776e+00
7.624646750654695548e-01 3.017890269951785776e+00 2.000000000000000000e+00 1.000000000000000021e-08 1.096701072000197730e+00 3.342363969347281305e+00
1.096701072000197730e+00 3.342363969347281305e+00 2.000000000000000000e+00 1.000000000000000021e-08 1.522398950104481230e+00 4.256978781042835891e+00
1.522398950104481230e+00 4.256978781042835891e+00 0.000000000000000000e+00 9.999000000000000110e-01 1.570796326794896558e+00 5.000000000000000000e+00
8.396511701533786176e-02 -2.297879127744002770e-02 2.000000000000000000e+00 1.000000000000000021e-08 6.283974159889585409e-03 -7.768114285544827080e-01
6.283974159889585409e-03 -7.768114285544827080e-01 0.000000000000000000e+00 1.000000000000000021e-08 2.186454450716004451e-03 -4.097519709173580438e-02
2.186454450716004451e-03 -4.097519709173580438e-02 2.000000000000000000e+00 1.000000000000000021e-08 -8.754656312757312653e-02 -8.973301757828913150e-01
-8.754656312757312653e-02 -8.973301757828913150e-01 2.000000000000000000e+00 1.000000000000000021e-08 -2.879199118404519586e-01 -2.003733487128788404e+00
-2.879199118404519586e-01 -2.003733487128788404e+00 2.000000000000000000e+00 1.000000000000000021e-08 -6.055787524605096284e-01 -3.176588406200576031e+00
-6.055787524605096284e-01 -3.176588406200576031e+00 2.000000000000000000e+00 1.000000000000000021e-08 -1.075111478526431075e+00 -4.695327260659213131e+00
-1.075111478526431075e+00 -4.695327260659213131e+00 0.000000000000000000e+00 9.999000000000000110e-01 -1.570796326794896558e+00 -5.000000000000000000e+00
-3.317264020196852847e-02 3.042834764135471382e-02 0.000000000000000000e+00 1.000000000000000021e-08 5.860930117355876712e-02 9.178194137552728726e-01
5.860930117355876712e-02 9.178194137552728726e-01 2.000000000000000000e+00 1.000000000000000021e-08 6.055989261790586942e-02 1.950591444347105075e-02
6.055989261790586942e-02 1.950591444347105075e-02 1.000000000000000000e+00 1.000000000000000021e-08 6.518771366676406886e-02 4.627821048858202918e-02
6.518771366676406886e-02 4.627821048858202918e-02 2.000000000000000000e+00 1.000000000000000021e-08 -1.641954811844610618e-02 -8.160726178521017227e-01
-1.641954811844610618e-02 -8.160726178521017227e-01 0.000000000000000000e+00 1.000000000000000021e-08 -2.979926907741033137e-02 -1.337972095896422520e-01
-2.979926907741033137e-02 -1.337972095896422520e-01 2.000000000000000000e+00 1.000000000000000021e-08 -1.440452572428512212e-01 -1.142459881654408926e+00
-1.440452572428512212e-01 -1.142459881654408926e+00 0.000000000000000000e+00 1.000000000000000021e-08 -2.025699936451988981e-01 -5.852473640234766572e-01
-2.025699936451988981e-01 -5.852473640234766572e-01 0.000000000000000000e+00 1.000000000000000021e-08 -2.254795643962722307e-01 -2.290957075107332708e-01
-2.254795643962722307e-01 -2.290957075107332708e-01 2.000000000000000000e+00 1.000000000000000021e-08 -3.772558703400900049e-01 -1.517763059438177908e+00
-3.772558703400900049e-01 -1.517763059438177908e+00 1.000000000000000000e+00 1.000000000000000021e-08 -5.832168593194339001e-01 -2.059609889793438509e+00
-5.832168593194339001e-01 -2.059609889793438509e+00 1.000000000000000000e+00 1.000000000000000021e-08 -8.882151353715495024e-01 -3.049982760521156244e+00
-8.882151353715495024e-01 -3.049982760521156244e+00 0.000000000000000000e+00 1.000000000000000021e-08 -1.249325195496277408e+00 -3.611100601247279052e+00
-1.249325195496277408e+00 -3.611100601247279052e+00 1.000000000000000000e+00 9.999000000000000110e-01 -1.570796326794896558e+00 -4.926516054079462137e+00
6.472215623126262307e-02 -4.102504667205901512e-03 0.000000000000000000e+00 1.000000000000000021e-08 1.745336730565500982e-01 1.098115168252874696e+00
1.745336730565500982e-01 1.098115168252874696e+00 2.000000000000000000e+00 1.000000000000000021e-08 2.321839015472597356e-01 5.765022849070964295e-01
2.321839015472597356e-01 5.765022849070964295e-01 2.000000000000000000e+00 1.000000000000000021e-08 2.312160543439718829e-01 -9.678472032878415732e-03
2.312160543439718829e-01 -9.678472032878415732e-03 2.000000000000000000e+00 1.000000000000000021e-08 1.710619629682390841e-01 -6.015409137573278775e-01
1.710619629682390841e-01 -6.015409137573278775e-01 0.000000000000000000e+00 1.000000000000000021e-08 2.396257606543134855e-01 6.856379768607440139e-01
2.396257606543134855e-01 6.856379768607440139e-01 2.000000000000000000e+00 1.000000000000000021e-08 2.572896670351547121e-01 1.766390638084123221e-01
2.572896670351547121e-01 1.766390638084123221e-01 0.000000000000000000e+00 1.000000000000000021e-08 4.125793942282101057e-01 1.552897271930554046e+00
4.125793942282101057e-01 1.552897271930554046e+00 0.000000000000000000e+00 1.000000000000000021e-08 7.199652934686051609e-01 3.073858992403950552e+00
7.199652934686051609e-01 3.073858992403950552e+00 2.000000000000000000e+00 1.000000000000000021e-08 1.065983942799382911e+00 3.460186493307777944e+00
1.065983942799382911e+00 3.460186493307777944e+00 2.000000000000000000e+00 1.000000000000000021e-08 1.492979824765766850e+00 4.269958819663838057e+00
1.492979824765766850e+00 4.269958819663838057e+00 1.000000000000000000e+00 9.999000000000000110e-01 1.570796326794896558e+00 5.000000000000000000e+00
8.599178945811922214e-02 3.971773434299991079e-02 0.000000000000000000e+00 1.000000000000000021e-08 1.939527948093561216e-01 1.079610053512368939e+00
1.939527948093561216e-01 1.079610053512368939e+00 2.000000000000000000e+00 1.000000000000000021e-08 2.550994074109635967e-01 6.114661260160744183e-01
2.550994074109635967e-01 6.114661260160744183e-01 0.000000000000000000e+00 1.000000000000000021e-08 4.274712590796085898e-01 1.723718516686449487e+00
4.274712590796085898e-01 1.723718516686449487e+00 0.000000000000000000e+00 1.000000000000000021e-08 7.597658969158395115e-01 3.322946378362308995e+00
7.597658969158395115e-01 3.322946378362308995e+00 0.000000000000000000e+00 1.000000000000000021e-08 1.242663227779136959e+00 4.828973308632974693e+00
1.242663227779136959e+00 4.828973308632974693e+00 0.000000000000000000e+00 9.999000000000000110e-01 1.570796326794896558e+00 5.000000000000000000e+00
-7.300091945354217349e-02 -5.074947818539878724e-02 1.000000000000000000e+00 1.000000000000000021e-08 -8.566503694957523785e-02 -1.266411749603306436e-01
-8.566503694957523785e-02 -1.266411749603306436e-01 0.000000000000000000e+00 1.000000000000000021e-08 -2.643524126791792217e-02 5.922979568165731568e-01
-2.643524126791792217e-02 5.922979568165731568e-01 0.000000000000000000e+00 1.000000000000000021e-08 1.025341445065467566e-01 1.289693857744646843e+00
1.025341445065467566e-01 1.289693857744646843e+00 0.000000000000000000e+00 1.000000000000000021e-08 3.499924839754217087e-01 2.474583394688749216e+00
3.499924839754217087e-01 2.474583394688749216e+00 2.000000000000000000e+00 1.000000000000000021e-08 5.724972960157730384e-01 2.225048120403512630e+00
5.724972960157730384e-01 2.225048120403512630e+00 2.000000000000000000e+00 1.000000000000000021e-08 8.162444176731570300e-01 2.437471216573839694e+00
8.162444176731570300e-01 2.437471216573839694e+00 1.000000000000000000e+00 1.000000000000000021e-08 1.167636918657021683e+00 3.513925009838646751e+00
1.167636918657021683e+00 3.513925009838646751e+00 1.000000000000000000e+00 9.999000000000000110e-01 1.570796326794896558e+00 4.829789557321934268e+00
4.496142262468656031e-02 8.386185382544152078e-02 0.000000000000000000e+00 1.000000000000000021e-08 1.538536284966093848e-01 1.088922058719228092e+00
1.538536284966093848e-01 1.088922058719228092e+00 0.000000000000000000e+00 1.000000000000000021e-08 3.711788468792372453e-01 2.173252183826278383e+00
3.711788468792372453e-01 2.173252183826278383e+00 1.000000000000000000e+00 1.000000000000000021e-08 6.417236131967662960e-01 2.705447663175290174e+00
6.417236131967662960e-01 2.705447663175290174e+00 0.000000000000000000e+00 1.000000000000000021e-08 1.078541630570023058e+00 4.368180173732567617e+00
1.078541630570023058e+00 4.368180173732567617e+00 1.000000000000000000e+00 9.999000000000000110e-01 1.570796326794896558e+00 5.000000000000000000e+00
-4.946401645816161236e-02 -3.268793321875301805e-02 0.000000000000000000e+00 1.000000000000000021e-08 2.376422220223239207e-02 7.322823866039400720e-01
2.376422220223239207e-02 7.322823866039400720e-01 2.000000000000000000e+00 1.000000000000000021e-08 8.147549591572315897e-03 -1.561667261066007617e-01
8.147549591572315897e-03 -1.561667261066007617e-01 1.000000000000000000e+00 1.000000000000000021e-08 -8.778648550940508499e-03 -1.692619814251282440e-01
-8.778648550940508499e-03 -1.692619814251282440e-01 0.000000000000000000e+00 1.000000000000000021e-08 7.247643098940653728e-02 8.125507954034704161e-01
7.247643098940653728e-02 8.125507954034704161e-01 2.000000000000000000e+00 1.000000000000000021e-08 7.791656697513818508e-02 5.440135985731653356e-02
7.791656697513818508e-02 5.440135985731653356e-02 2.000000000000000000e+00 1.000000000000000021e-08 -5.932156125733070717e-03 -8.384872310087124747e-01
-5.932156125733070717e-03 -8.384872310087124747e-01 1.000000000000000000e+00 1.000000000000000021e-08 -9.708358949433687490e-02 -9.115143336860379586e-01
-9.708358949433687490e-02 -9.115143336860379586e-01 1.000000000000000000e+00 1.000000000000000021e-08 -1.894326723081826702e-01 -9.234908281384577311e-01
-1.894326723081826702e-01 -9.234908281384577311e-01 2.000000000000000000e+00 1.000000000000000021e-08 -4.113047634372005712e-01 -2.218720911290179121e+00
-4.113047634372005712e-01 -2.218720911290179121e+00 0.000000000000000000e+00 1.000000000000000021e-08 -6.130830660938733079e-01 -2.017783026566726701e+00
-6.130830660938733079e-01 -2.017783026566726701e+00 1.000000000000000000e+00 1.000000000000000021e-08 -9.162010461905930603e-01 -3.031179800967197302e+00
-9.162010461905930603e-01 -3.031179800967197302e+00 1.000000000000000000e+00 1.000000000000000021e-08 -1.341763030358786635e+00 -4.255619841681935966e+00
-1.341763030358786635e+00 -4.255619841681935966e+00 2.000000000000000000e+00 9.999000000000000110e-01 -1.570796326794896558e+00 -5.000000000000000000e+00
-7.011686931696099745e-02 7.642482767921150721e-02 0.000000000000000000e+00 1.000000000000000021e-08 1.804238187339118893e-02 8.815925119035218360e-01
1.804238187339118893e-02 8.815925119035218360e-01 1.000000000000000000e+00 1.000000000000000021e-08 9.995752472067769012e-02 8.191514284728649287e-01
9.995752472067769012e-02 8.191514284728649287e-01 0.000000000000000000e+00 1.000000000000000021e-08 2.991965951482028485e-01 1.992390704275251334e+00
2.991965951482028485e-01 1.992390704275251334e+00 2.000000000000000000e+00 1.000000000000000021e-08 4.689548910689813610e-01 1.697582959207785347e+00
4.689548910689813610e-01 1.697582959207785347e+00 0.000000000000000000e+00 1.000000000000000021e-08 7.825124009472035347e-01 3.135575098782222181e+00
7.825124009472035347e-01 3.135575098782222181e+00 0.000000000000000000e+00 1.000000000000000021e-08 1.258710084046645417e+00 4.761976830994417931e+00
1.258710084046645417e+00 4.761976830994417931e+00 2.000000000000000000e+00 9.999000000000000110e-01 1.570796326794896558e+00 5.000000000000000000e+00
-2.546283457797782895e-02 6.989955289019017526e-02 0.000000000000000000e+00 1.000000000000000021e-08 7.297872154772697129e-02 9.844155612570479885e-01
7.297872154772697129e-02 9.844155612570479885e-01 1.000000000000000000e+00 1.000000000000000021e-08 1.695941580529360393e-01 9.661543650520906246e-01
1.695941580529360393e-01 9.661543650520906246e-01 0.000000000000000000e+00 1.000000000000000021e-08 3.820605958166777283e-01 2.124664377637416557e+00
3.820605958166777283e-01 2.124664377637416557e+00 1.000000000000000000e+00 1.000000000000000021e-08 6.616895627991025153e-01 2.796289669824247870e+00
6.616895627991025153e-01 2.796289669824247870e+00 2.000000000000000000e+00 1.000000000000000021e-08 9.589412445684508679e-01 2.972516817693483748e+00
9.589412445684508679e-01 2.972516817693483748e+00 2.000000000000000000e+00 1.000000000000000021e-08 1.328024555090828285e+00 3.690833105223774169e+00
1.328024555090828285e+00 3.690833105223774169e+00 1.000000000000000000e+00 9.999000000000000110e-01 1.570796326794896558e+00 5.000000000000000000e+00
7.899131223090780085e-02 6.004170547263752711e-02 2.000000000000000000e+00 1.000000000000000021e-08 1.854347282644594475e-02 -6.044783940446185611e-01
1.854347282644594475e-02 -6.044783940446185611e-01 2.000000000000000000e+00 1.000000000000000021e-08 -1.311996309475836620e-01 -1.497431037740295956e+00
-1.311996309475836620e-01 -1.497431037740295956e+00 2.000000000000000000e+00 1.000000000000000021e-08 -3.854703128147287661e-01 -2.542706818671450542e+00
-3.854703128147287661e-01 -2.542706818671450542e+00 1.000000000000000000e+00 1.000000000000000021e-08 -6.912101829068773018e-01 -3.057398700921484469e+00
-6.912101829068773018e-01 -3.057398700921484469e+00 1.000000000000000000e+00 1.000000000000000021e-08 -1.104864443370220162e+00 -4.136542604633428155e+00
-1.104864443370220162e+00 -4.136542604633428155e+00 2.000000000000000000e+00 9.999000000000000110e-01 -1.570796326794896558e+00 -5.000000000000000000e+00
2.646009416520872862e-02 7.141735866796636301e-02 2.000000000000000000e+00 1.000000000000000021e-08 -6.466443655767328824e-02 -9.112453072288201339e-01
-6.466443655767328824e-02 -9.112453072288201339e-01 1.000000000000000000e+00 1.000000000000000021e-08 -1.736165823144215081e-01 -1.089521457567482088e+00
-1.736165823144215081e-01 -1.089521457567482088e+00 1.000000000000000000e+00 1.000000000000000021e-08 -3.248301343306265188e-01 -1.512135520162049884e+00
-3.248301343306265188e-01 -1.512135520162049884e+00 2.000000000000000000e+00 1.000000000000000021e-08 -6.246316578745109149e-01 -2.998015235438844073e+00
-6.246316578745109149e-01 -2.998015235438844073e+00 2.000000000000000000e+00 1.000000000000000021e-08 -1.072931923492299155e+00 -4.483002656177882628e+00
-1.072931923492299155e+00 -4.483002656177882628e+00 2.000000000000000000e+00 9.999000000000000110e-01 -1.570796326794896558e+00 -5.000000000000000000e+00
-6.667838182316809803e-02 8.065592483180650252e-02 1.000000000000000000e+00 1.000000000000000021e-08 -7.721095375425945928e-02 -1.053257193109135847e-01
-7.721095375425945928e-02 -1.053257193109135847e-01 2.000000000000000000e+00 1.000000000000000021e-08 -1.814348988303593480e-01 -1.042239450760998887e+00
-1.814348988303593480e-01 -1.042239450760998887e+00 1.000000000000000000e+00 1.000000000000000021e-08 -3.159479841947744339e-01 -1.345130853644150859e+00
-3.159479841947744339e-01 -1.345130853644150859e+00 2.000000000000000000e+00 1.000000000000000021e-08 -5.751514348204511684e-01 -2.592034506256767123e+00
-5.751514348204511684e-01 -2.592034506256767123e+00 0.000000000000000000e+00 1.000000000000000021e-08 -8.547348245029061653e-01 -2.795833896824549747e+00
-8.547348245029061653e-01 -2.795833896824549747e+00 2.000000000000000000e+00 1.000000000000000021e-08 -1.301823285946930309e+00 -4.470884614440242544e+00
-1.301823285946930309e+00 -4.470884614440242544e+00 0.000000000000000000e+00 9.999000000000000110e-01 -1.570796326794896558e+00 -5.000000000000000000e+00
-3.812064798604662685e-02 -8.165027322275704436e-03 0.000000000000000000e+00 1.000000000000000021e-08 5.953196818608898211e-02 9.765261617213559786e-01
5.953196818608898211e-02 9.765261617213559786e-01 1.000000000000000000e+00 1.000000000000000021e-08 1.823135138300903679e-01 1.227815456440013886e+00
1.823135138300903679e-01 1.227815456440013886e+00 2.000000000000000000e+00 1.000000000000000021e-08 2.459157641668487382e-01 6.360225033675838135e-01
2.459157641668487382e-01 6.360225033675838135e-01 2.000000000000000000e+00 1.000000000000000021e-08 2.579986007918145252e-01 1.208283662496576483e-01
2.579986007918145252e-01 1.208283662496576483e-01 1.000000000000000000e+00 1.000000000000000021e-08 3.250953955432501208e-01 6.709679475143560667e-01
3.250953955432501208e-01 6.709679475143560667e-01 2.000000000000000000e+00 1.000000000000000021e-08 3.743870974495627779e-01 4.929170190631266268e-01
3.743870974495627779e-01 4.929170190631266268e-01 1.000000000000000000e+00 1.000000000000000021e-08 4.756867030031944332e-01 1.012996055536316664e+00
4.756867030031944332e-01 1.012996055536316664e+00 2.000000000000000000e+00 1.000000000000000021e-08 5.708822912259285953e-01 9.519558822273420651e-01
5.708822912259285953e-01 9.519558822273420651e-01 0.000000000000000000e+00 1.000000000000000021e-08 8.300342530460340651e-01 2.591519618201055142e+00
8.300342530460340651e-01 2.591519618201055142e+00 2.000000000000000000e+00 1.000000000000000021e-08 1.141328379189603393e+00 3.112941261435692386e+00
1.141328379189603393e+00 3.112941261435692386e+00 0.000000000000000000e+00 9.999000000000000110e-01 1.570796326794896558e+00 4.773502563405004118e+00
4.396540751576284711e-02 5.645607458955022306e-02 2.000000000000000000e+00 1.000000000000000021e-08 -3.565448966913241369e-02 -7.961989718489524970e-01
-3.565448966913241369e-02 -7.961989718489524970e-01 2.000000000000000000e+00 1.000000000000000021e-08 -1.938612412247955885e-01 -1.582067515556631498e+00
-1.938612412247955885e-01 -1.582067515556631498e+00 2.000000000000000000e+00 1.000000000000000021e-08 -4.606526698196189429e-01 -2.667914285948233655e+00
-4.606526698196189429e-01 -2.667914285948233655e+00 2.000000000000000000e+00 1.000000000000000021e-08 -8.735406038244322158e-01 -4.128879340048132285e+00
-8.735406038244322158e-01 -4.128879340048132285e+00 1.000000000000000000e+00 1.000000000000000021e-08 -1.399848407773999881e+00 -5.000000000000000000e+00
-1.399848407773999881e+00 -5.000000000000000000e+00 2.000000000000000000e+00 9.999000000000000110e-01 -1.570796326794896558e+00 -5.000000000000000000e+00
5.103918305427815327e-02 1.838649745720354750e-02 0.000000000000000000e+00 1.000000000000000021e-08 1.345165681677331082e-01 8.347738511345496049e-01
1.345165681677331082e-01 8.347738511345496049e-01 0.000000000000000000e+00 1.000000000000000021e-08 3.170193985967411643e-01 1.825028304290080339e+00
3.170193985967411643e-01 1.825028304290080339e+00 1.000000000000000000e+00 1.000000000000000021e-08 5.661469232489277914e-01 2.491275246521866826e+00
5.661469232489277914e-01 2.491275246521866826e+00 0.000000000000000000e+00 1.000000000000000021e-08 9.678811425062572305e-01 4.017342192573294390e+00
9.678811425062572305e-01 4.017342192573294390e+00 1.000000000000000000e+00 1.000000000000000021e-08 1.490964782614460082e+00 5.000000000000000000e+00
1.490964782614460082e+00 5.000000000000000000e+00 0.000000000000000000e+00 9.999000000000000110e-01 1.570796326794896558e+00 5.000000000000000000e+00
-7.099371714789230736e-02 8.173487465704580568e-02 2.000000000000000000e+00 1.000000000000000021e-08 -1.511762531024237743e-01 -8.018253595453145310e-01
-1.511762531024237743e-01 -8.018253595453145310e-01 2.000000000000000000e+00 1.000000000000000021e-08 -3.387489745372293526e-01 -1.875727214348055671e+00
-3.387489745372293526e-01 -1.875727214348055671e+00 1.000000000000000000e+00 1.000000000000000021e-08 -5.655196547103195082e-01 -2.267706801730901223e+00
-5.655196547103195082e-01 -2.267706801730901223e+00 2.000000000000000000e+00 1.000000000000000021e-08 -9.492084291342586244e-01 -3.836887744239391385e+00
-9.492084291342586244e-01 -3.836887744239391385e+00 2.000000000000000000e+00 1.000000000000000021e-08 -1.484878781608587328e+00 -5.000000000000000000e+00
-1.484878781608587328e+00 -5.000000000000000000e+00 0.000000000000000000e+00 9.999000000000000110e-01 -1.570796326794896558e+00 -5.000000000000000000e+00
-7.728403933011905591e-02 1.285739812920244293e-02 0.000000000000000000e+00 1.000000000000000021e-08 1.391296918338953692e-02 9.119700851350858173e-01
1.391296918338953692e-02 9.119700851350858173e-01 0.000000000000000000e+00 1.000000000000000021e-08 1.790339940686329068e-01 1.651210248852433615e+00
1.790339940686329068e-01 1.651210248852433615e+00 1.000000000000000000e+00 1.000000000000000021e-08 3.838915269469492797e-01 2.048575328783163396e+00
3.838915269469492797e-01 2.048575328783163396e+00 2.000000000000000000e+00 1.000000000000000021e-08 5.806127607047564254e-01 1.967212337578071235e+00
5.806127607047564254e-01 1.967212337578071235e+00 1.000000000000000000e+00 1.000000000000000021e-08 8.710363548718911275e-01 2.904235941671347021e+00
8.710363548718911275e-01 2.904235941671347021e+00 0.000000000000000000e+00 1.000000000000000021e-08 1.328269842724986827e+00 4.572334878530957880e+00
1.328269842724986827e+00 4.572334878530957880e+00 0.000000000000000000e+00 9.999000000000000110e-01 1.570796326794896558e+00 5.000000000000000000e+00
9.310720713790604508e-03 1.546344089691308044e-02 0.000000000000000000e+00 1.000000000000000021e-08 1.126137674909358927e-01 1.033030467771452798e+00
1.126137674909358927e-01 1.033030467771452798e+00 2.000000000000000000e+00 1.000000000000000021e-08 1.420048614309508961e-01 2.939109394001501174e-01
1.420048614309508961e-01 2.939109394001501174e-01 1.000000000000000000e+00 1.000000000000000021e-08 2.088781725398017874e-01 6.687331110885088581e-01
2.088781725398017874e-01 6.687331110885088581e-01 0.000000000000000000e+00 1.000000000000000021e-08 4.127941052650809794e-01 2.039159327252791698e+00
4.127941052650809794e-01 2.039159327252791698e+00 1.000000000000000000e+00 1.000000000000000021e-08 6.675831020304655583e-01 2.547889967653845567e+00
6.675831020304655583e-01 2.547889967653845567e+00 0.000000000000000000e+00 1.000000000000000021e-08 1.087894808304635363e+00 4.203117062741697829e+00
1.087894808304635363e+00 4.203117062741697829e+00 1.000000000000000000e+00 9.999000000000000110e-01 1.570796326794896558e+00 5.000000000000000000e+00
4.553240964372765737e-03 2.443483961412171862e-03 0.000000000000000000e+00 1.000000000000000021e-08 8.433017728120495438e-02 7.977693631683218101e-01
8.433017728120495438e-02 7.977693631683218101e-01 0.000000000000000000e+00 1.000000000000000021e-08 2.582894152903468798e-01 1.739592380091419255e+00
2.582894152903468798e-01 1.739592380091419255e+00 0.000000000000000000e+00 1.000000000000000021e-08 5.592948769476594473e-01 3.010054616573125230e+00
5.592948769476594473e-01 3.010054616573125230e+00 1.000000000000000000e+00 1.000000000000000021e-08 9.354345126043865921e-01 3.761396356567270782e+00
9.354345126043865921e-01 3.761396356567270782e+00 0.000000000000000000e+00 1.000000000000000021e-08 1.473606273523204724e+00 5.000000000000000000e+00
1.473606273523204724e+00 5.000000000000000000e+00 0.000000000000000000e+00 9.999000000000000110e-01 1.570796326794896558e+00 5.000000000000000000e+00
-6.912845424570651653e-02 1.251245916551634724e-02 0.000000000000000000e+00 1.000000000000000021e-08 -3.095871311315112617e-03 6.603258293439140392e-01
-3.095871311315112617e-03 6.603258293439140392e-01 0.000000000000000000e+00 1.000000000000000021e-08 1.331224146509998596e-01 1.362182859623149778e+00
1.331224146509998596e-01 1.362182859623149778e+00 0.000000000000000000e+00 1.000000000000000021e-08 3.857686415782709544e-01 2.526462269272711225e+00
3.857686415782709544e-01 2.526462269272711225e+00 2.000000000000000000e+00 1.000000000000000021e-08 6.289585594526723167e-01 2.431899178744013845e+00
6.289585594526723167e-01 2.431899178744013845e+00 1.000000000000000000e+00 1.000000000000000021e-08 9.523603128127362538e-01 3.234017533600639371e+00
9.523603128127362538e-01 3.234017533600639371e+00 1.000000000000000000e+00 1.000000000000000021e-08 1.390804128537739714e+00 4.384438157250034607e+00
1.390804128537739714e+00 4.384438157250034607e+00 0.000000000000000000e+00 9.999000000000000110e-01 1.570796326794896558e+00 5.000000000000000000e+00
-7.850123617372022078e-02 -2.060425883742215275e-02 2.000000000000000000e+00 1.000000000000000021e-08 -1.906137865144321153e-01 -1.121125503407118806e+00
-1.906137865144321153e-01 -1.121125503407118806e+00 2.000000000000000000e+00 1.000000000000000021e-08 -4.142320599291464678e-01 -2.236182734147143414e+00
-4.142320599291464678e-01 -2.236182734147143414e+00 2.000000000000000000e+00 1.000000000000000021e-08 -7.904516015930639350e-01 -3.762195416639174450e+00
-7.904516015930639350e-01 -3.762195416639174450e+00 2.000000000000000000e+00 1.000000000000000021e-08 -1.322876664332938379e+00 -5.000000000000000000e+00
-1.322876664332938379e+00 -5.000000000000000000e+00 0.000000000000000000e+00 9.999000000000000110e-01 -1.570796326794896558e+00 -5.000000000000000000e+00
3.536323389638607040e-02 4.098620127559602505e-02 2.000000000000000000e+00 1.000000000000000021e-08 -2.655133010949603523e-02 -6.191456400588210007e-01
-2.655133010949603523e-02 -6.191456400588210007e-01 0.000000000000000000e+00 1.000000000000000021e-08 6.280404687291400723e-03 3.283173479678743734e-01
6.280404687291400723e-03 3.283173479678743734e-01 0.000000000000000000e+00 1.000000000000000021e-08 1.183578277734984863e-01 1.120774230862070731e+00
1.183578277734984863e-01 1.120774230862070731e+00 0.000000000000000000e+00 1.000000000000000021e-08 3.277348179955632546e-01 2.093769902220647960e+00
3.277348179955632546e-01 2.093769902220647960e+00 0.000000000000000000e+00 1.000000000000000021e-08 6.671846695564425112e-01 3.394498515608793010e+00
6.671846695564425112e-01 3.394498515608793010e+00 0.000000000000000000e+00 1.000000000000000021e-08 1.158985100016277858e+00 4.918004304598353471e+00
1.158985100016277858e+00 4.918004304598353471e+00 0.000000000000000000e+00 9.999000000000000110e-01 1.570796326794896558e+00 5.000000000000000000e+00
8.325312742744646333e-02 1.915752566057639730e-02 2.000000000000000000e+00 1.000000000000000021e-08 2.502312970737348430e-02 -5.822999772007297903e-01
2.502312970737348430e-02 -5.822999772007297903e-01 2.000000000000000000e+00 1.000000000000000021e-08 -1.121928606595570116e-01 -1.372159903669304848e+00
-1.121928606595570116e-01 -1.372159903669304848e+00 2.000000000000000000e+00 1.000000000000000021e-08 -3.388793911573676487e-01 -2.266865304978106010e+00
-3.388793911573676487e-01 -2.266865304978106010e+00 0.000000000000000000e+00 1.000000000000000021e-08 -5.517050188744744288e-01 -2.128256277171067357e+00
-5.517050188744744288e-01 -2.128256277171067357e+00 1.000000000000000000e+00 1.000000000000000021e-08 -8.502767519552014708e-01 -2.985717330807270642e+00
-8.502767519552014708e-01 -2.985717330807270642e+00 2.000000000000000000e+00 1.000000000000000021e-08 -1.317971923282477142e+00 -4.676951713272756272e+00
-1.317971923282477142e+00 -4.676951713272756272e+00 2.000000000000000000e+00 9.999000000000000110e-01 -1.570796326794896558e+00 -5.000000000000000000e+00
7.321985574991222989e-02 7.572522021611889642e-02 2.000000000000000000e+00 1.000000000000000021e-08 -6.440793532827990275e-03 -7.966064928274021462e-01
-6.440793532827990275e-03 -7.966064928274021462e-01 1.000000000000000000e+00 1.000000000000000021e-08 -1.015934881124222200e-01 -9.515269457959422139e-01
-1.015934881124222200e-01 -9.515269457959422139e-01 2.000000000000000000e+00 1.000000000000000021e-08 -3.185450893281372431e-01 -2.169516012157150175e+00
-3.185450893281372431e-01 -2.169516012157150175e+00 1.000000000000000000e+00 1.000000000000000021e-08 -5.929875779378565026e-01 -2.744424886097192484e+00
-5.929875779378565026e-01 -2.744424886097192484e+00 1.000000000000000000e+00 1.000000000000000021e-08 -9.566988318565117222e-01 -3.637112539186552418e+00
-9.566988318565117222e-01 -3.637112539186552418e+00 2.000000000000000000e+00 1.000000000000000021e-08 -1.490214526990240262e+00 -5.000000000000000000e+00
-1.490214526990240262e+00 -5.000000000000000000e+00 1.000000000000000000e+00 9.999000000000000110e-01 -1.570796326794896558e+00 -5.000000000000000000e+00
2.421854281379391335e-02 -3.222645014536850566e-03 2.000000000000000000e+00 1.000000000000000021e-08 -6.008281070570310745e-02 -8.430135351949702427e-01
-6.008281070570310745e-02 -8.430135351949702427e-01 2.000000000000000000e+00 1.000000000000000021e-08 -2.428070257785836517e-01 -1.827242150728805248e+00
-2.428070257785836517e-01 -1.827242150728805248e+00 2.000000000000000000e+00 1.000000000000000021e-08 -5.481501295324398004e-01 -3.053431037538561377e+00
-5.481501295324398004e-01 -3.053431037538561377e+00 2.000000000000000000e+00 1.000000000000000021e-08 -9.975878256088147600e-01 -4.494376960763749373e+00
-9.975878256088147600e-01 -4.494376960763749373e+00 1.000000000000000000e+00 1.000000000000000021e-08 -1.554834969948196699e+00 -5.000000000000000000e+00
-1.554834969948196699e+00 -5.000000000000000000e+00 0.000000000000000000e+00 9.999000000000000110e-01 -1.570796326794896558e+00 -5.000000000000000000e+00
2.622337982195922443e-02 6.029485535433724841e-02 2.000000000000000000e+00 1.000000000000000021e-08 -4.172116046373733345e-02 -6.794454028569656412e-01
-4.172116046373733345e-02 -6.794454028569656412e-01 1.000000000000000000e+00 1.000000000000000021e-08 -1.256842459447848337e-01 -8.396308548104750580e-01
-1.256842459447848337e-01 -8.396308548104750580e-01 0.000000000000000000e+00 1.000000000000000021e-08 -1.573593742997201061e-01 -3.167512835493526691e-01
-1.573593742997201061e-01 -3.167512835493526691e-01 2.000000000000000000e+00 1.000000000000000021e-08 -3.060475372461876620e-01 -1.486881629464675614e+00
-3.060475372461876620e-01 -1.486881629464675614e+00 2.000000000000000000e+00 1.000000000000000021e-08 -5.767980055623511682e-01 -2.707504683161635395e+00
-5.767980055623511682e-01 -2.707504683161635395e+00 2.000000000000000000e+00 1.000000000000000021e-08 -1.002443122512494789e+00 -4.256451169501436205e+00
-1.002443122512494789e+00 -4.256451169501436205e+00 2.000000000000000000e+00 9.999000000000000110e-01 -1.570796326794896558e+00 -5.000000000000000000e+00
4.155693011219001309e-02 4.457747073386758574e-02 1.000000000000000000e+00 1.000000000000000021e-08 3.861856816447381546e-02 -2.938361947716200406e-02
3.861856816447381546e-02 -2.938361947716200406e-02 2.000000000000000000e+00 1.000000000000000021e-08 -4.408068109778015553e-02 -8.269924926225395989e-01
-4.408068109778015553e-02 -8.269924926225395989e-01 1.000000000000000000e+00 1.000000000000000021e-08 -1.302765301148451349e-01 -8.619584901706497382e-01
-1.302765301148451349e-01 -8.619584901706497382e-01 0.000000000000000000e+00 1.000000000000000021e-08 -1.541389409376164032e-01 -2.386241082277126280e-01
-1.541389409376164032e-01 -2.386241082277126280e-01 2.000000000000000000e+00 1.000000000000000021e-08 -2.935059112812835602e-01 -1.393669703436671181e+00
-2.935059112812835602e-01 -1.393669703436671181e+00 1.000000000000000000e+00 1.000000000000000021e-08 -4.728471805800708028e-01 -1.793412692987872203e+00
-4.728471805800708028e-01 -1.793412692987872203e+00 1.000000000000000000e+00 1.000000000000000021e-08 -7.371512272254139297e-01 -2.643040466453430604e+00
-7.371512272254139297e-01 -2.643040466453430604e+00 2.000000000000000000e+00 1.000000000000000021e-08 -1.170014425498693056e+00 -4.328631982732790817e+00
-1.170014425498693056e+00 -4.328631982732790817e+00 2.000000000000000000e+00 9.999000000000000110e-01 -1.570796326794896558e+00 -5.000000000000000000e+00
3.453883627213549801e-02 7.223186169530478040e-02 1.000000000000000000e+00 1.000000000000000021e-08 5.741733074045128615e-02 2.287849446831578537e-01
5.741733074045128615e-02 2.287849446831578537e-01 0.000000000000000000e+00 1.000000000000000021e-08 1.912548333610235574e-01 1.338375026205722795e+00
1.912548333610235574e-01 1.338375026205722795e+00 2.000000000000000000e+00 1.000000000000000021e-08 2.824274611808448299e-01 9.117262781982129471e-01
2.824274611808448299e-01 9.117262781982129471e-01 0.000000000000000000e+00 1.000000000000000021e-08 5.180524391177344645e-01 2.356249779368896569e+00
5.180524391177344645e-01 2.356249779368896569e+00 0.000000000000000000e+00 1.000000000000000021e-08 9.082144028627031629e-01 3.901619637449686984e+00
9.082144028627031629e-01 3.901619637449686984e+00 1.000000000000000000e+00 1.000000000000000021e-08 1.400317289354582329e+00 4.921028864918790546e+00
1.400317289354582329e+00 4.921028864918790546e+00 1.000000000000000000e+00 9.999000000000000110e-01 1.570796326794896558e+00 5.000000000000000000e+00
-3.085361279530698941e-02 7.554264628396160919e-02 1.000000000000000000e+00 1.000000000000000021e-08 -1.631260347911866332e-02 1.454100931618832471e-01
-1.631260347911866332e-02 1.454100931618832471e-01 2.000000000000000000e+00 1.000000000000000021e-08 -9.187008071786076369e-02 -7.555747723874208788e-01
-9.187008071786076369e-02 -7.555747723874208788e-01 1.000000000000000000e+00 1.000000000000000021e-08 -1.732618430781636687e-01 -8.139176236030288836e-01
-1.732618430781636687e-01 -8.139176236030288836e-01 1.000000000000000000e+00 1.000000000000000021e-08 -3.003168885973902524e-01 -1.270550455192266170e+00
-3.003168885973902524e-01 -1.270550455192266170e+00 1.000000000000000000e+00 1.000000000000000021e-08 -4.914814233043722225e-01 -1.911645347069819589e+00
-4.914814233043722225e-01 -1.911645347069819589e+00 1.000000000000000000e+00 1.000000000000000021e-08 -7.663070396085407410e-01 -2.748256163041685518e+00
-7.663070396085407410e-01 -2.748256163041685518e+00 0.000000000000000000e+00 1.000000000000000021e-08 -1.077865885335541840e+00 -3.115588457270010991e+00
-1.077865885335541840e+00 -3.115588457270010991e+00 2.000000000000000000e+00 1.000000000000000021e-08 -1.559641359257069260e+00 -4.817754739215274640e+00
-1.559641359257069260e+00 -4.817754739215274640e+00 1.000000000000000000e+00 9.999000000000000110e-01 -1.570796326794896558e+00 -5.000000000000000000e+00
5.877997283908814596e-02 2.132733402778412557e-02 2.000000000000000000e+00 1.000000000000000021e-08 -1.122827882706099734e-02 -7.000825166614914608e-01
-1.122827882706099734e-02 -7.000825166614914608e-01 0.000000000000000000e+00 1.000000000000000021e-08 -6.719979948101115035e-03 4.508298878959882128e-02
-6.719979948101115035e-03 4.508298878959882128e-02 1.000000000000000000e+00 1.000000000000000021e-08 -5.205915573293414672e-04 6.199388390771773394e-02
-5.205915573293414672e-04 6.199388390771773394e-02 0.000000000000000000e+00 1.000000000000000021e-08 9.476654567403951235e-02 9.528713723136884584e-01
9.476654567403951235e-02 9.528713723136884584e-01 2.000000000000000000e+00 1.000000000000000021e-08 1.139661868496641417e-01 1.919964117562462658e-01
1.139661868496641417e-01 1.919964117562462658e-01 1.000000000000000000e+00 1.000000000000000021e-08 1.693069720349309470e-01 5.534078518526681645e-01
1.693069720349309470e-01 5.534078518526681645e-01 2.000000000000000000e+00 1.000000000000000021e-08 1.754643811972988465e-01 6.157409162367910582e-02
1.754643811972988465e-01 6.157409162367910582e-02 2.000000000000000000e+00 1.000000000000000021e-08 1.365723350496311772e-01 -3.889204614766768042e-01
1.365723350496311772e-01 -3.889204614766768042e-01 2.000000000000000000e+00 1.000000000000000021e-08 3.868815384930107681e-02 -9.788418120033010039e-01
3.868815384930107681e-02 -9.788418120033010039e-01 1.000000000000000000e+00 1.000000000000000021e-08 -6.234241615662824976e-02 -1.010305700059293210e+00
-6.234241615662824976e-02 -1.010305700059293210e+00 2.000000000000000000e+00 1.000000000000000021e-08 -2.607019306497044830e-01 -1.983595144930761833e+00
-2.607019306497044830e-01 -1.983595144930761833e+00 1.000000000000000000e+00 1.000000000000000021e-08 -5.162319391361525067e-01 -2.555300084864479793e+00
-5.162319391361525067e-01 -2.555300084864479793e+00 0.000000000000000000e+00 1.000000000000000021e-08 -7.893559058643984105e-01 -2.731239667282458150e+00
-7.893559058643984105e-01 -2.731239667282458150e+00 1.000000000000000000e+00 1.000000000000000021e-08 -1.179867851853686922e+00 -3.905119459892883782e+00
-1.179867851853686922e+00 -3.905119459892883782e+00 0.000000000000000000e+00 9.999000000000000110e-01 -1.570796326794896558e+00 -4.863731532731721430e+00
-4.113536426309353372e-02 8.047160257451320409e-02 2.000000000000000000e+00 1.000000000000000021e-08 -1.409154653999604434e-01 -9.978010113686689442e-01
-1.409154653999604434e-01 -9.978010113686689442e-01 2.000000000000000000e+00 1.000000000000000021e-08 -3.577226541804737758e-01 -2.168071887805133269e+00
-3.577226541804737758e-01 -2.168071887805133269e+00 0.000000000000000000e+00 1.000000000000000021e-08 -5.348222518578569229e-01 -1.770995976773831693e+00
-5.348222518578569229e-01 -1.770995976773831693e+00 1.000000000000000000e+00 1.000000000000000021e-08 -7.813754268230328481e-01 -2.465531749651758808e+00
-7.813754268230328481e-01 -2.465531749651758808e+00 0.000000000000000000e+00 1.000000000000000021e-08 -1.081884082486011867e+00 -3.005086556629790628e+00
-1.081884082486011867e+00 -3.005086556629790628e+00 0.000000000000000000e+00 1.000000000000000021e-08 -1.467397045270708578e+00 -3.855129627846966667e+00
-1.467397045270708578e+00 -3.855129627846966667e+00 2.000000000000000000e+00 9.999000000000000110e-01 -1.570796326794896558e+00 -5.000000000000000000e+00
6.146164769339858280e-02 3.978853852349154008e-02 2.000000000000000000e+00 1.000000000000000021e-08 -1.337782175979260191e-02 -7.483946945319118749e-01
-1.337782175979260191e-02 -7.483946945319118749e-01 1.000000000000000000e+00 1.000000000000000021e-08 -8.142350595382254197e-02 -6.804568419402994284e-01
-8.142350595382254197e-02 -6.804568419402994284e-01 0.000000000000000000e+00 1.000000000000000021e-08 -6.981687794736929353e-02 1.160662800645324566e-01
-6.981687794736929353e-02 1.160662800645324566e-01 1.000000000000000000e+00 1.000000000000000021e-08 -5.992920880357325425e-02 9.887669143796037896e-02
-5.992920880357325425e-02 9.887669143796037896e-02 0.000000000000000000e+00 1.000000000000000021e-08 3.196699578689499860e-02 9.189620459046824452e-01
3.196699578689499860e-02 9.189620459046824452e-01 2.000000000000000000e+00 1.000000000000000021e-08 3.547538975758617041e-02 3.508393970691170427e-02
3.547538975758617041e-02 3.508393970691170427e-02 0.000000000000000000e+00 1.000000000000000021e-08 1.384801566149758134e-01 1.030047668573896402e+00
1.384801566149758134e-01 1.030047668573896402e+00 1.000000000000000000e+00 1.000000000000000021e-08 2.729156204102124450e-01 1.344354637952365872e+00
2.729156204102124450e-01 1.344354637952365872e+00 2.000000000000000000e+00 1.000000000000000021e-08 3.626121927706620340e-01 8.969657236044957793e-01
3.626121927706620340e-01 8.969657236044957793e-01 2.000000000000000000e+00 1.000000000000000021e-08 4.306925921369095245e-01 6.808039936624747934e-01
4.306925921369095245e-01 6.808039936624747934e-01 2.000000000000000000e+00 1.000000000000000021e-08 4.953047360584305059e-01 6.461214392152095920e-01
4.953047360584305059e-01 6.461214392152095920e-01 2.000000000000000000e+00 1.000000000000000021e-08 5.554673812152296497e-01 6.016264515679916602e-01
5.554673812152296497e-01 6.016264515679916602e-01 1.000000000000000000e+00 1.000000000000000021e-08 6.980054882708734976e-01 1.425381070556438923e+00
6.980054882708734976e-01 1.425381070556438923e+00 2.000000000000000000e+00 1.000000000000000021e-08 8.699436708445300592e-01 1.719381825736565839e+00
8.699436708445300592e-01 1.719381825736565839e+00 2.000000000000000000e+00 1.000000000000000021e-08 1.106236679770012943e+00 2.362930089254829280e+00
1.106236679770012943e+00 2.362930089254829280e+00 0.000000000000000000e+00 1.000000000000000021e-08 1.515318215481451292e+00 4.090815357114383488e+00
1.515318215481451292e+00 4.090815357114383488e+00 1.000000000000000000e+00 9.999000000000000110e-01 1.570796326794896558e+00 5.000000000000000000e+00
-8.402324497928241598e-02 8.441177190495816052e-02 2.000000000000000000e+00 1.000000000000000021e-08 -1.828708344580866063e-01 -9.884758947880416535e-01
-1.828708344580866063e-01 -9.884758947880416535e-01 0.000000000000000000e+00 1.000000000000000021e-08 -2.229480241244506111e-01 -4.007718966636399927e-01
-2.229480241244506111e-01 -4.007718966636399927e-01 0.000000000000000000e+00 1.000000000000000021e-08 -2.271257804372859013e-01 -4.177756312835279040e-02
-2.271257804372859013e-01 -4.177756312835279040e-02 1.000000000000000000e+00 1.000000000000000021e-08 -2.542419085129299372e-01 -2.711612807564404148e-01
-2.542419085129299372e-01 -2.711612807564404148e-01 0.000000000000000000e+00 1.000000000000000021e-08 -2.379535694015549596e-01 1.628833911137497759e-01
-2.379535694015549596e-01 1.628833911137497759e-01 2.000000000000000000e+00 1.000000000000000021e-08 -3.343364332185153609e-01 -9.638286381696041794e-01
-3.343364332185153609e-01 -9.638286381696041794e-01 2.000000000000000000e+00 1.000000000000000021e-08 -5.781469520931127315e-01 -2.438105188745973262e+00
-5.781469520931127315e-01 -2.438105188745973262e+00 2.000000000000000000e+00 1.000000000000000021e-08 -9.706143532948614538e-01 -3.924674012017487446e+00
-9.706143532948614538e-01 -3.924674012017487446e+00 1.000000000000000000e+00 1.000000000000000021e-08 -1.473751534126675811e+00 -5.000000000000000000e+00
-1.473751534126675811e+00 -5.000000000000000000e+00 0.000000000000000000e+00 9.999000000000000110e-01 -1.570796326794896558e+00 -5.000000000000000000e+00
-5.857544564857163766e-03 -1.202638711764025987e-02 0.000000000000000000e+00 1.000000000000000021e-08 8.024086905121600999e-02 8.609841361607317722e-01
8.024086905121600999e-02 8.609841361607317722e-01 0.000000000000000000e+00 1.000000000000000021e-08 2.708645906139426907e-01 1.906237215627266668e+00
2.708645906139426907e-01 1.906237215627266668e+00 2.000000000000000000e+00 1.000000000000000021e-08 4.068666293418862212e-01 1.360020387279435639e+00
4.068666293418862212e-01 1.360020387279435639e+00 2.000000000000000000e+00 1.000000000000000021e-08 5.273152107921765808e-01 1.204485814502902929e+00
5.273152107921765808e-01 1.204485814502902929e+00 1.000000000000000000e+00 1.000000000000000021e-08 7.307403135129937333e-01 2.034251027208171525e+00
7.307403135129937333e-01 2.034251027208171525e+00 2.000000000000000000e+00 1.000000000000000021e-08 9.664153970124151893e-01 2.356750834994215005e+00
9.664153970124151893e-01 2.356750834994215005e+00 0.000000000000000000e+00 1.000000000000000021e-08 1.376623054704208871e+00 4.102076576917935924e+00
1.376623054704208871e+00 4.102076576917935924e+00 2.000000000000000000e+00 9.999000000000000110e-01 1.570796326794896558e+00 5.000000000000000000e+00
5.380538782555539801e-02 6.022581688929133648e-02 2.000000000000000000e+00 1.000000000000000021e-08 -2.804466150847045869e-02 -8.185004933402585392e-01
-2.804466150847045869e-02 -8.185004933402585392e-01 1.000000000000000000e+00 1.000000000000000021e-08 -1.121753236627732603e-01 -8.413066215430279327e-01
-1.121753236627732603e-01 -8.413066215430279327e-01 1.000000000000000000e+00 1.000000000000000021e-08 -2.213199949580993697e-01 -1.091446712953261011e+00
-2.213199949580993697e-01 -1.091446712953261011e+00 1.000000000000000000e+00 1.000000000000000021e-08 -3.689030948349724670e-01 -1.475830998768731028e+00
-3.689030948349724670e-01 -1.475830998768731028e+00 1.000000000000000000e+00 1.000000000000000021e-08 -5.775219040065262543e-01 -2.086188091715538206e+00
-5.775219040065262543e-01 -2.086188091715538206e+00 1.000000000000000000e+00 1.000000000000000021e-08 -8.748097566268324687e-01 -2.972878526203062588e+00
-8.748097566268324687e-01 -2.972878526203062588e+00 2.000000000000000000e+00 1.000000000000000021e-08 -1.329823248085500564e+00 -4.550134914586680956e+00
-1.329823248085500564e+00 -4.550134914586680956e+00 0.000000000000000000e+00 9.999000000000000110e-01 -1.570796326794896558e+00 -5.000000000000000000e+00
7.340837754233374424e-02 3.798992261370696955e-02 0.000000000000000000e+00 1.000000000000000021e-08 1.869401198505539763e-01 1.135317423082202071e+00
1.869401198505539763e-01 1.135317423082202071e+00 0.000000000000000000e+00 1.000000000000000021e-08 4.121915930924946458e-01 2.252514732419406585e+00
4.121915930924946458e-01 2.252514732419406585e+00 0.000000000000000000e+00 1.000000000000000021e-08 7.744898201054570830e-01 3.622982270129624816e+00
7.744898201054570830e-01 3.622982270129624816e+00 2.000000000000000000e+00 1.000000000000000021e-08 1.190630908841194602e+00 4.161410887357374300e+00
1.190630908841194602e+00 4.161410887357374300e+00 0.000000000000000000e+00 9.999000000000000110e-01 1.570796326794896558e+00 5.000000000000000000e+00
8.914685030716740233e-03 -4.671455727209605779e-02 1.000000000000000000e+00 1.000000000000000021e-08 1.169602360283805015e-03 -7.745082670432934524e-02
1.169602360283805015e-03 -7.745082670432934524e-02 1.000000000000000000e+00 1.000000000000000021e-08 -1.931149287957051319e-02 -2.048109523985431613e-01
-1.931149287957051319e-02 -2.048109523985431613e-01 0.000000000000000000e+00 1.000000000000000021e-08 4.240068358172559976e-02 6.171217646129610879e-01
4.240068358172559976e-02 6.171217646129610879e-01 2.000000000000000000e+00 1.000000000000000021e-08 2.511523268930209579e-02 -1.728545089242350397e-01
2.511523268930209579e-02 -1.728545089242350397e-01 0.000000000000000000e+00 1.000000000000000021e-08 9.629258397202736242e-02 7.117735128272525413e-01
9.629258397202736242e-02 7.117735128272525413e-01 1.000000000000000000e+00 1.000000000000000021e-08 1.932031234866632419e-01 9.691053951463588501e-01
1.932031234866632419e-01 9.691053951463588501e-01 1.000000000000000000e+00 1.000000000000000021e-08 3.349465284222558070e-01 1.417434049355925207e+00
3.349465284222558070e-01 1.417434049355925207e+00 1.000000000000000000e+00 1.000000000000000021e-08 5.295663437920825611e-01 1.946198153698267541e+00
5.295663437920825611e-01 1.946198153698267541e+00 2.000000000000000000e+00 1.000000000000000021e-08 7.388489439747132348e-01 2.092826001826306292e+00
7.388489439747132348e-01 2.092826001826306292e+00 0.000000000000000000e+00 1.000000000000000021e-08 1.123738316101543955e+00 3.848893721268307200e+00
1.123738316101543955e+00 3.848893721268307200e+00 1.000000000000000000e+00 9.999000000000000110e-01 1.570796326794896558e+00 5.000000000000000000e+00
-6.708149062261122009e-02 -4.636156472846404697e-02 2.000000000000000000e+00 1.000000000000000021e-08 -1.564852809798470412e-01 -8.940379035723581280e-01
-1.564852809798470412e-01 -8.940379035723581280e-01 2.000000000000000000e+00 1.000000000000000021e-08 -3.746520459645173995e-01 -2.181667649846703583e+00
-3.746520459645173995e-01 -2.181667649846703583e+00 0.000000000000000000e+00 1.000000000000000021e-08 -5.617015602011573572e-01 -1.870495142366399133e+00
-5.617015602011573572e-01 -1.870495142366399133e+00 1.000000000000000000e+00 1.000000000000000021e-08 -8.385529918993288589e-01 -2.768514316981714352e+00
-8.385529918993288589e-01 -2.768514316981714352e+00 2.000000000000000000e+00 1.000000000000000021e-08 -1.287071011632552997e+00 -4.485180197332240937e+00
-1.287071011632552997e+00 -4.485180197332240937e+00 1.000000000000000000e+00 9.999000000000000110e-01 -1.570796326794896558e+00 -5.000000000000000000e+00
2.668573270435839126e-02 -2.303945037502200949e-02 2.000000000000000000e+00 1.000000000000000021e-08 -7.454502483473383900e-02 -1.012307575390922310e+00
-7.454502483473383900e-02 -1.012307575390922310e+00 1.000000000000000000e+00 1.000000000000000021e-08 -1.903904226825215151e-01 -1.158453978477876678e+00
-1.903904226825215151e-01 -1.158453978477876678e+00 1.000000000000000000e+00 1.000000000000000021e-08 -3.316469187704208510e-01 -1.412564960878993192e+00
-3.316469187704208510e-01 -1.412564960878993192e+00 1.000000000000000000e+00 1.000000000000000021e-08 -5.270723289417081903e-01 -1.954254101712872949e+00
-5.270723289417081903e-01 -1.954254101712872949e+00 2.000000000000000000e+00 1.000000000000000021e-08 -8.742516370634925149e-01 -3.471793081217843469e+00
-8.742516370634925149e-01 -3.471793081217843469e+00 1.000000000000000000e+00 1.000000000000000021e-08 -1.322460185639582786e+00 -4.482085485760901378e+00
-1.322460185639582786e+00 -4.482085485760901378e+00 0.000000000000000000e+00 9.999000000000000110e-01 -1.570796326794896558e+00 -5.000000000000000000e+00
4.823690586952446985e-02 -9.466619616602250931e-03 0.000000000000000000e+00 1.000000000000000021e-08 1.261569926280112219e-01 7.792008675848675070e-01
1.261569926280112219e-01 7.792008675848675070e-01 1.000000000000000000e+00 1.000000000000000021e-08 2.349347894037510931e-01 1.087777967757398656e+00
2.349347894037510931e-01 1.087777967757398656e+00 2.000000000000000000e+00 1.000000000000000021e-08 2.894439406454048513e-01 5.450915124165375270e-01
2.894439406454048513e-01 5.450915124165375270e-01 0.000000000000000000e+00 1.000000000000000021e-08 4.905287820201655324e-01 2.010848413747606589e+00
4.905287820201655324e-01 2.010848413747606589e+00 0.000000000000000000e+00 1.000000000000000021e-08 8.440525022534264288e-01 3.535237202332608852e+00
8.440525022534264288e-01 3.535237202332608852e+00 2.000000000000000000e+00 1.000000000000000021e-08 1.242316234931229557e+00 3.982637326778031728e+00
1.242316234931229557e+00 3.982637326778031728e+00 2.000000000000000000e+00 9.999000000000000110e-01 1.570796326794896558e+00 5.000000000000000000e+00
-8.762428966759428645e-03 6.412575223746670716e-04 2.000000000000000000e+00 1.000000000000000021e-08 -1.011728547716416182e-01 -9.241042580488219027e-01
-1.011728547716416182e-01 -9.241042580488219027e-01 0.000000000000000000e+00 1.000000000000000021e-08 -1.069805233774357850e-01 -5.807668605794169547e-02
-1.069805233774357850e-01 -5.807668605794169547e-02 1.000000000000000000e+00 1.000000000000000021e-08 -1.457036787167529102e-01 -3.872315533931712794e-01
-1.457036787167529102e-01 -3.872315533931712794e-01 1.000000000000000000e+00 1.000000000000000021e-08 -1.940007859741087470e-01 -4.829710725735584798e-01
-1.940007859741087470e-01 -4.829710725735584798e-01 1.000000000000000000e+00 1.000000000000000021e-08 -2.820513904445318687e-01 -8.805060447042314387e-01
-2.820513904445318687e-01 -8.805060447042314387e-01 2.000000000000000000e+00 1.000000000000000021e-08 -4.862036111102390201e-01 -2.041522206657071514e+00
-4.862036111102390201e-01 -2.041522206657071514e+00 2.000000000000000000e+00 1.000000000000000021e-08 -8.340608308552519556e-01 -3.478572197450129799e+00
-8.340608308552519556e-01 -3.478572197450129799e+00 2.000000000000000000e+00 1.000000000000000021e-08 -1.344190832146439751e+00 -5.000000000000000000e+00
-1.344190832146439751e+00 -5.000000000000000000e+00 1.000000000000000000e+00 9.999000000000000110e-01 -1.570796326794896558e+00 -5.000000000000000000e+00
-8.316461959559307004e-02 -4.537087083835869561e-02 0.000000000000000000e+00 1.000000000000000021e-08 -1.273886438845324431e-02 7.042575520713982851e-01
-1.273886438845324431e-02 7.042575520713982851e-01 1.000000000000000000e+00 1.000000000000000021e-08 3.882103826328513196e-02 5.155990265173837628e-01
3.882103826328513196e-02 5.155990265173837628e-01 0.000000000000000000e+00 1.000000000000000021e-08 1.785135837554220339e-01 1.396925454921368992e+00
1.785135837554220339e-01 1.396925454921368992e+00 1.000000000000000000e+00 1.000000000000000021e-08 3.588137983037518741e-01 1.803002145483298291e+00
3.588137983037518741e-01 1.803002145483298291e+00 1.000000000000000000e+00 1.000000000000000021e-08 5.915670263182872812e-01 2.327532280145353294e+00
5.915670263182872812e-01 2.327532280145353294e+00 1.000000000000000000e+00 1.000000000000000021e-08 8.982758157185233294e-01 3.067087894002359594e+00
8.982758157185233294e-01 3.067087894002359594e+00 0.000000000000000000e+00 1.000000000000000021e-08 1.375342165821169527e+00 4.770663501026461972e+00
1.375342165821169527e+00 4.770663501026461972e+00 0.000000000000000000e+00 9.999000000000000110e-01 1.570796326794896558e+00 5.000000000000000000e+00
-5.888562034123880767e-02 2.857345676069121543e-03 2.000000000000000000e+00 1.000000000000000021e-08 -1.559254523739253551e-01 -9.703983203268653490e-01
-1.559254523739253551e-01 -9.703983203268653490e-01 2.000000000000000000e+00 1.000000000000000021e-08 -3.823707373119673569e-01 -2.264452849380419686e+00
-3.823707373119673569e-01 -2.264452849380419686e+00 1.000000000000000000e+00 1.000000000000000021e-08 -6.729282684296302719e-01 -2.905575311176628261e+00
-6.729282684296302719e-01 -2.905575311176628261e+00 0.000000000000000000e+00 1.000000000000000021e-08 -9.892310268174304699e-01 -3.163027583878001980e+00
-9.892310268174304699e-01 -3.163027583878001980e+00 1.000000000000000000e+00 1.000000000000000021e-08 -1.426430456981663486e+00 -4.371994301642328828e+00
-1.426430456981663486e+00 -4.371994301642328828e+00 1.000000000000000000e+00 9.999000000000000110e-01 -1.570796326794896558e+00 -5.000000000000000000e+00
-2.039329714183256426e-02 4.182796771373351041e-02 1.000000000000000000e+00 1.000000000000000021e-08 -1.432845478048238273e-02 6.064842361350181177e-02
-1.432845478048238273e-02 6.064842361350181177e-02 0.000000000000000000e+00 1.000000000000000021e-08 7.631529461872776920e-02 9.064374939921013841e-01
7.631529461872776920e-02 9.064374939921013841e-01 1.000000000000000000e+00 1.000000000000000021e-08 1.857681092808516898e-01 1.094528146621239095e+00
1.857681092808516898e-01 1.094528146621239095e+00 0.000000000000000000e+00 1.000000000000000021e-08 4.126127749398064148e-01 2.268446656589547139e+00
4.126127749398064148e-01 2.268446656589547139e+00 1.000000000000000000e+00 1.000000000000000021e-08 7.011694931755756421e-01 2.885567182357692495e+00
7.011694931755756421e-01 2.885567182357692495e+00 1.000000000000000000e+00 1.000000000000000021e-08 1.084719034698865325e+00 3.835495415232897720e+00
1.084719034698865325e+00 3.835495415232897720e+00 0.000000000000000000e+00 9.999000000000000110e-01 1.570796326794896558e+00 5.000000000000000000e+00
1.958294437657189316e-02 -3.516686051943319902e-02 1.000000000000000000e+00 1.000000000000000021e-08 2.115080444973249305e-02 1.567860073160600581e-02
2.115080444973249305e-02 1.567860073160600581e-02 0.000000000000000000e+00 1.000000000000000021e-08 9.861570970024022276e-02 7.746490525050772069e-01
9.861570970024022276e-02 7.746490525050772069e-01 0.000000000000000000e+00 1.000000000000000021e-08 2.885989069322640876e-01 1.899831972320238815e+00
2.885989069322640876e-01 1.899831972320238815e+00 0.000000000000000000e+00 1.000000000000000021e-08 6.101902547259915321e-01 3.215913477937274223e+00
6.101902547259915321e-01 3.215913477937274223e+00 1.000000000000000000e+00 1.000000000000000021e-08 1.026377457287978689e+00 4.161872025619871351e+00
1.026377457287978689e+00 4.161872025619871351e+00 2.000000000000000000e+00 1.000000000000000021e-08 1.524527196810164575e+00 4.981497395221857971e+00
1.524527196810164575e+00 4.981497395221857971e+00 2.000000000000000000e+00 9.999000000000000110e-01 1.570796326794896558e+00 5.000000000000000000e+00
-7.458506421565093414e-02 7.020485494637637713e-02 1.000000000000000000e+00 1.000000000000000021e-08 -7.371989086910801792e-02 8.651733465429113645e-03
-7.371989086910801792e-02 8.651733465429113645e-03 0.000000000000000000e+00 1.000000000000000021e-08 -7.705286277928491412e-03 6.601460459117952650e-01
-7.705286277928491412e-03 6.601460459117952650e-01 2.000000000000000000e+00 1.000000000000000021e-08 -4.715188414609523815e-02 -3.944659786816674396e-01
-4.715188414609523815e-02 -3.944659786816674396e-01 1.000000000000000000e+00 1.000000000000000021e-08 -9.747091425367407358e-02 -5.031903010757883266e-01
-9.747091425367407358e-02 -5.031903010757883266e-01 0.000000000000000000e+00 1.000000000000000021e-08 -6.905180750762687780e-02 2.841910674604719578e-01
-6.905180750762687780e-02 2.841910674604719578e-01 1.000000000000000000e+00 1.000000000000000021e-08 -5.478457091508434629e-02 1.426723659254253429e-01
-5.478457091508434629e-02 1.426723659254253429e-01 0.000000000000000000e+00 1.000000000000000021e-08 4.939508280525338468e-02 1.041796537203377282e+00
4.939508280525338468e-02 1.041796537203377282e+00 1.000000000000000000e+00 1.000000000000000021e-08 1.669789802111900090e-01 1.175838974059366215e+00
1.669789802111900090e-01 1.175838974059366215e+00 1.000000000000000000e+00 1.000000000000000021e-08 3.026821468854801189e-01 1.357031666742901210e+00
3.026821468854801189e-01 1.357031666742901210e+00 2.000000000000000000e+00 1.000000000000000021e-08 3.936954984425514725e-01 9.101335155707137581e-01
3.936954984425514725e-01 9.101335155707137581e-01 1.000000000000000000e+00 1.000000000000000021e-08 5.413928311358284784e-01 1.476973326932769615e+00
5.413928311358284784e-01 1.476973326932769615e+00 2.000000000000000000e+00 1.000000000000000021e-08 7.119375374325777051e-01 1.705447062967492489e+00
7.119375374325777051e-01 1.705447062967492489e+00 1.000000000000000000e+00 1.000000000000000021e-08 9.922864218790971025e-01 2.803488844465193974e+00
9.922864218790971025e-01 2.803488844465193974e+00 2.000000000000000000e+00 1.000000000000000021e-08 1.359666503962144946e+00 3.673800820830477765e+00
1.359666503962144946e+00 3.673800820830477765e+00 0.000000000000000000e+00 9.999000000000000110e-01 1.570796326794896558e+00 5.000000000000000000e+00
-7.921423567927286802e-02 7.650857984444232873e-02 0.000000000000000000e+00 1.000000000000000021e-08 -7.932251250038602208e-03 7.128198442923425748e-01
-7.932251250038602208e-03 7.128198442923425748e-01 1.000000000000000000e+00 1.000000000000000021e-08 6.914357392669670532e-02 7.707582517673530198e-01
6.914357392669670532e-02 7.707582517673530198e-01 2.000000000000000000e+00 1.000000000000000021e-08 7.418583824258141723e-02 5.042264315884714687e-02
7.418583824258141723e-02 5.042264315884714687e-02 2.000000000000000000e+00 1.000000000000000021e-08 1.440523002106983835e-02 -5.978060822151157749e-01
1.440523002106983835e-02 -5.978060822151157749e-01 0.000000000000000000e+00 1.000000000000000021e-08 3.976175416324190248e-02 2.535652414217206552e-01
3.976175416324190248e-02 2.535652414217206552e-01 0.000000000000000000e+00 1.000000000000000021e-08 1.518700591632777819e-01 1.121083050000358572e+00
1.518700591632777819e-01 1.121083050000358572e+00 1.000000000000000000e+00 1.000000000000000021e-08 2.768527669215676279e-01 1.249827077582898571e+00
2.768527669215676279e-01 1.249827077582898571e+00 0.000000000000000000e+00 1.000000000000000021e-08 5.248692138473560753e-01 2.480164469257883919e+00
5.248692138473560753e-01 2.480164469257883919e+00 2.000000000000000000e+00 1.000000000000000021e-08 7.882828678151210244e-01 2.634136539677649047e+00
7.882828678151210244e-01 2.634136539677649047e+00 1.000000000000000000e+00 1.000000000000000021e-08 1.159433793050027361e+00 3.711509252349062482e+00
1.159433793050027361e+00 3.711509252349062482e+00 0.000000000000000000e+00 9.999000000000000110e-01 1.570796326794896558e+00 5.000000000000000000e+00
-4.687876096002834697e-03 -1.215104364065737463e-02 0.000000000000000000e+00 1.000000000000000021e-08 7.346918934612528540e-02 7.815706544212811524e-01
7.346918934612528540e-02 7.815706544212811524e-01 2.000000000000000000e+00 1.000000000000000021e-08 7.356055350613979749e-02 9.136416001451763691e-04
7.356055350613979749e-02 9.136416001451763691e-04 1.000000000000000000e+00 1.000000000000000021e-08 8.477195198717293878e-02 1.121139848103313713e-01
8.477195198717293878e-02 1.121139848103313713e-01 0.000000000000000000e+00 1.000000000000000021e-08 2.068673075716229715e-01 1.220953555844500160e+00
2.068673075716229715e-01 1.220953555844500160e+00 2.000000000000000000e+00 1.000000000000000021e-08 2.816045568535587851e-01 7.473724928193581363e-01
2.816045568535587851e-01 7.473724928193581363e-01 0.000000000000000000e+00 1.000000000000000021e-08 4.864546962451317680e-01 2.048501393915729718e+00
4.864546962451317680e-01 2.048501393915729718e+00 0.000000000000000000e+00 1.000000000000000021e-08 8.452588656635868780e-01 3.588041694184550323e+00
8.452588656635868780e-01 3.588041694184550323e+00 0.000000000000000000e+00 1.000000000000000021e-08 1.361905597212043517e+00 5.000000000000000000e+00
1.361905597212043517e+00 5.000000000000000000e+00 0.000000000000000000e+00 9.999000000000000110e-01 1.570796326794896558e+00 5.000000000000000000e+00
8.720119775258777794e-02 -2.593945726159889442e-03 2.000000000000000000e+00 1.000000000000000021e-08 1.237616939860579357e-02 -7.482502835398198160e-01
1.237616939860579357e-02 -7.482502835398198160e-01 1.000000000000000000e+00 1.000000000000000021e-08 -6.770015272125658179e-02 -8.007632211986237536e-01
-6.770015272125658179e-02 -8.007632211986237536e-01 2.000000000000000000e+00 1.000000000000000021e-08 -2.649030757042528106e-01 -1.972029229829962427e+00
-2.649030757042528106e-01 -1.972029229829962427e+00 1.000000000000000000e+00 1.000000000000000021e-08 -5.114281643248352882e-01 -2.465250886205824887e+00
-5.114281643248352882e-01 -2.465250886205824887e+00 0.000000000000000000e+00 1.000000000000000021e-08 -7.486188300526848138e-01 -2.371906657278494812e+00
-7.486188300526848138e-01 -2.371906657278494812e+00 2.000000000000000000e+00 1.000000000000000021e-08 -1.141740676152253275e+00 -3.931218460995683728e+00
-1.141740676152253275e+00 -3.931218460995683728e+00 0.000000000000000000e+00 9.999000000000000110e-01 -1.570796326794896558e+00 -4.896787601168048454e+00
-2.124780144071410082e-02 3.352917952721801154e-02 1.000000000000000000e+00 1.000000000000000021e-08 -9.811736237686059792e-03 1.143606520302803964e-01
-9.811736237686059792e-03 1.143606520302803964e-01 1.000000000000000000e+00 1.000000000000000021e-08 -2.556399023144141115e-03 7.255337214541918156e-02
-2.556399023144141115e-03 7.255337214541918156e-02 2.000000000000000000e+00 1.000000000000000021e-08 -7.623412633075503375e-02 -7.367772730761088518e-01
-7.623412633075503375e-02 -7.367772730761088518e-01 0.000000000000000000e+00 1.000000000000000021e-08 -8.814043483304401239e-02 -1.190630850228897586e-01
-8.814043483304401239e-02 -1.190630850228897586e-01 1.000000000000000000e+00 1.000000000000000021e-08 -1.241097189804831746e-01 -3.596928414743916225e-01
-1.241097189804831746e-01 -3.596928414743916225e-01 2.000000000000000000e+00 1.000000000000000021e-08 -2.834953925837387922e-01 -1.593856736032555732e+00
-2.834953925837387922e-01 -1.593856736032555732e+00 2.000000000000000000e+00 1.000000000000000021e-08 -5.628199197059267078e-01 -2.793245271221879378e+00
-5.628199197059267078e-01 -2.793245271221879378e+00 0.000000000000000000e+00 1.000000000000000021e-08 -8.626920485620721557e-01 -2.998721288561454923e+00
-8.626920485620721557e-01 -2.998721288561454923e+00 0.000000000000000000e+00 1.000000000000000021e-08 -1.226737592989004977e+00 -3.640455444269328211e+00
-1.226737592989004977e+00 -3.640455444269328211e+00 2.000000000000000000e+00 9.999000000000000110e-01 -1.570796326794896558e+00 -5.000000000000000000e+00
2.838953138969844275e-02 -2.814102599339095290e-02 0.000000000000000000e+00 1.000000000000000021e-08 1.124562770483673313e-01 8.406674565866887328e-01
1.124562770483673313e-01 8.406674565866887328e-01 1.000000000000000000e+00 1.000000000000000021e-08 2.223818356951813846e-01 1.099255586468140367e+00
2.223818356951813846e-01 1.099255586468140367e+00 1.000000000000000000e+00 1.000000000000000021e-08 3.814425666674626791e-01 1.590607309722812612e+00
3.814425666674626791e-01 1.590607309722812612e+00 1.000000000000000000e+00 1.000000000000000021e-08 6.044714626572567084e-01 2.230288959897940071e+00
6.044714626572567084e-01 2.230288959897940071e+00 0.000000000000000000e+00 1.000000000000000021e-08 9.769440519100260900e-01 3.724725892527694260e+00
9.769440519100260900e-01 3.724725892527694260e+00 1.000000000000000000e+00 1.000000000000000021e-08 1.468356208426686349e+00 4.914121565166602146e+00
1.468356208426686349e+00 4.914121565166602146e+00 1.000000000000000000e+00 9.999000000000000110e-01 1.570796326794896558e+00 5.000000000000000000e+00
2.197300284864960734e-02 -6.141992202891780050e-02 2.000000000000000000e+00 1.000000000000000021e-08 -5.461731690288302438e-02 -7.659031975153262062e-01
-5.461731690288302438e-02 -7.659031975153262062e-01 0.000000000000000000e+00 1.000000000000000021e-08 -5.888720943159289622e-02 -4.269892528709873236e-02
-5.888720943159289622e-02 -4.269892528709873236e-02 2.000000000000000000e+00 1.000000000000000021e-08 -1.519409802276735222e-01 -9.305377079608061486e-01
-1.519409802276735222e-01 -9.305377079608061486e-01 1.000000000000000000e+00 1.000000000000000021e-08 -2.732921597113328605e-01 -1.213511794836593216e+00
-2.732921597113328605e-01 -1.213511794836593216e+00 1.000000000000000000e+00 1.000000000000000021e-08 -4.543083303585446209e-01 -1.810161706472117604e+00
-4.543083303585446209e-01 -1.810161706472117604e+00 2.000000000000000000e+00 1.000000000000000021e-08 -7.782718295232352590e-01 -3.239634991646906048e+00
-7.782718295232352590e-01 -3.239634991646906048e+00 2.000000000000000000e+00 1.000000000000000021e-08 -1.262081292681611400e+00 -4.838094631583761185e+00
-1.262081292681611400e+00 -4.838094631583761185e+00 1.000000000000000000e+00 9.999000000000000110e-01 -1.570796326794896558e+00 -5.000000000000000000e+00
1.981825311235554249e-02 -8.124817585238253148e-02 2.000000000000000000e+00 1.000000000000000021e-08 -8.461513625702199448e-02 -1.044333893693775384e+00
-8.461513625702199448e-02 -1.044333893693775384e+00 2.000000000000000000e+00 1.000000000000000021e-08 -2.802452007239636389e-01 -1.956300644669416666e+00
-2.802452007239636389e-01 -1.956300644669416666e+00 0.000000000000000000e+00 1.000000000000000021e-08 -4.514105970188427297e-01 -1.711653962948790797e+00
-4.514105970188427297e-01 -1.711653962948790797e+00 2.000000000000000000e+00 1.000000000000000021e-08 -7.738644725093304366e-01 -3.224538754904876292e+00
-7.738644725093304366e-01 -3.224538754904876292e+00 0.000000000000000000e+00 1.000000000000000021e-08 -1.142383172309904937e+00 -3.685186998005744563e+00
-1.142383172309904937e+00 -3.685186998005744563e+00 1.000000000000000000e+00 9.999000000000000110e-01 -1.570796326794896558e+00 -5.000000000000000000e+00
-6.407382542256709335e-02 -8.158189464865989171e-02 1.000000000000000000e+00 1.000000000000000021e-08 -9.558377360712316806e-02 -3.150994818455608026e-01
-9.558377360712316806e-02 -3.150994818455608026e-01 2.000000000000000000e+00 1.000000000000000021e-08 -2.385303607125525416e-01 -1.429465871054293791e+00
-2.385303607125525416e-01 -1.429465871054293791e+00 0.000000000000000000e+00 1.000000000000000021e-08 -3.513544832733508372e-01 -1.128241225607982789e+00
-3.513544832733508372e-01 -1.128241225607982789e+00 2.000000000000000000e+00 1.000000000000000021e-08 -5.891086104676931390e-01 -2.377541271943422796e+00
-5.891086104676931390e-01 -2.377541271943422796e+00 1.000000000000000000e+00 1.000000000000000021e-08 -9.200966329231921037e-01 -3.309880224554989425e+00
-9.200966329231921037e-01 -3.309880224554989425e+00 1.000000000000000000e+00 1.000000000000000021e-08 -1.369454443513662634e+00 -4.493578105904705744e+00
-1.369454443513662634e+00 -4.493578105904705744e+00 1.000000000000000000e+00 9.999000000000000110e-01 -1.570796326794896558e+00 -5.000000000000000000e+00
-4.667930261266085151e-02 -6.584907811389449639e-02 1.000000000000000000e+00 1.000000000000000021e-08 -5.463623158842866728e-02 -7.956928975767815770e-02
-5.463623158842866728e-02 -7.956928975767815770e-02 0.000000000000000000e+00 1.000000000000000021e-08 3.307746964384899319e-02 8.771370123227765214e-01
3.307746964384899319e-02 8.771370123227765214e-01 0.000000000000000000e+00 1.000000000000000021e-08 2.034274901238201094e-01 1.703500204799710982e+00
2.034274901238201094e-01 1.703500204799710982e+00 1.000000000000000000e+00 1.000000000000000021e-08 3.946089705847318774e-01 1.911814804609117679e+00
3.946089705847318774e-01 1.911814804609117679e+00 0.000000000000000000e+00 1.000000000000000021e-08 7.138874776355864649e-01 3.192785070508545875e+00
7.138874776355864649e-01 3.192785070508545875e+00 1.000000000000000000e+00 1.000000000000000021e-08 1.120099898436768493e+00 4.062124208011820059e+00
1.120099898436768493e+00 4.062124208011820059e+00 0.000000000000000000e+00 9.999000000000000110e-01 1.570796326794896558e+00 5.000000000000000000e+00
-1.197159134423570956e-02 -5.592033495897784368e-03 2.000000000000000000e+00 1.000000000000000021e-08 -9.203152066570351175e-02 -8.005992932146779317e-01
-9.203152066570351175e-02 -8.005992932146779317e-01 2.000000000000000000e+00 1.000000000000000021e-08 -2.832229138306966987e-01 -1.911913931649931619e+00
-2.832229138306966987e-01 -1.911913931649931619e+00 1.000000000000000000e+00 1.000000000000000021e-08 -5.157676464746072664e-01 -2.325447326439106011e+00
-5.157676464746072664e-01 -2.325447326439106011e+00 2.000000000000000000e+00 1.000000000000000021e-08 -9.084691527604018546e-01 -3.927015062857945438e+00
-9.084691527604018546e-01 -3.927015062857945438e+00 2.000000000000000000e+00 1.000000000000000021e-08 -1.452882953844734537e+00 -5.000000000000000000e+00
-1.452882953844734537e+00 -5.000000000000000000e+00 1.000000000000000000e+00 9.999000000000000110e-01 -1.570796326794896558e+00 -5.000000000000000000e+00
3.780327472589563309e-02 5.030882321721483197e-03 2.000000000000000000e+00 1.000000000000000021e-08 -5.077199918215691277e-02 -8.857527390805254308e-01
-5.077199918215691277e-02 -8.857527390805254308e-01 0.000000000000000000e+00 1.000000000000000021e-08 -4.364474659004700940e-02 7.127252592109900586e-02
-4.364474659004700940e-02 7.127252592109900586e-02 2.000000000000000000e+00 1.000000000000000021e-08 -1.151733811468226704e-01 -7.152863455677566096e-01
-1.151733811468226704e-01 -7.152863455677566096e-01 1.000000000000000000e+00 1.000000000000000021e-08 -1.970537694262917139e-01 -8.188038827946901854e-01
-1.970537694262917139e-01 -8.188038827946901854e-01 2.000000000000000000e+00 1.000000000000000021e-08 -3.925208118596977824e-01 -1.954670424334060685e+00
-3.925208118596977824e-01 -1.954670424334060685e+00 0.000000000000000000e+00 1.000000000000000021e-08 -5.571952883502719889e-01 -1.646744764905741842e+00
-5.571952883502719889e-01 -1.646744764905741842e+00 2.000000000000000000e+00 1.000000000000000021e-08 -8.672827289725858479e-01 -3.100874406223138369e+00
-8.672827289725858479e-01 -3.100874406223138369e+00 1.000000000000000000e+00 1.000000000000000021e-08 -1.299736451457817799e+00 -4.324537224852319284e+00
-1.299736451457817799e+00 -4.324537224852319284e+00 0.000000000000000000e+00 9.999000000000000110e-01 -1.570796326794896558e+00 -5.000000000000000000e+00
3.854409585542575845e-03 3.539643127482486329e-02 2.000000000000000000e+00 1.000000000000000021e-08 -8.972317864815151922e-02 -9.357758823369408674e-01
-8.972317864815151922e-02 -9.357758823369408674e-01 1.000000000000000000e+00 1.000000000000000021e-08 -1.856201307391916189e-01 -9.589695209104009965e-01
-1.856201307391916189e-01 -9.589695209104009965e-01 1.000000000000000000e+00 1.000000000000000021e-08 -3.107757822884398280e-01 -1.251556515492481703e+00
-3.107757822884398280e-01 -1.251556515492481703e+00 0.000000000000000000e+00 1.000000000000000021e-08 -4.061084727001316175e-01 -9.533269041169181168e-01
-4.061084727001316175e-01 -9.533269041169181168e-01 2.000000000000000000e+00 1.000000000000000021e-08 -6.396898735754439347e-01 -2.335814008753123616e+00
-6.396898735754439347e-01 -2.335814008753123616e+00 1.000000000000000000e+00 1.000000000000000021e-08 -9.772407374559380910e-01 -3.375508638804941342e+00
-9.772407374559380910e-01 -3.375508638804941342e+00 0.000000000000000000e+00 1.000000000000000021e-08 -1.387855204997037850e+00 -4.106144675410996925e+00
